175.00          -0.042340
175.20          -0.042996
175.40          -0.043676
175.60          -0.044383
175.80          -0.045116
176.00          -0.045879
176.20          -0.046672
176.40          -0.047497
176.60          -0.048356
176.80          -0.049250
177.00          -0.050183
177.20          -0.051156
177.40          -0.052171
177.60          -0.053232
177.80          -0.054340
178.00          -0.055500
178.20          -0.056714
178.40          -0.057985
178.60          -0.059318
178.80          -0.060717
179.00          -0.062185
179.20          -0.063729
179.40          -0.065352
179.60          -0.067061
179.80          -0.068861
180.00          -0.070760
180.20          -0.072764
180.40          -0.074882
180.60          -0.077122
180.80          -0.079493
181.00          -0.082006
181.20          -0.084673
181.40          -0.087504
181.60          -0.090515
181.80          -0.093719
182.00          -0.097133
182.20          -0.10078
182.40          -0.10466
182.60          -0.10882
182.80          -0.11327
183.00          -0.11804
183.20          -0.12316
183.40          -0.12865
183.60          -0.13456
183.80          -0.14091
184.00          -0.14776
184.20          -0.15513
184.40          -0.16309
184.60          -0.17167
184.80          -0.18094
185.00          -0.19094
185.20          -0.20173
185.40          -0.21337
185.60          -0.22590
185.80          -0.23937
186.00          -0.25380
186.20          -0.26922
186.40          -0.28561
186.60          -0.30292
186.80          -0.32106
187.00          -0.33986
187.20          -0.35909
187.40          -0.37844
187.60          -0.39747
187.80          -0.41569
188.00          -0.43248
188.20          -0.44720
188.40          -0.45917
188.60          -0.46777
188.80          -0.47247
189.00          -0.47295
189.20          -0.46910
189.40          -0.46104
189.60          -0.44914
189.80          -0.43393
190.00          -0.41610
190.20          -0.39634
190.40          -0.37537
190.60          -0.35381
190.80          -0.33221
191.00          -0.31101
191.20          -0.29052
191.40          -0.27098
191.60          -0.25254
191.80          -0.23527
192.00          -0.21919
192.20          -0.20430
192.40          -0.19055
192.60          -0.17790
192.80          -0.16627
193.00          -0.15560
193.20          -0.14582
193.40          -0.13685
193.60          -0.12862
193.80          -0.12108
194.00          -0.11416
194.20          -0.10780
194.40          -0.10195
194.60          -0.096576
194.80          -0.091624
195.00          -0.087058
195.20          -0.082844
195.40          -0.078951
195.60          -0.075349
195.80          -0.072013
196.00          -0.068920
196.20          -0.066049
196.40          -0.063381
196.60          -0.060898
196.80          -0.058586
197.00          -0.056431
197.20          -0.054419
197.40          -0.052539
197.60          -0.050781
197.80          -0.049135
198.00          -0.047593
198.20          -0.046146
198.40          -0.044788
198.60          -0.043512
198.80          -0.042313
199.00          -0.041183
199.20          -0.040120
199.40          -0.039117
199.60          -0.038172
199.80          -0.037279
200.00          -0.036436
200.20          -0.035639
200.40          -0.034885
200.60          -0.034171
200.80          -0.033495
201.00          -0.032854
201.20          -0.032247
201.40          -0.031671
201.60          -0.031124
201.80          -0.030605
202.00          -0.030112
202.20          -0.029643
202.40          -0.029197
202.60          -0.028773
202.80          -0.028369
203.00          -0.027984
203.20          -0.027618
203.40          -0.027269
203.60          -0.026937
203.80          -0.026620
204.00          -0.026318
204.20          -0.026030
204.40          -0.025755
204.60          -0.025493
204.80          -0.025244
205.00          -0.025006
205.20          -0.024780
205.40          -0.024565
205.60          -0.024365
205.80          -0.024186
206.00          -0.024077
206.20          -0.028548
206.40          -0.023644
206.60          -0.023416
206.80          -0.023252
207.00          -0.023099
207.20          -0.022954
207.40          -0.022815
207.60          -0.022682
207.80          -0.022554
208.00          -0.022433
208.20          -0.022316
208.40          -0.022205
208.60          -0.022098
208.80          -0.021996
209.00          -0.021899
209.20          -0.021806
209.40          -0.021717
209.60          -0.021632
209.80          -0.021551
210.00          -0.021474
210.20          -0.021400
210.40          -0.021329
210.60          -0.021262
210.80          -0.021198
211.00          -0.021137
211.20          -0.021079
211.40          -0.021024
211.60          -0.020971
211.80          -0.020921
212.00          -0.020874
212.20          -0.020829
212.40          -0.020786
212.60          -0.020746
212.80          -0.020708
213.00          -0.020672
213.20          -0.020638
213.40          -0.020606
213.60          -0.020576
213.80          -0.020548
214.00          -0.020522
214.20          -0.020497
214.40          -0.020474
214.60          -0.020453
214.80          -0.020433
215.00          -0.020415
215.20          -0.020399
215.40          -0.020384
215.60          -0.020370
215.80          -0.020358
216.00          -0.020347
216.20          -0.020337
216.40          -0.020328
216.60          -0.020321
216.80          -0.020315
217.00          -0.020311
217.20          -0.020307
217.40          -0.020304
217.60          -0.020303
217.80          -0.020303
218.00          -0.020303
218.20          -0.020305
218.40          -0.020308
218.60          -0.020311
218.80          -0.020316
219.00          -0.020322
219.20          -0.020328
219.40          -0.020336
219.60          -0.020344
219.80          -0.020353
220.00          -0.020363
220.20          -0.020374
220.40          -0.020386
220.60          -0.020398
220.80          -0.020412
221.00          -0.020426
221.20          -0.020441
221.40          -0.020457
221.60          -0.020474
221.80          -0.020491
222.00          -0.020509
222.20          -0.020528
222.40          -0.020548
222.60          -0.020568
222.80          -0.020590
223.00          -0.020612
223.20          -0.020635
223.40          -0.020658
223.60          -0.020683
223.80          -0.020708
224.00          -0.020734
224.20          -0.020761
224.40          -0.020789
224.60          -0.020817
224.80          -0.020847
225.00          -0.020877
