175.00          -0.061212
175.20          -0.061403
175.40          -0.061593
175.60          -0.061781
175.80          -0.061969
176.00          -0.062157
176.20          -0.062344
176.40          -0.062530
176.60          -0.062717
176.80          -0.062903
177.00          -0.063089
177.20          -0.063276
177.40          -0.063462
177.60          -0.063648
177.80          -0.063835
178.00          -0.064021
178.20          -0.064208
178.40          -0.064395
178.60          -0.064582
178.80          -0.064769
179.00          -0.064956
179.20          -0.065144
179.40          -0.065331
179.60          -0.065519
179.80          -0.065707
180.00          -0.065895
180.20          -0.066084
180.40          -0.066272
180.60          -0.066461
180.80          -0.066649
181.00          -0.066838
181.20          -0.067027
181.40          -0.067216
181.60          -0.067406
181.80          -0.067595
182.00          -0.067785
182.20          -0.067974
182.40          -0.068164
182.60          -0.068354
182.80          -0.068543
183.00          -0.068733
183.20          -0.068923
183.40          -0.069113
183.60          -0.069304
183.80          -0.069494
184.00          -0.069684
184.20          -0.069875
184.40          -0.070065
184.60          -0.070255
184.80          -0.070446
185.00          -0.070636
185.20          -0.070827
185.40          -0.071018
185.60          -0.071208
185.80          -0.071399
186.00          -0.071590
186.20          -0.071781
186.40          -0.071971
186.60          -0.072162
186.80          -0.072353
187.00          -0.072544
187.20          -0.072735
187.40          -0.072926
187.60          -0.073117
187.80          -0.073308
188.00          -0.073499
188.20          -0.073691
188.40          -0.073882
188.60          -0.074073
188.80          -0.074265
189.00          -0.074457
189.20          -0.074648
189.40          -0.074840
189.60          -0.075032
189.80          -0.075225
190.00          -0.075417
190.20          -0.075610
190.40          -0.075803
190.60          -0.075997
190.80          -0.076190
191.00          -0.076385
191.20          -0.076579
191.40          -0.076775
191.60          -0.076971
191.80          -0.077167
192.00          -0.077365
192.20          -0.077563
192.40          -0.077763
192.60          -0.077964
192.80          -0.078166
193.00          -0.078370
193.20          -0.078576
193.40          -0.078784
193.60          -0.078996
193.80          -0.079210
194.00          -0.079428
194.20          -0.079651
194.40          -0.079879
194.60          -0.080114
194.80          -0.080357
195.00          -0.080611
195.20          -0.080878
195.40          -0.081161
195.60          -0.081467
195.80          -0.081804
196.00          -0.082182
196.20          -0.082621
196.40          -0.083153
196.60          -0.083833
196.80          -0.084772
197.00          -0.086210
197.20          -0.088770
197.40          -0.094537
197.60          -0.11451
197.80          -0.35127
198.00          -0.34902
198.20          -0.11947
198.40          -0.10187
198.60          -0.10095
198.80          -0.11149
199.00          -0.18579
199.20          -0.36911
199.40          -0.10198
199.60          -0.087263
199.80          -0.084411
200.00          -0.083627
200.20          -0.083430
200.40          -0.083445
200.60          -0.083551
200.80          -0.083696
201.00          -0.083862
201.20          -0.084036
201.40          -0.084215
201.60          -0.084395
201.80          -0.084575
202.00          -0.084754
202.20          -0.084931
202.40          -0.085107
202.60          -0.085282
202.80          -0.085455
203.00          -0.085626
203.20          -0.085795
203.40          -0.085963
203.60          -0.086130
203.80          -0.086295
204.00          -0.086459
204.20          -0.086621
204.40          -0.086782
204.60          -0.086942
204.80          -0.087100
205.00          -0.087257
205.20          -0.087414
205.40          -0.087569
205.60          -0.087723
205.80          -0.087875
206.00          -0.088027
206.20          -0.088178
206.40          -0.088328
206.60          -0.088477
206.80          -0.088624
207.00          -0.088771
207.20          -0.088917
207.40          -0.089062
207.60          -0.089206
207.80          -0.089349
208.00          -0.089492
208.20          -0.089633
208.40          -0.089773
208.60          -0.089913
208.80          -0.090052
209.00          -0.090190
209.20          -0.090327
209.40          -0.090463
209.60          -0.090598
209.80          -0.090732
210.00          -0.090866
210.20          -0.090999
210.40          -0.091130
210.60          -0.091261
210.80          -0.091392
211.00          -0.091521
211.20          -0.091650
211.40          -0.091777
211.60          -0.091904
211.80          -0.092030
212.00          -0.092155
212.20          -0.092280
212.40          -0.092403
212.60          -0.092526
212.80          -0.092648
213.00          -0.092769
213.20          -0.092889
213.40          -0.093009
213.60          -0.093127
213.80          -0.093245
214.00          -0.093362
214.20          -0.093478
214.40          -0.093593
214.60          -0.093708
214.80          -0.093821
215.00          -0.093934
215.20          -0.094046
215.40          -0.094157
215.60          -0.094267
215.80          -0.094376
216.00          -0.094484
216.20          -0.094591
216.40          -0.094698
216.60          -0.094804
216.80          -0.094908
217.00          -0.095012
217.20          -0.095115
217.40          -0.095217
217.60          -0.095317
217.80          -0.095417
218.00          -0.095516
218.20          -0.095614
218.40          -0.095711
218.60          -0.095807
218.80          -0.095902
219.00          -0.095996
219.20          -0.096088
219.40          -0.096180
219.60          -0.096271
219.80          -0.096360
220.00          -0.096449
220.20          -0.096536
220.40          -0.096623
220.60          -0.096708
220.80          -0.096793
221.00          -0.096876
221.20          -0.096959
221.40          -0.097041
221.60          -0.097123
221.80          -0.097204
222.00          -0.097286
222.20          -0.097367
222.40          -0.097450
222.60          -0.097533
222.80          -0.097619
223.00          -0.097709
223.20          -0.097802
223.40          -0.097902
223.60          -0.098010
223.80          -0.098129
224.00          -0.098264
224.20          -0.098418
224.40          -0.098600
224.60          -0.098819
224.80          -0.099086
225.00          -0.099421
