175.00          -0.092025
175.20          -0.094880
175.40          -0.097895
175.60          -0.10108
175.80          -0.10444
176.00          -0.10800
176.20          -0.11177
176.40          -0.11576
176.60          -0.11999
176.80          -0.12447
177.00          -0.12922
177.20          -0.13426
177.40          -0.13960
177.60          -0.14527
177.80          -0.15129
178.00          -0.15767
178.20          -0.16444
178.40          -0.17162
178.60          -0.17921
178.80          -0.18724
179.00          -0.19573
179.20          -0.20467
179.40          -0.21406
179.60          -0.22391
179.80          -0.23418
180.00          -0.24486
180.20          -0.25589
180.40          -0.26720
180.60          -0.27871
180.80          -0.29029
181.00          -0.30182
181.20          -0.31311
181.40          -0.32397
181.60          -0.33418
181.80          -0.34349
182.00          -0.35167
182.20          -0.35847
182.40          -0.36367
182.60          -0.36707
182.80          -0.36852
183.00          -0.36795
183.20          -0.36535
183.40          -0.36075
183.60          -0.35430
183.80          -0.34616
184.00          -0.33657
184.20          -0.32577
184.40          -0.31402
184.60          -0.30160
184.80          -0.28875
185.00          -0.27569
185.20          -0.26261
185.40          -0.24969
185.60          -0.23706
185.80          -0.22482
186.00          -0.21304
186.20          -0.20177
186.40          -0.19106
186.60          -0.18091
186.80          -0.17133
187.00          -0.16231
187.20          -0.15384
187.40          -0.14590
187.60          -0.13846
187.80          -0.13151
188.00          -0.12501
188.20          -0.11894
188.40          -0.11327
188.60          -0.10797
188.80          -0.10303
189.00          -0.098409
189.20          -0.094093
189.40          -0.090059
189.60          -0.086286
189.80          -0.082757
190.00          -0.079452
190.20          -0.076357
190.40          -0.073455
190.60          -0.070734
190.80          -0.068180
191.00          -0.065781
191.20          -0.063527
191.40          -0.061406
191.60          -0.059411
191.80          -0.057532
192.00          -0.055761
192.20          -0.054091
192.40          -0.052514
192.60          -0.051026
192.80          -0.049619
193.00          -0.048290
193.20          -0.047031
193.40          -0.045840
193.60          -0.044711
193.80          -0.043642
194.00          -0.042627
194.20          -0.041664
194.40          -0.040750
194.60          -0.039882
194.80          -0.039056
195.00          -0.038271
195.20          -0.037524
195.40          -0.036813
195.60          -0.036135
195.80          -0.035490
196.00          -0.034875
196.20          -0.034288
196.40          -0.033728
196.60          -0.033194
196.80          -0.032683
197.00          -0.032196
197.20          -0.031730
197.40          -0.031284
197.60          -0.030858
197.80          -0.030451
198.00          -0.030061
198.20          -0.029687
198.40          -0.029330
198.60          -0.028987
198.80          -0.028659
199.00          -0.028344
199.20          -0.028043
199.40          -0.027754
199.60          -0.027476
199.80          -0.027210
200.00          -0.026955
200.20          -0.026710
200.40          -0.026474
200.60          -0.026248
200.80          -0.026031
201.00          -0.025823
201.20          -0.025622
201.40          -0.025430
201.60          -0.025245
201.80          -0.025067
202.00          -0.024896
202.20          -0.024732
202.40          -0.024574
202.60          -0.024422
202.80          -0.024276
203.00          -0.024136
203.20          -0.024001
203.40          -0.023871
203.60          -0.023746
203.80          -0.023626
204.00          -0.023511
204.20          -0.023400
204.40          -0.023295
204.60          -0.023195
204.80          -0.023102
205.00          -0.023039
205.20          -0.025007
205.40          -0.022818
205.60          -0.022724
205.80          -0.022641
206.00          -0.022563
206.20          -0.022488
206.40          -0.022416
206.60          -0.022346
206.80          -0.022279
207.00          -0.022215
207.20          -0.022153
207.40          -0.022094
207.60          -0.022037
207.80          -0.021982
208.00          -0.021930
208.20          -0.021879
208.40          -0.021831
208.60          -0.021785
208.80          -0.021740
209.00          -0.021698
209.20          -0.021657
209.40          -0.021618
209.60          -0.021581
209.80          -0.021545
210.00          -0.021511
210.20          -0.021479
210.40          -0.021448
210.60          -0.021419
210.80          -0.021390
211.00          -0.021364
211.20          -0.021338
211.40          -0.021314
211.60          -0.021292
211.80          -0.021270
212.00          -0.021250
212.20          -0.021230
212.40          -0.021212
212.60          -0.021195
212.80          -0.021179
213.00          -0.021164
213.20          -0.021150
213.40          -0.021137
213.60          -0.021125
213.80          -0.021114
214.00          -0.021104
214.20          -0.021094
214.40          -0.021086
214.60          -0.021078
214.80          -0.021072
215.00          -0.021066
215.20          -0.021060
215.40          -0.021056
215.60          -0.021052
215.80          -0.021049
216.00          -0.021047
216.20          -0.021045
216.40          -0.021044
216.60          -0.021044
216.80          -0.021044
217.00          -0.021046
217.20          -0.021047
217.40          -0.021050
217.60          -0.021053
217.80          -0.021056
218.00          -0.021060
218.20          -0.021065
218.40          -0.021070
218.60          -0.021076
218.80          -0.021082
219.00          -0.021089
219.20          -0.021097
219.40          -0.021105
219.60          -0.021114
219.80          -0.021123
220.00          -0.021132
220.20          -0.021143
220.40          -0.021153
220.60          -0.021165
220.80          -0.021177
221.00          -0.021189
221.20          -0.021202
221.40          -0.021215
221.60          -0.021229
221.80          -0.021244
222.00          -0.021259
222.20          -0.021274
222.40          -0.021290
222.60          -0.021307
222.80          -0.021324
223.00          -0.021342
223.20          -0.021361
223.40          -0.021380
223.60          -0.021400
223.80          -0.021420
224.00          -0.021441
224.20          -0.021463
224.40          -0.021485
224.60          -0.021508
224.80          -0.021532
225.00          -0.021557
