175.00          -0.14761
175.20          -0.15313
175.40          -0.15894
175.60          -0.16503
175.80          -0.17141
176.00          -0.17809
176.20          -0.18508
176.40          -0.19235
176.60          -0.19991
176.80          -0.20775
177.00          -0.21583
177.20          -0.22414
177.40          -0.23263
177.60          -0.24124
177.80          -0.24992
178.00          -0.25859
178.20          -0.26715
178.40          -0.27551
178.60          -0.28353
178.80          -0.29110
179.00          -0.29808
179.20          -0.30432
179.40          -0.30968
179.60          -0.31404
179.80          -0.31727
180.00          -0.31928
180.20          -0.31999
180.40          -0.31937
180.60          -0.31741
180.80          -0.31414
181.00          -0.30963
181.20          -0.30397
181.40          -0.29729
181.60          -0.28971
181.80          -0.28139
182.00          -0.27247
182.20          -0.26312
182.40          -0.25347
182.60          -0.24365
182.80          -0.23379
183.00          -0.22397
183.20          -0.21430
183.40          -0.20483
183.60          -0.19563
183.80          -0.18673
184.00          -0.17818
184.20          -0.16998
184.40          -0.16215
184.60          -0.15470
184.80          -0.14763
185.00          -0.14092
185.20          -0.13457
185.40          -0.12857
185.60          -0.12291
185.80          -0.11756
186.00          -0.11253
186.20          -0.10778
186.40          -0.10332
186.60          -0.099106
186.80          -0.095142
187.00          -0.091409
187.20          -0.087892
187.40          -0.084579
187.60          -0.081457
187.80          -0.078514
188.00          -0.075739
188.20          -0.073120
188.40          -0.070649
188.60          -0.068316
188.80          -0.066112
189.00          -0.064029
189.20          -0.062059
189.40          -0.060195
189.60          -0.058431
189.80          -0.056760
190.00          -0.055177
190.20          -0.053676
190.40          -0.052253
190.60          -0.050902
190.80          -0.049619
191.00          -0.048400
191.20          -0.047242
191.40          -0.046140
191.60          -0.045092
191.80          -0.044095
192.00          -0.043145
192.20          -0.042239
192.40          -0.041376
192.60          -0.040553
192.80          -0.039768
193.00          -0.039019
193.20          -0.038303
193.40          -0.037620
193.60          -0.036966
193.80          -0.036341
194.00          -0.035744
194.20          -0.035172
194.40          -0.034625
194.60          -0.034101
194.80          -0.033599
195.00          -0.033118
195.20          -0.032657
195.40          -0.032215
195.60          -0.031791
195.80          -0.031384
196.00          -0.030994
196.20          -0.030619
196.40          -0.030259
196.60          -0.029913
196.80          -0.029580
197.00          -0.029261
197.20          -0.028954
197.40          -0.028659
197.60          -0.028375
197.80          -0.028101
198.00          -0.027838
198.20          -0.027585
198.40          -0.027341
198.60          -0.027107
198.80          -0.026881
199.00          -0.026663
199.20          -0.026453
199.40          -0.026251
199.60          -0.026056
199.80          -0.025868
200.00          -0.025687
200.20          -0.025512
200.40          -0.025344
200.60          -0.025181
200.80          -0.025025
201.00          -0.024873
201.20          -0.024727
201.40          -0.024586
201.60          -0.024450
201.80          -0.024319
202.00          -0.024192
202.20          -0.024070
202.40          -0.023952
202.60          -0.023838
202.80          -0.023728
203.00          -0.023621
203.20          -0.023519
203.40          -0.023420
203.60          -0.023324
203.80          -0.023232
204.00          -0.023143
204.20          -0.023057
204.40          -0.022975
204.60          -0.022896
204.80          -0.022824
205.00          -0.022775
205.20          -0.024421
205.40          -0.022598
205.60          -0.022522
205.80          -0.022456
206.00          -0.022393
206.20          -0.022332
206.40          -0.022273
206.60          -0.022216
206.80          -0.022161
207.00          -0.022108
207.20          -0.022057
207.40          -0.022007
207.60          -0.021959
207.80          -0.021913
208.00          -0.021868
208.20          -0.021825
208.40          -0.021784
208.60          -0.021744
208.80          -0.021705
209.00          -0.021668
209.20          -0.021632
209.40          -0.021598
209.60          -0.021564
209.80          -0.021532
210.00          -0.021501
210.20          -0.021472
210.40          -0.021443
210.60          -0.021415
210.80          -0.021389
211.00          -0.021363
211.20          -0.021339
211.40          -0.021316
211.60          -0.021293
211.80          -0.021271
212.00          -0.021251
212.20          -0.021231
212.40          -0.021212
212.60          -0.021194
212.80          -0.021176
213.00          -0.021160
213.20          -0.021144
213.40          -0.021129
213.60          -0.021115
213.80          -0.021101
214.00          -0.021088
214.20          -0.021076
214.40          -0.021064
214.60          -0.021053
214.80          -0.021043
215.00          -0.021033
215.20          -0.021024
215.40          -0.021016
215.60          -0.021008
215.80          -0.021000
216.00          -0.020993
216.20          -0.020987
216.40          -0.020981
216.60          -0.020976
216.80          -0.020971
217.00          -0.020967
217.20          -0.020963
217.40          -0.020960
217.60          -0.020957
217.80          -0.020954
218.00          -0.020953
218.20          -0.020951
218.40          -0.020950
218.60          -0.020949
218.80          -0.020949
219.00          -0.020949
219.20          -0.020950
219.40          -0.020951
219.60          -0.020953
219.80          -0.020955
220.00          -0.020957
220.20          -0.020960
220.40          -0.020963
220.60          -0.020967
220.80          -0.020971
221.00          -0.020975
221.20          -0.020980
221.40          -0.020985
221.60          -0.020991
221.80          -0.020997
222.00          -0.021004
222.20          -0.021011
222.40          -0.021018
222.60          -0.021026
222.80          -0.021034
223.00          -0.021043
223.20          -0.021053
223.40          -0.021062
223.60          -0.021073
223.80          -0.021084
224.00          -0.021095
224.20          -0.021107
224.40          -0.021119
224.60          -0.021133
224.80          -0.021146
225.00          -0.021161
