175.00          -0.10898
175.20          -0.10365
175.40          -0.099129
175.60          -0.095263
175.80          -0.091941
176.00          -0.089073
176.20          -0.086585
176.40          -0.084420
176.60          -0.082528
176.80          -0.080871
177.00          -0.079415
177.20          -0.078133
177.40          -0.077003
177.60          -0.076004
177.80          -0.075121
178.00          -0.074340
178.20          -0.073649
178.40          -0.073036
178.60          -0.072495
178.80          -0.072016
179.00          -0.071593
179.20          -0.071220
179.40          -0.070893
179.60          -0.070606
179.80          -0.070357
180.00          -0.070140
180.20          -0.069953
180.40          -0.069794
180.60          -0.069660
180.80          -0.069549
181.00          -0.069458
181.20          -0.069386
181.40          -0.069332
181.60          -0.069294
181.80          -0.069271
182.00          -0.069261
182.20          -0.069263
182.40          -0.069277
182.60          -0.069302
182.80          -0.069337
183.00          -0.069381
183.20          -0.069434
183.40          -0.069494
183.60          -0.069562
183.80          -0.069637
184.00          -0.069718
184.20          -0.069805
184.40          -0.069898
184.60          -0.069997
184.80          -0.070100
185.00          -0.070208
185.20          -0.070320
185.40          -0.070437
185.60          -0.070558
185.80          -0.070683
186.00          -0.070811
186.20          -0.070943
186.40          -0.071078
186.60          -0.071216
186.80          -0.071358
187.00          -0.071503
187.20          -0.071652
187.40          -0.071803
187.60          -0.071958
187.80          -0.072116
188.00          -0.072278
188.20          -0.072444
188.40          -0.072614
188.60          -0.072789
188.80          -0.072970
189.00          -0.073157
189.20          -0.073352
189.40          -0.073557
189.60          -0.073774
189.80          -0.074008
190.00          -0.074265
190.20          -0.074555
190.40          -0.074895
190.60          -0.075316
190.80          -0.075884
191.00          -0.076747
191.20          -0.078341
191.40          -0.082489
191.60          -0.10758
191.80          -0.27879
192.00          -0.080120
192.20          -0.075644
192.40          -0.075030
192.60          -0.075007
192.80          -0.075133
193.00          -0.075304
193.20          -0.075489
193.40          -0.075679
193.60          -0.075868
193.80          -0.076055
194.00          -0.076240
194.20          -0.076423
194.40          -0.076604
194.60          -0.076782
194.80          -0.076959
195.00          -0.077135
195.20          -0.077309
195.40          -0.077482
195.60          -0.077653
195.80          -0.077824
196.00          -0.077993
196.20          -0.078162
196.40          -0.078329
196.60          -0.078496
196.80          -0.078662
197.00          -0.078827
197.20          -0.078992
197.40          -0.079156
197.60          -0.079319
197.80          -0.079482
198.00          -0.079644
198.20          -0.079805
198.40          -0.079966
198.60          -0.080126
198.80          -0.080285
199.00          -0.080444
199.20          -0.080602
199.40          -0.080760
199.60          -0.080917
199.80          -0.081073
200.00          -0.081229
200.20          -0.081384
200.40          -0.081539
200.60          -0.081693
200.80          -0.081847
201.00          -0.081999
201.20          -0.082151
201.40          -0.082303
201.60          -0.082454
201.80          -0.082604
202.00          -0.082754
202.20          -0.082903
202.40          -0.083051
202.60          -0.083199
202.80          -0.083346
203.00          -0.083493
203.20          -0.083638
203.40          -0.083783
203.60          -0.083928
203.80          -0.084072
204.00          -0.084215
204.20          -0.084357
204.40          -0.084499
204.60          -0.084640
204.80          -0.084780
205.00          -0.084920
205.20          -0.085058
205.40          -0.085197
205.60          -0.085334
205.80          -0.085471
206.00          -0.085607
206.20          -0.085742
206.40          -0.085877
206.60          -0.086010
206.80          -0.086144
207.00          -0.086276
207.20          -0.086407
207.40          -0.086538
207.60          -0.086668
207.80          -0.086798
208.00          -0.086926
208.20          -0.087054
208.40          -0.087181
208.60          -0.087308
208.80          -0.087433
209.00          -0.087558
209.20          -0.087682
209.40          -0.087805
209.60          -0.087928
209.80          -0.088050
210.00          -0.088171
210.20          -0.088291
210.40          -0.088411
210.60          -0.088530
210.80          -0.088649
211.00          -0.088766
211.20          -0.088884
211.40          -0.089000
211.60          -0.089116
211.80          -0.089232
212.00          -0.089348
212.20          -0.089463
212.40          -0.089578
212.60          -0.089694
212.80          -0.089810
213.00          -0.089928
213.20          -0.090048
213.40          -0.090172
213.60          -0.090302
213.80          -0.090444
214.00          -0.090607
214.20          -0.090818
214.40          -0.091152
214.60          -0.091945
214.80          -0.096836
215.00          -0.12639
215.20          -0.092486
215.40          -0.091459
215.60          -0.091316
215.80          -0.091331
216.00          -0.091393
216.20          -0.091472
216.40          -0.091560
216.60          -0.091653
216.80          -0.091749
217.00          -0.091846
217.20          -0.091946
217.40          -0.092049
217.60          -0.092156
217.80          -0.092268
218.00          -0.092387
218.20          -0.092517
218.40          -0.092664
218.60          -0.092836
218.80          -0.093047
219.00          -0.093327
219.20          -0.093729
219.40          -0.094369
219.60          -0.095543
219.80          -0.098159
220.00          -0.10621
220.20          -0.15640
220.40          -0.43770
220.60          -0.12731
220.80          -0.10464
221.00          -0.099141
221.20          -0.097022
221.40          -0.096002
221.60          -0.095447
221.80          -0.095122
222.00          -0.094924
222.20          -0.094803
222.40          -0.094730
222.60          -0.094690
222.80          -0.094672
223.00          -0.094670
223.20          -0.094679
223.40          -0.094697
223.60          -0.094721
223.80          -0.094750
224.00          -0.094783
224.20          -0.094818
224.40          -0.094856
224.60          -0.094895
224.80          -0.094936
225.00          -0.094977
