175.00          -0.51512
175.20          -0.49691
175.40          -0.47686
175.60          -0.45551
175.80          -0.43338
176.00          -0.41093
176.20          -0.38857
176.40          -0.36663
176.60          -0.34536
176.80          -0.32495
177.00          -0.30554
177.20          -0.28719
177.40          -0.26995
177.60          -0.25383
177.80          -0.23881
178.00          -0.22485
178.20          -0.21190
178.40          -0.19992
178.60          -0.18885
178.80          -0.17862
179.00          -0.16918
179.20          -0.16047
179.40          -0.15243
179.60          -0.14501
179.80          -0.13816
180.00          -0.13184
180.20          -0.12600
180.40          -0.12060
180.60          -0.11561
180.80          -0.11099
181.00          -0.10671
181.20          -0.10275
181.40          -0.099083
181.60          -0.095678
181.80          -0.092517
182.00          -0.089582
182.20          -0.086855
182.40          -0.084319
182.60          -0.081961
182.80          -0.079766
183.00          -0.077722
183.20          -0.075817
183.40          -0.074043
183.60          -0.072389
183.80          -0.070846
184.00          -0.069408
184.20          -0.068066
184.40          -0.066813
184.60          -0.065645
184.80          -0.064555
185.00          -0.063538
185.20          -0.062589
185.40          -0.061704
185.60          -0.060879
185.80          -0.060111
186.00          -0.059395
186.20          -0.058729
186.40          -0.058110
186.60          -0.057535
186.80          -0.057002
187.00          -0.056509
187.20          -0.056053
187.40          -0.055632
187.60          -0.055245
187.80          -0.054891
188.00          -0.054567
188.20          -0.054273
188.40          -0.054007
188.60          -0.053769
188.80          -0.053558
189.00          -0.053372
189.20          -0.053212
189.40          -0.053077
189.60          -0.052967
189.80          -0.052882
190.00          -0.052822
190.20          -0.052788
190.40          -0.052781
190.60          -0.052802
190.80          -0.052852
191.00          -0.052935
191.20          -0.053053
191.40          -0.053212
191.60          -0.053417
191.80          -0.053677
192.00          -0.054003
192.20          -0.054413
192.40          -0.054929
192.60          -0.055588
192.80          -0.056444
193.00          -0.057589
193.20          -0.059179
193.40          -0.061508
193.60          -0.065198
193.80          -0.071768
194.00          -0.085988
194.20          -0.13118
194.40          -0.59823
194.60          -0.40036
194.80          -0.073494
195.00          -0.052014
195.20          -0.047807
195.40          -0.046815
195.60          -0.046709
195.80          -0.046892
196.00          -0.047172
196.20          -0.047482
196.40          -0.047793
196.60          -0.048097
196.80          -0.048389
197.00          -0.048670
197.20          -0.048940
197.40          -0.049200
197.60          -0.049452
197.80          -0.049697
198.00          -0.049936
198.20          -0.050170
198.40          -0.050399
198.60          -0.050626
198.80          -0.050849
199.00          -0.051070
199.20          -0.051289
199.40          -0.051507
199.60          -0.051723
199.80          -0.051939
200.00          -0.052154
200.20          -0.052369
200.40          -0.052584
200.60          -0.052799
200.80          -0.053015
201.00          -0.053230
201.20          -0.053446
201.40          -0.053663
201.60          -0.053881
201.80          -0.054099
202.00          -0.054318
202.20          -0.054538
202.40          -0.054758
202.60          -0.054980
202.80          -0.055203
203.00          -0.055427
203.20          -0.055652
203.40          -0.055878
203.60          -0.056106
203.80          -0.056334
204.00          -0.056564
204.20          -0.056795
204.40          -0.057027
204.60          -0.057261
204.80          -0.057496
205.00          -0.057732
205.20          -0.057970
205.40          -0.058209
205.60          -0.058450
205.80          -0.058692
206.00          -0.058935
206.20          -0.059180
206.40          -0.059426
206.60          -0.059674
206.80          -0.059923
207.00          -0.060174
207.20          -0.060427
207.40          -0.060681
207.60          -0.060936
207.80          -0.061194
208.00          -0.061453
208.20          -0.061713
208.40          -0.061976
208.60          -0.062240
208.80          -0.062506
209.00          -0.062773
209.20          -0.063043
209.40          -0.063314
209.60          -0.063588
209.80          -0.063863
210.00          -0.064141
210.20          -0.064420
210.40          -0.064702
210.60          -0.064986
210.80          -0.065272
211.00          -0.065561
211.20          -0.065851
211.40          -0.066145
211.60          -0.066441
211.80          -0.066740
212.00          -0.067041
212.20          -0.067345
212.40          -0.067653
212.60          -0.067963
212.80          -0.068277
213.00          -0.068594
213.20          -0.068915
213.40          -0.069239
213.60          -0.069568
213.80          -0.069901
214.00          -0.070239
214.20          -0.070581
214.40          -0.070929
214.60          -0.071282
214.80          -0.071642
215.00          -0.072009
215.20          -0.072383
215.40          -0.072767
215.60          -0.073162
215.80          -0.073570
216.00          -0.073995
216.20          -0.074446
216.40          -0.074936
216.60          -0.075498
216.80          -0.076227
217.00          -0.077501
217.20          -0.082456
217.40          -0.36104
217.60          -0.080764
217.80          -0.078547
218.00          -0.078560
218.20          -0.078927
218.40          -0.079410
218.60          -0.079953
218.80          -0.080540
219.00          -0.081167
219.20          -0.081835
219.40          -0.082547
219.60          -0.083308
219.80          -0.084127
220.00          -0.085014
220.20          -0.085979
220.40          -0.087039
220.60          -0.088213
220.80          -0.089526
221.00          -0.091013
221.20          -0.092716
221.40          -0.094695
221.60          -0.097026
221.80          -0.099813
222.00          -0.10319
222.20          -0.10728
222.40          -0.11214
222.60          -0.11729
222.80          -0.12048
223.00          -0.11515
223.20          -0.094525
223.40          -0.069872
223.60          -0.057012
223.80          -0.054078
224.00          -0.055219
224.20          -0.057531
224.40          -0.059980
224.60          -0.062252
224.80          -0.064277
225.00          -0.066065
