175.00          -0.055590
175.20          -0.055892
175.40          -0.056201
175.60          -0.056516
175.80          -0.056838
176.00          -0.057168
176.20          -0.057506
176.40          -0.057852
176.60          -0.058206
176.80          -0.058570
177.00          -0.058944
177.20          -0.059328
177.40          -0.059723
177.60          -0.060129
177.80          -0.060549
178.00          -0.060981
178.20          -0.061427
178.40          -0.061889
178.60          -0.062367
178.80          -0.062861
179.00          -0.063375
179.20          -0.063908
179.40          -0.064462
179.60          -0.065040
179.80          -0.065642
180.00          -0.066271
180.20          -0.066929
180.40          -0.067619
180.60          -0.068343
180.80          -0.069104
181.00          -0.069906
181.20          -0.070752
181.40          -0.071648
181.60          -0.072597
181.80          -0.073605
182.00          -0.074678
182.20          -0.075824
182.40          -0.077051
182.60          -0.078368
182.80          -0.079785
183.00          -0.081315
183.20          -0.082973
183.40          -0.084775
183.60          -0.086741
183.80          -0.088894
184.00          -0.091262
184.20          -0.093878
184.40          -0.096781
184.60          -0.10002
184.80          -0.10365
185.00          -0.10775
185.20          -0.11240
185.40          -0.11772
185.60          -0.12385
185.80          -0.13098
186.00          -0.13933
186.20          -0.14922
186.40          -0.16108
186.60          -0.17547
186.80          -0.19320
187.00          -0.21539
187.20          -0.24371
187.40          -0.28066
187.60          -0.33013
187.80          -0.39838
188.00          -0.49602
188.20          -0.64174
188.40          -0.87002
188.60          -1.2460
188.80          -1.8845
189.00          -2.8913
189.20          -3.8342
189.40          -3.4648
189.60          -2.3195
189.80          -1.4632
190.00          -0.96117
190.20          -0.66964
190.40          -0.49265
190.60          -0.37957
190.80          -0.30389
191.00          -0.25119
191.20          -0.21325
191.40          -0.18516
191.60          -0.16386
191.80          -0.14739
192.00          -0.13443
192.20          -0.12407
192.40          -0.11569
192.60          -0.10883
192.80          -0.10316
193.00          -0.098439
193.20          -0.094470
193.40          -0.091115
193.60          -0.088260
193.80          -0.085820
194.00          -0.083724
194.20          -0.081918
194.40          -0.080356
194.60          -0.079001
194.80          -0.077824
195.00          -0.076799
195.20          -0.075906
195.40          -0.075127
195.60          -0.074447
195.80          -0.073856
196.00          -0.073340
196.20          -0.072893
196.40          -0.072505
196.60          -0.072171
196.80          -0.071884
197.00          -0.071640
197.20          -0.071434
197.40          -0.071262
197.60          -0.071121
197.80          -0.071008
198.00          -0.070920
198.20          -0.070855
198.40          -0.070811
198.60          -0.070787
198.80          -0.070779
199.00          -0.070788
199.20          -0.070812
199.40          -0.070850
199.60          -0.070900
199.80          -0.070962
200.00          -0.071034
200.20          -0.071117
200.40          -0.071210
200.60          -0.071311
200.80          -0.071421
201.00          -0.071540
201.20          -0.071665
201.40          -0.071799
201.60          -0.071940
201.80          -0.072087
202.00          -0.072242
202.20          -0.072404
202.40          -0.072573
202.60          -0.072749
202.80          -0.072933
203.00          -0.073126
203.20          -0.073328
203.40          -0.073540
203.60          -0.073764
203.80          -0.074002
204.00          -0.074258
204.20          -0.074537
204.40          -0.074844
204.60          -0.075192
204.80          -0.075599
205.00          -0.076096
205.20          -0.076742
205.40          -0.077658
205.60          -0.079142
205.80          -0.082106
206.00          -0.090824
206.20          -0.16663
206.40          -0.18525
206.60          -0.081865
206.80          -0.076571
207.00          -0.075690
207.20          -0.075601
207.40          -0.075729
207.60          -0.075931
207.80          -0.076158
208.00          -0.076395
208.20          -0.076633
208.40          -0.076872
208.60          -0.077108
208.80          -0.077343
209.00          -0.077576
209.20          -0.077807
209.40          -0.078036
209.60          -0.078265
209.80          -0.078492
210.00          -0.078718
210.20          -0.078943
210.40          -0.079168
210.60          -0.079392
210.80          -0.079615
211.00          -0.079838
211.20          -0.080061
211.40          -0.080284
211.60          -0.080506
211.80          -0.080728
212.00          -0.080950
212.20          -0.081172
212.40          -0.081394
212.60          -0.081616
212.80          -0.081838
213.00          -0.082060
213.20          -0.082282
213.40          -0.082504
213.60          -0.082726
213.80          -0.082948
214.00          -0.083170
214.20          -0.083392
214.40          -0.083614
214.60          -0.083837
214.80          -0.084059
215.00          -0.084282
215.20          -0.084504
215.40          -0.084727
215.60          -0.084950
215.80          -0.085172
216.00          -0.085395
216.20          -0.085618
216.40          -0.085841
216.60          -0.086065
216.80          -0.086288
217.00          -0.086511
217.20          -0.086734
217.40          -0.086958
217.60          -0.087181
217.80          -0.087405
218.00          -0.087628
218.20          -0.087852
218.40          -0.088076
218.60          -0.088300
218.80          -0.088523
219.00          -0.088747
219.20          -0.088971
219.40          -0.089195
219.60          -0.089419
219.80          -0.089643
220.00          -0.089867
220.20          -0.090091
220.40          -0.090315
220.60          -0.090539
220.80          -0.090763
221.00          -0.090987
221.20          -0.091211
221.40          -0.091436
221.60          -0.091660
221.80          -0.091884
222.00          -0.092108
222.20          -0.092332
222.40          -0.092556
222.60          -0.092780
222.80          -0.093004
223.00          -0.093228
223.20          -0.093452
223.40          -0.093676
223.60          -0.093900
223.80          -0.094124
224.00          -0.094348
224.20          -0.094572
224.40          -0.094795
224.60          -0.095019
224.80          -0.095243
225.00          -0.095467
