175.00          -0.029035
175.20          -0.029097
175.40          -0.029158
175.60          -0.029220
175.80          -0.029282
176.00          -0.029344
176.20          -0.029407
176.40          -0.029469
176.60          -0.029532
176.80          -0.029595
177.00          -0.029658
177.20          -0.029721
177.40          -0.029785
177.60          -0.029849
177.80          -0.029913
178.00          -0.029977
178.20          -0.030041
178.40          -0.030106
178.60          -0.030171
178.80          -0.030236
179.00          -0.030301
179.20          -0.030366
179.40          -0.030432
179.60          -0.030498
179.80          -0.030564
180.00          -0.030630
180.20          -0.030697
180.40          -0.030763
180.60          -0.030830
180.80          -0.030897
181.00          -0.030965
181.20          -0.031032
181.40          -0.031100
181.60          -0.031168
181.80          -0.031237
182.00          -0.031305
182.20          -0.031374
182.40          -0.031443
182.60          -0.031512
182.80          -0.031581
183.00          -0.031651
183.20          -0.031721
183.40          -0.031791
183.60          -0.031861
183.80          -0.031932
184.00          -0.032003
184.20          -0.032074
184.40          -0.032145
184.60          -0.032217
184.80          -0.032289
185.00          -0.032361
185.20          -0.032433
185.40          -0.032506
185.60          -0.032579
185.80          -0.032652
186.00          -0.032725
186.20          -0.032799
186.40          -0.032873
186.60          -0.032947
186.80          -0.033021
187.00          -0.033096
187.20          -0.033171
187.40          -0.033246
187.60          -0.033321
187.80          -0.033397
188.00          -0.033473
188.20          -0.033549
188.40          -0.033626
188.60          -0.033703
188.80          -0.033780
189.00          -0.033857
189.20          -0.033935
189.40          -0.034013
189.60          -0.034091
189.80          -0.034170
190.00          -0.034248
190.20          -0.034328
190.40          -0.034407
190.60          -0.034487
190.80          -0.034567
191.00          -0.034647
191.20          -0.034728
191.40          -0.034809
191.60          -0.034890
191.80          -0.034971
192.00          -0.035053
192.20          -0.035135
192.40          -0.035218
192.60          -0.035301
192.80          -0.035384
193.00          -0.035467
193.20          -0.035551
193.40          -0.035635
193.60          -0.035719
193.80          -0.035804
194.00          -0.035889
194.20          -0.035975
194.40          -0.036061
194.60          -0.036147
194.80          -0.036233
195.00          -0.036320
195.20          -0.036407
195.40          -0.036495
195.60          -0.036583
195.80          -0.036671
196.00          -0.036759
196.20          -0.036848
196.40          -0.036938
196.60          -0.037027
196.80          -0.037118
197.00          -0.037208
197.20          -0.037299
197.40          -0.037390
197.60          -0.037482
197.80          -0.037574
198.00          -0.037666
198.20          -0.037759
198.40          -0.037852
198.60          -0.037946
198.80          -0.038040
199.00          -0.038134
199.20          -0.038229
199.40          -0.038324
199.60          -0.038420
199.80          -0.038516
200.00          -0.038613
200.20          -0.038710
200.40          -0.038807
200.60          -0.038905
200.80          -0.039003
201.00          -0.039102
201.20          -0.039201
201.40          -0.039301
201.60          -0.039401
201.80          -0.039502
202.00          -0.039603
202.20          -0.039704
202.40          -0.039806
202.60          -0.039909
202.80          -0.040012
203.00          -0.040115
203.20          -0.040219
203.40          -0.040324
203.60          -0.040429
203.80          -0.040535
204.00          -0.040641
204.20          -0.040747
204.40          -0.040854
204.60          -0.040962
204.80          -0.041070
205.00          -0.041179
205.20          -0.041288
205.40          -0.041398
205.60          -0.041509
205.80          -0.041620
206.00          -0.041731
206.20          -0.041843
206.40          -0.041956
206.60          -0.042070
206.80          -0.042183
207.00          -0.042298
207.20          -0.042413
207.40          -0.042529
207.60          -0.042646
207.80          -0.042763
208.00          -0.042880
208.20          -0.042999
208.40          -0.043118
208.60          -0.043238
208.80          -0.043358
209.00          -0.043479
209.20          -0.043601
209.40          -0.043724
209.60          -0.043847
209.80          -0.043971
210.00          -0.044095
210.20          -0.044221
210.40          -0.044347
210.60          -0.044474
210.80          -0.044602
211.00          -0.044730
211.20          -0.044859
211.40          -0.044989
211.60          -0.045120
211.80          -0.045252
212.00          -0.045385
212.20          -0.045518
212.40          -0.045652
212.60          -0.045787
212.80          -0.045923
213.00          -0.046060
213.20          -0.046198
213.40          -0.046337
213.60          -0.046476
213.80          -0.046617
214.00          -0.046758
214.20          -0.046901
214.40          -0.047044
214.60          -0.047189
214.80          -0.047334
215.00          -0.047480
215.20          -0.047628
215.40          -0.047777
215.60          -0.047926
215.80          -0.048077
216.00          -0.048229
216.20          -0.048382
216.40          -0.048536
216.60          -0.048691
216.80          -0.048848
217.00          -0.049005
217.20          -0.049164
217.40          -0.049324
217.60          -0.049486
217.80          -0.049649
218.00          -0.049812
218.20          -0.049978
218.40          -0.050144
218.60          -0.050312
218.80          -0.050482
219.00          -0.050653
219.20          -0.050825
219.40          -0.050998
219.60          -0.051174
219.80          -0.051350
220.00          -0.051529
220.20          -0.051708
220.40          -0.051890
220.60          -0.052073
220.80          -0.052258
221.00          -0.052444
221.20          -0.052632
221.40          -0.052822
221.60          -0.053014
221.80          -0.053207
222.00          -0.053402
222.20          -0.053600
222.40          -0.053799
222.60          -0.054000
222.80          -0.054203
223.00          -0.054408
223.20          -0.054616
223.40          -0.054825
223.60          -0.055037
223.80          -0.055251
224.00          -0.055467
224.20          -0.055685
224.40          -0.055906
224.60          -0.056129
224.80          -0.056355
225.00          -0.056583
