175.00          -0.041194
175.20          -0.041334
175.40          -0.041475
175.60          -0.041616
175.80          -0.041759
176.00          -0.041902
176.20          -0.042047
176.40          -0.042192
176.60          -0.042338
176.80          -0.042486
177.00          -0.042634
177.20          -0.042783
177.40          -0.042933
177.60          -0.043084
177.80          -0.043236
178.00          -0.043389
178.20          -0.043544
178.40          -0.043699
178.60          -0.043855
178.80          -0.044012
179.00          -0.044171
179.20          -0.044330
179.40          -0.044491
179.60          -0.044653
179.80          -0.044815
180.00          -0.044979
180.20          -0.045145
180.40          -0.045311
180.60          -0.045479
180.80          -0.045647
181.00          -0.045817
181.20          -0.045988
181.40          -0.046161
181.60          -0.046335
181.80          -0.046510
182.00          -0.046686
182.20          -0.046864
182.40          -0.047043
182.60          -0.047223
182.80          -0.047405
183.00          -0.047588
183.20          -0.047773
183.40          -0.047959
183.60          -0.048146
183.80          -0.048335
184.00          -0.048526
184.20          -0.048718
184.40          -0.048912
184.60          -0.049107
184.80          -0.049304
185.00          -0.049502
185.20          -0.049702
185.40          -0.049904
185.60          -0.050107
185.80          -0.050312
186.00          -0.050519
186.20          -0.050728
186.40          -0.050938
186.60          -0.051151
186.80          -0.051365
187.00          -0.051581
187.20          -0.051799
187.40          -0.052019
187.60          -0.052241
187.80          -0.052465
188.00          -0.052691
188.20          -0.052919
188.40          -0.053149
188.60          -0.053381
188.80          -0.053616
189.00          -0.053853
189.20          -0.054092
189.40          -0.054333
189.60          -0.054577
189.80          -0.054823
190.00          -0.055072
190.20          -0.055323
190.40          -0.055576
190.60          -0.055832
190.80          -0.056091
191.00          -0.056352
191.20          -0.056617
191.40          -0.056883
191.60          -0.057153
191.80          -0.057426
192.00          -0.057701
192.20          -0.057980
192.40          -0.058261
192.60          -0.058546
192.80          -0.058833
193.00          -0.059124
193.20          -0.059419
193.40          -0.059716
193.60          -0.060017
193.80          -0.060322
194.00          -0.060630
194.20          -0.060941
194.40          -0.061256
194.60          -0.061576
194.80          -0.061899
195.00          -0.062225
195.20          -0.062556
195.40          -0.062891
195.60          -0.063231
195.80          -0.063574
196.00          -0.063922
196.20          -0.064274
196.40          -0.064631
196.60          -0.064993
196.80          -0.065359
197.00          -0.065731
197.20          -0.066107
197.40          -0.066488
197.60          -0.066875
197.80          -0.067267
198.00          -0.067664
198.20          -0.068067
198.40          -0.068476
198.60          -0.068891
198.80          -0.069312
199.00          -0.069739
199.20          -0.070172
199.40          -0.070612
199.60          -0.071058
199.80          -0.071511
200.00          -0.071972
200.20          -0.072439
200.40          -0.072914
200.60          -0.073396
200.80          -0.073886
201.00          -0.074384
201.20          -0.074890
201.40          -0.075405
201.60          -0.075928
201.80          -0.076460
202.00          -0.077001
202.20          -0.077552
202.40          -0.078112
202.60          -0.078682
202.80          -0.079262
203.00          -0.079852
203.20          -0.080454
203.40          -0.081066
203.60          -0.081690
203.80          -0.082325
204.00          -0.082972
204.20          -0.083632
204.40          -0.084305
204.60          -0.084991
204.80          -0.085691
205.00          -0.086404
205.20          -0.087132
205.40          -0.087875
205.60          -0.088634
205.80          -0.089408
206.00          -0.090199
206.20          -0.091006
206.40          -0.091831
206.60          -0.092674
206.80          -0.093536
207.00          -0.094418
207.20          -0.095319
207.40          -0.096241
207.60          -0.097184
207.80          -0.098149
208.00          -0.099138
208.20          -0.10015
208.40          -0.10119
208.60          -0.10225
208.80          -0.10334
209.00          -0.10445
209.20          -0.10560
209.40          -0.10677
209.60          -0.10797
209.80          -0.10921
210.00          -0.11048
210.20          -0.11178
210.40          -0.11312
210.60          -0.11450
210.80          -0.11591
211.00          -0.11736
211.20          -0.11886
211.40          -0.12040
211.60          -0.12198
211.80          -0.12361
212.00          -0.12529
212.20          -0.12702
212.40          -0.12880
212.60          -0.13063
212.80          -0.13253
213.00          -0.13448
213.20          -0.13650
213.40          -0.13858
213.60          -0.14073
213.80          -0.14295
214.00          -0.14525
214.20          -0.14762
214.40          -0.15007
214.60          -0.15261
214.80          -0.15523
215.00          -0.15795
215.20          -0.16076
215.40          -0.16368
215.60          -0.16670
215.80          -0.16983
216.00          -0.17307
216.20          -0.17643
216.40          -0.17992
216.60          -0.18353
216.80          -0.18729
217.00          -0.19118
217.20          -0.19522
217.40          -0.19942
217.60          -0.20378
217.80          -0.20830
218.00          -0.21299
218.20          -0.21787
218.40          -0.22292
218.60          -0.22817
218.80          -0.23362
219.00          -0.23927
219.20          -0.24513
219.40          -0.25120
219.60          -0.25748
219.80          -0.26399
220.00          -0.27071
220.20          -0.27766
220.40          -0.28482
220.60          -0.29219
220.80          -0.29978
221.00          -0.30756
221.20          -0.31552
221.40          -0.32365
221.60          -0.33193
221.80          -0.34033
222.00          -0.34881
222.20          -0.35735
222.40          -0.36589
222.60          -0.37438
222.80          -0.38276
223.00          -0.39098
223.20          -0.39896
223.40          -0.40661
223.60          -0.41386
223.80          -0.42062
224.00          -0.42679
224.20          -0.43230
224.40          -0.43704
224.60          -0.44092
224.80          -0.44389
225.00          -0.44585
