175.00          -0.18189
175.20          -0.18263
175.40          -0.18337
175.60          -0.18412
175.80          -0.18487
176.00          -0.18563
176.20          -0.18639
176.40          -0.18715
176.60          -0.18792
176.80          -0.18869
177.00          -0.18947
177.20          -0.19025
177.40          -0.19103
177.60          -0.19182
177.80          -0.19262
178.00          -0.19341
178.20          -0.19422
178.40          -0.19503
178.60          -0.19584
178.80          -0.19666
179.00          -0.19748
179.20          -0.19830
179.40          -0.19914
179.60          -0.19997
179.80          -0.20081
180.00          -0.20166
180.20          -0.20251
180.40          -0.20337
180.60          -0.20423
180.80          -0.20510
181.00          -0.20597
181.20          -0.20685
181.40          -0.20773
181.60          -0.20862
181.80          -0.20951
182.00          -0.21041
182.20          -0.21132
182.40          -0.21223
182.60          -0.21315
182.80          -0.21407
183.00          -0.21500
183.20          -0.21593
183.40          -0.21687
183.60          -0.21782
183.80          -0.21877
184.00          -0.21973
184.20          -0.22070
184.40          -0.22167
184.60          -0.22265
184.80          -0.22364
185.00          -0.22463
185.20          -0.22563
185.40          -0.22663
185.60          -0.22765
185.80          -0.22867
186.00          -0.22969
186.20          -0.23073
186.40          -0.23177
186.60          -0.23282
186.80          -0.23387
187.00          -0.23494
187.20          -0.23601
187.40          -0.23709
187.60          -0.23818
187.80          -0.23927
188.00          -0.24038
188.20          -0.24149
188.40          -0.24261
188.60          -0.24374
188.80          -0.24488
189.00          -0.24603
189.20          -0.24718
189.40          -0.24835
189.60          -0.24952
189.80          -0.25070
190.00          -0.25190
190.20          -0.25310
190.40          -0.25431
190.60          -0.25553
190.80          -0.25676
191.00          -0.25801
191.20          -0.25926
191.40          -0.26052
191.60          -0.26180
191.80          -0.26308
192.00          -0.26438
192.20          -0.26569
192.40          -0.26700
192.60          -0.26833
192.80          -0.26968
193.00          -0.27103
193.20          -0.27240
193.40          -0.27378
193.60          -0.27517
193.80          -0.27657
194.00          -0.27799
194.20          -0.27942
194.40          -0.28087
194.60          -0.28232
194.80          -0.28380
195.00          -0.28528
195.20          -0.28678
195.40          -0.28830
195.60          -0.28983
195.80          -0.29138
196.00          -0.29294
196.20          -0.29452
196.40          -0.29611
196.60          -0.29772
196.80          -0.29935
197.00          -0.30100
197.20          -0.30266
197.40          -0.30434
197.60          -0.30604
197.80          -0.30776
198.00          -0.30949
198.20          -0.31125
198.40          -0.31302
198.60          -0.31482
198.80          -0.31664
199.00          -0.31847
199.20          -0.32033
199.40          -0.32221
199.60          -0.32412
199.80          -0.32604
200.00          -0.32799
200.20          -0.32996
200.40          -0.33196
200.60          -0.33398
200.80          -0.33603
201.00          -0.33810
201.20          -0.34020
201.40          -0.34233
201.60          -0.34448
201.80          -0.34667
202.00          -0.34888
202.20          -0.35112
202.40          -0.35339
202.60          -0.35569
202.80          -0.35803
203.00          -0.36039
203.20          -0.36279
203.40          -0.36522
203.60          -0.36769
203.80          -0.37019
204.00          -0.37273
204.20          -0.37531
204.40          -0.37792
204.60          -0.38057
204.80          -0.38327
205.00          -0.38600
205.20          -0.38877
205.40          -0.39159
205.60          -0.39445
205.80          -0.39735
206.00          -0.40030
206.20          -0.40329
206.40          -0.40634
206.60          -0.40943
206.80          -0.41257
207.00          -0.41576
207.20          -0.41900
207.40          -0.42230
207.60          -0.42565
207.80          -0.42906
208.00          -0.43252
208.20          -0.43604
208.40          -0.43962
208.60          -0.44326
208.80          -0.44696
209.00          -0.45072
209.20          -0.45454
209.40          -0.45843
209.60          -0.46239
209.80          -0.46641
210.00          -0.47050
210.20          -0.47466
210.40          -0.47889
210.60          -0.48319
210.80          -0.48756
211.00          -0.49200
211.20          -0.49652
211.40          -0.50111
211.60          -0.50577
211.80          -0.51050
212.00          -0.51531
212.20          -0.52019
212.40          -0.52514
212.60          -0.53017
212.80          -0.53526
213.00          -0.54043
213.20          -0.54566
213.40          -0.55095
213.60          -0.55630
213.80          -0.56172
214.00          -0.56719
214.20          -0.57270
214.40          -0.57826
214.60          -0.58386
214.80          -0.58949
215.00          -0.59514
215.20          -0.60080
215.40          -0.60647
215.60          -0.61213
215.80          -0.61777
216.00          -0.62337
216.20          -0.62892
216.40          -0.63440
216.60          -0.63980
216.80          -0.64509
217.00          -0.65025
217.20          -0.65526
217.40          -0.66009
217.60          -0.66471
217.80          -0.66909
218.00          -0.67321
218.20          -0.67703
218.40          -0.68052
218.60          -0.68363
218.80          -0.68634
219.00          -0.68860
219.20          -0.69039
219.40          -0.69166
219.60          -0.69237
219.80          -0.69249
220.00          -0.69199
220.20          -0.69084
220.40          -0.68900
220.60          -0.68646
220.80          -0.68319
221.00          -0.67918
221.20          -0.67442
221.40          -0.66891
221.60          -0.66266
221.80          -0.65566
222.00          -0.64795
222.20          -0.63955
222.40          -0.63048
222.60          -0.62080
222.80          -0.61054
223.00          -0.59975
223.20          -0.58850
223.40          -0.57684
223.60          -0.56482
223.80          -0.55253
224.00          -0.54001
224.20          -0.52734
224.40          -0.51458
224.60          -0.50179
224.80          -0.48903
225.00          -0.47636
