175.00          -0.10156
175.20          -0.10389
175.40          -0.10634
175.60          -0.10894
175.80          -0.11168
176.00          -0.11458
176.20          -0.11765
176.40          -0.12091
176.60          -0.12438
176.80          -0.12807
177.00          -0.13200
177.20          -0.13619
177.40          -0.14068
177.60          -0.14548
177.80          -0.15063
178.00          -0.15615
178.20          -0.16210
178.40          -0.16851
178.60          -0.17543
178.80          -0.18291
179.00          -0.19101
179.20          -0.19980
179.40          -0.20936
179.60          -0.21977
179.80          -0.23112
180.00          -0.24353
180.20          -0.25710
180.40          -0.27196
180.60          -0.28825
180.80          -0.30611
181.00          -0.32571
181.20          -0.34720
181.40          -0.37072
181.60          -0.39640
181.80          -0.42433
182.00          -0.45452
182.20          -0.48687
182.40          -0.52114
182.60          -0.55687
182.80          -0.59329
183.00          -0.62934
183.20          -0.66358
183.40          -0.69422
183.60          -0.71931
183.80          -0.73685
184.00          -0.74518
184.20          -0.74322
184.40          -0.73078
184.60          -0.70855
184.80          -0.67804
185.00          -0.64127
185.20          -0.60046
185.40          -0.55770
185.60          -0.51477
185.80          -0.47303
186.00          -0.43341
186.20          -0.39650
186.40          -0.36256
186.60          -0.33169
186.80          -0.30379
187.00          -0.27872
187.20          -0.25625
187.40          -0.23616
187.60          -0.21822
187.80          -0.20220
188.00          -0.18790
188.20          -0.17511
188.40          -0.16366
188.60          -0.15341
188.80          -0.14421
189.00          -0.13594
189.20          -0.12850
189.40          -0.12179
189.60          -0.11573
189.80          -0.11026
190.00          -0.10530
190.20          -0.10080
190.40          -0.096714
190.60          -0.092999
190.80          -0.089616
191.00          -0.086533
191.20          -0.083721
191.40          -0.081152
191.60          -0.078806
191.80          -0.076660
192.00          -0.074698
192.20          -0.072904
192.40          -0.071263
192.60          -0.069762
192.80          -0.068391
193.00          -0.067141
193.20          -0.066001
193.40          -0.064966
193.60          -0.064028
193.80          -0.063182
194.00          -0.062423
194.20          -0.061748
194.40          -0.061155
194.60          -0.060641
194.80          -0.060207
195.00          -0.059854
195.20          -0.059586
195.40          -0.059407
195.60          -0.059326
195.80          -0.059357
196.00          -0.059518
196.20          -0.059840
196.40          -0.060366
196.60          -0.061167
196.80          -0.062357
197.00          -0.064135
197.20          -0.066871
197.40          -0.071333
197.60          -0.079372
197.80          -0.096575
198.00          -0.14830
198.20          -0.55286
198.40          -0.89017
198.60          -0.094478
198.80          -0.055351
199.00          -0.047779
199.20          -0.045732
199.40          -0.045190
199.60          -0.045149
199.80          -0.045291
200.00          -0.045498
200.20          -0.045725
200.40          -0.045951
200.60          -0.046170
200.80          -0.046379
201.00          -0.046579
201.20          -0.046770
201.40          -0.046952
201.60          -0.047129
201.80          -0.047299
202.00          -0.047465
202.20          -0.047628
202.40          -0.047788
202.60          -0.047945
202.80          -0.048101
203.00          -0.048256
203.20          -0.048409
203.40          -0.048563
203.60          -0.048716
203.80          -0.048870
204.00          -0.049024
204.20          -0.049178
204.40          -0.049333
204.60          -0.049489
204.80          -0.049646
205.00          -0.049803
205.20          -0.049962
205.40          -0.050122
205.60          -0.050283
205.80          -0.050445
206.00          -0.050608
206.20          -0.050773
206.40          -0.050939
206.60          -0.051106
206.80          -0.051275
207.00          -0.051445
207.20          -0.051616
207.40          -0.051788
207.60          -0.051962
207.80          -0.052137
208.00          -0.052314
208.20          -0.052492
208.40          -0.052671
208.60          -0.052851
208.80          -0.053033
209.00          -0.053217
209.20          -0.053401
209.40          -0.053587
209.60          -0.053774
209.80          -0.053963
210.00          -0.054153
210.20          -0.054344
210.40          -0.054537
210.60          -0.054731
210.80          -0.054926
211.00          -0.055123
211.20          -0.055321
211.40          -0.055520
211.60          -0.055721
211.80          -0.055923
212.00          -0.056127
212.20          -0.056332
212.40          -0.056539
212.60          -0.056746
212.80          -0.056956
213.00          -0.057167
213.20          -0.057379
213.40          -0.057593
213.60          -0.057808
213.80          -0.058025
214.00          -0.058244
214.20          -0.058464
214.40          -0.058686
214.60          -0.058910
214.80          -0.059135
215.00          -0.059362
215.20          -0.059591
215.40          -0.059822
215.60          -0.060054
215.80          -0.060289
216.00          -0.060526
216.20          -0.060765
216.40          -0.061006
216.60          -0.061249
216.80          -0.061495
217.00          -0.061743
217.20          -0.061994
217.40          -0.062247
217.60          -0.062503
217.80          -0.062762
218.00          -0.063024
218.20          -0.063289
218.40          -0.063558
218.60          -0.063830
218.80          -0.064106
219.00          -0.064386
219.20          -0.064671
219.40          -0.064961
219.60          -0.065257
219.80          -0.065560
220.00          -0.065874
220.20          -0.066208
220.40          -0.066604
220.60          -0.067496
220.80          -0.075027
221.00          -0.067756
221.20          -0.067887
221.40          -0.068191
221.60          -0.068535
221.80          -0.068900
222.00          -0.069280
222.20          -0.069676
222.40          -0.070088
222.60          -0.070516
222.80          -0.070964
223.00          -0.071433
223.20          -0.071925
223.40          -0.072445
223.60          -0.072996
223.80          -0.073583
224.00          -0.074212
224.20          -0.074891
224.40          -0.075628
224.60          -0.076437
224.80          -0.077331
225.00          -0.078332
