175.00          -0.031226
175.20          -0.031305
175.40          -0.031385
175.60          -0.031465
175.80          -0.031546
176.00          -0.031627
176.20          -0.031709
176.40          -0.031791
176.60          -0.031874
176.80          -0.031958
177.00          -0.032042
177.20          -0.032127
177.40          -0.032212
177.60          -0.032298
177.80          -0.032385
178.00          -0.032472
178.20          -0.032560
178.40          -0.032649
178.60          -0.032739
178.80          -0.032829
179.00          -0.032920
179.20          -0.033012
179.40          -0.033104
179.60          -0.033198
179.80          -0.033292
180.00          -0.033387
180.20          -0.033483
180.40          -0.033580
180.60          -0.033678
180.80          -0.033777
181.00          -0.033877
181.20          -0.033978
181.40          -0.034080
181.60          -0.034184
181.80          -0.034288
182.00          -0.034393
182.20          -0.034500
182.40          -0.034608
182.60          -0.034717
182.80          -0.034828
183.00          -0.034940
183.20          -0.035054
183.40          -0.035168
183.60          -0.035285
183.80          -0.035403
184.00          -0.035523
184.20          -0.035644
184.40          -0.035768
184.60          -0.035893
184.80          -0.036020
185.00          -0.036149
185.20          -0.036280
185.40          -0.036414
185.60          -0.036550
185.80          -0.036688
186.00          -0.036829
186.20          -0.036972
186.40          -0.037118
186.60          -0.037267
186.80          -0.037419
187.00          -0.037574
187.20          -0.037733
187.40          -0.037895
187.60          -0.038061
187.80          -0.038231
188.00          -0.038405
188.20          -0.038583
188.40          -0.038766
188.60          -0.038954
188.80          -0.039147
189.00          -0.039346
189.20          -0.039551
189.40          -0.039762
189.60          -0.039979
189.80          -0.040204
190.00          -0.040437
190.20          -0.040678
190.40          -0.040928
190.60          -0.041188
190.80          -0.041458
191.00          -0.041739
191.20          -0.042033
191.40          -0.042340
191.60          -0.042662
191.80          -0.043000
192.00          -0.043355
192.20          -0.043731
192.40          -0.044127
192.60          -0.044548
192.80          -0.044996
193.00          -0.045475
193.20          -0.045987
193.40          -0.046539
193.60          -0.047135
193.80          -0.047784
194.00          -0.048492
194.20          -0.049271
194.40          -0.050135
194.60          -0.051099
194.80          -0.052186
195.00          -0.053426
195.20          -0.054857
195.40          -0.056535
195.60          -0.058539
195.80          -0.060984
196.00          -0.064050
196.20          -0.068026
196.40          -0.073413
196.60          -0.081145
196.80          -0.093163
197.00          -0.11414
197.20          -0.15818
197.40          -0.28835
197.60          -1.2149
197.80          -2.4358
198.00          -0.21070
198.20          -0.084085
198.40          -0.057965
198.60          -0.050523
198.80          -0.048636
199.00          -0.048901
199.20          -0.050190
199.40          -0.052084
199.60          -0.054429
199.80          -0.057191
200.00          -0.060402
200.20          -0.064145
200.40          -0.068548
200.60          -0.073795
200.80          -0.080152
201.00          -0.087996
201.20          -0.097883
201.40          -0.11065
201.60          -0.12760
201.80          -0.15089
202.00          -0.18417
202.20          -0.23417
202.40          -0.31410
202.60          -0.45228
202.80          -0.71496
203.00          -1.2585
203.20          -2.2537
203.40          -2.5800
203.60          -1.5365
203.80          -0.81450
204.00          -0.47660
204.20          -0.31024
204.40          -0.21983
204.60          -0.16630
204.80          -0.13239
205.00          -0.10974
205.20          -0.093955
205.40          -0.082577
205.60          -0.074145
205.80          -0.067751
206.00          -0.062807
206.20          -0.058922
206.40          -0.055828
206.60          -0.053333
206.80          -0.051301
207.00          -0.049633
207.20          -0.048253
207.40          -0.047104
207.60          -0.046142
207.80          -0.045334
208.00          -0.044653
208.20          -0.044078
208.40          -0.043591
208.60          -0.043179
208.80          -0.042830
209.00          -0.042535
209.20          -0.042286
209.40          -0.042078
209.60          -0.041904
209.80          -0.041760
210.00          -0.041643
210.20          -0.041548
210.40          -0.041474
210.60          -0.041418
210.80          -0.041378
211.00          -0.041352
211.20          -0.041338
211.40          -0.041336
211.60          -0.041344
211.80          -0.041361
212.00          -0.041386
212.20          -0.041418
212.40          -0.041457
212.60          -0.041502
212.80          -0.041552
213.00          -0.041608
213.20          -0.041668
213.40          -0.041732
213.60          -0.041800
213.80          -0.041872
214.00          -0.041947
214.20          -0.042024
214.40          -0.042105
214.60          -0.042188
214.80          -0.042274
215.00          -0.042362
215.20          -0.042452
215.40          -0.042544
215.60          -0.042638
215.80          -0.042734
216.00          -0.042831
216.20          -0.042930
216.40          -0.043031
216.60          -0.043133
216.80          -0.043237
217.00          -0.043341
217.20          -0.043448
217.40          -0.043555
217.60          -0.043664
217.80          -0.043775
218.00          -0.043886
218.20          -0.043999
218.40          -0.044113
218.60          -0.044229
218.80          -0.044346
219.00          -0.044465
219.20          -0.044586
219.40          -0.044709
219.60          -0.044835
219.80          -0.044964
220.00          -0.045100
220.20          -0.045248
220.40          -0.045430
220.60          -0.045803
220.80          -0.067976
221.00          -0.045775
221.20          -0.045807
221.40          -0.045934
221.60          -0.046071
221.80          -0.046212
222.00          -0.046355
222.20          -0.046501
222.40          -0.046649
222.60          -0.046800
222.80          -0.046954
223.00          -0.047112
223.20          -0.047273
223.40          -0.047440
223.60          -0.047611
223.80          -0.047788
224.00          -0.047972
224.20          -0.048163
224.40          -0.048363
224.60          -0.048573
224.80          -0.048795
225.00          -0.049031
