175.00          -0.065993
175.20          -0.066513
175.40          -0.067037
175.60          -0.067563
175.80          -0.068093
176.00          -0.068627
176.20          -0.069164
176.40          -0.069705
176.60          -0.070249
176.80          -0.070798
177.00          -0.071351
177.20          -0.071908
177.40          -0.072470
177.60          -0.073035
177.80          -0.073605
178.00          -0.074180
178.20          -0.074758
178.40          -0.075341
178.60          -0.075929
178.80          -0.076521
179.00          -0.077117
179.20          -0.077718
179.40          -0.078323
179.60          -0.078933
179.80          -0.079546
180.00          -0.080165
180.20          -0.080787
180.40          -0.081413
180.60          -0.082044
180.80          -0.082679
181.00          -0.083318
181.20          -0.083960
181.40          -0.084607
181.60          -0.085257
181.80          -0.085911
182.00          -0.086568
182.20          -0.087229
182.40          -0.087892
182.60          -0.088559
182.80          -0.089229
183.00          -0.089901
183.20          -0.090576
183.40          -0.091252
183.60          -0.091931
183.80          -0.092612
184.00          -0.093294
184.20          -0.093977
184.40          -0.094660
184.60          -0.095345
184.80          -0.096029
185.00          -0.096713
185.20          -0.097396
185.40          -0.098077
185.60          -0.098757
185.80          -0.099434
186.00          -0.10011
186.20          -0.10078
186.40          -0.10145
186.60          -0.10211
186.80          -0.10276
187.00          -0.10341
187.20          -0.10405
187.40          -0.10468
187.60          -0.10530
187.80          -0.10591
188.00          -0.10650
188.20          -0.10708
188.40          -0.10765
188.60          -0.10819
188.80          -0.10872
189.00          -0.10922
189.20          -0.10970
189.40          -0.11015
189.60          -0.11057
189.80          -0.11095
190.00          -0.11130
190.20          -0.11160
190.40          -0.11185
190.60          -0.11205
190.80          -0.11219
191.00          -0.11227
191.20          -0.11228
191.40          -0.11220
191.60          -0.11204
191.80          -0.11178
192.00          -0.11142
192.20          -0.11095
192.40          -0.11037
192.60          -0.10967
192.80          -0.10887
193.00          -0.10798
193.20          -0.10707
193.40          -0.10623
193.60          -0.10563
193.80          -0.10555
194.00          -0.10646
194.20          -0.10906
194.40          -0.11436
194.60          -0.12356
194.80          -0.13778
195.00          -0.15747
195.20          -0.18209
195.40          -0.21113
195.60          -0.24773
195.80          -0.31188
196.00          -0.55666
196.20          -15.202
196.40          -0.38007
196.60          -0.23354
196.80          -0.21268
197.00          -0.20731
197.20          -0.20548
197.40          -0.20471
197.60          -0.20434
197.80          -0.20416
198.00          -0.20408
198.20          -0.20410
198.40          -0.20420
198.60          -0.20438
198.80          -0.20464
199.00          -0.20498
199.20          -0.20539
199.40          -0.20588
199.60          -0.20645
199.80          -0.20709
200.00          -0.20781
200.20          -0.20861
200.40          -0.20949
200.60          -0.21046
200.80          -0.21151
201.00          -0.21266
201.20          -0.21390
201.40          -0.21525
201.60          -0.21672
201.80          -0.21831
202.00          -0.22004
202.20          -0.22193
202.40          -0.22398
202.60          -0.22624
202.80          -0.22871
203.00          -0.23142
203.20          -0.23443
203.40          -0.23775
203.60          -0.24146
203.80          -0.24561
204.00          -0.25028
204.20          -0.25555
204.40          -0.26157
204.60          -0.26846
204.80          -0.27642
205.00          -0.28570
205.20          -0.29663
205.40          -0.30963
205.60          -0.32532
205.80          -0.34452
206.00          -0.36844
206.20          -0.39887
206.40          -0.43858
206.60          -0.49201
206.80          -0.56679
207.00          -0.67683
207.20          -0.84988
207.40          -1.1481
207.60          -1.7338
207.80          -3.1308
208.00          -7.5007
208.20          -10.031
208.40          -3.0928
208.60          -1.2051
208.80          -0.59155
209.00          -0.34402
209.20          -0.22767
209.40          -0.16697
209.60          -0.13291
209.80          -0.11280
210.00          -0.10048
210.20          -0.092740
210.40          -0.087798
210.60          -0.084612
210.80          -0.082551
211.00          -0.081220
211.20          -0.080367
211.40          -0.079824
211.60          -0.079482
211.80          -0.079265
212.00          -0.079123
212.20          -0.079019
212.40          -0.078931
212.60          -0.078841
212.80          -0.078739
213.00          -0.078617
213.20          -0.078470
213.40          -0.078296
213.60          -0.078094
213.80          -0.077862
214.00          -0.077601
214.20          -0.077312
214.40          -0.076996
214.60          -0.076655
214.80          -0.076288
215.00          -0.075899
215.20          -0.075489
215.40          -0.075059
215.60          -0.074610
215.80          -0.074146
216.00          -0.073666
216.20          -0.073173
216.40          -0.072668
216.60          -0.072152
216.80          -0.071628
217.00          -0.071095
217.20          -0.070556
217.40          -0.070011
217.60          -0.069463
217.80          -0.068911
218.00          -0.068357
218.20          -0.067803
218.40          -0.067248
218.60          -0.066695
218.80          -0.066144
219.00          -0.065595
219.20          -0.065050
219.40          -0.064510
219.60          -0.063975
219.80          -0.063447
220.00          -0.062925
220.20          -0.062411
220.40          -0.061905
220.60          -0.061408
220.80          -0.060921
221.00          -0.060445
221.20          -0.059979
221.40          -0.059525
221.60          -0.059083
221.80          -0.058654
222.00          -0.058239
222.20          -0.057837
222.40          -0.057450
222.60          -0.057079
222.80          -0.056723
223.00          -0.056383
223.20          -0.056060
223.40          -0.055754
223.60          -0.055467
223.80          -0.055198
224.00          -0.054948
224.20          -0.054717
224.40          -0.054507
224.60          -0.054318
224.80          -0.054150
225.00          -0.054003
