175.00          -0.073098
175.20          -0.073586
175.40          -0.074084
175.60          -0.074592
175.80          -0.075111
176.00          -0.075641
176.20          -0.076183
176.40          -0.076737
176.60          -0.077304
176.80          -0.077884
177.00          -0.078478
177.20          -0.079087
177.40          -0.079710
177.60          -0.080350
177.80          -0.081006
178.00          -0.081680
178.20          -0.082371
178.40          -0.083082
178.60          -0.083813
178.80          -0.084565
179.00          -0.085339
179.20          -0.086137
179.40          -0.086959
179.60          -0.087807
179.80          -0.088682
180.00          -0.089586
180.20          -0.090521
180.40          -0.091487
180.60          -0.092488
180.80          -0.093524
181.00          -0.094598
181.20          -0.095713
181.40          -0.096871
181.60          -0.098074
181.80          -0.099326
182.00          -0.10063
182.20          -0.10199
182.40          -0.10340
182.60          -0.10488
182.80          -0.10643
183.00          -0.10805
183.20          -0.10974
183.40          -0.11152
183.60          -0.11339
183.80          -0.11535
184.00          -0.11742
184.20          -0.11959
184.40          -0.12189
184.60          -0.12431
184.80          -0.12688
185.00          -0.12960
185.20          -0.13249
185.40          -0.13555
185.60          -0.13882
185.80          -0.14230
186.00          -0.14601
186.20          -0.14999
186.40          -0.15425
186.60          -0.15882
186.80          -0.16374
187.00          -0.16905
187.20          -0.17478
187.40          -0.18098
187.60          -0.18770
187.80          -0.19501
188.00          -0.20298
188.20          -0.21168
188.40          -0.22121
188.60          -0.23165
188.80          -0.24315
189.00          -0.25582
189.20          -0.26982
189.40          -0.28532
189.60          -0.30252
189.80          -0.32164
190.00          -0.34291
190.20          -0.36661
190.40          -0.39301
190.60          -0.42239
190.80          -0.45501
191.00          -0.49107
191.20          -0.53068
191.40          -0.57375
191.60          -0.61988
191.80          -0.66827
192.00          -0.71753
192.20          -0.76561
192.40          -0.80975
192.60          -0.84664
192.80          -0.87285
193.00          -0.88542
193.20          -0.88258
193.40          -0.86419
193.60          -0.83187
193.80          -0.78857
194.00          -0.73791
194.20          -0.68349
194.40          -0.62839
194.60          -0.57488
194.80          -0.52449
195.00          -0.47808
195.20          -0.43599
195.40          -0.39824
195.60          -0.36462
195.80          -0.33482
196.00          -0.30848
196.20          -0.28522
196.40          -0.26469
196.60          -0.24656
196.80          -0.23052
197.00          -0.21631
197.20          -0.20370
197.40          -0.19248
197.60          -0.18248
197.80          -0.17355
198.00          -0.16555
198.20          -0.15837
198.40          -0.15192
198.60          -0.14611
198.80          -0.14086
199.00          -0.13611
199.20          -0.13180
199.40          -0.12789
199.60          -0.12433
199.80          -0.12109
200.00          -0.11813
200.20          -0.11543
200.40          -0.11295
200.60          -0.11069
200.80          -0.10861
201.00          -0.10670
201.20          -0.10494
201.40          -0.10332
201.60          -0.10183
201.80          -0.10046
202.00          -0.099191
202.20          -0.098020
202.40          -0.096939
202.60          -0.095939
202.80          -0.095015
203.00          -0.094159
203.20          -0.093368
203.40          -0.092635
203.60          -0.091956
203.80          -0.091328
204.00          -0.090747
204.20          -0.090209
204.40          -0.089711
204.60          -0.089250
204.80          -0.088824
205.00          -0.088430
205.20          -0.088066
205.40          -0.087730
205.60          -0.087421
205.80          -0.087136
206.00          -0.086874
206.20          -0.086633
206.40          -0.086413
206.60          -0.086211
206.80          -0.086027
207.00          -0.085859
207.20          -0.085707
207.40          -0.085570
207.60          -0.085446
207.80          -0.085336
208.00          -0.085237
208.20          -0.085150
208.40          -0.085074
208.60          -0.085008
208.80          -0.084951
209.00          -0.084904
209.20          -0.084865
209.40          -0.084834
209.60          -0.084811
209.80          -0.084795
210.00          -0.084786
210.20          -0.084783
210.40          -0.084786
210.60          -0.084795
210.80          -0.084810
211.00          -0.084829
211.20          -0.084854
211.40          -0.084883
211.60          -0.084916
211.80          -0.084954
212.00          -0.084995
212.20          -0.085041
212.40          -0.085089
212.60          -0.085141
212.80          -0.085196
213.00          -0.085254
213.20          -0.085315
213.40          -0.085379
213.60          -0.085445
213.80          -0.085513
214.00          -0.085584
214.20          -0.085657
214.40          -0.085732
214.60          -0.085809
214.80          -0.085887
215.00          -0.085967
215.20          -0.086049
215.40          -0.086133
215.60          -0.086217
215.80          -0.086303
216.00          -0.086391
216.20          -0.086479
216.40          -0.086569
216.60          -0.086660
216.80          -0.086751
217.00          -0.086844
217.20          -0.086937
217.40          -0.087032
217.60          -0.087127
217.80          -0.087222
218.00          -0.087319
218.20          -0.087416
218.40          -0.087514
218.60          -0.087612
218.80          -0.087711
219.00          -0.087810
219.20          -0.087910
219.40          -0.088010
219.60          -0.088110
219.80          -0.088211
220.00          -0.088313
220.20          -0.088414
220.40          -0.088516
220.60          -0.088619
220.80          -0.088722
221.00          -0.088825
221.20          -0.088929
221.40          -0.089033
221.60          -0.089137
221.80          -0.089242
222.00          -0.089347
222.20          -0.089453
222.40          -0.089560
222.60          -0.089667
222.80          -0.089776
223.00          -0.089885
223.20          -0.089995
223.40          -0.090106
223.60          -0.090219
223.80          -0.090334
224.00          -0.090451
224.20          -0.090571
224.40          -0.090694
224.60          -0.090820
224.80          -0.090952
225.00          -0.091089
