175.00          -0.037563
175.20          -0.037694
175.40          -0.037827
175.60          -0.037960
175.80          -0.038095
176.00          -0.038232
176.20          -0.038370
176.40          -0.038509
176.60          -0.038650
176.80          -0.038793
177.00          -0.038937
177.20          -0.039083
177.40          -0.039230
177.60          -0.039380
177.80          -0.039531
178.00          -0.039684
178.20          -0.039838
178.40          -0.039995
178.60          -0.040154
178.80          -0.040315
179.00          -0.040478
179.20          -0.040643
179.40          -0.040810
179.60          -0.040980
179.80          -0.041152
180.00          -0.041327
180.20          -0.041504
180.40          -0.041684
180.60          -0.041866
180.80          -0.042051
181.00          -0.042239
181.20          -0.042431
181.40          -0.042625
181.60          -0.042822
181.80          -0.043023
182.00          -0.043227
182.20          -0.043435
182.40          -0.043646
182.60          -0.043861
182.80          -0.044080
183.00          -0.044303
183.20          -0.044531
183.40          -0.044763
183.60          -0.044999
183.80          -0.045240
184.00          -0.045487
184.20          -0.045738
184.40          -0.045995
184.60          -0.046257
184.80          -0.046525
185.00          -0.046799
185.20          -0.047080
185.40          -0.047367
185.60          -0.047661
185.80          -0.047962
186.00          -0.048271
186.20          -0.048588
186.40          -0.048913
186.60          -0.049246
186.80          -0.049589
187.00          -0.049941
187.20          -0.050304
187.40          -0.050677
187.60          -0.051061
187.80          -0.051457
188.00          -0.051865
188.20          -0.052286
188.40          -0.052721
188.60          -0.053170
188.80          -0.053635
189.00          -0.054116
189.20          -0.054614
189.40          -0.055130
189.60          -0.055665
189.80          -0.056221
190.00          -0.056799
190.20          -0.057400
190.40          -0.058026
190.60          -0.058679
190.80          -0.059359
191.00          -0.060070
191.20          -0.060814
191.40          -0.061592
191.60          -0.062407
191.80          -0.063263
192.00          -0.064162
192.20          -0.065108
192.40          -0.066105
192.60          -0.067156
192.80          -0.068267
193.00          -0.069443
193.20          -0.070689
193.40          -0.072012
193.60          -0.073419
193.80          -0.074919
194.00          -0.076519
194.20          -0.078232
194.40          -0.080067
194.60          -0.082039
194.80          -0.084163
195.00          -0.086455
195.20          -0.088936
195.40          -0.091629
195.60          -0.094559
195.80          -0.097758
196.00          -0.10126
196.20          -0.10511
196.40          -0.10936
196.60          -0.11406
196.80          -0.11928
197.00          -0.12512
197.20          -0.13167
197.40          -0.13905
197.60          -0.14742
197.80          -0.15696
198.00          -0.16791
198.20          -0.18057
198.40          -0.19530
198.60          -0.21258
198.80          -0.23303
199.00          -0.25744
199.20          -0.28689
199.40          -0.32276
199.60          -0.36695
199.80          -0.42196
200.00          -0.49110
200.20          -0.57868
200.40          -0.68987
200.60          -0.82994
200.80          -1.0016
201.00          -1.1985
201.20          -1.3949
201.40          -1.5389
201.60          -1.5706
201.80          -1.4703
202.00          -1.2791
202.20          -1.0613
202.40          -0.86129
202.60          -0.69590
202.80          -0.56577
203.00          -0.46533
203.20          -0.38811
203.40          -0.32850
203.60          -0.28212
203.80          -0.24574
204.00          -0.21697
204.20          -0.19407
204.40          -0.17581
204.60          -0.16129
204.80          -0.14989
205.00          -0.14126
205.20          -0.13526
205.40          -0.13212
205.60          -0.13260
205.80          -0.13871
206.00          -0.15580
206.20          -0.20109
206.40          -0.35481
206.60          -1.2979
206.80          -0.86721
207.00          -0.21024
207.20          -0.11154
207.40          -0.082737
207.60          -0.070722
207.80          -0.064487
208.00          -0.060729
208.20          -0.058207
208.40          -0.056377
208.60          -0.054970
208.80          -0.053843
209.00          -0.052914
209.20          -0.052130
209.40          -0.051459
209.60          -0.050878
209.80          -0.050370
210.00          -0.049925
210.20          -0.049532
210.40          -0.049186
210.60          -0.048879
210.80          -0.048607
211.00          -0.048367
211.20          -0.048156
211.40          -0.047969
211.60          -0.047806
211.80          -0.047663
212.00          -0.047539
212.20          -0.047432
212.40          -0.047342
212.60          -0.047266
212.80          -0.047203
213.00          -0.047152
213.20          -0.047113
213.40          -0.047085
213.60          -0.047066
213.80          -0.047056
214.00          -0.047055
214.20          -0.047061
214.40          -0.047075
214.60          -0.047096
214.80          -0.047123
215.00          -0.047155
215.20          -0.047194
215.40          -0.047237
215.60          -0.047286
215.80          -0.047339
216.00          -0.047396
216.20          -0.047457
216.40          -0.047523
216.60          -0.047591
216.80          -0.047664
217.00          -0.047739
217.20          -0.047818
217.40          -0.047899
217.60          -0.047983
217.80          -0.048070
218.00          -0.048159
218.20          -0.048250
218.40          -0.048344
218.60          -0.048440
218.80          -0.048538
219.00          -0.048638
219.20          -0.048739
219.40          -0.048843
219.60          -0.048948
219.80          -0.049055
220.00          -0.049163
220.20          -0.049274
220.40          -0.049385
220.60          -0.049498
220.80          -0.049612
221.00          -0.049728
221.20          -0.049845
221.40          -0.049963
221.60          -0.050083
221.80          -0.050203
222.00          -0.050325
222.20          -0.050449
222.40          -0.050573
222.60          -0.050698
222.80          -0.050825
223.00          -0.050952
223.20          -0.051081
223.40          -0.051211
223.60          -0.051342
223.80          -0.051474
224.00          -0.051608
224.20          -0.051742
224.40          -0.051878
224.60          -0.052015
224.80          -0.052153
225.00          -0.052292
