175.00          -0.088573
175.20          -0.086920
175.40          -0.085336
175.60          -0.083817
175.80          -0.082361
176.00          -0.080966
176.20          -0.079629
176.40          -0.078347
176.60          -0.077119
176.80          -0.075942
177.00          -0.074814
177.20          -0.073734
177.40          -0.072700
177.60          -0.071709
177.80          -0.070760
178.00          -0.069852
178.20          -0.068982
178.40          -0.068149
178.60          -0.067353
178.80          -0.066590
179.00          -0.065861
179.20          -0.065163
179.40          -0.064496
179.60          -0.063859
179.80          -0.063249
180.00          -0.062667
180.20          -0.062111
180.40          -0.061580
180.60          -0.061074
180.80          -0.060590
181.00          -0.060130
181.20          -0.059691
181.40          -0.059272
181.60          -0.058874
181.80          -0.058496
182.00          -0.058136
182.20          -0.057794
182.40          -0.057469
182.60          -0.057162
182.80          -0.056870
183.00          -0.056594
183.20          -0.056333
183.40          -0.056087
183.60          -0.055855
183.80          -0.055637
184.00          -0.055432
184.20          -0.055239
184.40          -0.055059
184.60          -0.054891
184.80          -0.054734
185.00          -0.054589
185.20          -0.054454
185.40          -0.054330
185.60          -0.054216
185.80          -0.054111
186.00          -0.054017
186.20          -0.053931
186.40          -0.053854
186.60          -0.053786
186.80          -0.053727
187.00          -0.053676
187.20          -0.053632
187.40          -0.053597
187.60          -0.053568
187.80          -0.053547
188.00          -0.053533
188.20          -0.053526
188.40          -0.053526
188.60          -0.053532
188.80          -0.053545
189.00          -0.053563
189.20          -0.053588
189.40          -0.053618
189.60          -0.053654
189.80          -0.053696
190.00          -0.053742
190.20          -0.053795
190.40          -0.053852
190.60          -0.053914
190.80          -0.053981
191.00          -0.054053
191.20          -0.054129
191.40          -0.054210
191.60          -0.054295
191.80          -0.054385
192.00          -0.054479
192.20          -0.054577
192.40          -0.054679
192.60          -0.054785
192.80          -0.054894
193.00          -0.055008
193.20          -0.055125
193.40          -0.055246
193.60          -0.055370
193.80          -0.055498
194.00          -0.055629
194.20          -0.055764
194.40          -0.055902
194.60          -0.056043
194.80          -0.056187
195.00          -0.056335
195.20          -0.056485
195.40          -0.056639
195.60          -0.056795
195.80          -0.056955
196.00          -0.057117
196.20          -0.057283
196.40          -0.057451
196.60          -0.057622
196.80          -0.057796
197.00          -0.057973
197.20          -0.058152
197.40          -0.058335
197.60          -0.058520
197.80          -0.058708
198.00          -0.058899
198.20          -0.059092
198.40          -0.059289
198.60          -0.059488
198.80          -0.059691
199.00          -0.059896
199.20          -0.060105
199.40          -0.060316
199.60          -0.060531
199.80          -0.060750
200.00          -0.060972
200.20          -0.061198
200.40          -0.061427
200.60          -0.061661
200.80          -0.061900
201.00          -0.062143
201.20          -0.062392
201.40          -0.062646
201.60          -0.062907
201.80          -0.063175
202.00          -0.063451
202.20          -0.063736
202.40          -0.064032
202.60          -0.064340
202.80          -0.064662
203.00          -0.065002
203.20          -0.065362
203.40          -0.065749
203.60          -0.066167
203.80          -0.066628
204.00          -0.067142
204.20          -0.067731
204.40          -0.068421
204.60          -0.069260
204.80          -0.070325
205.00          -0.071757
205.20          -0.073837
205.40          -0.077202
205.60          -0.083614
205.80          -0.099795
206.00          -0.17655
206.20          -9.0498
206.40          -0.12311
206.60          -0.075426
206.80          -0.068329
207.00          -0.066580
207.20          -0.066167
207.40          -0.066198
207.60          -0.066398
207.80          -0.066667
208.00          -0.066964
208.20          -0.067270
208.40          -0.067578
208.60          -0.067884
208.80          -0.068186
209.00          -0.068483
209.20          -0.068775
209.40          -0.069063
209.60          -0.069347
209.80          -0.069626
210.00          -0.069902
210.20          -0.070175
210.40          -0.070445
210.60          -0.070711
210.80          -0.070976
211.00          -0.071238
211.20          -0.071498
211.40          -0.071755
211.60          -0.072011
211.80          -0.072265
212.00          -0.072518
212.20          -0.072769
212.40          -0.073018
212.60          -0.073266
212.80          -0.073512
213.00          -0.073757
213.20          -0.074001
213.40          -0.074244
213.60          -0.074485
213.80          -0.074725
214.00          -0.074964
214.20          -0.075202
214.40          -0.075438
214.60          -0.075673
214.80          -0.075907
215.00          -0.076140
215.20          -0.076371
215.40          -0.076602
215.60          -0.076831
215.80          -0.077058
216.00          -0.077285
216.20          -0.077510
216.40          -0.077734
216.60          -0.077957
216.80          -0.078178
217.00          -0.078397
217.20          -0.078616
217.40          -0.078833
217.60          -0.079048
217.80          -0.079262
218.00          -0.079475
218.20          -0.079686
218.40          -0.079895
218.60          -0.080102
218.80          -0.080308
219.00          -0.080513
219.20          -0.080715
219.40          -0.080916
219.60          -0.081115
219.80          -0.081312
220.00          -0.081507
220.20          -0.081700
220.40          -0.081891
220.60          -0.082080
220.80          -0.082267
221.00          -0.082452
221.20          -0.082635
221.40          -0.082815
221.60          -0.082994
221.80          -0.083170
222.00          -0.083343
222.20          -0.083514
222.40          -0.083683
222.60          -0.083849
222.80          -0.084013
223.00          -0.084174
223.20          -0.084333
223.40          -0.084489
223.60          -0.084642
223.80          -0.084793
224.00          -0.084941
224.20          -0.085087
224.40          -0.085230
224.60          -0.085371
224.80          -0.085509
225.00          -0.085646
