175.00          -0.045963
175.20          -0.046182
175.40          -0.046405
175.60          -0.046632
175.80          -0.046863
176.00          -0.047098
176.20          -0.047338
176.40          -0.047582
176.60          -0.047831
176.80          -0.048085
177.00          -0.048344
177.20          -0.048609
177.40          -0.048879
177.60          -0.049154
177.80          -0.049436
178.00          -0.049725
178.20          -0.050020
178.40          -0.050322
178.60          -0.050631
178.80          -0.050949
179.00          -0.051274
179.20          -0.051608
179.40          -0.051950
179.60          -0.052302
179.80          -0.052664
180.00          -0.053037
180.20          -0.053420
180.40          -0.053815
180.60          -0.054222
180.80          -0.054643
181.00          -0.055077
181.20          -0.055525
181.40          -0.055989
181.60          -0.056470
181.80          -0.056967
182.00          -0.057484
182.20          -0.058020
182.40          -0.058577
182.60          -0.059157
182.80          -0.059761
183.00          -0.060390
183.20          -0.061048
183.40          -0.061735
183.60          -0.062454
183.80          -0.063207
184.00          -0.063998
184.20          -0.064828
184.40          -0.065702
184.60          -0.066623
184.80          -0.067596
185.00          -0.068624
185.20          -0.069713
185.40          -0.070868
185.60          -0.072096
185.80          -0.073404
186.00          -0.074800
186.20          -0.076293
186.40          -0.077893
186.60          -0.079613
186.80          -0.081465
187.00          -0.083466
187.20          -0.085632
187.40          -0.087984
187.60          -0.090547
187.80          -0.093349
188.00          -0.096421
188.20          -0.099803
188.40          -0.10354
188.60          -0.10769
188.80          -0.11231
189.00          -0.11749
189.20          -0.12332
189.40          -0.12992
189.60          -0.13744
189.80          -0.14606
190.00          -0.15600
190.20          -0.16758
190.40          -0.18115
190.60          -0.19723
190.80          -0.21645
191.00          -0.23970
191.20          -0.26815
191.40          -0.30343
191.60          -0.34780
191.80          -0.40446
192.00          -0.47794
192.20          -0.57458
192.40          -0.70306
192.60          -0.87402
192.80          -1.0968
193.00          -1.3678
193.20          -1.6449
193.40          -1.8260
193.60          -1.8023
193.80          -1.5809
194.00          -1.2788
194.20          -0.99701
194.40          -0.77265
194.60          -0.60499
194.80          -0.48198
195.00          -0.39150
195.20          -0.32418
195.40          -0.27333
195.60          -0.23433
195.80          -0.20394
196.00          -0.17992
196.20          -0.16070
196.40          -0.14512
196.60          -0.13236
196.80          -0.12181
197.00          -0.11300
197.20          -0.10560
197.40          -0.099324
197.60          -0.093975
197.80          -0.089387
198.00          -0.085432
198.20          -0.082005
198.40          -0.079023
198.60          -0.076418
198.80          -0.074136
199.00          -0.072129
199.20          -0.070360
199.40          -0.068796
199.60          -0.067413
199.80          -0.066186
200.00          -0.065096
200.20          -0.064128
200.40          -0.063268
200.60          -0.062504
200.80          -0.061825
201.00          -0.061223
201.20          -0.060691
201.40          -0.060221
201.60          -0.059808
201.80          -0.059448
202.00          -0.059137
202.20          -0.058871
202.40          -0.058648
202.60          -0.058465
202.80          -0.058322
203.00          -0.058218
203.20          -0.058152
203.40          -0.058128
203.60          -0.058146
203.80          -0.058212
204.00          -0.058332
204.20          -0.058518
204.40          -0.058785
204.60          -0.059161
204.80          -0.059688
205.00          -0.060442
205.20          -0.061562
205.40          -0.063335
205.60          -0.066443
205.80          -0.072903
206.00          -0.091501
206.20          -0.21962
206.40          -0.66490
206.60          -0.077962
206.80          -0.058722
207.00          -0.055223
207.20          -0.054324
207.40          -0.054122
207.60          -0.054154
207.80          -0.054273
208.00          -0.054425
208.20          -0.054589
208.40          -0.054756
208.60          -0.054921
208.80          -0.055083
209.00          -0.055242
209.20          -0.055398
209.40          -0.055552
209.60          -0.055703
209.80          -0.055851
210.00          -0.055998
210.20          -0.056144
210.40          -0.056289
210.60          -0.056432
210.80          -0.056575
211.00          -0.056717
211.20          -0.056859
211.40          -0.057001
211.60          -0.057143
211.80          -0.057284
212.00          -0.057425
212.20          -0.057567
212.40          -0.057708
212.60          -0.057850
212.80          -0.057992
213.00          -0.058134
213.20          -0.058276
213.40          -0.058419
213.60          -0.058562
213.80          -0.058705
214.00          -0.058848
214.20          -0.058992
214.40          -0.059136
214.60          -0.059280
214.80          -0.059425
215.00          -0.059570
215.20          -0.059715
215.40          -0.059861
215.60          -0.060007
215.80          -0.060153
216.00          -0.060300
216.20          -0.060447
216.40          -0.060594
216.60          -0.060741
216.80          -0.060889
217.00          -0.061037
217.20          -0.061186
217.40          -0.061335
217.60          -0.061484
217.80          -0.061633
218.00          -0.061783
218.20          -0.061933
218.40          -0.062083
218.60          -0.062234
218.80          -0.062385
219.00          -0.062536
219.20          -0.062687
219.40          -0.062839
219.60          -0.062991
219.80          -0.063144
220.00          -0.063296
220.20          -0.063449
220.40          -0.063602
220.60          -0.063756
220.80          -0.063910
221.00          -0.064064
221.20          -0.064218
221.40          -0.064373
221.60          -0.064528
221.80          -0.064683
222.00          -0.064839
222.20          -0.064995
222.40          -0.065151
222.60          -0.065308
222.80          -0.065465
223.00          -0.065622
223.20          -0.065780
223.40          -0.065938
223.60          -0.066096
223.80          -0.066255
224.00          -0.066414
224.20          -0.066574
224.40          -0.066734
224.60          -0.066894
224.80          -0.067055
225.00          -0.067216
