175.00          -0.096162
175.20          -0.096117
175.40          -0.096092
175.60          -0.096084
175.80          -0.096093
176.00          -0.096118
176.20          -0.096159
176.40          -0.096216
176.60          -0.096287
176.80          -0.096371
177.00          -0.096470
177.20          -0.096581
177.40          -0.096704
177.60          -0.096840
177.80          -0.096986
178.00          -0.097144
178.20          -0.097312
178.40          -0.097491
178.60          -0.097679
178.80          -0.097876
179.00          -0.098082
179.20          -0.098297
179.40          -0.098519
179.60          -0.098750
179.80          -0.098988
180.00          -0.099233
180.20          -0.099485
180.40          -0.099743
180.60          -0.10001
180.80          -0.10028
181.00          -0.10056
181.20          -0.10084
181.40          -0.10112
181.60          -0.10141
181.80          -0.10171
182.00          -0.10201
182.20          -0.10232
182.40          -0.10262
182.60          -0.10294
182.80          -0.10325
183.00          -0.10357
183.20          -0.10389
183.40          -0.10422
183.60          -0.10455
183.80          -0.10488
184.00          -0.10521
184.20          -0.10554
184.40          -0.10588
184.60          -0.10622
184.80          -0.10656
185.00          -0.10690
185.20          -0.10724
185.40          -0.10758
185.60          -0.10793
185.80          -0.10827
186.00          -0.10862
186.20          -0.10896
186.40          -0.10931
186.60          -0.10965
186.80          -0.11000
187.00          -0.11035
187.20          -0.11069
187.40          -0.11104
187.60          -0.11138
187.80          -0.11173
188.00          -0.11207
188.20          -0.11242
188.40          -0.11276
188.60          -0.11310
188.80          -0.11344
189.00          -0.11378
189.20          -0.11412
189.40          -0.11445
189.60          -0.11479
189.80          -0.11512
190.00          -0.11545
190.20          -0.11578
190.40          -0.11611
190.60          -0.11644
190.80          -0.11676
191.00          -0.11708
191.20          -0.11740
191.40          -0.11772
191.60          -0.11803
191.80          -0.11834
192.00          -0.11865
192.20          -0.11896
192.40          -0.11927
192.60          -0.11957
192.80          -0.11987
193.00          -0.12016
193.20          -0.12046
193.40          -0.12075
193.60          -0.12103
193.80          -0.12132
194.00          -0.12160
194.20          -0.12188
194.40          -0.12215
194.60          -0.12242
194.80          -0.12269
195.00          -0.12296
195.20          -0.12322
195.40          -0.12348
195.60          -0.12373
195.80          -0.12399
196.00          -0.12423
196.20          -0.12448
196.40          -0.12472
196.60          -0.12496
196.80          -0.12520
197.00          -0.12543
197.20          -0.12566
197.40          -0.12588
197.60          -0.12610
197.80          -0.12632
198.00          -0.12654
198.20          -0.12675
198.40          -0.12696
198.60          -0.12716
198.80          -0.12736
199.00          -0.12756
199.20          -0.12775
199.40          -0.12795
199.60          -0.12813
199.80          -0.12832
200.00          -0.12850
200.20          -0.12868
200.40          -0.12886
200.60          -0.12903
200.80          -0.12920
201.00          -0.12937
201.20          -0.12954
201.40          -0.12970
201.60          -0.12986
201.80          -0.13002
202.00          -0.13017
202.20          -0.13033
202.40          -0.13048
202.60          -0.13063
202.80          -0.13078
203.00          -0.13093
203.20          -0.13108
203.40          -0.13123
203.60          -0.13138
203.80          -0.13154
204.00          -0.13170
204.20          -0.13186
204.40          -0.13204
204.60          -0.13223
204.80          -0.13245
205.00          -0.13272
205.20          -0.13307
205.40          -0.13361
205.60          -0.13460
205.80          -0.13715
206.00          -0.15018
206.20          -1.4638
206.40          -0.14529
206.60          -0.13586
206.80          -0.13422
207.00          -0.13375
207.20          -0.13361
207.40          -0.13359
207.60          -0.13363
207.80          -0.13370
208.00          -0.13379
208.20          -0.13389
208.40          -0.13400
208.60          -0.13411
208.80          -0.13423
209.00          -0.13435
209.20          -0.13447
209.40          -0.13460
209.60          -0.13474
209.80          -0.13487
210.00          -0.13501
210.20          -0.13516
210.40          -0.13530
210.60          -0.13546
210.80          -0.13562
211.00          -0.13578
211.20          -0.13595
211.40          -0.13612
211.60          -0.13631
211.80          -0.13649
212.00          -0.13669
212.20          -0.13689
212.40          -0.13710
212.60          -0.13732
212.80          -0.13755
213.00          -0.13779
213.20          -0.13804
213.40          -0.13830
213.60          -0.13857
213.80          -0.13886
214.00          -0.13915
214.20          -0.13946
214.40          -0.13979
214.60          -0.14013
214.80          -0.14048
215.00          -0.14085
215.20          -0.14124
215.40          -0.14165
215.60          -0.14208
215.80          -0.14253
216.00          -0.14300
216.20          -0.14349
216.40          -0.14401
216.60          -0.14456
216.80          -0.14513
217.00          -0.14573
217.20          -0.14637
217.40          -0.14703
217.60          -0.14773
217.80          -0.14847
218.00          -0.14924
218.20          -0.15006
218.40          -0.15092
218.60          -0.15182
218.80          -0.15277
219.00          -0.15378
219.20          -0.15484
219.40          -0.15596
219.60          -0.15715
219.80          -0.15840
220.00          -0.15972
220.20          -0.16112
220.40          -0.16260
220.60          -0.16417
220.80          -0.16583
221.00          -0.16760
221.20          -0.16947
221.40          -0.17146
221.60          -0.17358
221.80          -0.17583
222.00          -0.17822
222.20          -0.18078
222.40          -0.18351
222.60          -0.18643
222.80          -0.18955
223.00          -0.19289
223.20          -0.19647
223.40          -0.20032
223.60          -0.20446
223.80          -0.20892
224.00          -0.21373
224.20          -0.21892
224.40          -0.22455
224.60          -0.23065
224.80          -0.23729
225.00          -0.24451
