175.00          -0.045531
175.20          -0.045798
175.40          -0.046070
175.60          -0.046347
175.80          -0.046627
176.00          -0.046912
176.20          -0.047202
176.40          -0.047496
176.60          -0.047796
176.80          -0.048100
177.00          -0.048409
177.20          -0.048724
177.40          -0.049044
177.60          -0.049370
177.80          -0.049701
178.00          -0.050039
178.20          -0.050382
178.40          -0.050732
178.60          -0.051088
178.80          -0.051451
179.00          -0.051821
179.20          -0.052197
179.40          -0.052581
179.60          -0.052973
179.80          -0.053372
180.00          -0.053780
180.20          -0.054195
180.40          -0.054619
180.60          -0.055052
180.80          -0.055494
181.00          -0.055946
181.20          -0.056407
181.40          -0.056878
181.60          -0.057360
181.80          -0.057853
182.00          -0.058356
182.20          -0.058871
182.40          -0.059399
182.60          -0.059938
182.80          -0.060491
183.00          -0.061057
183.20          -0.061637
183.40          -0.062231
183.60          -0.062841
183.80          -0.063465
184.00          -0.064106
184.20          -0.064764
184.40          -0.065440
184.60          -0.066133
184.80          -0.066846
185.00          -0.067578
185.20          -0.068332
185.40          -0.069106
185.60          -0.069903
185.80          -0.070724
186.00          -0.071569
186.20          -0.072439
186.40          -0.073337
186.60          -0.074262
186.80          -0.075217
187.00          -0.076202
187.20          -0.077220
187.40          -0.078271
187.60          -0.079358
187.80          -0.080482
188.00          -0.081645
188.20          -0.082850
188.40          -0.084097
188.60          -0.085390
188.80          -0.086731
189.00          -0.088123
189.20          -0.089568
189.40          -0.091070
189.60          -0.092631
189.80          -0.094255
190.00          -0.095945
190.20          -0.097707
190.40          -0.099543
190.60          -0.10146
190.80          -0.10346
191.00          -0.10555
191.20          -0.10773
191.40          -0.11002
191.60          -0.11242
191.80          -0.11493
192.00          -0.11756
192.20          -0.12033
192.40          -0.12324
192.60          -0.12630
192.80          -0.12952
193.00          -0.13292
193.20          -0.13650
193.40          -0.14029
193.60          -0.14429
193.80          -0.14853
194.00          -0.15302
194.20          -0.15779
194.40          -0.16285
194.60          -0.16823
194.80          -0.17396
195.00          -0.18008
195.20          -0.18660
195.40          -0.19357
195.60          -0.20103
195.80          -0.20902
196.00          -0.21760
196.20          -0.22681
196.40          -0.23671
196.60          -0.24737
196.80          -0.25886
197.00          -0.27125
197.20          -0.28463
197.40          -0.29908
197.60          -0.31470
197.80          -0.33159
198.00          -0.34984
198.20          -0.36956
198.40          -0.39083
198.60          -0.41374
198.80          -0.43835
199.00          -0.46468
199.20          -0.49270
199.40          -0.52233
199.60          -0.55337
199.80          -0.58551
200.00          -0.61829
200.20          -0.65105
200.40          -0.68296
200.60          -0.71298
200.80          -0.73993
201.00          -0.76251
201.20          -0.77945
201.40          -0.78962
201.60          -0.79221
201.80          -0.78680
202.00          -0.77351
202.20          -0.75294
202.40          -0.72612
202.60          -0.69436
202.80          -0.65911
203.00          -0.62179
203.20          -0.58370
203.40          -0.54594
203.60          -0.50938
203.80          -0.47466
204.00          -0.44227
204.20          -0.41251
204.40          -0.38563
204.60          -0.36183
204.80          -0.34134
205.00          -0.32453
205.20          -0.31205
205.40          -0.30513
205.60          -0.30616
205.80          -0.32006
206.00          -0.35758
206.20          -0.44288
206.40          -0.61790
206.60          -0.81811
206.80          -0.69118
207.00          -0.43955
207.20          -0.29673
207.40          -0.22429
207.60          -0.18393
207.80          -0.15883
208.00          -0.14170
208.20          -0.12913
208.40          -0.11939
208.60          -0.11152
208.80          -0.10497
209.00          -0.099392
209.20          -0.094549
209.40          -0.090291
209.60          -0.086508
209.80          -0.083119
210.00          -0.080062
210.20          -0.077291
210.40          -0.074767
210.60          -0.072461
210.80          -0.070347
211.00          -0.068404
211.20          -0.066615
211.40          -0.064964
211.60          -0.063439
211.80          -0.062027
212.00          -0.060719
212.20          -0.059506
212.40          -0.058381
212.60          -0.057335
212.80          -0.056363
213.00          -0.055460
213.20          -0.054620
213.40          -0.053838
213.60          -0.053111
213.80          -0.052435
214.00          -0.051805
214.20          -0.051220
214.40          -0.050676
214.60          -0.050170
214.80          -0.049700
215.00          -0.049265
215.20          -0.048860
215.40          -0.048486
215.60          -0.048140
215.80          -0.047820
216.00          -0.047525
216.20          -0.047254
216.40          -0.047005
216.60          -0.046777
216.80          -0.046569
217.00          -0.046380
217.20          -0.046209
217.40          -0.046055
217.60          -0.045917
217.80          -0.045795
218.00          -0.045687
218.20          -0.045594
218.40          -0.045514
218.60          -0.045447
218.80          -0.045392
219.00          -0.045350
219.20          -0.045318
219.40          -0.045298
219.60          -0.045289
219.80          -0.045289
220.00          -0.045300
220.20          -0.045320
220.40          -0.045350
220.60          -0.045389
220.80          -0.045436
221.00          -0.045493
221.20          -0.045558
221.40          -0.045631
221.60          -0.045713
221.80          -0.045803
222.00          -0.045902
222.20          -0.046009
222.40          -0.046124
222.60          -0.046248
222.80          -0.046380
223.00          -0.046521
223.20          -0.046672
223.40          -0.046831
223.60          -0.047001
223.80          -0.047182
224.00          -0.047373
224.20          -0.047578
224.40          -0.047796
224.60          -0.048029
224.80          -0.048279
225.00          -0.048550
