175.00          -0.079819
175.20          -0.078231
175.40          -0.076702
175.60          -0.075230
175.80          -0.073813
176.00          -0.072447
176.20          -0.071131
176.40          -0.069863
176.60          -0.068641
176.80          -0.067463
177.00          -0.066327
177.20          -0.065231
177.40          -0.064175
177.60          -0.063155
177.80          -0.062172
178.00          -0.061222
178.20          -0.060306
178.40          -0.059422
178.60          -0.058568
178.80          -0.057743
179.00          -0.056947
179.20          -0.056178
179.40          -0.055435
179.60          -0.054717
179.80          -0.054023
180.00          -0.053353
180.20          -0.052705
180.40          -0.052079
180.60          -0.051474
180.80          -0.050889
181.00          -0.050324
181.20          -0.049777
181.40          -0.049249
181.60          -0.048738
181.80          -0.048244
182.00          -0.047766
182.20          -0.047304
182.40          -0.046857
182.60          -0.046425
182.80          -0.046007
183.00          -0.045603
183.20          -0.045212
183.40          -0.044835
183.60          -0.044469
183.80          -0.044116
184.00          -0.043775
184.20          -0.043445
184.40          -0.043125
184.60          -0.042817
184.80          -0.042519
185.00          -0.042231
185.20          -0.041953
185.40          -0.041684
185.60          -0.041424
185.80          -0.041173
186.00          -0.040931
186.20          -0.040698
186.40          -0.040472
186.60          -0.040255
186.80          -0.040045
187.00          -0.039842
187.20          -0.039647
187.40          -0.039460
187.60          -0.039279
187.80          -0.039104
188.00          -0.038937
188.20          -0.038776
188.40          -0.038621
188.60          -0.038472
188.80          -0.038329
189.00          -0.038192
189.20          -0.038060
189.40          -0.037934
189.60          -0.037814
189.80          -0.037699
190.00          -0.037589
190.20          -0.037484
190.40          -0.037384
190.60          -0.037288
190.80          -0.037198
191.00          -0.037112
191.20          -0.037031
191.40          -0.036954
191.60          -0.036882
191.80          -0.036813
192.00          -0.036750
192.20          -0.036690
192.40          -0.036634
192.60          -0.036582
192.80          -0.036535
193.00          -0.036491
193.20          -0.036451
193.40          -0.036415
193.60          -0.036382
193.80          -0.036353
194.00          -0.036328
194.20          -0.036307
194.40          -0.036289
194.60          -0.036274
194.80          -0.036263
195.00          -0.036256
195.20          -0.036252
195.40          -0.036252
195.60          -0.036255
195.80          -0.036261
196.00          -0.036271
196.20          -0.036285
196.40          -0.036302
196.60          -0.036322
196.80          -0.036346
197.00          -0.036374
197.20          -0.036405
197.40          -0.036439
197.60          -0.036478
197.80          -0.036520
198.00          -0.036566
198.20          -0.036616
198.40          -0.036670
198.60          -0.036729
198.80          -0.036792
199.00          -0.036859
199.20          -0.036931
199.40          -0.037008
199.60          -0.037090
199.80          -0.037177
200.00          -0.037270
200.20          -0.037370
200.40          -0.037476
200.60          -0.037590
200.80          -0.037711
201.00          -0.037841
201.20          -0.037980
201.40          -0.038130
201.60          -0.038291
201.80          -0.038466
202.00          -0.038655
202.20          -0.038862
202.40          -0.039088
202.60          -0.039337
202.80          -0.039614
203.00          -0.039924
203.20          -0.040274
203.40          -0.040674
203.60          -0.041136
203.80          -0.041679
204.00          -0.042326
204.20          -0.043117
204.40          -0.044107
204.60          -0.045388
204.80          -0.047112
205.00          -0.049561
205.20          -0.053298
205.40          -0.059616
205.60          -0.072151
205.80          -0.10520
206.00          -0.27516
206.20          -7.3880
206.40          -0.12871
206.60          -0.052078
206.80          -0.039546
207.00          -0.036145
207.20          -0.035099
207.40          -0.034846
207.60          -0.034900
207.80          -0.035082
208.00          -0.035317
208.20          -0.035571
208.40          -0.035829
208.60          -0.036084
208.80          -0.036333
209.00          -0.036574
209.20          -0.036809
209.40          -0.037037
209.60          -0.037259
209.80          -0.037475
210.00          -0.037686
210.20          -0.037892
210.40          -0.038095
210.60          -0.038295
210.80          -0.038492
211.00          -0.038687
211.20          -0.038880
211.40          -0.039071
211.60          -0.039261
211.80          -0.039450
212.00          -0.039639
212.20          -0.039827
212.40          -0.040016
212.60          -0.040204
212.80          -0.040392
213.00          -0.040581
213.20          -0.040771
213.40          -0.040961
213.60          -0.041152
213.80          -0.041344
214.00          -0.041537
214.20          -0.041732
214.40          -0.041927
214.60          -0.042125
214.80          -0.042324
215.00          -0.042524
215.20          -0.042727
215.40          -0.042931
215.60          -0.043137
215.80          -0.043346
216.00          -0.043556
216.20          -0.043769
216.40          -0.043984
216.60          -0.044202
216.80          -0.044422
217.00          -0.044645
217.20          -0.044871
217.40          -0.045100
217.60          -0.045332
217.80          -0.045567
218.00          -0.045805
218.20          -0.046046
218.40          -0.046291
218.60          -0.046540
218.80          -0.046792
219.00          -0.047048
219.20          -0.047308
219.40          -0.047573
219.60          -0.047842
219.80          -0.048115
220.00          -0.048393
220.20          -0.048676
220.40          -0.048963
220.60          -0.049257
220.80          -0.049556
221.00          -0.049860
221.20          -0.050171
221.40          -0.050488
221.60          -0.050812
221.80          -0.051142
222.00          -0.051481
222.20          -0.051827
222.40          -0.052181
222.60          -0.052544
222.80          -0.052917
223.00          -0.053299
223.20          -0.053693
223.40          -0.054098
223.60          -0.054515
223.80          -0.054946
224.00          -0.055393
224.20          -0.055856
224.40          -0.056337
224.60          -0.056839
224.80          -0.057365
225.00          -0.057919
