175.00          -0.011341
175.20          -0.011347
175.40          -0.011353
175.60          -0.011359
175.80          -0.011365
176.00          -0.011371
176.20          -0.011377
176.40          -0.011384
176.60          -0.011390
176.80          -0.011396
177.00          -0.011402
177.20          -0.011408
177.40          -0.011414
177.60          -0.011420
177.80          -0.011427
178.00          -0.011433
178.20          -0.011439
178.40          -0.011445
178.60          -0.011452
178.80          -0.011458
179.00          -0.011464
179.20          -0.011471
179.40          -0.011477
179.60          -0.011483
179.80          -0.011490
180.00          -0.011496
180.20          -0.011503
180.40          -0.011509
180.60          -0.011515
180.80          -0.011522
181.00          -0.011528
181.20          -0.011535
181.40          -0.011542
181.60          -0.011548
181.80          -0.011555
182.00          -0.011561
182.20          -0.011568
182.40          -0.011575
182.60          -0.011581
182.80          -0.011588
183.00          -0.011595
183.20          -0.011601
183.40          -0.011608
183.60          -0.011615
183.80          -0.011622
184.00          -0.011629
184.20          -0.011635
184.40          -0.011642
184.60          -0.011649
184.80          -0.011656
185.00          -0.011663
185.20          -0.011670
185.40          -0.011677
185.60          -0.011684
185.80          -0.011691
186.00          -0.011698
186.20          -0.011705
186.40          -0.011713
186.60          -0.011720
186.80          -0.011727
187.00          -0.011734
187.20          -0.011741
187.40          -0.011749
187.60          -0.011756
187.80          -0.011763
188.00          -0.011771
188.20          -0.011778
188.40          -0.011786
188.60          -0.011793
188.80          -0.011801
189.00          -0.011808
189.20          -0.011816
189.40          -0.011823
189.60          -0.011831
189.80          -0.011839
190.00          -0.011847
190.20          -0.011854
190.40          -0.011862
190.60          -0.011870
190.80          -0.011878
191.00          -0.011886
191.20          -0.011894
191.40          -0.011902
191.60          -0.011910
191.80          -0.011918
192.00          -0.011926
192.20          -0.011935
192.40          -0.011943
192.60          -0.011951
192.80          -0.011960
193.00          -0.011968
193.20          -0.011977
193.40          -0.011985
193.60          -0.011994
193.80          -0.012002
194.00          -0.012011
194.20          -0.012020
194.40          -0.012029
194.60          -0.012038
194.80          -0.012047
195.00          -0.012056
195.20          -0.012065
195.40          -0.012074
195.60          -0.012083
195.80          -0.012093
196.00          -0.012102
196.20          -0.012111
196.40          -0.012121
196.60          -0.012131
196.80          -0.012140
197.00          -0.012150
197.20          -0.012160
197.40          -0.012170
197.60          -0.012180
197.80          -0.012190
198.00          -0.012201
198.20          -0.012211
198.40          -0.012222
198.60          -0.012232
198.80          -0.012243
199.00          -0.012254
199.20          -0.012265
199.40          -0.012276
199.60          -0.012287
199.80          -0.012298
200.00          -0.012310
200.20          -0.012322
200.40          -0.012333
200.60          -0.012345
200.80          -0.012357
201.00          -0.012370
201.20          -0.012382
201.40          -0.012395
201.60          -0.012408
201.80          -0.012421
202.00          -0.012434
202.20          -0.012447
202.40          -0.012461
202.60          -0.012475
202.80          -0.012489
203.00          -0.012503
203.20          -0.012518
203.40          -0.012533
203.60          -0.012548
203.80          -0.012564
204.00          -0.012580
204.20          -0.012596
204.40          -0.012613
204.60          -0.012631
204.80          -0.012649
205.00          -0.012668
205.20          -0.012688
205.40          -0.012711
205.60          -0.012738
205.80          -0.012777
206.00          -0.012876
206.20          -0.017771
206.40          -0.012842
206.60          -0.012805
206.80          -0.012821
207.00          -0.012843
207.20          -0.012866
207.40          -0.012889
207.60          -0.012914
207.80          -0.012939
208.00          -0.012965
208.20          -0.012991
208.40          -0.013018
208.60          -0.013047
208.80          -0.013076
209.00          -0.013106
209.20          -0.013137
209.40          -0.013170
209.60          -0.013203
209.80          -0.013238
210.00          -0.013275
210.20          -0.013313
210.40          -0.013353
210.60          -0.013394
210.80          -0.013438
211.00          -0.013484
211.20          -0.013532
211.40          -0.013583
211.60          -0.013636
211.80          -0.013692
212.00          -0.013752
212.20          -0.013815
212.40          -0.013883
212.60          -0.013954
212.80          -0.014031
213.00          -0.014113
213.20          -0.014200
213.40          -0.014295
213.60          -0.014397
213.80          -0.014507
214.00          -0.014626
214.20          -0.014756
214.40          -0.014898
214.60          -0.015054
214.80          -0.015226
215.00          -0.015416
215.20          -0.015628
215.40          -0.015864
215.60          -0.016129
215.80          -0.016429
216.00          -0.016770
216.20          -0.017161
216.40          -0.017613
216.60          -0.018140
216.80          -0.018760
217.00          -0.019499
217.20          -0.020391
217.40          -0.021483
217.60          -0.022841
217.80          -0.024566
218.00          -0.026807
218.20          -0.029802
218.40          -0.033944
218.60          -0.039925
218.80          -0.049058
219.00          -0.064089
219.20          -0.091614
219.40          -0.15096
219.60          -0.32078
219.80          -1.2175
220.00          -10.453
220.20          -0.77371
220.40          -0.23199
220.60          -0.11185
220.80          -0.067817
221.00          -0.047154
221.20          -0.035919
221.40          -0.029183
221.60          -0.024852
221.80          -0.021919
222.00          -0.019850
222.20          -0.018344
222.40          -0.017217
222.60          -0.016357
222.80          -0.015687
223.00          -0.015158
223.20          -0.014734
223.40          -0.014391
223.60          -0.014111
223.80          -0.013880
224.00          -0.013688
224.20          -0.013527
224.40          -0.013392
224.60          -0.013279
224.80          -0.013182
225.00          -0.013100
