175.00          -0.25184
175.20          -0.26044
175.40          -0.26913
175.60          -0.27784
175.80          -0.28652
176.00          -0.29508
176.20          -0.30343
176.40          -0.31149
176.60          -0.31913
176.80          -0.32625
177.00          -0.33274
177.20          -0.33848
177.40          -0.34337
177.60          -0.34729
177.80          -0.35016
178.00          -0.35191
178.20          -0.35248
178.40          -0.35185
178.60          -0.35002
178.80          -0.34700
179.00          -0.34285
179.20          -0.33764
179.40          -0.33145
179.60          -0.32439
179.80          -0.31659
180.00          -0.30815
180.20          -0.29921
180.40          -0.28988
180.60          -0.28028
180.80          -0.27051
181.00          -0.26068
181.20          -0.25087
181.40          -0.24116
181.60          -0.23160
181.80          -0.22225
182.00          -0.21315
182.20          -0.20433
182.40          -0.19581
182.60          -0.18762
182.80          -0.17975
183.00          -0.17223
183.20          -0.16503
183.40          -0.15818
183.60          -0.15165
183.80          -0.14544
184.00          -0.13954
184.20          -0.13394
184.40          -0.12862
184.60          -0.12358
184.80          -0.11881
185.00          -0.11428
185.20          -0.10999
185.40          -0.10593
185.60          -0.10208
185.80          -0.098432
186.00          -0.094976
186.20          -0.091701
186.40          -0.088596
186.60          -0.085653
186.80          -0.082861
187.00          -0.080213
187.20          -0.077699
187.40          -0.075313
187.60          -0.073047
187.80          -0.070894
188.00          -0.068848
188.20          -0.066903
188.40          -0.065053
188.60          -0.063292
188.80          -0.061616
189.00          -0.060020
189.20          -0.058500
189.40          -0.057051
189.60          -0.055670
189.80          -0.054352
190.00          -0.053095
190.20          -0.051895
190.40          -0.050749
190.60          -0.049655
190.80          -0.048609
191.00          -0.047609
191.20          -0.046653
191.40          -0.045738
191.60          -0.044863
191.80          -0.044025
192.00          -0.043223
192.20          -0.042455
192.40          -0.041718
192.60          -0.041013
192.80          -0.040336
193.00          -0.039687
193.20          -0.039065
193.40          -0.038468
193.60          -0.037895
193.80          -0.037344
194.00          -0.036816
194.20          -0.036309
194.40          -0.035821
194.60          -0.035353
194.80          -0.034902
195.00          -0.034470
195.20          -0.034053
195.40          -0.033653
195.60          -0.033268
195.80          -0.032898
196.00          -0.032542
196.20          -0.032199
196.40          -0.031869
196.60          -0.031552
196.80          -0.031246
197.00          -0.030952
197.20          -0.030669
197.40          -0.030396
197.60          -0.030134
197.80          -0.029881
198.00          -0.029637
198.20          -0.029403
198.40          -0.029177
198.60          -0.028959
198.80          -0.028749
199.00          -0.028548
199.20          -0.028353
199.40          -0.028166
199.60          -0.027986
199.80          -0.027812
200.00          -0.027645
200.20          -0.027484
200.40          -0.027329
200.60          -0.027180
200.80          -0.027037
201.00          -0.026899
201.20          -0.026766
201.40          -0.026638
201.60          -0.026516
201.80          -0.026398
202.00          -0.026285
202.20          -0.026176
202.40          -0.026072
202.60          -0.025972
202.80          -0.025876
203.00          -0.025784
203.20          -0.025697
203.40          -0.025613
203.60          -0.025533
203.80          -0.025458
204.00          -0.025387
204.20          -0.025320
204.40          -0.025257
204.60          -0.025200
204.80          -0.025149
205.00          -0.025106
205.20          -0.025075
205.40          -0.025063
205.60          -0.025092
205.80          -0.025236
206.00          -0.025966
206.20          -0.071429
206.40          -0.025340
206.60          -0.024619
206.80          -0.024511
207.00          -0.024465
207.20          -0.024432
207.40          -0.024403
207.60          -0.024377
207.80          -0.024353
208.00          -0.024329
208.20          -0.024307
208.40          -0.024287
208.60          -0.024268
208.80          -0.024250
209.00          -0.024234
209.20          -0.024219
209.40          -0.024205
209.60          -0.024193
209.80          -0.024182
210.00          -0.024172
210.20          -0.024164
210.40          -0.024157
210.60          -0.024152
210.80          -0.024148
211.00          -0.024144
211.20          -0.024143
211.40          -0.024142
211.60          -0.024142
211.80          -0.024144
212.00          -0.024147
212.20          -0.024151
212.40          -0.024156
212.60          -0.024162
212.80          -0.024169
213.00          -0.024177
213.20          -0.024186
213.40          -0.024196
213.60          -0.024207
213.80          -0.024219
214.00          -0.024232
214.20          -0.024245
214.40          -0.024260
214.60          -0.024276
214.80          -0.024292
215.00          -0.024310
215.20          -0.024328
215.40          -0.024347
215.60          -0.024366
215.80          -0.024387
216.00          -0.024408
216.20          -0.024431
216.40          -0.024454
216.60          -0.024477
216.80          -0.024502
217.00          -0.024527
217.20          -0.024553
217.40          -0.024579
217.60          -0.024607
217.80          -0.024635
218.00          -0.024663
218.20          -0.024693
218.40          -0.024723
218.60          -0.024753
218.80          -0.024785
219.00          -0.024817
219.20          -0.024850
219.40          -0.024883
219.60          -0.024917
219.80          -0.024952
220.00          -0.024987
220.20          -0.025023
220.40          -0.025059
220.60          -0.025097
220.80          -0.025135
221.00          -0.025173
221.20          -0.025212
221.40          -0.025252
221.60          -0.025292
221.80          -0.025334
222.00          -0.025375
222.20          -0.025418
222.40          -0.025461
222.60          -0.025505
222.80          -0.025549
223.00          -0.025594
223.20          -0.025640
223.40          -0.025687
223.60          -0.025734
223.80          -0.025782
224.00          -0.025831
224.20          -0.025880
224.40          -0.025931
224.60          -0.025982
224.80          -0.026034
225.00          -0.026087
