175.00          -0.033950
175.20          -0.033929
175.40          -0.033911
175.60          -0.033897
175.80          -0.033886
176.00          -0.033878
176.20          -0.033873
176.40          -0.033871
176.60          -0.033872
176.80          -0.033876
177.00          -0.033884
177.20          -0.033894
177.40          -0.033907
177.60          -0.033923
177.80          -0.033942
178.00          -0.033964
178.20          -0.033988
178.40          -0.034016
178.60          -0.034046
178.80          -0.034079
179.00          -0.034115
179.20          -0.034154
179.40          -0.034195
179.60          -0.034239
179.80          -0.034286
180.00          -0.034336
180.20          -0.034388
180.40          -0.034443
180.60          -0.034501
180.80          -0.034561
181.00          -0.034624
181.20          -0.034690
181.40          -0.034758
181.60          -0.034829
181.80          -0.034903
182.00          -0.034980
182.20          -0.035059
182.40          -0.035140
182.60          -0.035225
182.80          -0.035312
183.00          -0.035401
183.20          -0.035494
183.40          -0.035589
183.60          -0.035686
183.80          -0.035787
184.00          -0.035890
184.20          -0.035995
184.40          -0.036104
184.60          -0.036215
184.80          -0.036328
185.00          -0.036445
185.20          -0.036564
185.40          -0.036686
185.60          -0.036810
185.80          -0.036938
186.00          -0.037068
186.20          -0.037201
186.40          -0.037336
186.60          -0.037474
186.80          -0.037616
187.00          -0.037760
187.20          -0.037906
187.40          -0.038056
187.60          -0.038209
187.80          -0.038364
188.00          -0.038522
188.20          -0.038683
188.40          -0.038847
188.60          -0.039015
188.80          -0.039185
189.00          -0.039358
189.20          -0.039534
189.40          -0.039713
189.60          -0.039895
189.80          -0.040080
190.00          -0.040268
190.20          -0.040460
190.40          -0.040654
190.60          -0.040852
190.80          -0.041053
191.00          -0.041257
191.20          -0.041465
191.40          -0.041675
191.60          -0.041890
191.80          -0.042107
192.00          -0.042328
192.20          -0.042552
192.40          -0.042780
192.60          -0.043011
192.80          -0.043245
193.00          -0.043483
193.20          -0.043725
193.40          -0.043971
193.60          -0.044220
193.80          -0.044472
194.00          -0.044729
194.20          -0.044989
194.40          -0.045253
194.60          -0.045521
194.80          -0.045792
195.00          -0.046068
195.20          -0.046348
195.40          -0.046631
195.60          -0.046919
195.80          -0.047211
196.00          -0.047507
196.20          -0.047807
196.40          -0.048111
196.60          -0.048420
196.80          -0.048733
197.00          -0.049050
197.20          -0.049372
197.40          -0.049698
197.60          -0.050029
197.80          -0.050365
198.00          -0.050705
198.20          -0.051050
198.40          -0.051399
198.60          -0.051754
198.80          -0.052113
199.00          -0.052477
199.20          -0.052847
199.40          -0.053221
199.60          -0.053601
199.80          -0.053985
200.00          -0.054375
200.20          -0.054771
200.40          -0.055172
200.60          -0.055578
200.80          -0.055990
201.00          -0.056407
201.20          -0.056831
201.40          -0.057260
201.60          -0.057694
201.80          -0.058135
202.00          -0.058582
202.20          -0.059035
202.40          -0.059495
202.60          -0.059960
202.80          -0.060432
203.00          -0.060911
203.20          -0.061396
203.40          -0.061888
203.60          -0.062387
203.80          -0.062892
204.00          -0.063405
204.20          -0.063926
204.40          -0.064453
204.60          -0.064989
204.80          -0.065533
205.00          -0.066086
205.20          -0.066648
205.40          -0.067223
205.60          -0.067816
205.80          -0.068447
206.00          -0.069248
206.20          -0.083265
206.40          -0.070356
206.60          -0.070753
206.80          -0.071348
207.00          -0.071973
207.20          -0.072612
207.40          -0.073260
207.60          -0.073919
207.80          -0.074588
208.00          -0.075266
208.20          -0.075954
208.40          -0.076652
208.60          -0.077361
208.80          -0.078080
209.00          -0.078810
209.20          -0.079551
209.40          -0.080303
209.60          -0.081067
209.80          -0.081843
210.00          -0.082631
210.20          -0.083432
210.40          -0.084245
210.60          -0.085071
210.80          -0.085911
211.00          -0.086764
211.20          -0.087632
211.40          -0.088514
211.60          -0.089411
211.80          -0.090324
212.00          -0.091252
212.20          -0.092197
212.40          -0.093158
212.60          -0.094137
212.80          -0.095134
213.00          -0.096150
213.20          -0.097185
213.40          -0.098239
213.60          -0.099314
213.80          -0.10041
214.00          -0.10153
214.20          -0.10267
214.40          -0.10384
214.60          -0.10503
214.80          -0.10624
215.00          -0.10748
215.20          -0.10875
215.40          -0.11005
215.60          -0.11138
215.80          -0.11275
216.00          -0.11414
216.20          -0.11557
216.40          -0.11704
216.60          -0.11854
216.80          -0.12009
217.00          -0.12167
217.20          -0.12330
217.40          -0.12498
217.60          -0.12671
217.80          -0.12849
218.00          -0.13032
218.20          -0.13222
218.40          -0.13417
218.60          -0.13619
218.80          -0.13828
219.00          -0.14044
219.20          -0.14268
219.40          -0.14500
219.60          -0.14741
219.80          -0.14992
220.00          -0.15253
220.20          -0.15524
220.40          -0.15808
220.60          -0.16103
220.80          -0.16413
221.00          -0.16736
221.20          -0.17076
221.40          -0.17432
221.60          -0.17807
221.80          -0.18202
222.00          -0.18618
222.20          -0.19058
222.40          -0.19523
222.60          -0.20017
222.80          -0.20542
223.00          -0.21102
223.20          -0.21698
223.40          -0.22337
223.60          -0.23022
223.80          -0.23758
224.00          -0.24552
224.20          -0.25411
224.40          -0.26343
224.60          -0.27357
224.80          -0.28464
225.00          -0.29678
