175.00          -0.066381
175.20          -0.066906
175.40          -0.067439
175.60          -0.067981
175.80          -0.068531
176.00          -0.069091
176.20          -0.069660
176.40          -0.070238
176.60          -0.070827
176.80          -0.071426
177.00          -0.072037
177.20          -0.072659
177.40          -0.073293
177.60          -0.073941
177.80          -0.074603
178.00          -0.075281
178.20          -0.075977
178.40          -0.076692
178.60          -0.077430
178.80          -0.078194
179.00          -0.078990
179.20          -0.079825
179.40          -0.080708
179.60          -0.081656
179.80          -0.082693
180.00          -0.083858
180.20          -0.085219
180.40          -0.086907
180.60          -0.089201
180.80          -0.092804
181.00          -0.10001
181.20          -0.12297
181.40          -0.45540
181.60          -0.18369
181.80          -0.095489
182.00          -0.088756
182.20          -0.087923
182.40          -0.088282
182.60          -0.088992
182.80          -0.089825
183.00          -0.090709
183.20          -0.091614
183.40          -0.092530
183.60          -0.093453
183.80          -0.094380
184.00          -0.095312
184.20          -0.096248
184.40          -0.097190
184.60          -0.098137
184.80          -0.099090
185.00          -0.10005
185.20          -0.10102
185.40          -0.10199
185.60          -0.10297
185.80          -0.10396
186.00          -0.10496
186.20          -0.10596
186.40          -0.10698
186.60          -0.10800
186.80          -0.10903
187.00          -0.11007
187.20          -0.11112
187.40          -0.11218
187.60          -0.11325
187.80          -0.11432
188.00          -0.11541
188.20          -0.11650
188.40          -0.11761
188.60          -0.11872
188.80          -0.11985
189.00          -0.12098
189.20          -0.12213
189.40          -0.12328
189.60          -0.12444
189.80          -0.12561
190.00          -0.12679
190.20          -0.12798
190.40          -0.12918
190.60          -0.13039
190.80          -0.13160
191.00          -0.13283
191.20          -0.13406
191.40          -0.13530
191.60          -0.13655
191.80          -0.13781
192.00          -0.13908
192.20          -0.14036
192.40          -0.14164
192.60          -0.14293
192.80          -0.14423
193.00          -0.14554
193.20          -0.14685
193.40          -0.14817
193.60          -0.14950
193.80          -0.15083
194.00          -0.15217
194.20          -0.15352
194.40          -0.15487
194.60          -0.15623
194.80          -0.15760
195.00          -0.15897
195.20          -0.16034
195.40          -0.16172
195.60          -0.16310
195.80          -0.16449
196.00          -0.16589
196.20          -0.16728
196.40          -0.16869
196.60          -0.17009
196.80          -0.17150
197.00          -0.17291
197.20          -0.17433
197.40          -0.17575
197.60          -0.17717
197.80          -0.17860
198.00          -0.18002
198.20          -0.18146
198.40          -0.18289
198.60          -0.18433
198.80          -0.18577
199.00          -0.18721
199.20          -0.18866
199.40          -0.19011
199.60          -0.19156
199.80          -0.19302
200.00          -0.19449
200.20          -0.19595
200.40          -0.19743
200.60          -0.19890
200.80          -0.20039
201.00          -0.20188
201.20          -0.20338
201.40          -0.20488
201.60          -0.20640
201.80          -0.20792
202.00          -0.20945
202.20          -0.21100
202.40          -0.21255
202.60          -0.21411
202.80          -0.21569
203.00          -0.21727
203.20          -0.21886
203.40          -0.22046
203.60          -0.22206
203.80          -0.22367
204.00          -0.22527
204.20          -0.22686
204.40          -0.22843
204.60          -0.22999
204.80          -0.23155
205.00          -0.23325
205.20          -0.23554
205.40          -0.24050
205.60          -0.26163
205.80          -0.54403
206.00          -2.3417
206.20          -0.40509
206.40          -0.32666
206.60          -0.30625
206.80          -0.29911
207.00          -0.29702
207.20          -0.29743
207.40          -0.29934
207.60          -0.30228
207.80          -0.30600
208.00          -0.31040
208.20          -0.31539
208.40          -0.32094
208.60          -0.32705
208.80          -0.33371
209.00          -0.34094
209.20          -0.34873
209.40          -0.35710
209.60          -0.36605
209.80          -0.37558
210.00          -0.38568
210.20          -0.39631
210.40          -0.40742
210.60          -0.41890
210.80          -0.43063
211.00          -0.44242
211.20          -0.45401
211.40          -0.46510
211.60          -0.47529
211.80          -0.48413
212.00          -0.49111
212.20          -0.49570
212.40          -0.49740
212.60          -0.49577
212.80          -0.49052
213.00          -0.48152
213.20          -0.46889
213.40          -0.45294
213.60          -0.43419
213.80          -0.41327
214.00          -0.39090
214.20          -0.36778
214.40          -0.34456
214.60          -0.32176
214.80          -0.29981
215.00          -0.27900
215.20          -0.25953
215.40          -0.24149
215.60          -0.22490
215.80          -0.20975
216.00          -0.19595
216.20          -0.18344
216.40          -0.17212
216.60          -0.16187
216.80          -0.15261
217.00          -0.14423
217.20          -0.13665
217.40          -0.12978
217.60          -0.12354
217.80          -0.11787
218.00          -0.11270
218.20          -0.10798
218.40          -0.10366
218.60          -0.099693
218.80          -0.096046
219.00          -0.092682
219.20          -0.089572
219.40          -0.086689
219.60          -0.084011
219.80          -0.081515
220.00          -0.079184
220.20          -0.077002
220.40          -0.074954
220.60          -0.073029
220.80          -0.071214
221.00          -0.069499
221.20          -0.067876
221.40          -0.066337
221.60          -0.064875
221.80          -0.063484
222.00          -0.062157
222.20          -0.060890
222.40          -0.059679
222.60          -0.058519
222.80          -0.057407
223.00          -0.056339
223.20          -0.055313
223.40          -0.054326
223.60          -0.053376
223.80          -0.052461
224.00          -0.051578
224.20          -0.050726
224.40          -0.049903
224.60          -0.049109
224.80          -0.048341
225.00          -0.047598
