175.00          -0.032955
175.20          -0.033051
175.40          -0.033147
175.60          -0.033245
175.80          -0.033344
176.00          -0.033443
176.20          -0.033543
176.40          -0.033645
176.60          -0.033747
176.80          -0.033850
177.00          -0.033955
177.20          -0.034060
177.40          -0.034166
177.60          -0.034274
177.80          -0.034383
178.00          -0.034492
178.20          -0.034604
178.40          -0.034716
178.60          -0.034830
178.80          -0.034944
179.00          -0.035061
179.20          -0.035179
179.40          -0.035298
179.60          -0.035419
179.80          -0.035541
180.00          -0.035665
180.20          -0.035790
180.40          -0.035918
180.60          -0.036047
180.80          -0.036178
181.00          -0.036310
181.20          -0.036445
181.40          -0.036582
181.60          -0.036721
181.80          -0.036863
182.00          -0.037006
182.20          -0.037152
182.40          -0.037301
182.60          -0.037452
182.80          -0.037606
183.00          -0.037762
183.20          -0.037922
183.40          -0.038085
183.60          -0.038251
183.80          -0.038420
184.00          -0.038593
184.20          -0.038770
184.40          -0.038950
184.60          -0.039135
184.80          -0.039324
185.00          -0.039517
185.20          -0.039715
185.40          -0.039919
185.60          -0.040127
185.80          -0.040341
186.00          -0.040561
186.20          -0.040787
186.40          -0.041020
186.60          -0.041260
186.80          -0.041507
187.00          -0.041762
187.20          -0.042025
187.40          -0.042297
187.60          -0.042579
187.80          -0.042871
188.00          -0.043174
188.20          -0.043489
188.40          -0.043816
188.60          -0.044157
188.80          -0.044513
189.00          -0.044884
189.20          -0.045272
189.40          -0.045679
189.60          -0.046106
189.80          -0.046555
190.00          -0.047028
190.20          -0.047528
190.40          -0.048057
190.60          -0.048617
190.80          -0.049213
191.00          -0.049848
191.20          -0.050528
191.40          -0.051256
191.60          -0.052040
191.80          -0.052887
192.00          -0.053805
192.20          -0.054805
192.40          -0.055899
192.60          -0.057102
192.80          -0.058433
193.00          -0.059915
193.20          -0.061576
193.40          -0.063455
193.60          -0.065599
193.80          -0.068071
194.00          -0.070957
194.20          -0.074375
194.40          -0.078493
194.60          -0.083555
194.80          -0.089935
195.00          -0.098227
195.20          -0.10943
195.40          -0.12536
195.60          -0.14964
195.80          -0.19040
196.00          -0.26985
196.20          -0.46916
196.40          -1.3105
196.60          -12.990
196.80          -0.95669
197.00          -0.23749
197.20          -0.11162
197.40          -0.075223
197.60          -0.063183
197.80          -0.060250
198.00          -0.061653
198.20          -0.065706
198.40          -0.071882
198.60          -0.080229
198.80          -0.091206
199.00          -0.10572
199.20          -0.12532
199.40          -0.15263
199.60          -0.19226
199.80          -0.25272
200.00          -0.35072
200.20          -0.52098
200.40          -0.83556
200.60          -1.3974
200.80          -1.9893
201.00          -1.7327
201.20          -1.0656
201.40          -0.63690
201.60          -0.40912
201.80          -0.28395
202.00          -0.21029
202.20          -0.16406
202.40          -0.13345
202.60          -0.11228
202.80          -0.097104
203.00          -0.085907
203.20          -0.077440
203.40          -0.070907
203.60          -0.065777
203.80          -0.061691
204.00          -0.058393
204.20          -0.055704
204.40          -0.053491
204.60          -0.051654
204.80          -0.050119
205.00          -0.048830
205.20          -0.047740
205.40          -0.046816
205.60          -0.046030
205.80          -0.045359
206.00          -0.044786
206.20          -0.044295
206.40          -0.043875
206.60          -0.043516
206.80          -0.043209
207.00          -0.042947
207.20          -0.042725
207.40          -0.042538
207.60          -0.042381
207.80          -0.042250
208.00          -0.042144
208.20          -0.042058
208.40          -0.041991
208.60          -0.041940
208.80          -0.041904
209.00          -0.041882
209.20          -0.041872
209.40          -0.041872
209.60          -0.041882
209.80          -0.041901
210.00          -0.041928
210.20          -0.041962
210.40          -0.042003
210.60          -0.042050
210.80          -0.042102
211.00          -0.042160
211.20          -0.042222
211.40          -0.042289
211.60          -0.042359
211.80          -0.042433
212.00          -0.042511
212.20          -0.042592
212.40          -0.042676
212.60          -0.042762
212.80          -0.042851
213.00          -0.042943
213.20          -0.043037
213.40          -0.043132
213.60          -0.043230
213.80          -0.043330
214.00          -0.043432
214.20          -0.043535
214.40          -0.043641
214.60          -0.043747
214.80          -0.043855
215.00          -0.043965
215.20          -0.044076
215.40          -0.044189
215.60          -0.044303
215.80          -0.044418
216.00          -0.044535
216.20          -0.044652
216.40          -0.044772
216.60          -0.044892
216.80          -0.045014
217.00          -0.045137
217.20          -0.045261
217.40          -0.045387
217.60          -0.045514
217.80          -0.045643
218.00          -0.045773
218.20          -0.045904
218.40          -0.046038
218.60          -0.046173
218.80          -0.046311
219.00          -0.046451
219.20          -0.046596
219.40          -0.046748
219.60          -0.046922
219.80          -0.047260
220.00          -0.047637
220.20          -0.047284
220.40          -0.047428
220.60          -0.047583
220.80          -0.047741
221.00          -0.047901
221.20          -0.048065
221.40          -0.048232
221.60          -0.048403
221.80          -0.048578
222.00          -0.048758
222.20          -0.048944
222.40          -0.049135
222.60          -0.049333
222.80          -0.049539
223.00          -0.049754
223.20          -0.049978
223.40          -0.050215
223.60          -0.050466
223.80          -0.050733
224.00          -0.051019
224.20          -0.051329
224.40          -0.051668
224.60          -0.052043
224.80          -0.052462
225.00          -0.052940
