175.00          -0.066045
175.20          -0.065148
175.40          -0.064294
175.60          -0.063481
175.80          -0.062707
176.00          -0.061970
176.20          -0.061269
176.40          -0.060602
176.60          -0.059968
176.80          -0.059365
177.00          -0.058792
177.20          -0.058248
177.40          -0.057731
177.60          -0.057241
177.80          -0.056776
178.00          -0.056335
178.20          -0.055918
178.40          -0.055523
178.60          -0.055150
178.80          -0.054797
179.00          -0.054465
179.20          -0.054151
179.40          -0.053856
179.60          -0.053579
179.80          -0.053318
180.00          -0.053074
180.20          -0.052846
180.40          -0.052634
180.60          -0.052436
180.80          -0.052252
181.00          -0.052082
181.20          -0.051925
181.40          -0.051781
181.60          -0.051649
181.80          -0.051530
182.00          -0.051422
182.20          -0.051325
182.40          -0.051239
182.60          -0.051163
182.80          -0.051098
183.00          -0.051042
183.20          -0.050996
183.40          -0.050960
183.60          -0.050932
183.80          -0.050913
184.00          -0.050903
184.20          -0.050901
184.40          -0.050907
184.60          -0.050921
184.80          -0.050942
185.00          -0.050971
185.20          -0.051007
185.40          -0.051050
185.60          -0.051100
185.80          -0.051157
186.00          -0.051220
186.20          -0.051290
186.40          -0.051366
186.60          -0.051449
186.80          -0.051537
187.00          -0.051631
187.20          -0.051732
187.40          -0.051838
187.60          -0.051949
187.80          -0.052067
188.00          -0.052189
188.20          -0.052318
188.40          -0.052451
188.60          -0.052590
188.80          -0.052735
189.00          -0.052884
189.20          -0.053039
189.40          -0.053199
189.60          -0.053365
189.80          -0.053535
190.00          -0.053711
190.20          -0.053893
190.40          -0.054080
190.60          -0.054272
190.80          -0.054471
191.00          -0.054675
191.20          -0.054885
191.40          -0.055101
191.60          -0.055324
191.80          -0.055553
192.00          -0.055790
192.20          -0.056035
192.40          -0.056287
192.60          -0.056549
192.80          -0.056820
193.00          -0.057102
193.20          -0.057396
193.40          -0.057703
193.60          -0.058025
193.80          -0.058365
194.00          -0.058725
194.20          -0.059110
194.40          -0.059525
194.60          -0.059976
194.80          -0.060473
195.00          -0.061029
195.20          -0.061663
195.40          -0.062405
195.60          -0.063298
195.80          -0.064416
196.00          -0.065888
196.20          -0.067962
196.40          -0.071170
196.60          -0.076864
196.80          -0.089530
197.00          -0.13384
197.20          -0.90972
197.40          -0.21007
197.60          -0.074615
197.80          -0.062201
198.00          -0.059655
198.20          -0.059151
198.40          -0.059245
198.60          -0.059546
198.80          -0.059921
199.00          -0.060320
199.20          -0.060724
199.40          -0.061125
199.60          -0.061518
199.80          -0.061905
200.00          -0.062284
200.20          -0.062656
200.40          -0.063022
200.60          -0.063384
200.80          -0.063741
201.00          -0.064094
201.20          -0.064443
201.40          -0.064790
201.60          -0.065135
201.80          -0.065478
202.00          -0.065819
202.20          -0.066159
202.40          -0.066498
202.60          -0.066836
202.80          -0.067174
203.00          -0.067511
203.20          -0.067848
203.40          -0.068184
203.60          -0.068521
203.80          -0.068857
204.00          -0.069194
204.20          -0.069531
204.40          -0.069869
204.60          -0.070206
204.80          -0.070544
205.00          -0.070883
205.20          -0.071222
205.40          -0.071561
205.60          -0.071901
205.80          -0.072242
206.00          -0.072583
206.20          -0.072925
206.40          -0.073267
206.60          -0.073610
206.80          -0.073953
207.00          -0.074297
207.20          -0.074642
207.40          -0.074988
207.60          -0.075334
207.80          -0.075680
208.00          -0.076027
208.20          -0.076375
208.40          -0.076723
208.60          -0.077072
208.80          -0.077422
209.00          -0.077772
209.20          -0.078122
209.40          -0.078473
209.60          -0.078825
209.80          -0.079177
210.00          -0.079529
210.20          -0.079882
210.40          -0.080235
210.60          -0.080589
210.80          -0.080942
211.00          -0.081297
211.20          -0.081651
211.40          -0.082006
211.60          -0.082361
211.80          -0.082716
212.00          -0.083071
212.20          -0.083427
212.40          -0.083782
212.60          -0.084138
212.80          -0.084494
213.00          -0.084850
213.20          -0.085205
213.40          -0.085561
213.60          -0.085917
213.80          -0.086272
214.00          -0.086627
214.20          -0.086983
214.40          -0.087338
214.60          -0.087692
214.80          -0.088047
215.00          -0.088402
215.20          -0.088756
215.40          -0.089110
215.60          -0.089464
215.80          -0.089817
216.00          -0.090171
216.20          -0.090525
216.40          -0.090879
216.60          -0.091233
216.80          -0.091589
217.00          -0.091945
217.20          -0.092304
217.40          -0.092665
217.60          -0.093030
217.80          -0.093401
218.00          -0.093782
218.20          -0.094176
218.40          -0.094593
218.60          -0.095047
218.80          -0.095567
219.00          -0.096215
219.20          -0.097150
219.40          -0.098901
219.60          -0.10429
219.80          -0.17587
220.00          -0.12806
220.20          -0.10020
220.40          -0.097921
220.60          -0.097541
220.80          -0.097566
221.00          -0.097716
221.20          -0.097908
221.40          -0.098112
221.60          -0.098312
221.80          -0.098501
222.00          -0.098673
222.20          -0.098821
222.40          -0.098941
222.60          -0.099025
222.80          -0.099064
223.00          -0.099048
223.20          -0.098961
223.40          -0.098784
223.60          -0.098492
223.80          -0.098046
224.00          -0.097398
224.20          -0.096476
224.40          -0.095179
224.60          -0.093367
224.80          -0.090845
225.00          -0.087362
