175.00          -0.053315
175.20          -0.053599
175.40          -0.053889
175.60          -0.054183
175.80          -0.054483
176.00          -0.054787
176.20          -0.055097
176.40          -0.055413
176.60          -0.055733
176.80          -0.056059
177.00          -0.056390
177.20          -0.056727
177.40          -0.057069
177.60          -0.057416
177.80          -0.057768
178.00          -0.058127
178.20          -0.058490
178.40          -0.058859
178.60          -0.059234
178.80          -0.059614
179.00          -0.060000
179.20          -0.060392
179.40          -0.060789
179.60          -0.061192
179.80          -0.061601
180.00          -0.062016
180.20          -0.062436
180.40          -0.062862
180.60          -0.063295
180.80          -0.063733
181.00          -0.064178
181.20          -0.064628
181.40          -0.065085
181.60          -0.065548
181.80          -0.066017
182.00          -0.066493
182.20          -0.066974
182.40          -0.067463
182.60          -0.067957
182.80          -0.068459
183.00          -0.068967
183.20          -0.069481
183.40          -0.070002
183.60          -0.070531
183.80          -0.071065
184.00          -0.071607
184.20          -0.072156
184.40          -0.072712
184.60          -0.073275
184.80          -0.073845
185.00          -0.074422
185.20          -0.075007
185.40          -0.075599
185.60          -0.076199
185.80          -0.076806
186.00          -0.077421
186.20          -0.078043
186.40          -0.078674
186.60          -0.079312
186.80          -0.079958
187.00          -0.080612
187.20          -0.081274
187.40          -0.081945
187.60          -0.082623
187.80          -0.083310
188.00          -0.084006
188.20          -0.084710
188.40          -0.085423
188.60          -0.086145
188.80          -0.086875
189.00          -0.087614
189.20          -0.088363
189.40          -0.089121
189.60          -0.089887
189.80          -0.090664
190.00          -0.091450
190.20          -0.092245
190.40          -0.093051
190.60          -0.093866
190.80          -0.094691
191.00          -0.095527
191.20          -0.096373
191.40          -0.097229
191.60          -0.098096
191.80          -0.098974
192.00          -0.099864
192.20          -0.10076
192.40          -0.10168
192.60          -0.10260
192.80          -0.10354
193.00          -0.10449
193.20          -0.10545
193.40          -0.10643
193.60          -0.10742
193.80          -0.10842
194.00          -0.10945
194.20          -0.11049
194.40          -0.11155
194.60          -0.11263
194.80          -0.11373
195.00          -0.11487
195.20          -0.11604
195.40          -0.11726
195.60          -0.11855
195.80          -0.11992
196.00          -0.12144
196.20          -0.12319
196.40          -0.12541
196.60          -0.12869
196.80          -0.13524
197.00          -0.15943
197.20          -1.2801
197.40          -0.17366
197.60          -0.13640
197.80          -0.13225
198.00          -0.13191
198.20          -0.13253
198.40          -0.13350
198.60          -0.13463
198.80          -0.13583
199.00          -0.13709
199.20          -0.13838
199.40          -0.13969
199.60          -0.14103
199.80          -0.14238
200.00          -0.14375
200.20          -0.14514
200.40          -0.14655
200.60          -0.14797
200.80          -0.14940
201.00          -0.15086
201.20          -0.15232
201.40          -0.15381
201.60          -0.15531
201.80          -0.15683
202.00          -0.15836
202.20          -0.15992
202.40          -0.16149
202.60          -0.16308
202.80          -0.16469
203.00          -0.16631
203.20          -0.16796
203.40          -0.16963
203.60          -0.17132
203.80          -0.17303
204.00          -0.17476
204.20          -0.17651
204.40          -0.17829
204.60          -0.18010
204.80          -0.18192
205.00          -0.18378
205.20          -0.18566
205.40          -0.18757
205.60          -0.18951
205.80          -0.19148
206.00          -0.19348
206.20          -0.19552
206.40          -0.19759
206.60          -0.19970
206.80          -0.20185
207.00          -0.20404
207.20          -0.20627
207.40          -0.20854
207.60          -0.21087
207.80          -0.21325
208.00          -0.21568
208.20          -0.21816
208.40          -0.22071
208.60          -0.22333
208.80          -0.22601
209.00          -0.22877
209.20          -0.23161
209.40          -0.23453
209.60          -0.23754
209.80          -0.24066
210.00          -0.24387
210.20          -0.24721
210.40          -0.25066
210.60          -0.25425
210.80          -0.25798
211.00          -0.26187
211.20          -0.26592
211.40          -0.27016
211.60          -0.27460
211.80          -0.27927
212.00          -0.28417
212.20          -0.28933
212.40          -0.29479
212.60          -0.30056
212.80          -0.30668
213.00          -0.31319
213.20          -0.32013
213.40          -0.32755
213.60          -0.33551
213.80          -0.34406
214.00          -0.35328
214.20          -0.36325
214.40          -0.37407
214.60          -0.38586
214.80          -0.39874
215.00          -0.41288
215.20          -0.42845
215.40          -0.44569
215.60          -0.46485
215.80          -0.48625
216.00          -0.51029
216.20          -0.53744
216.40          -0.56828
216.60          -0.60353
216.80          -0.64409
217.00          -0.69108
217.20          -0.74591
217.40          -0.81036
217.60          -0.88662
217.80          -0.97742
218.00          -1.0860
218.20          -1.2158
218.40          -1.3701
218.60          -1.5498
218.80          -1.7501
219.00          -1.9531
219.20          -2.1192
219.40          -2.1854
219.60          -2.0918
219.80          -2.0744
220.00          -3.3053
220.20          -1.6757
220.40          -1.2037
220.60          -0.89341
220.80          -0.67075
221.00          -0.50900
221.20          -0.39094
221.40          -0.30427
221.60          -0.24020
221.80          -0.19247
222.00          -0.15669
222.20          -0.12970
222.40          -0.10928
222.60          -0.093815
222.80          -0.082140
223.00          -0.073401
223.20          -0.066969
223.40          -0.062379
223.60          -0.059284
223.80          -0.057428
224.00          -0.056624
224.20          -0.056733
224.40          -0.057661
224.60          -0.059346
224.80          -0.061750
225.00          -0.064861
