175.00          -0.057911
175.20          -0.058303
175.40          -0.058701
175.60          -0.059106
175.80          -0.059517
176.00          -0.059935
176.20          -0.060360
176.40          -0.060792
176.60          -0.061230
176.80          -0.061676
177.00          -0.062129
177.20          -0.062589
177.40          -0.063056
177.60          -0.063531
177.80          -0.064013
178.00          -0.064502
178.20          -0.064999
178.40          -0.065504
178.60          -0.066016
178.80          -0.066537
179.00          -0.067065
179.20          -0.067601
179.40          -0.068146
179.60          -0.068699
179.80          -0.069260
180.00          -0.069830
180.20          -0.070409
180.40          -0.070996
180.60          -0.071592
180.80          -0.072197
181.00          -0.072811
181.20          -0.073434
181.40          -0.074067
181.60          -0.074709
181.80          -0.075361
182.00          -0.076023
182.20          -0.076694
182.40          -0.077376
182.60          -0.078067
182.80          -0.078769
183.00          -0.079482
183.20          -0.080205
183.40          -0.080939
183.60          -0.081684
183.80          -0.082440
184.00          -0.083207
184.20          -0.083986
184.40          -0.084777
184.60          -0.085579
184.80          -0.086393
185.00          -0.087220
185.20          -0.088059
185.40          -0.088910
185.60          -0.089775
185.80          -0.090652
186.00          -0.091542
186.20          -0.092446
186.40          -0.093364
186.60          -0.094295
186.80          -0.095240
187.00          -0.096200
187.20          -0.097174
187.40          -0.098163
187.60          -0.099167
187.80          -0.10019
188.00          -0.10122
188.20          -0.10227
188.40          -0.10334
188.60          -0.10442
188.80          -0.10552
189.00          -0.10663
189.20          -0.10777
189.40          -0.10892
189.60          -0.11009
189.80          -0.11127
190.00          -0.11248
190.20          -0.11370
190.40          -0.11494
190.60          -0.11620
190.80          -0.11748
191.00          -0.11878
191.20          -0.12011
191.40          -0.12145
191.60          -0.12281
191.80          -0.12419
192.00          -0.12560
192.20          -0.12703
192.40          -0.12848
192.60          -0.12995
192.80          -0.13145
193.00          -0.13297
193.20          -0.13452
193.40          -0.13609
193.60          -0.13768
193.80          -0.13931
194.00          -0.14096
194.20          -0.14263
194.40          -0.14434
194.60          -0.14607
194.80          -0.14784
195.00          -0.14964
195.20          -0.15147
195.40          -0.15334
195.60          -0.15526
195.80          -0.15723
196.00          -0.15927
196.20          -0.16142
196.40          -0.16377
196.60          -0.16656
196.80          -0.17079
197.00          -0.18355
197.20          -0.93274
197.40          -0.20140
197.60          -0.18220
197.80          -0.18088
198.00          -0.18194
198.20          -0.18369
198.40          -0.18575
198.60          -0.18797
198.80          -0.19030
199.00          -0.19271
199.20          -0.19519
199.40          -0.19773
199.60          -0.20033
199.80          -0.20299
200.00          -0.20570
200.20          -0.20847
200.40          -0.21130
200.60          -0.21419
200.80          -0.21713
201.00          -0.22014
201.20          -0.22320
201.40          -0.22633
201.60          -0.22953
201.80          -0.23279
202.00          -0.23613
202.20          -0.23953
202.40          -0.24301
202.60          -0.24657
202.80          -0.25021
203.00          -0.25394
203.20          -0.25775
203.40          -0.26165
203.60          -0.26565
203.80          -0.26975
204.00          -0.27395
204.20          -0.27826
204.40          -0.28269
204.60          -0.28723
204.80          -0.29190
205.00          -0.29671
205.20          -0.30165
205.40          -0.30674
205.60          -0.31198
205.80          -0.31739
206.00          -0.32297
206.20          -0.32874
206.40          -0.33469
206.60          -0.34086
206.80          -0.34724
207.00          -0.35385
207.20          -0.36072
207.40          -0.36784
207.60          -0.37524
207.80          -0.38294
208.00          -0.39096
208.20          -0.39932
208.40          -0.40804
208.60          -0.41715
208.80          -0.42667
209.00          -0.43663
209.20          -0.44707
209.40          -0.45801
209.60          -0.46949
209.80          -0.48156
210.00          -0.49423
210.20          -0.50757
210.40          -0.52160
210.60          -0.53638
210.80          -0.55194
211.00          -0.56833
211.20          -0.58560
211.40          -0.60377
211.60          -0.62289
211.80          -0.64298
212.00          -0.66406
212.20          -0.68611
212.40          -0.70911
212.60          -0.73301
212.80          -0.75771
213.00          -0.78306
213.20          -0.80886
213.40          -0.83483
213.60          -0.86060
213.80          -0.88570
214.00          -0.90957
214.20          -0.93152
214.40          -0.95079
214.60          -0.96651
214.80          -0.97779
215.00          -0.98378
215.20          -0.98369
215.40          -0.97691
215.60          -0.96310
215.80          -0.94220
216.00          -0.91451
216.20          -0.88067
216.40          -0.84159
216.60          -0.79838
216.80          -0.75228
217.00          -0.70451
217.20          -0.65622
217.40          -0.60841
217.60          -0.56192
217.80          -0.51737
218.00          -0.47522
218.20          -0.43575
218.40          -0.39912
218.60          -0.36537
218.80          -0.33450
219.00          -0.30646
219.20          -0.28129
219.40          -0.25938
219.60          -0.24349
219.80          -0.30210
220.00          -0.21115
220.20          -0.18067
220.40          -0.16532
220.60          -0.15216
220.80          -0.14034
221.00          -0.12962
221.20          -0.11988
221.40          -0.11101
221.60          -0.10293
221.80          -0.095570
222.00          -0.088853
222.20          -0.082725
222.40          -0.077138
222.60          -0.072048
222.80          -0.067420
223.00          -0.063226
223.20          -0.059443
223.40          -0.056055
223.60          -0.053053
223.80          -0.050433
224.00          -0.048201
224.20          -0.046366
224.40          -0.044948
224.60          -0.043977
224.80          -0.043487
225.00          -0.043527
