175.00          -0.048025
175.20          -0.048322
175.40          -0.048624
175.60          -0.048931
175.80          -0.049244
176.00          -0.049563
176.20          -0.049888
176.40          -0.050219
176.60          -0.050556
176.80          -0.050901
177.00          -0.051252
177.20          -0.051610
177.40          -0.051976
177.60          -0.052349
177.80          -0.052730
178.00          -0.053120
178.20          -0.053518
178.40          -0.053924
178.60          -0.054340
178.80          -0.054766
179.00          -0.055201
179.20          -0.055647
179.40          -0.056103
179.60          -0.056571
179.80          -0.057050
180.00          -0.057541
180.20          -0.058045
180.40          -0.058561
180.60          -0.059092
180.80          -0.059636
181.00          -0.060196
181.20          -0.060771
181.40          -0.061362
181.60          -0.061970
181.80          -0.062595
182.00          -0.063239
182.20          -0.063903
182.40          -0.064587
182.60          -0.065292
182.80          -0.066020
183.00          -0.066771
183.20          -0.067547
183.40          -0.068349
183.60          -0.069178
183.80          -0.070037
184.00          -0.070925
184.20          -0.071845
184.40          -0.072800
184.60          -0.073790
184.80          -0.074817
185.00          -0.075885
185.20          -0.076995
185.40          -0.078150
185.60          -0.079352
185.80          -0.080605
186.00          -0.081912
186.20          -0.083276
186.40          -0.084702
186.60          -0.086192
186.80          -0.087752
187.00          -0.089386
187.20          -0.091099
187.40          -0.092898
187.60          -0.094788
187.80          -0.096776
188.00          -0.098871
188.20          -0.10108
188.40          -0.10341
188.60          -0.10587
188.80          -0.10848
189.00          -0.11124
189.20          -0.11417
189.40          -0.11729
189.60          -0.12060
189.80          -0.12414
190.00          -0.12791
190.20          -0.13194
190.40          -0.13626
190.60          -0.14090
190.80          -0.14588
191.00          -0.15124
191.20          -0.15703
191.40          -0.16328
191.60          -0.17006
191.80          -0.17742
192.00          -0.18542
192.20          -0.19415
192.40          -0.20368
192.60          -0.21413
192.80          -0.22559
193.00          -0.23821
193.20          -0.25213
193.40          -0.26750
193.60          -0.28453
193.80          -0.30342
194.00          -0.32441
194.20          -0.34776
194.40          -0.37373
194.60          -0.40262
194.80          -0.43470
195.00          -0.47020
195.20          -0.50927
195.40          -0.55192
195.60          -0.59791
195.80          -0.64660
196.00          -0.69687
196.20          -0.74693
196.40          -0.79426
196.60          -0.83567
196.80          -0.86760
197.00          -0.88666
197.20          -0.89032
197.40          -0.87759
197.60          -0.84933
197.80          -0.80805
198.00          -0.75734
198.20          -0.70109
198.40          -0.64284
198.60          -0.58541
198.80          -0.53076
199.00          -0.48007
199.20          -0.43392
199.40          -0.39244
199.60          -0.35550
199.80          -0.32280
200.00          -0.29394
200.20          -0.26854
200.40          -0.24619
200.60          -0.22652
200.80          -0.20920
201.00          -0.19394
201.20          -0.18047
201.40          -0.16856
201.60          -0.15802
201.80          -0.14868
202.00          -0.14039
202.20          -0.13304
202.40          -0.12652
202.60          -0.12073
202.80          -0.11561
203.00          -0.11109
203.20          -0.10712
203.40          -0.10367
203.60          -0.10071
203.80          -0.098233
204.00          -0.096235
204.20          -0.094744
204.40          -0.093814
204.60          -0.093543
204.80          -0.094102
205.00          -0.095791
205.20          -0.099159
205.40          -0.10528
205.60          -0.11652
205.80          -0.13897
206.00          -0.19310
206.20          -0.39053
206.40          -2.5471
206.60          -0.56198
206.80          -0.12909
207.00          -0.072731
207.20          -0.057673
207.40          -0.052198
207.60          -0.049831
207.80          -0.048683
208.00          -0.048072
208.20          -0.047720
208.40          -0.047499
208.60          -0.047350
208.80          -0.047241
209.00          -0.047155
209.20          -0.047086
209.40          -0.047028
209.60          -0.046979
209.80          -0.046937
210.00          -0.046902
210.20          -0.046874
210.40          -0.046852
210.60          -0.046836
210.80          -0.046827
211.00          -0.046824
211.20          -0.046828
211.40          -0.046837
211.60          -0.046853
211.80          -0.046875
212.00          -0.046902
212.20          -0.046935
212.40          -0.046974
212.60          -0.047019
212.80          -0.047068
213.00          -0.047123
213.20          -0.047183
213.40          -0.047248
213.60          -0.047317
213.80          -0.047391
214.00          -0.047469
214.20          -0.047552
214.40          -0.047639
214.60          -0.047729
214.80          -0.047824
215.00          -0.047922
215.20          -0.048025
215.40          -0.048130
215.60          -0.048239
215.80          -0.048351
216.00          -0.048467
216.20          -0.048585
216.40          -0.048707
216.60          -0.048831
216.80          -0.048959
217.00          -0.049089
217.20          -0.049222
217.40          -0.049357
217.60          -0.049495
217.80          -0.049635
218.00          -0.049778
218.20          -0.049924
218.40          -0.050071
218.60          -0.050221
218.80          -0.050373
219.00          -0.050528
219.20          -0.050684
219.40          -0.050843
219.60          -0.051004
219.80          -0.051167
220.00          -0.051332
220.20          -0.051499
220.40          -0.051668
220.60          -0.051839
220.80          -0.052012
221.00          -0.052187
221.20          -0.052364
221.40          -0.052543
221.60          -0.052724
221.80          -0.052907
222.00          -0.053092
222.20          -0.053279
222.40          -0.053468
222.60          -0.053659
222.80          -0.053852
223.00          -0.054048
223.20          -0.054246
223.40          -0.054446
223.60          -0.054648
223.80          -0.054853
224.00          -0.055060
224.20          -0.055270
224.40          -0.055483
224.60          -0.055699
224.80          -0.055918
225.00          -0.056140
