175.00          -0.079789
175.20          -0.083132
175.40          -0.086765
175.60          -0.090723
175.80          -0.095045
176.00          -0.099778
176.20          -0.10497
176.40          -0.11070
176.60          -0.11702
176.80          -0.12402
177.00          -0.13180
177.20          -0.14048
177.40          -0.15020
177.60          -0.16110
177.80          -0.17340
178.00          -0.18731
178.20          -0.20309
178.40          -0.22107
178.60          -0.24160
178.80          -0.26510
179.00          -0.29205
179.20          -0.32295
179.40          -0.35831
179.60          -0.39857
179.80          -0.44401
180.00          -0.49449
180.20          -0.54921
180.40          -0.60629
180.60          -0.66244
180.80          -0.71280
181.00          -0.75136
181.20          -0.77220
181.40          -0.77133
181.60          -0.74822
181.80          -0.70612
182.00          -0.65086
182.20          -0.58894
182.40          -0.52593
182.60          -0.46575
182.80          -0.41063
183.00          -0.36153
183.20          -0.31856
183.40          -0.28137
183.60          -0.24936
183.80          -0.22188
184.00          -0.19830
184.20          -0.17805
184.40          -0.16060
184.60          -0.14553
184.80          -0.13247
185.00          -0.12112
185.20          -0.11121
185.40          -0.10253
185.60          -0.094903
185.80          -0.088176
186.00          -0.082225
186.20          -0.076944
186.40          -0.072246
186.60          -0.068055
186.80          -0.064309
187.00          -0.060955
187.20          -0.057949
187.40          -0.055253
187.60          -0.052836
187.80          -0.050676
188.00          -0.048754
188.20          -0.047062
188.40          -0.045599
188.60          -0.044383
188.80          -0.043463
189.00          -0.042951
189.20          -0.043128
189.40          -0.044818
189.60          -0.051422
189.80          -0.094905
190.00          -0.59934
190.20          -0.043389
190.40          -0.032929
190.60          -0.030726
190.80          -0.029753
191.00          -0.029107
191.20          -0.028584
191.40          -0.028121
191.60          -0.027697
191.80          -0.027303
192.00          -0.026934
192.20          -0.026587
192.40          -0.026261
192.60          -0.025955
192.80          -0.025667
193.00          -0.025396
193.20          -0.025142
193.40          -0.024904
193.60          -0.024680
193.80          -0.024469
194.00          -0.024272
194.20          -0.024088
194.40          -0.023915
194.60          -0.023753
194.80          -0.023601
195.00          -0.023459
195.20          -0.023327
195.40          -0.023203
195.60          -0.023088
195.80          -0.022981
196.00          -0.022881
196.20          -0.022788
196.40          -0.022702
196.60          -0.022622
196.80          -0.022548
197.00          -0.022481
197.20          -0.022418
197.40          -0.022361
197.60          -0.022308
197.80          -0.022261
198.00          -0.022218
198.20          -0.022179
198.40          -0.022144
198.60          -0.022113
198.80          -0.022086
199.00          -0.022062
199.20          -0.022042
199.40          -0.022025
199.60          -0.022011
199.80          -0.022000
200.00          -0.021992
200.20          -0.021987
200.40          -0.021985
200.60          -0.021985
200.80          -0.021987
201.00          -0.021992
201.20          -0.021999
201.40          -0.022009
201.60          -0.022020
201.80          -0.022034
202.00          -0.022049
202.20          -0.022067
202.40          -0.022086
202.60          -0.022108
202.80          -0.022131
203.00          -0.022155
203.20          -0.022182
203.40          -0.022210
203.60          -0.022240
203.80          -0.022271
204.00          -0.022304
204.20          -0.022338
204.40          -0.022374
204.60          -0.022412
204.80          -0.022451
205.00          -0.022491
205.20          -0.022533
205.40          -0.022576
205.60          -0.022620
205.80          -0.022666
206.00          -0.022714
206.20          -0.022762
206.40          -0.022813
206.60          -0.022864
206.80          -0.022917
207.00          -0.022972
207.20          -0.023027
207.40          -0.023085
207.60          -0.023144
207.80          -0.023204
208.00          -0.023266
208.20          -0.023329
208.40          -0.023394
208.60          -0.023461
208.80          -0.023530
209.00          -0.023600
209.20          -0.023673
209.40          -0.023747
209.60          -0.023823
209.80          -0.023901
210.00          -0.023982
210.20          -0.024065
210.40          -0.024151
210.60          -0.024239
210.80          -0.024330
211.00          -0.024425
211.20          -0.024523
211.40          -0.024624
211.60          -0.024730
211.80          -0.024840
212.00          -0.024955
212.20          -0.025077
212.40          -0.025207
212.60          -0.025347
212.80          -0.025506
213.00          -0.025707
213.20          -0.026100
213.40          -0.033686
213.60          -0.026743
213.80          -0.026341
214.00          -0.026459
214.20          -0.026645
214.40          -0.026861
214.60          -0.027102
214.80          -0.027369
215.00          -0.027665
215.20          -0.027996
215.40          -0.028369
215.60          -0.028794
215.80          -0.029285
216.00          -0.029858
216.20          -0.030538
216.40          -0.031362
216.60          -0.032381
216.80          -0.033675
217.00          -0.035371
217.20          -0.037680
217.40          -0.040983
217.60          -0.046005
217.80          -0.054282
218.00          -0.069418
218.20          -0.10043
218.40          -0.16131
218.60          -0.18105
218.80          -0.099268
219.00          -0.054164
219.20          -0.037302
219.40          -0.030381
219.60          -0.027202
219.80          -0.025628
220.00          -0.024820
220.20          -0.024408
220.40          -0.024215
220.60          -0.024149
220.80          -0.024159
221.00          -0.024215
221.20          -0.024300
221.40          -0.024404
221.60          -0.024518
221.80          -0.024641
222.00          -0.024767
222.20          -0.024896
222.40          -0.025026
222.60          -0.025157
222.80          -0.025288
223.00          -0.025418
223.20          -0.025548
223.40          -0.025678
223.60          -0.025807
223.80          -0.025935
224.00          -0.026063
224.20          -0.026191
224.40          -0.026318
224.60          -0.026444
224.80          -0.026571
225.00          -0.026698
