175.00          -0.10637
175.20          -0.10716
175.40          -0.10797
175.60          -0.10879
175.80          -0.10963
176.00          -0.11048
176.20          -0.11135
176.40          -0.11224
176.60          -0.11315
176.80          -0.11407
177.00          -0.11502
177.20          -0.11598
177.40          -0.11697
177.60          -0.11798
177.80          -0.11901
178.00          -0.12006
178.20          -0.12114
178.40          -0.12224
178.60          -0.12337
178.80          -0.12453
179.00          -0.12572
179.20          -0.12693
179.40          -0.12818
179.60          -0.12945
179.80          -0.13077
180.00          -0.13211
180.20          -0.13349
180.40          -0.13491
180.60          -0.13637
180.80          -0.13788
181.00          -0.13942
181.20          -0.14101
181.40          -0.14265
181.60          -0.14433
181.80          -0.14607
182.00          -0.14787
182.20          -0.14972
182.40          -0.15163
182.60          -0.15360
182.80          -0.15564
183.00          -0.15775
183.20          -0.15993
183.40          -0.16219
183.60          -0.16453
183.80          -0.16695
184.00          -0.16947
184.20          -0.17208
184.40          -0.17479
184.60          -0.17761
184.80          -0.18054
185.00          -0.18359
185.20          -0.18676
185.40          -0.19007
185.60          -0.19352
185.80          -0.19712
186.00          -0.20089
186.20          -0.20482
186.40          -0.20893
186.60          -0.21323
186.80          -0.21774
187.00          -0.22247
187.20          -0.22743
187.40          -0.23264
187.60          -0.23811
187.80          -0.24386
188.00          -0.24992
188.20          -0.25630
188.40          -0.26303
188.60          -0.27013
188.80          -0.27761
189.00          -0.28553
189.20          -0.29389
189.40          -0.30273
189.60          -0.31208
189.80          -0.32198
190.00          -0.33246
190.20          -0.34355
190.40          -0.35529
190.60          -0.36771
190.80          -0.38085
191.00          -0.39474
191.20          -0.40939
191.40          -0.42483
191.60          -0.44107
191.80          -0.45810
192.00          -0.47589
192.20          -0.49439
192.40          -0.51353
192.60          -0.53319
192.80          -0.55322
193.00          -0.57340
193.20          -0.59348
193.40          -0.61312
193.60          -0.63194
193.80          -0.64949
194.00          -0.66528
194.20          -0.67877
194.40          -0.68946
194.60          -0.69684
194.80          -0.70048
195.00          -0.70007
195.20          -0.69543
195.40          -0.68657
195.60          -0.67363
195.80          -0.65695
196.00          -0.63700
196.20          -0.61435
196.40          -0.58960
196.60          -0.56341
196.80          -0.53637
197.00          -0.50904
197.20          -0.48189
197.40          -0.45531
197.60          -0.42961
197.80          -0.40502
198.00          -0.38167
198.20          -0.35968
198.40          -0.33908
198.60          -0.31987
198.80          -0.30203
199.00          -0.28552
199.20          -0.27027
199.40          -0.25622
199.60          -0.24328
199.80          -0.23139
200.00          -0.22047
200.20          -0.21044
200.40          -0.20124
200.60          -0.19280
200.80          -0.18505
201.00          -0.17794
201.20          -0.17141
201.40          -0.16542
201.60          -0.15991
201.80          -0.15486
202.00          -0.15022
202.20          -0.14595
202.40          -0.14202
202.60          -0.13841
202.80          -0.13510
203.00          -0.13204
203.20          -0.12923
203.40          -0.12665
203.60          -0.12427
203.80          -0.12208
204.00          -0.12007
204.20          -0.11822
204.40          -0.11651
204.60          -0.11495
204.80          -0.11351
205.00          -0.11219
205.20          -0.11098
205.40          -0.10988
205.60          -0.10886
205.80          -0.10794
206.00          -0.10710
206.20          -0.10633
206.40          -0.10563
206.60          -0.10500
206.80          -0.10444
207.00          -0.10393
207.20          -0.10347
207.40          -0.10307
207.60          -0.10271
207.80          -0.10240
208.00          -0.10213
208.20          -0.10190
208.40          -0.10171
208.60          -0.10155
208.80          -0.10143
209.00          -0.10133
209.20          -0.10127
209.40          -0.10124
209.60          -0.10124
209.80          -0.10126
210.00          -0.10130
210.20          -0.10138
210.40          -0.10147
210.60          -0.10159
210.80          -0.10172
211.00          -0.10188
211.20          -0.10206
211.40          -0.10226
211.60          -0.10249
211.80          -0.10273
212.00          -0.10299
212.20          -0.10327
212.40          -0.10357
212.60          -0.10389
212.80          -0.10424
213.00          -0.10461
213.20          -0.10500
213.40          -0.10541
213.60          -0.10585
213.80          -0.10633
214.00          -0.10683
214.20          -0.10737
214.40          -0.10794
214.60          -0.10857
214.80          -0.10924
215.00          -0.10998
215.20          -0.11078
215.40          -0.11168
215.60          -0.11267
215.80          -0.11380
216.00          -0.11510
216.20          -0.11661
216.40          -0.11841
216.60          -0.12061
216.80          -0.12338
217.00          -0.12702
217.20          -0.13203
217.40          -0.13941
217.60          -0.15132
217.80          -0.17342
218.00          -0.22515
218.20          -0.42015
218.40          -3.8701
218.60          -0.49994
218.80          -0.15780
219.00          -0.11588
219.20          -0.10573
219.40          -0.10282
219.60          -0.10219
219.80          -0.10239
220.00          -0.10294
220.20          -0.10361
220.40          -0.10433
220.60          -0.10506
220.80          -0.10577
221.00          -0.10647
221.20          -0.10715
221.40          -0.10780
221.60          -0.10844
221.80          -0.10905
222.00          -0.10965
222.20          -0.11024
222.40          -0.11081
222.60          -0.11137
222.80          -0.11192
223.00          -0.11245
223.20          -0.11298
223.40          -0.11351
223.60          -0.11402
223.80          -0.11453
224.00          -0.11503
224.20          -0.11553
224.40          -0.11602
224.60          -0.11651
224.80          -0.11699
225.00          -0.11747
