175.00          -0.24550
175.20          -0.24673
175.40          -0.24797
175.60          -0.24924
175.80          -0.25051
176.00          -0.25181
176.20          -0.25312
176.40          -0.25445
176.60          -0.25580
176.80          -0.25716
177.00          -0.25855
177.20          -0.25995
177.40          -0.26138
177.60          -0.26283
177.80          -0.26430
178.00          -0.26579
178.20          -0.26730
178.40          -0.26884
178.60          -0.27040
178.80          -0.27199
179.00          -0.27361
179.20          -0.27525
179.40          -0.27693
179.60          -0.27863
179.80          -0.28036
180.00          -0.28213
180.20          -0.28392
180.40          -0.28576
180.60          -0.28762
180.80          -0.28953
181.00          -0.29147
181.20          -0.29346
181.40          -0.29548
181.60          -0.29755
181.80          -0.29967
182.00          -0.30183
182.20          -0.30405
182.40          -0.30631
182.60          -0.30863
182.80          -0.31101
183.00          -0.31345
183.20          -0.31595
183.40          -0.31851
183.60          -0.32115
183.80          -0.32385
184.00          -0.32664
184.20          -0.32950
184.40          -0.33245
184.60          -0.33548
184.80          -0.33861
185.00          -0.34184
185.20          -0.34518
185.40          -0.34862
185.60          -0.35219
185.80          -0.35588
186.00          -0.35970
186.20          -0.36366
186.40          -0.36778
186.60          -0.37205
186.80          -0.37649
187.00          -0.38112
187.20          -0.38594
187.40          -0.39098
187.60          -0.39623
187.80          -0.40173
188.00          -0.40749
188.20          -0.41353
188.40          -0.41987
188.60          -0.42655
188.80          -0.43357
189.00          -0.44099
189.20          -0.44882
189.40          -0.45712
189.60          -0.46592
189.80          -0.47526
190.00          -0.48522
190.20          -0.49583
190.40          -0.50719
190.60          -0.51935
190.80          -0.53242
191.00          -0.54650
191.20          -0.56169
191.40          -0.57815
191.60          -0.59602
191.80          -0.61549
192.00          -0.63676
192.20          -0.66010
192.40          -0.68577
192.60          -0.71414
192.80          -0.74559
193.00          -0.78062
193.20          -0.81979
193.40          -0.86378
193.60          -0.91341
193.80          -0.96966
194.00          -1.0337
194.20          -1.1069
194.40          -1.1908
194.60          -1.2874
194.80          -1.3986
195.00          -1.5265
195.20          -1.6729
195.40          -1.8387
195.60          -2.0224
195.80          -2.2189
196.00          -2.4162
196.20          -2.5939
196.40          -2.7227
196.60          -2.7712
196.80          -2.7179
197.00          -2.5636
197.20          -2.3334
197.40          -2.0644
197.60          -1.7914
197.80          -1.5379
198.00          -1.3155
198.20          -1.1272
198.40          -0.97122
198.60          -0.84354
198.80          -0.73964
199.00          -0.65524
199.20          -0.58666
199.40          -0.53080
199.60          -0.48521
199.80          -0.44787
200.00          -0.41722
200.20          -0.39200
200.40          -0.37121
200.60          -0.35405
200.80          -0.33991
201.00          -0.32825
201.20          -0.31868
201.40          -0.31087
201.60          -0.30453
201.80          -0.29947
202.00          -0.29549
202.20          -0.29244
202.40          -0.29022
202.60          -0.28871
202.80          -0.28784
203.00          -0.28755
203.20          -0.28777
203.40          -0.28848
203.60          -0.28963
203.80          -0.29121
204.00          -0.29321
204.20          -0.29561
204.40          -0.29841
204.60          -0.30164
204.80          -0.30529
205.00          -0.30942
205.20          -0.31404
205.40          -0.31923
205.60          -0.32503
205.80          -0.33155
206.00          -0.33890
206.20          -0.34722
206.40          -0.35671
206.60          -0.36761
206.80          -0.38027
207.00          -0.39512
207.20          -0.41277
207.40          -0.43405
207.60          -0.46011
207.80          -0.49256
208.00          -0.53362
208.20          -0.58610
208.40          -0.65283
208.60          -0.73338
208.80          -0.81339
209.00          -0.84392
209.20          -0.75401
209.40          -0.56174
209.60          -0.38148
209.80          -0.26857
210.00          -0.21009
210.20          -0.18291
210.40          -0.17200
210.60          -0.16934
210.80          -0.17084
211.00          -0.17441
211.20          -0.17895
211.40          -0.18389
211.60          -0.18893
211.80          -0.19390
212.00          -0.19872
212.20          -0.20336
212.40          -0.20780
212.60          -0.21205
212.80          -0.21610
213.00          -0.21998
213.20          -0.22369
213.40          -0.22724
213.60          -0.23065
213.80          -0.23394
214.00          -0.23710
214.20          -0.24015
214.40          -0.24311
214.60          -0.24597
214.80          -0.24875
215.00          -0.25145
215.20          -0.25409
215.40          -0.25665
215.60          -0.25916
215.80          -0.26162
216.00          -0.26402
216.20          -0.26637
216.40          -0.26869
216.60          -0.27096
216.80          -0.27319
217.00          -0.27540
217.20          -0.27757
217.40          -0.27971
217.60          -0.28182
217.80          -0.28391
218.00          -0.28598
218.20          -0.28803
218.40          -0.29006
218.60          -0.29207
218.80          -0.29406
219.00          -0.29604
219.20          -0.29801
219.40          -0.29996
219.60          -0.30191
219.80          -0.30384
220.00          -0.30577
220.20          -0.30769
220.40          -0.30960
220.60          -0.31151
220.80          -0.31341
221.00          -0.31532
221.20          -0.31722
221.40          -0.31912
221.60          -0.32102
221.80          -0.32293
222.00          -0.32484
222.20          -0.32675
222.40          -0.32867
222.60          -0.33060
222.80          -0.33254
223.00          -0.33450
223.20          -0.33646
223.40          -0.33845
223.60          -0.34046
223.80          -0.34249
224.00          -0.34454
224.20          -0.34664
224.40          -0.34877
224.60          -0.35095
224.80          -0.35318
225.00          -0.35548
