175.00          -0.077510
175.20          -0.084644
175.40          -0.093466
175.60          -0.10462
175.80          -0.11908
176.00          -0.13838
176.20          -0.16507
176.40          -0.20360
176.60          -0.26228
176.80          -0.35796
177.00          -0.52832
177.20          -0.86644
177.40          -1.6023
177.60          -2.8666
177.80          -2.6439
178.00          -1.3517
178.20          -0.69527
178.40          -0.40552
178.60          -0.26365
178.80          -0.18625
179.00          -0.14024
179.20          -0.11102
179.40          -0.091487
179.60          -0.077895
179.80          -0.068123
180.00          -0.060910
180.20          -0.055469
180.40          -0.051289
180.60          -0.048029
180.80          -0.045454
181.00          -0.043399
181.20          -0.041745
181.40          -0.040403
181.60          -0.039308
181.80          -0.038411
182.00          -0.037674
182.20          -0.037067
182.40          -0.036568
182.60          -0.036158
182.80          -0.035821
183.00          -0.035547
183.20          -0.035325
183.40          -0.035148
183.60          -0.035010
183.80          -0.034903
184.00          -0.034825
184.20          -0.034772
184.40          -0.034740
184.60          -0.034726
184.80          -0.034728
185.00          -0.034745
185.20          -0.034774
185.40          -0.034815
185.60          -0.034865
185.80          -0.034924
186.00          -0.034991
186.20          -0.035065
186.40          -0.035146
186.60          -0.035232
186.80          -0.035324
187.00          -0.035420
187.20          -0.035521
187.40          -0.035625
187.60          -0.035734
187.80          -0.035846
188.00          -0.035961
188.20          -0.036079
188.40          -0.036200
188.60          -0.036323
188.80          -0.036450
189.00          -0.036578
189.20          -0.036709
189.40          -0.036843
189.60          -0.036979
189.80          -0.037116
190.00          -0.037257
190.20          -0.037399
190.40          -0.037544
190.60          -0.037690
190.80          -0.037840
191.00          -0.037991
191.20          -0.038145
191.40          -0.038302
191.60          -0.038461
191.80          -0.038623
192.00          -0.038788
192.20          -0.038956
192.40          -0.039128
192.60          -0.039303
192.80          -0.039482
193.00          -0.039666
193.20          -0.039854
193.40          -0.040047
193.60          -0.040246
193.80          -0.040451
194.00          -0.040663
194.20          -0.040884
194.40          -0.041113
194.60          -0.041353
194.80          -0.041606
195.00          -0.041873
195.20          -0.042157
195.40          -0.042462
195.60          -0.042794
195.80          -0.043158
196.00          -0.043565
196.20          -0.044030
196.40          -0.044577
196.60          -0.045246
196.80          -0.046111
197.00          -0.047327
197.20          -0.049266
197.40          -0.053063
197.60          -0.063901
197.80          -0.14447
198.00          -0.38343
198.20          -0.067717
198.40          -0.054522
198.60          -0.052633
198.80          -0.053285
199.00          -0.055316
199.20          -0.058888
199.40          -0.065111
199.60          -0.077320
199.80          -0.10799
200.00          -0.23849
200.20          -0.96719
200.40          -0.12812
200.60          -0.056063
200.80          -0.043690
201.00          -0.040434
201.20          -0.039528
201.40          -0.039400
201.60          -0.039564
201.80          -0.039843
202.00          -0.040164
202.20          -0.040496
202.40          -0.040825
202.60          -0.041146
202.80          -0.041456
203.00          -0.041754
203.20          -0.042042
203.40          -0.042320
203.60          -0.042589
203.80          -0.042849
204.00          -0.043102
204.20          -0.043349
204.40          -0.043590
204.60          -0.043825
204.80          -0.044056
205.00          -0.044282
205.20          -0.044505
205.40          -0.044725
205.60          -0.044942
205.80          -0.045157
206.00          -0.045369
206.20          -0.045579
206.40          -0.045788
206.60          -0.045995
206.80          -0.046201
207.00          -0.046405
207.20          -0.046609
207.40          -0.046812
207.60          -0.047015
207.80          -0.047217
208.00          -0.047418
208.20          -0.047620
208.40          -0.047821
208.60          -0.048022
208.80          -0.048224
209.00          -0.048425
209.20          -0.048627
209.40          -0.048829
209.60          -0.049031
209.80          -0.049234
210.00          -0.049438
210.20          -0.049642
210.40          -0.049847
210.60          -0.050052
210.80          -0.050259
211.00          -0.050466
211.20          -0.050674
211.40          -0.050884
211.60          -0.051094
211.80          -0.051306
212.00          -0.051519
212.20          -0.051733
212.40          -0.051948
212.60          -0.052165
212.80          -0.052384
213.00          -0.052604
213.20          -0.052825
213.40          -0.053049
213.60          -0.053274
213.80          -0.053501
214.00          -0.053730
214.20          -0.053961
214.40          -0.054194
214.60          -0.054429
214.80          -0.054666
215.00          -0.054906
215.20          -0.055148
215.40          -0.055393
215.60          -0.055640
215.80          -0.055890
216.00          -0.056143
216.20          -0.056399
216.40          -0.056658
216.60          -0.056920
216.80          -0.057185
217.00          -0.057454
217.20          -0.057727
217.40          -0.058003
217.60          -0.058283
217.80          -0.058568
218.00          -0.058856
218.20          -0.059149
218.40          -0.059447
218.60          -0.059750
218.80          -0.060058
219.00          -0.060371
219.20          -0.060689
219.40          -0.061014
219.60          -0.061345
219.80          -0.061682
220.00          -0.062026
220.20          -0.062377
220.40          -0.062735
220.60          -0.063102
220.80          -0.063476
221.00          -0.063860
221.20          -0.064253
221.40          -0.064656
221.60          -0.065069
221.80          -0.065493
222.00          -0.065929
222.20          -0.066377
222.40          -0.066839
222.60          -0.067315
222.80          -0.067806
223.00          -0.068313
223.20          -0.068837
223.40          -0.069380
223.60          -0.069943
223.80          -0.070527
224.00          -0.071134
224.20          -0.071766
224.40          -0.072425
224.60          -0.073113
224.80          -0.073833
225.00          -0.074587
