175.00          -0.037138
175.20          -0.037297
175.40          -0.037457
175.60          -0.037620
175.80          -0.037784
176.00          -0.037949
176.20          -0.038117
176.40          -0.038287
176.60          -0.038458
176.80          -0.038631
177.00          -0.038806
177.20          -0.038984
177.40          -0.039163
177.60          -0.039344
177.80          -0.039528
178.00          -0.039713
178.20          -0.039901
178.40          -0.040091
178.60          -0.040283
178.80          -0.040478
179.00          -0.040675
179.20          -0.040875
179.40          -0.041077
179.60          -0.041281
179.80          -0.041489
180.00          -0.041699
180.20          -0.041911
180.40          -0.042127
180.60          -0.042345
180.80          -0.042567
181.00          -0.042791
181.20          -0.043018
181.40          -0.043249
181.60          -0.043483
181.80          -0.043720
182.00          -0.043961
182.20          -0.044205
182.40          -0.044452
182.60          -0.044704
182.80          -0.044959
183.00          -0.045218
183.20          -0.045481
183.40          -0.045748
183.60          -0.046019
183.80          -0.046294
184.00          -0.046574
184.20          -0.046859
184.40          -0.047148
184.60          -0.047442
184.80          -0.047740
185.00          -0.048044
185.20          -0.048353
185.40          -0.048667
185.60          -0.048987
185.80          -0.049313
186.00          -0.049644
186.20          -0.049981
186.40          -0.050325
186.60          -0.050675
186.80          -0.051031
187.00          -0.051395
187.20          -0.051765
187.40          -0.052142
187.60          -0.052527
187.80          -0.052920
188.00          -0.053320
188.20          -0.053729
188.40          -0.054146
188.60          -0.054572
188.80          -0.055007
189.00          -0.055451
189.20          -0.055905
189.40          -0.056369
189.60          -0.056844
189.80          -0.057329
190.00          -0.057825
190.20          -0.058333
190.40          -0.058853
190.60          -0.059385
190.80          -0.059930
191.00          -0.060488
191.20          -0.061061
191.40          -0.061647
191.60          -0.062249
191.80          -0.062866
192.00          -0.063500
192.20          -0.064150
192.40          -0.064818
192.60          -0.065504
192.80          -0.066210
193.00          -0.066935
193.20          -0.067681
193.40          -0.068448
193.60          -0.069238
193.80          -0.070052
194.00          -0.070890
194.20          -0.071754
194.40          -0.072645
194.60          -0.073564
194.80          -0.074513
195.00          -0.075492
195.20          -0.076505
195.40          -0.077551
195.60          -0.078633
195.80          -0.079752
196.00          -0.080911
196.20          -0.082111
196.40          -0.083355
196.60          -0.084645
196.80          -0.085984
197.00          -0.087373
197.20          -0.088817
197.40          -0.090317
197.60          -0.091877
197.80          -0.093501
198.00          -0.095193
198.20          -0.096955
198.40          -0.098793
198.60          -0.10071
198.80          -0.10271
199.00          -0.10481
199.20          -0.10700
199.40          -0.10929
199.60          -0.11169
199.80          -0.11420
200.00          -0.11684
200.20          -0.11961
200.40          -0.12253
200.60          -0.12559
200.80          -0.12881
201.00          -0.13221
201.20          -0.13579
201.40          -0.13957
201.60          -0.14356
201.80          -0.14779
202.00          -0.15226
202.20          -0.15699
202.40          -0.16201
202.60          -0.16734
202.80          -0.17300
203.00          -0.17902
203.20          -0.18542
203.40          -0.19224
203.60          -0.19951
203.80          -0.20726
204.00          -0.21553
204.20          -0.22436
204.40          -0.23380
204.60          -0.24388
204.80          -0.25465
205.00          -0.26616
205.20          -0.27845
205.40          -0.29157
205.60          -0.30556
205.80          -0.32044
206.00          -0.33624
206.20          -0.35298
206.40          -0.37062
206.60          -0.38914
206.80          -0.40846
207.00          -0.42846
207.20          -0.44896
207.40          -0.46972
207.60          -0.49044
207.80          -0.51072
208.00          -0.53010
208.20          -0.54805
208.40          -0.56398
208.60          -0.57731
208.80          -0.58746
209.00          -0.59392
209.20          -0.59631
209.40          -0.59441
209.60          -0.58819
209.80          -0.57781
210.00          -0.56363
210.20          -0.54616
210.40          -0.52599
210.60          -0.50378
210.80          -0.48019
211.00          -0.45583
211.20          -0.43123
211.40          -0.40685
211.60          -0.38305
211.80          -0.36010
212.00          -0.33820
212.20          -0.31747
212.40          -0.29798
212.60          -0.27974
212.80          -0.26276
213.00          -0.24699
213.20          -0.23239
213.40          -0.21889
213.60          -0.20644
213.80          -0.19495
214.00          -0.18437
214.20          -0.17461
214.40          -0.16563
214.60          -0.15735
214.80          -0.14971
215.00          -0.14267
215.20          -0.13617
215.40          -0.13017
215.60          -0.12462
215.80          -0.11950
216.00          -0.11475
216.20          -0.11036
216.40          -0.10628
216.60          -0.10250
216.80          -0.098991
217.00          -0.095730
217.20          -0.092697
217.40          -0.089874
217.60          -0.087245
217.80          -0.084795
218.00          -0.082510
218.20          -0.080377
218.40          -0.078385
218.60          -0.076524
218.80          -0.074784
219.00          -0.073156
219.20          -0.071632
219.40          -0.070206
219.60          -0.068869
219.80          -0.067617
220.00          -0.066443
220.20          -0.065343
220.40          -0.064310
220.60          -0.063342
220.80          -0.062434
221.00          -0.061582
221.20          -0.060783
221.40          -0.060033
221.60          -0.059330
221.80          -0.058671
222.00          -0.058053
222.20          -0.057474
222.40          -0.056933
222.60          -0.056426
222.80          -0.055953
223.00          -0.055511
223.20          -0.055099
223.40          -0.054716
223.60          -0.054360
223.80          -0.054031
224.00          -0.053727
224.20          -0.053447
224.40          -0.053190
224.60          -0.052957
224.80          -0.052745
225.00          -0.052556
