175.00          -0.10486
175.20          -0.10512
175.40          -0.10538
175.60          -0.10564
175.80          -0.10589
176.00          -0.10615
176.20          -0.10641
176.40          -0.10667
176.60          -0.10693
176.80          -0.10720
177.00          -0.10746
177.20          -0.10772
177.40          -0.10798
177.60          -0.10825
177.80          -0.10851
178.00          -0.10878
178.20          -0.10904
178.40          -0.10931
178.60          -0.10958
178.80          -0.10984
179.00          -0.11011
179.20          -0.11038
179.40          -0.11065
179.60          -0.11092
179.80          -0.11119
180.00          -0.11146
180.20          -0.11173
180.40          -0.11201
180.60          -0.11228
180.80          -0.11255
181.00          -0.11283
181.20          -0.11310
181.40          -0.11338
181.60          -0.11366
181.80          -0.11393
182.00          -0.11421
182.20          -0.11449
182.40          -0.11477
182.60          -0.11505
182.80          -0.11533
183.00          -0.11561
183.20          -0.11589
183.40          -0.11618
183.60          -0.11646
183.80          -0.11674
184.00          -0.11703
184.20          -0.11731
184.40          -0.11760
184.60          -0.11789
184.80          -0.11818
185.00          -0.11846
185.20          -0.11875
185.40          -0.11904
185.60          -0.11934
185.80          -0.11963
186.00          -0.11992
186.20          -0.12021
186.40          -0.12051
186.60          -0.12080
186.80          -0.12110
187.00          -0.12140
187.20          -0.12169
187.40          -0.12199
187.60          -0.12229
187.80          -0.12259
188.00          -0.12290
188.20          -0.12320
188.40          -0.12350
188.60          -0.12381
188.80          -0.12411
189.00          -0.12442
189.20          -0.12473
189.40          -0.12503
189.60          -0.12534
189.80          -0.12565
190.00          -0.12597
190.20          -0.12628
190.40          -0.12659
190.60          -0.12691
190.80          -0.12723
191.00          -0.12754
191.20          -0.12786
191.40          -0.12818
191.60          -0.12851
191.80          -0.12883
192.00          -0.12915
192.20          -0.12948
192.40          -0.12981
192.60          -0.13014
192.80          -0.13047
193.00          -0.13080
193.20          -0.13113
193.40          -0.13147
193.60          -0.13181
193.80          -0.13215
194.00          -0.13249
194.20          -0.13284
194.40          -0.13318
194.60          -0.13353
194.80          -0.13388
195.00          -0.13424
195.20          -0.13459
195.40          -0.13495
195.60          -0.13531
195.80          -0.13568
196.00          -0.13605
196.20          -0.13642
196.40          -0.13680
196.60          -0.13718
196.80          -0.13756
197.00          -0.13795
197.20          -0.13835
197.40          -0.13875
197.60          -0.13916
197.80          -0.13957
198.00          -0.13999
198.20          -0.14042
198.40          -0.14086
198.60          -0.14130
198.80          -0.14176
199.00          -0.14223
199.20          -0.14272
199.40          -0.14321
199.60          -0.14373
199.80          -0.14427
200.00          -0.14483
200.20          -0.14541
200.40          -0.14603
200.60          -0.14669
200.80          -0.14739
201.00          -0.14814
201.20          -0.14896
201.40          -0.14987
201.60          -0.15088
201.80          -0.15202
202.00          -0.15335
202.20          -0.15491
202.40          -0.15682
202.60          -0.15922
202.80          -0.16236
203.00          -0.16669
203.20          -0.17309
203.40          -0.18344
203.60          -0.20255
203.80          -0.24608
204.00          -0.39357
204.20          -1.7324
204.40          -0.97657
204.60          -0.26972
204.80          -0.18650
205.00          -0.16417
205.20          -0.15589
205.40          -0.15232
205.60          -0.15071
205.80          -0.15003
206.00          -0.14983
206.20          -0.14989
206.40          -0.15012
206.60          -0.15045
206.80          -0.15083
207.00          -0.15126
207.20          -0.15171
207.40          -0.15218
207.60          -0.15266
207.80          -0.15316
208.00          -0.15366
208.20          -0.15416
208.40          -0.15468
208.60          -0.15520
208.80          -0.15572
209.00          -0.15626
209.20          -0.15679
209.40          -0.15734
209.60          -0.15789
209.80          -0.15846
210.00          -0.15903
210.20          -0.15961
210.40          -0.16021
210.60          -0.16082
210.80          -0.16144
211.00          -0.16208
211.20          -0.16274
211.40          -0.16343
211.60          -0.16414
211.80          -0.16487
212.00          -0.16564
212.20          -0.16645
212.40          -0.16729
212.60          -0.16819
212.80          -0.16914
213.00          -0.17016
213.20          -0.17126
213.40          -0.17245
213.60          -0.17375
213.80          -0.17518
214.00          -0.17678
214.20          -0.17858
214.40          -0.18063
214.60          -0.18300
214.80          -0.18578
215.00          -0.18912
215.20          -0.19319
215.40          -0.19829
215.60          -0.20487
215.80          -0.21366
216.00          -0.22593
216.20          -0.24404
216.40          -0.27280
216.60          -0.32342
216.80          -0.42738
217.00          -0.70370
217.20          -1.9383
217.40          -20.758
217.60          -1.5766
217.80          -0.54341
218.00          -0.32513
218.20          -0.24903
218.40          -0.21502
218.60          -0.19746
218.80          -0.18752
219.00          -0.18154
219.20          -0.17780
219.40          -0.17541
219.60          -0.17387
219.80          -0.17289
220.00          -0.17229
220.20          -0.17196
220.40          -0.17181
220.60          -0.17181
220.80          -0.17191
221.00          -0.17208
221.20          -0.17232
221.40          -0.17260
221.60          -0.17291
221.80          -0.17325
222.00          -0.17361
222.20          -0.17399
222.40          -0.17438
222.60          -0.17479
222.80          -0.17520
223.00          -0.17562
223.20          -0.17605
223.40          -0.17648
223.60          -0.17691
223.80          -0.17735
224.00          -0.17780
224.20          -0.17824
224.40          -0.17869
224.60          -0.17914
224.80          -0.17960
225.00          -0.18005
