175.00          -0.14551
175.20          -0.14691
175.40          -0.14832
175.60          -0.14975
175.80          -0.15120
176.00          -0.15266
176.20          -0.15414
176.40          -0.15564
176.60          -0.15716
176.80          -0.15869
177.00          -0.16024
177.20          -0.16181
177.40          -0.16339
177.60          -0.16500
177.80          -0.16662
178.00          -0.16826
178.20          -0.16992
178.40          -0.17159
178.60          -0.17329
178.80          -0.17501
179.00          -0.17674
179.20          -0.17850
179.40          -0.18027
179.60          -0.18207
179.80          -0.18388
180.00          -0.18572
180.20          -0.18758
180.40          -0.18946
180.60          -0.19135
180.80          -0.19327
181.00          -0.19522
181.20          -0.19718
181.40          -0.19917
181.60          -0.20117
181.80          -0.20321
182.00          -0.20526
182.20          -0.20734
182.40          -0.20944
182.60          -0.21156
182.80          -0.21371
183.00          -0.21588
183.20          -0.21808
183.40          -0.22030
183.60          -0.22255
183.80          -0.22482
184.00          -0.22712
184.20          -0.22944
184.40          -0.23179
184.60          -0.23416
184.80          -0.23657
185.00          -0.23900
185.20          -0.24145
185.40          -0.24394
185.60          -0.24645
185.80          -0.24899
186.00          -0.25156
186.20          -0.25416
186.40          -0.25679
186.60          -0.25944
186.80          -0.26213
187.00          -0.26485
187.20          -0.26759
187.40          -0.27037
187.60          -0.27318
187.80          -0.27602
188.00          -0.27890
188.20          -0.28180
188.40          -0.28474
188.60          -0.28771
188.80          -0.29071
189.00          -0.29375
189.20          -0.29682
189.40          -0.29993
189.60          -0.30307
189.80          -0.30624
190.00          -0.30945
190.20          -0.31269
190.40          -0.31598
190.60          -0.31929
190.80          -0.32265
191.00          -0.32604
191.20          -0.32947
191.40          -0.33293
191.60          -0.33644
191.80          -0.33998
192.00          -0.34356
192.20          -0.34718
192.40          -0.35083
192.60          -0.35453
192.80          -0.35827
193.00          -0.36205
193.20          -0.36587
193.40          -0.36973
193.60          -0.37363
193.80          -0.37757
194.00          -0.38155
194.20          -0.38557
194.40          -0.38964
194.60          -0.39375
194.80          -0.39790
195.00          -0.40210
195.20          -0.40633
195.40          -0.41061
195.60          -0.41494
195.80          -0.41930
196.00          -0.42372
196.20          -0.42817
196.40          -0.43267
196.60          -0.43721
196.80          -0.44180
197.00          -0.44643
197.20          -0.45111
197.40          -0.45583
197.60          -0.46059
197.80          -0.46540
198.00          -0.47026
198.20          -0.47516
198.40          -0.48010
198.60          -0.48509
198.80          -0.49012
199.00          -0.49519
199.20          -0.50031
199.40          -0.50548
199.60          -0.51068
199.80          -0.51594
200.00          -0.52123
200.20          -0.52657
200.40          -0.53195
200.60          -0.53737
200.80          -0.54284
201.00          -0.54835
201.20          -0.55390
201.40          -0.55950
201.60          -0.56514
201.80          -0.57082
202.00          -0.57654
202.20          -0.58231
202.40          -0.58813
202.60          -0.59399
202.80          -0.59990
203.00          -0.60586
203.20          -0.61188
203.40          -0.61796
203.60          -0.62412
203.80          -0.63036
204.00          -0.63671
204.20          -0.64320
204.40          -0.64987
204.60          -0.65682
204.80          -0.66421
205.00          -0.67236
205.20          -0.68207
205.40          -0.69582
205.60          -0.72714
205.80          -0.82409
206.00          -0.65801
206.20          -0.67880
206.40          -0.69052
206.60          -0.69950
206.80          -0.70730
207.00          -0.71447
207.20          -0.72126
207.40          -0.72780
207.60          -0.73417
207.80          -0.74039
208.00          -0.74650
208.20          -0.75251
208.40          -0.75844
208.60          -0.76427
208.80          -0.77002
209.00          -0.77570
209.20          -0.78129
209.40          -0.78679
209.60          -0.79222
209.80          -0.79755
210.00          -0.80278
210.20          -0.80793
210.40          -0.81297
210.60          -0.81790
210.80          -0.82272
211.00          -0.82742
211.20          -0.83200
211.40          -0.83646
211.60          -0.84077
211.80          -0.84495
212.00          -0.84897
212.20          -0.85284
212.40          -0.85655
212.60          -0.86008
212.80          -0.86344
213.00          -0.86662
213.20          -0.86960
213.40          -0.87237
213.60          -0.87494
213.80          -0.87729
214.00          -0.87941
214.20          -0.88130
214.40          -0.88294
214.60          -0.88434
214.80          -0.88547
215.00          -0.88634
215.20          -0.88693
215.40          -0.88724
215.60          -0.88727
215.80          -0.88700
216.00          -0.88644
216.20          -0.88558
216.40          -0.88442
216.60          -0.88296
216.80          -0.88119
217.00          -0.87912
217.20          -0.87676
217.40          -0.87411
217.60          -0.87117
217.80          -0.86795
218.00          -0.86446
218.20          -0.86071
218.40          -0.85672
218.60          -0.85249
218.80          -0.84803
219.00          -0.84337
219.20          -0.83850
219.40          -0.83345
219.60          -0.82822
219.80          -0.82283
220.00          -0.81729
220.20          -0.81160
220.40          -0.80578
220.60          -0.79983
220.80          -0.79377
221.00          -0.78759
221.20          -0.78130
221.40          -0.77491
221.60          -0.76841
221.80          -0.76182
222.00          -0.75513
222.20          -0.74835
222.40          -0.74147
222.60          -0.73450
222.80          -0.72744
223.00          -0.72029
223.20          -0.71305
223.40          -0.70572
223.60          -0.69830
223.80          -0.69079
224.00          -0.68320
224.20          -0.67553
224.40          -0.66777
224.60          -0.65994
224.80          -0.65203
225.00          -0.64406
