175.00          -0.054893
175.20          -0.055061
175.40          -0.055231
175.60          -0.055401
175.80          -0.055571
176.00          -0.055743
176.20          -0.055915
176.40          -0.056088
176.60          -0.056261
176.80          -0.056436
177.00          -0.056611
177.20          -0.056787
177.40          -0.056963
177.60          -0.057141
177.80          -0.057319
178.00          -0.057498
178.20          -0.057678
178.40          -0.057858
178.60          -0.058040
178.80          -0.058222
179.00          -0.058405
179.20          -0.058589
179.40          -0.058774
179.60          -0.058960
179.80          -0.059146
180.00          -0.059334
180.20          -0.059522
180.40          -0.059711
180.60          -0.059902
180.80          -0.060093
181.00          -0.060285
181.20          -0.060478
181.40          -0.060672
181.60          -0.060867
181.80          -0.061063
182.00          -0.061260
182.20          -0.061459
182.40          -0.061658
182.60          -0.061858
182.80          -0.062059
183.00          -0.062262
183.20          -0.062465
183.40          -0.062670
183.60          -0.062876
183.80          -0.063083
184.00          -0.063291
184.20          -0.063500
184.40          -0.063711
184.60          -0.063922
184.80          -0.064135
185.00          -0.064349
185.20          -0.064565
185.40          -0.064782
185.60          -0.065000
185.80          -0.065219
186.00          -0.065440
186.20          -0.065662
186.40          -0.065885
186.60          -0.066110
186.80          -0.066337
187.00          -0.066565
187.20          -0.066794
187.40          -0.067025
187.60          -0.067257
187.80          -0.067491
188.00          -0.067726
188.20          -0.067964
188.40          -0.068202
188.60          -0.068443
188.80          -0.068685
189.00          -0.068929
189.20          -0.069174
189.40          -0.069421
189.60          -0.069670
189.80          -0.069921
190.00          -0.070174
190.20          -0.070429
190.40          -0.070685
190.60          -0.070944
190.80          -0.071204
191.00          -0.071467
191.20          -0.071732
191.40          -0.071998
191.60          -0.072267
191.80          -0.072538
192.00          -0.072811
192.20          -0.073087
192.40          -0.073365
192.60          -0.073645
192.80          -0.073927
193.00          -0.074212
193.20          -0.074500
193.40          -0.074789
193.60          -0.075082
193.80          -0.075377
194.00          -0.075674
194.20          -0.075975
194.40          -0.076278
194.60          -0.076584
194.80          -0.076892
195.00          -0.077204
195.20          -0.077519
195.40          -0.077836
195.60          -0.078157
195.80          -0.078481
196.00          -0.078808
196.20          -0.079138
196.40          -0.079472
196.60          -0.079809
196.80          -0.080149
197.00          -0.080493
197.20          -0.080840
197.40          -0.081191
197.60          -0.081546
197.80          -0.081905
198.00          -0.082267
198.20          -0.082634
198.40          -0.083004
198.60          -0.083379
198.80          -0.083758
199.00          -0.084141
199.20          -0.084528
199.40          -0.084920
199.60          -0.085316
199.80          -0.085717
200.00          -0.086123
200.20          -0.086534
200.40          -0.086949
200.60          -0.087369
200.80          -0.087795
201.00          -0.088226
201.20          -0.088662
201.40          -0.089103
201.60          -0.089550
201.80          -0.090003
202.00          -0.090462
202.20          -0.090926
202.40          -0.091396
202.60          -0.091873
202.80          -0.092356
203.00          -0.092845
203.20          -0.093341
203.40          -0.093843
203.60          -0.094352
203.80          -0.094868
204.00          -0.095391
204.20          -0.095922
204.40          -0.096459
204.60          -0.097005
204.80          -0.097557
205.00          -0.098118
205.20          -0.098687
205.40          -0.099263
205.60          -0.099848
205.80          -0.10044
206.00          -0.10104
206.20          -0.10165
206.40          -0.10227
206.60          -0.10290
206.80          -0.10354
207.00          -0.10419
207.20          -0.10485
207.40          -0.10551
207.60          -0.10619
207.80          -0.10688
208.00          -0.10758
208.20          -0.10828
208.40          -0.10900
208.60          -0.10973
208.80          -0.11048
209.00          -0.11123
209.20          -0.11199
209.40          -0.11277
209.60          -0.11355
209.80          -0.11435
210.00          -0.11517
210.20          -0.11599
210.40          -0.11683
210.60          -0.11767
210.80          -0.11854
211.00          -0.11941
211.20          -0.12030
211.40          -0.12120
211.60          -0.12212
211.80          -0.12304
212.00          -0.12399
212.20          -0.12494
212.40          -0.12591
212.60          -0.12689
212.80          -0.12789
213.00          -0.12890
213.20          -0.12992
213.40          -0.13096
213.60          -0.13201
213.80          -0.13308
214.00          -0.13416
214.20          -0.13525
214.40          -0.13636
214.60          -0.13748
214.80          -0.13861
215.00          -0.13975
215.20          -0.14091
215.40          -0.14208
215.60          -0.14325
215.80          -0.14444
216.00          -0.14564
216.20          -0.14685
216.40          -0.14807
216.60          -0.14930
216.80          -0.15053
217.00          -0.15177
217.20          -0.15302
217.40          -0.15427
217.60          -0.15552
217.80          -0.15678
218.00          -0.15804
218.20          -0.15929
218.40          -0.16055
218.60          -0.16180
218.80          -0.16304
219.00          -0.16428
219.20          -0.16550
219.40          -0.16672
219.60          -0.16792
219.80          -0.16911
220.00          -0.17028
220.20          -0.17143
220.40          -0.17256
220.60          -0.17366
220.80          -0.17473
221.00          -0.17577
221.20          -0.17678
221.40          -0.17776
221.60          -0.17869
221.80          -0.17959
222.00          -0.18044
222.20          -0.18124
222.40          -0.18199
222.60          -0.18269
222.80          -0.18334
223.00          -0.18392
223.20          -0.18445
223.40          -0.18491
223.60          -0.18531
223.80          -0.18564
224.00          -0.18590
224.20          -0.18609
224.40          -0.18621
224.60          -0.18626
224.80          -0.18623
225.00          -0.18613
