175.00          -0.055147
175.20          -0.055299
175.40          -0.055452
175.60          -0.055605
175.80          -0.055759
176.00          -0.055913
176.20          -0.056068
176.40          -0.056223
176.60          -0.056380
176.80          -0.056536
177.00          -0.056694
177.20          -0.056852
177.40          -0.057010
177.60          -0.057170
177.80          -0.057329
178.00          -0.057490
178.20          -0.057651
178.40          -0.057813
178.60          -0.057976
178.80          -0.058139
179.00          -0.058303
179.20          -0.058468
179.40          -0.058634
179.60          -0.058800
179.80          -0.058967
180.00          -0.059135
180.20          -0.059303
180.40          -0.059473
180.60          -0.059643
180.80          -0.059814
181.00          -0.059986
181.20          -0.060158
181.40          -0.060332
181.60          -0.060506
181.80          -0.060682
182.00          -0.060858
182.20          -0.061035
182.40          -0.061213
182.60          -0.061392
182.80          -0.061572
183.00          -0.061753
183.20          -0.061935
183.40          -0.062118
183.60          -0.062302
183.80          -0.062487
184.00          -0.062674
184.20          -0.062861
184.40          -0.063049
184.60          -0.063239
184.80          -0.063429
185.00          -0.063621
185.20          -0.063814
185.40          -0.064008
185.60          -0.064204
185.80          -0.064400
186.00          -0.064598
186.20          -0.064798
186.40          -0.064998
186.60          -0.065200
186.80          -0.065403
187.00          -0.065608
187.20          -0.065814
187.40          -0.066022
187.60          -0.066231
187.80          -0.066441
188.00          -0.066653
188.20          -0.066867
188.40          -0.067082
188.60          -0.067299
188.80          -0.067517
189.00          -0.067737
189.20          -0.067959
189.40          -0.068183
189.60          -0.068408
189.80          -0.068635
190.00          -0.068864
190.20          -0.069095
190.40          -0.069328
190.60          -0.069563
190.80          -0.069800
191.00          -0.070039
191.20          -0.070280
191.40          -0.070523
191.60          -0.070768
191.80          -0.071015
192.00          -0.071265
192.20          -0.071517
192.40          -0.071771
192.60          -0.072028
192.80          -0.072287
193.00          -0.072549
193.20          -0.072813
193.40          -0.073080
193.60          -0.073349
193.80          -0.073621
194.00          -0.073896
194.20          -0.074173
194.40          -0.074454
194.60          -0.074737
194.80          -0.075024
195.00          -0.075313
195.20          -0.075606
195.40          -0.075902
195.60          -0.076201
195.80          -0.076503
196.00          -0.076809
196.20          -0.077118
196.40          -0.077430
196.60          -0.077747
196.80          -0.078067
197.00          -0.078390
197.20          -0.078718
197.40          -0.079049
197.60          -0.079385
197.80          -0.079725
198.00          -0.080068
198.20          -0.080416
198.40          -0.080769
198.60          -0.081126
198.80          -0.081487
199.00          -0.081853
199.20          -0.082224
199.40          -0.082600
199.60          -0.082980
199.80          -0.083366
200.00          -0.083757
200.20          -0.084153
200.40          -0.084555
200.60          -0.084962
200.80          -0.085375
201.00          -0.085793
201.20          -0.086218
201.40          -0.086648
201.60          -0.087085
201.80          -0.087528
202.00          -0.087978
202.20          -0.088434
202.40          -0.088896
202.60          -0.089366
202.80          -0.089843
203.00          -0.090327
203.20          -0.090818
203.40          -0.091316
203.60          -0.091823
203.80          -0.092337
204.00          -0.092859
204.20          -0.093389
204.40          -0.093928
204.60          -0.094475
204.80          -0.095031
205.00          -0.095595
205.20          -0.096169
205.40          -0.096752
205.60          -0.097345
205.80          -0.097947
206.00          -0.098559
206.20          -0.099181
206.40          -0.099813
206.60          -0.10046
206.80          -0.10111
207.00          -0.10177
207.20          -0.10245
207.40          -0.10313
207.60          -0.10383
207.80          -0.10454
208.00          -0.10526
208.20          -0.10600
208.40          -0.10674
208.60          -0.10750
208.80          -0.10827
209.00          -0.10906
209.20          -0.10986
209.40          -0.11067
209.60          -0.11149
209.80          -0.11233
210.00          -0.11318
210.20          -0.11405
210.40          -0.11493
210.60          -0.11582
210.80          -0.11673
211.00          -0.11766
211.20          -0.11859
211.40          -0.11955
211.60          -0.12052
211.80          -0.12150
212.00          -0.12250
212.20          -0.12351
212.40          -0.12454
212.60          -0.12559
212.80          -0.12665
213.00          -0.12772
213.20          -0.12881
213.40          -0.12991
213.60          -0.13103
213.80          -0.13216
214.00          -0.13331
214.20          -0.13447
214.40          -0.13564
214.60          -0.13683
214.80          -0.13802
215.00          -0.13923
215.20          -0.14045
215.40          -0.14168
215.60          -0.14292
215.80          -0.14417
216.00          -0.14543
216.20          -0.14669
216.40          -0.14796
216.60          -0.14923
216.80          -0.15050
217.00          -0.15178
217.20          -0.15305
217.40          -0.15433
217.60          -0.15559
217.80          -0.15686
218.00          -0.15811
218.20          -0.15936
218.40          -0.16060
218.60          -0.16182
218.80          -0.16302
219.00          -0.16420
219.20          -0.16537
219.40          -0.16651
219.60          -0.16762
219.80          -0.16870
220.00          -0.16975
220.20          -0.17076
220.40          -0.17173
220.60          -0.17266
220.80          -0.17355
221.00          -0.17439
221.20          -0.17518
221.40          -0.17591
221.60          -0.17659
221.80          -0.17721
222.00          -0.17777
222.20          -0.17826
222.40          -0.17868
222.60          -0.17904
222.80          -0.17933
223.00          -0.17954
223.20          -0.17968
223.40          -0.17975
223.60          -0.17974
223.80          -0.17965
224.00          -0.17948
224.20          -0.17924
224.40          -0.17892
224.60          -0.17852
224.80          -0.17804
225.00          -0.17749
