175.00          -0.056858
175.20          -0.056982
175.40          -0.057106
175.60          -0.057230
175.80          -0.057355
176.00          -0.057480
176.20          -0.057605
176.40          -0.057730
176.60          -0.057856
176.80          -0.057982
177.00          -0.058107
177.20          -0.058233
177.40          -0.058359
177.60          -0.058485
177.80          -0.058611
178.00          -0.058737
178.20          -0.058863
178.40          -0.058989
178.60          -0.059115
178.80          -0.059241
179.00          -0.059366
179.20          -0.059491
179.40          -0.059616
179.60          -0.059741
179.80          -0.059865
180.00          -0.059989
180.20          -0.060113
180.40          -0.060236
180.60          -0.060359
180.80          -0.060481
181.00          -0.060603
181.20          -0.060725
181.40          -0.060846
181.60          -0.060966
181.80          -0.061086
182.00          -0.061205
182.20          -0.061324
182.40          -0.061442
182.60          -0.061559
182.80          -0.061676
183.00          -0.061792
183.20          -0.061907
183.40          -0.062021
183.60          -0.062135
183.80          -0.062248
184.00          -0.062360
184.20          -0.062471
184.40          -0.062582
184.60          -0.062691
184.80          -0.062800
185.00          -0.062908
185.20          -0.063014
185.40          -0.063120
185.60          -0.063225
185.80          -0.063329
186.00          -0.063432
186.20          -0.063534
186.40          -0.063634
186.60          -0.063734
186.80          -0.063833
187.00          -0.063930
187.20          -0.064027
187.40          -0.064122
187.60          -0.064217
187.80          -0.064310
188.00          -0.064402
188.20          -0.064493
188.40          -0.064582
188.60          -0.064671
188.80          -0.064758
189.00          -0.064844
189.20          -0.064929
189.40          -0.065013
189.60          -0.065095
189.80          -0.065176
190.00          -0.065256
190.20          -0.065334
190.40          -0.065412
190.60          -0.065488
190.80          -0.065563
191.00          -0.065636
191.20          -0.065708
191.40          -0.065779
191.60          -0.065848
191.80          -0.065917
192.00          -0.065983
192.20          -0.066049
192.40          -0.066113
192.60          -0.066176
192.80          -0.066237
193.00          -0.066297
193.20          -0.066356
193.40          -0.066414
193.60          -0.066470
193.80          -0.066524
194.00          -0.066578
194.20          -0.066629
194.40          -0.066680
194.60          -0.066729
194.80          -0.066777
195.00          -0.066823
195.20          -0.066868
195.40          -0.066912
195.60          -0.066954
195.80          -0.066995
196.00          -0.067035
196.20          -0.067073
196.40          -0.067110
196.60          -0.067145
196.80          -0.067179
197.00          -0.067212
197.20          -0.067243
197.40          -0.067273
197.60          -0.067302
197.80          -0.067329
198.00          -0.067355
198.20          -0.067380
198.40          -0.067403
198.60          -0.067425
198.80          -0.067446
199.00          -0.067465
199.20          -0.067483
199.40          -0.067499
199.60          -0.067515
199.80          -0.067529
200.00          -0.067541
200.20          -0.067553
200.40          -0.067563
200.60          -0.067572
200.80          -0.067579
201.00          -0.067586
201.20          -0.067591
201.40          -0.067594
201.60          -0.067597
201.80          -0.067598
202.00          -0.067599
202.20          -0.067598
202.40          -0.067595
202.60          -0.067592
202.80          -0.067588
203.00          -0.067582
203.20          -0.067576
203.40          -0.067568
203.60          -0.067559
203.80          -0.067550
204.00          -0.067540
204.20          -0.067529
204.40          -0.067518
204.60          -0.067507
204.80          -0.067496
205.00          -0.067486
205.20          -0.067480
205.40          -0.067481
205.60          -0.067500
205.80          -0.067580
206.00          -0.068132
206.20          -0.067928
206.40          -0.067150
206.60          -0.067148
206.80          -0.067140
207.00          -0.067124
207.20          -0.067102
207.40          -0.067077
207.60          -0.067049
207.80          -0.067019
208.00          -0.066987
208.20          -0.066953
208.40          -0.066918
208.60          -0.066881
208.80          -0.066844
209.00          -0.066805
209.20          -0.066764
209.40          -0.066723
209.60          -0.066680
209.80          -0.066637
210.00          -0.066592
210.20          -0.066546
210.40          -0.066500
210.60          -0.066452
210.80          -0.066403
211.00          -0.066353
211.20          -0.066302
211.40          -0.066250
211.60          -0.066198
211.80          -0.066144
212.00          -0.066089
212.20          -0.066033
212.40          -0.065977
212.60          -0.065919
212.80          -0.065861
213.00          -0.065801
213.20          -0.065741
213.40          -0.065680
213.60          -0.065618
213.80          -0.065555
214.00          -0.065491
214.20          -0.065427
214.40          -0.065361
214.60          -0.065295
214.80          -0.065228
215.00          -0.065160
215.20          -0.065091
215.40          -0.065021
215.60          -0.064951
215.80          -0.064880
216.00          -0.064808
216.20          -0.064735
216.40          -0.064662
216.60          -0.064588
216.80          -0.064513
217.00          -0.064438
217.20          -0.064362
217.40          -0.064286
217.60          -0.064209
217.80          -0.064132
218.00          -0.064054
218.20          -0.063975
218.40          -0.063897
218.60          -0.063818
218.80          -0.063739
219.00          -0.063660
219.20          -0.063580
219.40          -0.063501
219.60          -0.063422
219.80          -0.063343
220.00          -0.063265
220.20          -0.063187
220.40          -0.063110
220.60          -0.063034
220.80          -0.062959
221.00          -0.062886
221.20          -0.062814
221.40          -0.062745
221.60          -0.062678
221.80          -0.062614
222.00          -0.062553
222.20          -0.062497
222.40          -0.062445
222.60          -0.062400
222.80          -0.062361
223.00          -0.062330
223.20          -0.062309
223.40          -0.062299
223.60          -0.062303
223.80          -0.062323
224.00          -0.062362
224.20          -0.062425
224.40          -0.062518
224.60          -0.062646
224.80          -0.062819
225.00          -0.063049
