175.00          -0.047886
175.20          -0.048072
175.40          -0.048261
175.60          -0.048453
175.80          -0.048648
176.00          -0.048846
176.20          -0.049048
176.40          -0.049252
176.60          -0.049461
176.80          -0.049673
177.00          -0.049889
177.20          -0.050109
177.40          -0.050333
177.60          -0.050562
177.80          -0.050796
178.00          -0.051035
178.20          -0.051279
178.40          -0.051529
178.60          -0.051785
178.80          -0.052047
179.00          -0.052316
179.20          -0.052593
179.40          -0.052877
179.60          -0.053169
179.80          -0.053470
180.00          -0.053780
180.20          -0.054100
180.40          -0.054431
180.60          -0.054773
180.80          -0.055127
181.00          -0.055495
181.20          -0.055877
181.40          -0.056274
181.60          -0.056688
181.80          -0.057119
182.00          -0.057571
182.20          -0.058043
182.40          -0.058538
182.60          -0.059059
182.80          -0.059607
183.00          -0.060185
183.20          -0.060797
183.40          -0.061445
183.60          -0.062134
183.80          -0.062868
184.00          -0.063651
184.20          -0.064491
184.40          -0.065392
184.60          -0.066364
184.80          -0.067414
185.00          -0.068554
185.20          -0.069795
185.40          -0.071151
185.60          -0.072641
185.80          -0.074284
186.00          -0.076104
186.20          -0.078132
186.40          -0.080402
186.60          -0.082961
186.80          -0.085863
187.00          -0.089176
187.20          -0.092990
187.40          -0.097416
187.60          -0.10260
187.80          -0.10874
188.00          -0.11609
188.20          -0.12500
188.40          -0.13598
188.60          -0.14973
188.80          -0.16728
189.00          -0.19022
189.20          -0.22103
189.40          -0.26377
189.60          -0.32549
189.80          -0.41915
190.00          -0.57042
190.20          -0.83459
190.40          -1.3406
190.60          -2.3822
190.80          -4.1552
191.00          -4.2634
191.20          -2.4372
191.40          -1.3249
191.60          -0.79563
191.80          -0.52696
192.00          -0.37718
192.20          -0.28671
192.40          -0.22846
192.60          -0.18902
192.80          -0.16121
193.00          -0.14094
193.20          -0.12577
193.40          -0.11415
193.60          -0.10508
193.80          -0.097878
194.00          -0.092085
194.20          -0.087368
194.40          -0.083485
194.60          -0.080260
194.80          -0.077559
195.00          -0.075282
195.20          -0.073350
195.40          -0.071702
195.60          -0.070290
195.80          -0.069075
196.00          -0.068026
196.20          -0.067118
196.40          -0.066331
196.60          -0.065646
196.80          -0.065051
197.00          -0.064532
197.20          -0.064081
197.40          -0.063689
197.60          -0.063348
197.80          -0.063053
198.00          -0.062797
198.20          -0.062578
198.40          -0.062391
198.60          -0.062232
198.80          -0.062099
199.00          -0.061988
199.20          -0.061898
199.40          -0.061828
199.60          -0.061774
199.80          -0.061735
200.00          -0.061711
200.20          -0.061700
200.40          -0.061700
200.60          -0.061712
200.80          -0.061734
201.00          -0.061765
201.20          -0.061805
201.40          -0.061854
201.60          -0.061911
201.80          -0.061975
202.00          -0.062046
202.20          -0.062124
202.40          -0.062210
202.60          -0.062303
202.80          -0.062402
203.00          -0.062510
203.20          -0.062625
203.40          -0.062749
203.60          -0.062883
203.80          -0.063029
204.00          -0.063188
204.20          -0.063366
204.40          -0.063566
204.60          -0.063797
204.80          -0.064074
205.00          -0.064420
205.20          -0.064880
205.40          -0.065550
205.60          -0.066660
205.80          -0.068930
206.00          -0.075798
206.20          -0.13998
206.40          -0.13800
206.60          -0.068518
206.80          -0.064583
207.00          -0.063881
207.20          -0.063775
207.40          -0.063836
207.60          -0.063954
207.80          -0.064093
208.00          -0.064241
208.20          -0.064390
208.40          -0.064540
208.60          -0.064690
208.80          -0.064838
209.00          -0.064984
209.20          -0.065130
209.40          -0.065274
209.60          -0.065418
209.80          -0.065561
210.00          -0.065703
210.20          -0.065844
210.40          -0.065985
210.60          -0.066126
210.80          -0.066266
211.00          -0.066405
211.20          -0.066545
211.40          -0.066684
211.60          -0.066823
211.80          -0.066961
212.00          -0.067100
212.20          -0.067238
212.40          -0.067377
212.60          -0.067515
212.80          -0.067653
213.00          -0.067791
213.20          -0.067928
213.40          -0.068066
213.60          -0.068204
213.80          -0.068341
214.00          -0.068479
214.20          -0.068616
214.40          -0.068754
214.60          -0.068891
214.80          -0.069028
215.00          -0.069165
215.20          -0.069302
215.40          -0.069439
215.60          -0.069576
215.80          -0.069713
216.00          -0.069850
216.20          -0.069987
216.40          -0.070124
216.60          -0.070260
216.80          -0.070397
217.00          -0.070533
217.20          -0.070670
217.40          -0.070806
217.60          -0.070942
217.80          -0.071079
218.00          -0.071215
218.20          -0.071351
218.40          -0.071487
218.60          -0.071622
218.80          -0.071758
219.00          -0.071894
219.20          -0.072029
219.40          -0.072165
219.60          -0.072300
219.80          -0.072436
220.00          -0.072571
220.20          -0.072706
220.40          -0.072841
220.60          -0.072976
220.80          -0.073110
221.00          -0.073245
221.20          -0.073379
221.40          -0.073514
221.60          -0.073648
221.80          -0.073782
222.00          -0.073916
222.20          -0.074050
222.40          -0.074184
222.60          -0.074318
222.80          -0.074451
223.00          -0.074585
223.20          -0.074718
223.40          -0.074851
223.60          -0.074984
223.80          -0.075117
224.00          -0.075250
224.20          -0.075383
224.40          -0.075516
224.60          -0.075648
224.80          -0.075781
225.00          -0.075913
