175.00          -0.025178
175.20          -0.025220
175.40          -0.025262
175.60          -0.025304
175.80          -0.025346
176.00          -0.025388
176.20          -0.025431
176.40          -0.025473
176.60          -0.025516
176.80          -0.025558
177.00          -0.025601
177.20          -0.025644
177.40          -0.025687
177.60          -0.025730
177.80          -0.025773
178.00          -0.025816
178.20          -0.025859
178.40          -0.025902
178.60          -0.025946
178.80          -0.025989
179.00          -0.026033
179.20          -0.026077
179.40          -0.026120
179.60          -0.026164
179.80          -0.026208
180.00          -0.026252
180.20          -0.026297
180.40          -0.026341
180.60          -0.026385
180.80          -0.026430
181.00          -0.026474
181.20          -0.026519
181.40          -0.026563
181.60          -0.026608
181.80          -0.026653
182.00          -0.026698
182.20          -0.026743
182.40          -0.026788
182.60          -0.026834
182.80          -0.026879
183.00          -0.026925
183.20          -0.026970
183.40          -0.027016
183.60          -0.027062
183.80          -0.027107
184.00          -0.027153
184.20          -0.027199
184.40          -0.027246
184.60          -0.027292
184.80          -0.027338
185.00          -0.027385
185.20          -0.027431
185.40          -0.027478
185.60          -0.027525
185.80          -0.027572
186.00          -0.027619
186.20          -0.027666
186.40          -0.027713
186.60          -0.027760
186.80          -0.027807
187.00          -0.027855
187.20          -0.027902
187.40          -0.027950
187.60          -0.027998
187.80          -0.028046
188.00          -0.028094
188.20          -0.028142
188.40          -0.028190
188.60          -0.028239
188.80          -0.028287
189.00          -0.028336
189.20          -0.028384
189.40          -0.028433
189.60          -0.028482
189.80          -0.028531
190.00          -0.028580
190.20          -0.028629
190.40          -0.028679
190.60          -0.028728
190.80          -0.028778
191.00          -0.028827
191.20          -0.028877
191.40          -0.028927
191.60          -0.028977
191.80          -0.029027
192.00          -0.029077
192.20          -0.029128
192.40          -0.029178
192.60          -0.029229
192.80          -0.029280
193.00          -0.029330
193.20          -0.029381
193.40          -0.029433
193.60          -0.029484
193.80          -0.029535
194.00          -0.029587
194.20          -0.029638
194.40          -0.029690
194.60          -0.029742
194.80          -0.029794
195.00          -0.029846
195.20          -0.029898
195.40          -0.029951
195.60          -0.030003
195.80          -0.030056
196.00          -0.030109
196.20          -0.030162
196.40          -0.030215
196.60          -0.030268
196.80          -0.030322
197.00          -0.030375
197.20          -0.030429
197.40          -0.030483
197.60          -0.030537
197.80          -0.030591
198.00          -0.030645
198.20          -0.030700
198.40          -0.030754
198.60          -0.030809
198.80          -0.030864
199.00          -0.030919
199.20          -0.030975
199.40          -0.031030
199.60          -0.031086
199.80          -0.031142
200.00          -0.031198
200.20          -0.031254
200.40          -0.031310
200.60          -0.031367
200.80          -0.031424
201.00          -0.031481
201.20          -0.031538
201.40          -0.031595
201.60          -0.031653
201.80          -0.031711
202.00          -0.031769
202.20          -0.031827
202.40          -0.031886
202.60          -0.031945
202.80          -0.032004
203.00          -0.032063
203.20          -0.032123
203.40          -0.032183
203.60          -0.032243
203.80          -0.032303
204.00          -0.032364
204.20          -0.032425
204.40          -0.032487
204.60          -0.032549
204.80          -0.032611
205.00          -0.032673
205.20          -0.032736
205.40          -0.032800
205.60          -0.032864
205.80          -0.032928
206.00          -0.032993
206.20          -0.033059
206.40          -0.033125
206.60          -0.033191
206.80          -0.033259
207.00          -0.033327
207.20          -0.033396
207.40          -0.033466
207.60          -0.033537
207.80          -0.033610
208.00          -0.033683
208.20          -0.033758
208.40          -0.033835
208.60          -0.033913
208.80          -0.033994
209.00          -0.034078
209.20          -0.034165
209.40          -0.034255
209.60          -0.034351
209.80          -0.034452
210.00          -0.034562
210.20          -0.034681
210.40          -0.034814
210.60          -0.034966
210.80          -0.035147
211.00          -0.035370
211.20          -0.035665
211.40          -0.036086
211.60          -0.036767
211.80          -0.038089
212.00          -0.041633
212.20          -0.062130
212.40          -0.27889
212.60          -0.041846
212.80          -0.036233
213.00          -0.035271
213.20          -0.035042
213.40          -0.035013
213.60          -0.035053
213.80          -0.035121
214.00          -0.035201
214.20          -0.035286
214.40          -0.035375
214.60          -0.035464
214.80          -0.035554
215.00          -0.035644
215.20          -0.035734
215.40          -0.035825
215.60          -0.035915
215.80          -0.036006
216.00          -0.036098
216.20          -0.036190
216.40          -0.036283
216.60          -0.036376
216.80          -0.036471
217.00          -0.036567
217.20          -0.036663
217.40          -0.036762
217.60          -0.036861
217.80          -0.036963
218.00          -0.037066
218.20          -0.037171
218.40          -0.037278
218.60          -0.037387
218.80          -0.037500
219.00          -0.037615
219.20          -0.037733
219.40          -0.037854
219.60          -0.037980
219.80          -0.038109
220.00          -0.038243
220.20          -0.038382
220.40          -0.038527
220.60          -0.038678
220.80          -0.038836
221.00          -0.039001
221.20          -0.039175
221.40          -0.039359
221.60          -0.039555
221.80          -0.039762
222.00          -0.039984
222.20          -0.040223
222.40          -0.040480
222.60          -0.040760
222.80          -0.041065
223.00          -0.041401
223.20          -0.041772
223.40          -0.042186
223.60          -0.042652
223.80          -0.043182
224.00          -0.043788
224.20          -0.044492
224.40          -0.045319
224.60          -0.046303
224.80          -0.047496
225.00          -0.048966
