175.00          -0.031595
175.20          -0.031671
175.40          -0.031747
175.60          -0.031824
175.80          -0.031901
176.00          -0.031978
176.20          -0.032056
176.40          -0.032134
176.60          -0.032213
176.80          -0.032292
177.00          -0.032371
177.20          -0.032450
177.40          -0.032531
177.60          -0.032611
177.80          -0.032692
178.00          -0.032773
178.20          -0.032855
178.40          -0.032937
178.60          -0.033019
178.80          -0.033102
179.00          -0.033186
179.20          -0.033270
179.40          -0.033354
179.60          -0.033439
179.80          -0.033524
180.00          -0.033610
180.20          -0.033696
180.40          -0.033783
180.60          -0.033870
180.80          -0.033957
181.00          -0.034046
181.20          -0.034134
181.40          -0.034224
181.60          -0.034313
181.80          -0.034404
182.00          -0.034495
182.20          -0.034586
182.40          -0.034678
182.60          -0.034771
182.80          -0.034864
183.00          -0.034958
183.20          -0.035052
183.40          -0.035147
183.60          -0.035243
183.80          -0.035340
184.00          -0.035437
184.20          -0.035534
184.40          -0.035633
184.60          -0.035732
184.80          -0.035832
185.00          -0.035932
185.20          -0.036034
185.40          -0.036136
185.60          -0.036239
185.80          -0.036342
186.00          -0.036447
186.20          -0.036552
186.40          -0.036659
186.60          -0.036766
186.80          -0.036874
187.00          -0.036983
187.20          -0.037092
187.40          -0.037203
187.60          -0.037315
187.80          -0.037428
188.00          -0.037541
188.20          -0.037656
188.40          -0.037772
188.60          -0.037889
188.80          -0.038008
189.00          -0.038127
189.20          -0.038247
189.40          -0.038369
189.60          -0.038492
189.80          -0.038617
190.00          -0.038742
190.20          -0.038869
190.40          -0.038998
190.60          -0.039128
190.80          -0.039259
191.00          -0.039392
191.20          -0.039527
191.40          -0.039663
191.60          -0.039801
191.80          -0.039940
192.00          -0.040082
192.20          -0.040225
192.40          -0.040370
192.60          -0.040517
192.80          -0.040666
193.00          -0.040818
193.20          -0.040971
193.40          -0.041127
193.60          -0.041285
193.80          -0.041445
194.00          -0.041608
194.20          -0.041774
194.40          -0.041942
194.60          -0.042114
194.80          -0.042288
195.00          -0.042465
195.20          -0.042645
195.40          -0.042828
195.60          -0.043015
195.80          -0.043206
196.00          -0.043400
196.20          -0.043598
196.40          -0.043800
196.60          -0.044007
196.80          -0.044217
197.00          -0.044433
197.20          -0.044653
197.40          -0.044878
197.60          -0.045109
197.80          -0.045345
198.00          -0.045587
198.20          -0.045835
198.40          -0.046089
198.60          -0.046350
198.80          -0.046619
199.00          -0.046895
199.20          -0.047179
199.40          -0.047471
199.60          -0.047772
199.80          -0.048082
200.00          -0.048403
200.20          -0.048734
200.40          -0.049076
200.60          -0.049430
200.80          -0.049797
201.00          -0.050178
201.20          -0.050572
201.40          -0.050983
201.60          -0.051409
201.80          -0.051854
202.00          -0.052317
202.20          -0.052801
202.40          -0.053307
202.60          -0.053837
202.80          -0.054392
203.00          -0.054975
203.20          -0.055588
203.40          -0.056235
203.60          -0.056916
203.80          -0.057637
204.00          -0.058401
204.20          -0.059212
204.40          -0.060074
204.60          -0.060993
204.80          -0.061976
205.00          -0.063029
205.20          -0.064160
205.40          -0.065379
205.60          -0.066697
205.80          -0.068126
206.00          -0.069680
206.20          -0.071379
206.40          -0.073241
206.60          -0.075293
206.80          -0.077564
207.00          -0.080092
207.20          -0.082920
207.40          -0.086104
207.60          -0.089715
207.80          -0.093841
208.00          -0.098594
208.20          -0.10413
208.40          -0.11063
208.60          -0.11838
208.80          -0.12773
209.00          -0.13921
209.20          -0.15359
209.40          -0.17200
209.60          -0.19625
209.80          -0.22930
210.00          -0.27630
210.20          -0.34694
210.40          -0.46112
210.60          -0.66497
210.80          -1.0828
211.00          -2.1059
211.20          -4.5849
211.40          -3.9803
211.60          -1.5210
211.80          -0.66496
212.00          -0.35224
212.20          -0.21636
212.40          -0.14978
212.60          -0.11521
212.80          -0.097670
213.00          -0.090707
213.20          -0.091691
213.40          -0.10024
213.60          -0.11794
213.80          -0.14909
214.00          -0.20297
214.20          -0.29937
214.40          -0.48063
214.60          -0.82000
214.80          -1.2833
215.00          -1.3401
215.20          -0.92745
215.40          -0.58341
215.60          -0.38650
215.80          -0.27532
216.00          -0.20887
216.20          -0.16662
216.40          -0.13830
216.60          -0.11846
216.80          -0.10405
217.00          -0.093275
217.20          -0.085018
217.40          -0.078560
217.60          -0.073422
217.80          -0.069274
218.00          -0.065885
218.20          -0.063084
218.40          -0.060750
218.60          -0.058788
218.80          -0.057129
219.00          -0.055717
219.20          -0.054509
219.40          -0.053471
219.60          -0.052577
219.80          -0.051804
220.00          -0.051134
220.20          -0.050553
220.40          -0.050048
220.60          -0.049609
220.80          -0.049228
221.00          -0.048897
221.20          -0.048609
221.40          -0.048361
221.60          -0.048148
221.80          -0.047964
222.00          -0.047808
222.20          -0.047677
222.40          -0.047567
222.60          -0.047476
222.80          -0.047403
223.00          -0.047346
223.20          -0.047303
223.40          -0.047274
223.60          -0.047256
223.80          -0.047249
224.00          -0.047252
224.20          -0.047264
224.40          -0.047284
224.60          -0.047311
224.80          -0.047346
225.00          -0.047387
