175.00          -0.055928
175.20          -0.055568
175.40          -0.055223
175.60          -0.054893
175.80          -0.054578
176.00          -0.054276
176.20          -0.053988
176.40          -0.053712
176.60          -0.053450
176.80          -0.053200
177.00          -0.052963
177.20          -0.052737
177.40          -0.052522
177.60          -0.052319
177.80          -0.052127
178.00          -0.051946
178.20          -0.051774
178.40          -0.051613
178.60          -0.051462
178.80          -0.051321
179.00          -0.051188
179.20          -0.051066
179.40          -0.050952
179.60          -0.050846
179.80          -0.050750
180.00          -0.050661
180.20          -0.050581
180.40          -0.050509
180.60          -0.050444
180.80          -0.050388
181.00          -0.050338
181.20          -0.050296
181.40          -0.050262
181.60          -0.050234
181.80          -0.050213
182.00          -0.050199
182.20          -0.050191
182.40          -0.050190
182.60          -0.050195
182.80          -0.050207
183.00          -0.050224
183.20          -0.050248
183.40          -0.050277
183.60          -0.050312
183.80          -0.050353
184.00          -0.050400
184.20          -0.050451
184.40          -0.050509
184.60          -0.050571
184.80          -0.050639
185.00          -0.050712
185.20          -0.050790
185.40          -0.050873
185.60          -0.050961
185.80          -0.051053
186.00          -0.051151
186.20          -0.051253
186.40          -0.051359
186.60          -0.051470
186.80          -0.051586
187.00          -0.051706
187.20          -0.051830
187.40          -0.051959
187.60          -0.052092
187.80          -0.052229
188.00          -0.052370
188.20          -0.052516
188.40          -0.052665
188.60          -0.052819
188.80          -0.052976
189.00          -0.053137
189.20          -0.053302
189.40          -0.053471
189.60          -0.053644
189.80          -0.053820
190.00          -0.054001
190.20          -0.054184
190.40          -0.054372
190.60          -0.054563
190.80          -0.054757
191.00          -0.054956
191.20          -0.055157
191.40          -0.055362
191.60          -0.055571
191.80          -0.055783
192.00          -0.055998
192.20          -0.056217
192.40          -0.056439
192.60          -0.056664
192.80          -0.056893
193.00          -0.057125
193.20          -0.057360
193.40          -0.057598
193.60          -0.057839
193.80          -0.058084
194.00          -0.058332
194.20          -0.058583
194.40          -0.058837
194.60          -0.059094
194.80          -0.059354
195.00          -0.059617
195.20          -0.059884
195.40          -0.060153
195.60          -0.060425
195.80          -0.060700
196.00          -0.060979
196.20          -0.061260
196.40          -0.061544
196.60          -0.061831
196.80          -0.062121
197.00          -0.062414
197.20          -0.062710
197.40          -0.063008
197.60          -0.063310
197.80          -0.063614
198.00          -0.063921
198.20          -0.064231
198.40          -0.064544
198.60          -0.064860
198.80          -0.065178
199.00          -0.065499
199.20          -0.065823
199.40          -0.066150
199.60          -0.066479
199.80          -0.066812
200.00          -0.067147
200.20          -0.067484
200.40          -0.067825
200.60          -0.068168
200.80          -0.068514
201.00          -0.068862
201.20          -0.069213
201.40          -0.069567
201.60          -0.069924
201.80          -0.070283
202.00          -0.070645
202.20          -0.071010
202.40          -0.071377
202.60          -0.071747
202.80          -0.072120
203.00          -0.072495
203.20          -0.072874
203.40          -0.073254
203.60          -0.073638
203.80          -0.074024
204.00          -0.074414
204.20          -0.074805
204.40          -0.075200
204.60          -0.075598
204.80          -0.075998
205.00          -0.076401
205.20          -0.076808
205.40          -0.077217
205.60          -0.077629
205.80          -0.078045
206.00          -0.078464
206.20          -0.078886
206.40          -0.079312
206.60          -0.079741
206.80          -0.080174
207.00          -0.080611
207.20          -0.081053
207.40          -0.081499
207.60          -0.081949
207.80          -0.082405
208.00          -0.082867
208.20          -0.083335
208.40          -0.083811
208.60          -0.084294
208.80          -0.084786
209.00          -0.085289
209.20          -0.085804
209.40          -0.086334
209.60          -0.086881
209.80          -0.087450
210.00          -0.088047
210.20          -0.088677
210.40          -0.089354
210.60          -0.090092
210.80          -0.090915
211.00          -0.091864
211.20          -0.093003
211.40          -0.094454
211.60          -0.096455
211.80          -0.099556
212.00          -0.10527
212.20          -0.11935
212.40          -0.18440
212.60          -7.3360
212.80          -0.15328
213.00          -0.10320
213.20          -0.095736
213.40          -0.093894
213.60          -0.093497
213.80          -0.093602
214.00          -0.093912
214.20          -0.094315
214.40          -0.094763
214.60          -0.095232
214.80          -0.095711
215.00          -0.096195
215.20          -0.096680
215.40          -0.097164
215.60          -0.097647
215.80          -0.098127
216.00          -0.098605
216.20          -0.099081
216.40          -0.099554
216.60          -0.10002
216.80          -0.10049
217.00          -0.10096
217.20          -0.10142
217.40          -0.10188
217.60          -0.10234
217.80          -0.10279
218.00          -0.10325
218.20          -0.10370
218.40          -0.10415
218.60          -0.10459
218.80          -0.10504
219.00          -0.10548
219.20          -0.10592
219.40          -0.10635
219.60          -0.10678
219.80          -0.10721
220.00          -0.10764
220.20          -0.10806
220.40          -0.10849
220.60          -0.10890
220.80          -0.10932
221.00          -0.10973
221.20          -0.11014
221.40          -0.11054
221.60          -0.11094
221.80          -0.11134
222.00          -0.11174
222.20          -0.11213
222.40          -0.11251
222.60          -0.11289
222.80          -0.11327
223.00          -0.11364
223.20          -0.11401
223.40          -0.11438
223.60          -0.11474
223.80          -0.11509
224.00          -0.11544
224.20          -0.11578
224.40          -0.11612
224.60          -0.11646
224.80          -0.11679
225.00          -0.11711
