175.00          -0.032124
175.20          -0.032190
175.40          -0.032256
175.60          -0.032323
175.80          -0.032391
176.00          -0.032458
176.20          -0.032526
176.40          -0.032594
176.60          -0.032663
176.80          -0.032732
177.00          -0.032801
177.20          -0.032871
177.40          -0.032941
177.60          -0.033011
177.80          -0.033082
178.00          -0.033153
178.20          -0.033225
178.40          -0.033297
178.60          -0.033370
178.80          -0.033443
179.00          -0.033516
179.20          -0.033590
179.40          -0.033664
179.60          -0.033739
179.80          -0.033815
180.00          -0.033891
180.20          -0.033967
180.40          -0.034044
180.60          -0.034122
180.80          -0.034200
181.00          -0.034279
181.20          -0.034358
181.40          -0.034438
181.60          -0.034518
181.80          -0.034600
182.00          -0.034682
182.20          -0.034764
182.40          -0.034848
182.60          -0.034932
182.80          -0.035017
183.00          -0.035102
183.20          -0.035189
183.40          -0.035276
183.60          -0.035364
183.80          -0.035453
184.00          -0.035543
184.20          -0.035634
184.40          -0.035726
184.60          -0.035818
184.80          -0.035912
185.00          -0.036007
185.20          -0.036103
185.40          -0.036200
185.60          -0.036299
185.80          -0.036398
186.00          -0.036499
186.20          -0.036601
186.40          -0.036705
186.60          -0.036810
186.80          -0.036916
187.00          -0.037024
187.20          -0.037133
187.40          -0.037244
187.60          -0.037357
187.80          -0.037472
188.00          -0.037588
188.20          -0.037706
188.40          -0.037827
188.60          -0.037949
188.80          -0.038073
189.00          -0.038200
189.20          -0.038329
189.40          -0.038460
189.60          -0.038594
189.80          -0.038731
190.00          -0.038871
190.20          -0.039013
190.40          -0.039158
190.60          -0.039307
190.80          -0.039459
191.00          -0.039614
191.20          -0.039774
191.40          -0.039937
191.60          -0.040104
191.80          -0.040275
192.00          -0.040451
192.20          -0.040632
192.40          -0.040817
192.60          -0.041008
192.80          -0.041205
193.00          -0.041407
193.20          -0.041616
193.40          -0.041831
193.60          -0.042053
193.80          -0.042283
194.00          -0.042521
194.20          -0.042767
194.40          -0.043022
194.60          -0.043286
194.80          -0.043561
195.00          -0.043847
195.20          -0.044144
195.40          -0.044454
195.60          -0.044777
195.80          -0.045115
196.00          -0.045468
196.20          -0.045838
196.40          -0.046227
196.60          -0.046634
196.80          -0.047064
197.00          -0.047516
197.20          -0.047993
197.40          -0.048498
197.60          -0.049033
197.80          -0.049600
198.00          -0.050204
198.20          -0.050848
198.40          -0.051536
198.60          -0.052272
198.80          -0.053063
199.00          -0.053914
199.20          -0.054833
199.40          -0.055828
199.60          -0.056909
199.80          -0.058087
200.00          -0.059376
200.20          -0.060792
200.40          -0.062354
200.60          -0.064085
200.80          -0.066014
201.00          -0.068174
201.20          -0.070608
201.40          -0.073369
201.60          -0.076525
201.80          -0.080160
202.00          -0.084388
202.20          -0.089355
202.40          -0.095261
202.60          -0.10238
202.80          -0.11109
203.00          -0.12196
203.20          -0.13581
203.40          -0.15394
203.60          -0.17844
203.80          -0.21294
204.00          -0.26410
204.20          -0.34535
204.40          -0.48709
204.60          -0.76919
204.80          -1.4429
205.00          -3.2761
205.20          -4.0995
205.40          -1.5778
205.60          -0.63798
205.80          -0.32079
206.00          -0.19124
206.20          -0.13111
206.40          -0.10213
206.60          -0.090009
206.80          -0.089345
207.00          -0.099108
207.20          -0.12171
207.40          -0.16422
207.60          -0.24235
207.80          -0.38811
208.00          -0.64694
208.20          -0.95970
208.40          -0.98127
208.60          -0.71324
208.80          -0.47493
209.00          -0.32815
209.20          -0.24076
209.40          -0.18653
209.60          -0.15109
209.80          -0.12681
210.00          -0.10949
210.20          -0.096726
210.40          -0.087049
210.60          -0.079542
210.80          -0.073603
211.00          -0.068827
211.20          -0.064929
211.40          -0.061710
211.60          -0.059022
211.80          -0.056757
212.00          -0.054833
212.20          -0.053185
212.40          -0.051767
212.60          -0.050538
212.80          -0.049468
213.00          -0.048532
213.20          -0.047710
213.40          -0.046986
213.60          -0.046345
213.80          -0.045778
214.00          -0.045273
214.20          -0.044824
214.40          -0.044423
214.60          -0.044065
214.80          -0.043745
215.00          -0.043458
215.20          -0.043201
215.40          -0.042970
215.60          -0.042764
215.80          -0.042578
216.00          -0.042412
216.20          -0.042264
216.40          -0.042131
216.60          -0.042012
216.80          -0.041907
217.00          -0.041813
217.20          -0.041730
217.40          -0.041657
217.60          -0.041593
217.80          -0.041537
218.00          -0.041489
218.20          -0.041448
218.40          -0.041414
218.60          -0.041385
218.80          -0.041362
219.00          -0.041344
219.20          -0.041330
219.40          -0.041321
219.60          -0.041317
219.80          -0.041316
220.00          -0.041318
220.20          -0.041324
220.40          -0.041333
220.60          -0.041344
220.80          -0.041359
221.00          -0.041376
221.20          -0.041395
221.40          -0.041417
221.60          -0.041440
221.80          -0.041466
222.00          -0.041494
222.20          -0.041523
222.40          -0.041554
222.60          -0.041586
222.80          -0.041620
223.00          -0.041656
223.20          -0.041692
223.40          -0.041730
223.60          -0.041770
223.80          -0.041810
224.00          -0.041852
224.20          -0.041894
224.40          -0.041938
224.60          -0.041983
224.80          -0.042028
225.00          -0.042075
