175.00          -0.075083
175.20          -0.075327
175.40          -0.075570
175.60          -0.075812
175.80          -0.076053
176.00          -0.076294
176.20          -0.076534
176.40          -0.076774
176.60          -0.077013
176.80          -0.077251
177.00          -0.077488
177.20          -0.077725
177.40          -0.077961
177.60          -0.078196
177.80          -0.078430
178.00          -0.078664
178.20          -0.078897
178.40          -0.079129
178.60          -0.079361
178.80          -0.079591
179.00          -0.079821
179.20          -0.080050
179.40          -0.080279
179.60          -0.080506
179.80          -0.080733
180.00          -0.080959
180.20          -0.081185
180.40          -0.081409
180.60          -0.081633
180.80          -0.081856
181.00          -0.082079
181.20          -0.082300
181.40          -0.082521
181.60          -0.082741
181.80          -0.082961
182.00          -0.083180
182.20          -0.083398
182.40          -0.083615
182.60          -0.083832
182.80          -0.084048
183.00          -0.084264
183.20          -0.084479
183.40          -0.084693
183.60          -0.084907
183.80          -0.085120
184.00          -0.085332
184.20          -0.085544
184.40          -0.085755
184.60          -0.085966
184.80          -0.086177
185.00          -0.086386
185.20          -0.086596
185.40          -0.086805
185.60          -0.087013
185.80          -0.087221
186.00          -0.087429
186.20          -0.087636
186.40          -0.087843
186.60          -0.088050
186.80          -0.088256
187.00          -0.088462
187.20          -0.088668
187.40          -0.088874
187.60          -0.089079
187.80          -0.089284
188.00          -0.089489
188.20          -0.089694
188.40          -0.089899
188.60          -0.090104
188.80          -0.090308
189.00          -0.090513
189.20          -0.090718
189.40          -0.090922
189.60          -0.091127
189.80          -0.091332
190.00          -0.091537
190.20          -0.091742
190.40          -0.091948
190.60          -0.092153
190.80          -0.092359
191.00          -0.092565
191.20          -0.092772
191.40          -0.092979
191.60          -0.093186
191.80          -0.093394
192.00          -0.093602
192.20          -0.093811
192.40          -0.094021
192.60          -0.094231
192.80          -0.094442
193.00          -0.094654
193.20          -0.094866
193.40          -0.095079
193.60          -0.095293
193.80          -0.095509
194.00          -0.095725
194.20          -0.095942
194.40          -0.096161
194.60          -0.096380
194.80          -0.096601
195.00          -0.096824
195.20          -0.097048
195.40          -0.097274
195.60          -0.097501
195.80          -0.097730
196.00          -0.097961
196.20          -0.098194
196.40          -0.098430
196.60          -0.098668
196.80          -0.098908
197.00          -0.099151
197.20          -0.099397
197.40          -0.099646
197.60          -0.099898
197.80          -0.10015
198.00          -0.10041
198.20          -0.10068
198.40          -0.10095
198.60          -0.10122
198.80          -0.10150
199.00          -0.10178
199.20          -0.10208
199.40          -0.10238
199.60          -0.10268
199.80          -0.10300
200.00          -0.10332
200.20          -0.10366
200.40          -0.10400
200.60          -0.10437
200.80          -0.10474
201.00          -0.10513
201.20          -0.10555
201.40          -0.10598
201.60          -0.10644
201.80          -0.10693
202.00          -0.10746
202.20          -0.10802
202.40          -0.10863
202.60          -0.10930
202.80          -0.11004
203.00          -0.11087
203.20          -0.11180
203.40          -0.11286
203.60          -0.11409
203.80          -0.11554
204.00          -0.11729
204.20          -0.11946
204.40          -0.12221
204.60          -0.12584
204.80          -0.13085
205.00          -0.13824
205.20          -0.15008
205.40          -0.17170
205.60          -0.22055
205.80          -0.39016
206.00          -2.7228
206.20          -0.69729
206.40          -0.16409
206.60          -0.11126
206.80          -0.099316
207.00          -0.095975
207.20          -0.095196
207.40          -0.095317
207.60          -0.095774
207.80          -0.096349
208.00          -0.096952
208.20          -0.097546
208.40          -0.098115
208.60          -0.098654
208.80          -0.099163
209.00          -0.099643
209.20          -0.10010
209.40          -0.10053
209.60          -0.10095
209.80          -0.10134
210.00          -0.10173
210.20          -0.10211
210.40          -0.10248
210.60          -0.10285
210.80          -0.10322
211.00          -0.10359
211.20          -0.10397
211.40          -0.10437
211.60          -0.10479
211.80          -0.10523
212.00          -0.10571
212.20          -0.10623
212.40          -0.10679
212.60          -0.10743
212.80          -0.10814
213.00          -0.10895
213.20          -0.10988
213.40          -0.11096
213.60          -0.11223
213.80          -0.11373
214.00          -0.11554
214.20          -0.11771
214.40          -0.12038
214.60          -0.12368
214.80          -0.12780
215.00          -0.13304
215.20          -0.13980
215.40          -0.14866
215.60          -0.16051
215.80          -0.17674
216.00          -0.19961
216.20          -0.23297
216.40          -0.28376
216.60          -0.36550
216.80          -0.50696
217.00          -0.77745
217.20          -1.3732
217.40          -2.9820
217.60          -8.7506
217.80          -10.940
218.00          -3.8325
218.20          -1.8754
218.40          -1.1321
218.60          -0.78128
218.80          -0.58942
219.00          -0.47318
219.20          -0.39730
219.40          -0.34489
219.60          -0.30708
219.80          -0.27885
220.00          -0.25715
220.20          -0.24008
220.40          -0.22640
220.60          -0.21524
220.80          -0.20602
221.00          -0.19830
221.20          -0.19178
221.40          -0.18622
221.60          -0.18145
221.80          -0.17733
222.00          -0.17376
222.20          -0.17065
222.40          -0.16795
222.60          -0.16560
222.80          -0.16356
223.00          -0.16180
223.20          -0.16030
223.40          -0.15905
223.60          -0.15803
223.80          -0.15723
224.00          -0.15667
224.20          -0.15635
224.40          -0.15628
224.60          -0.15649
224.80          -0.15702
225.00          -0.15793
