175.00          -0.49986
175.20          -0.55066
175.40          -0.60113
175.60          -0.64740
175.80          -0.68456
176.00          -0.70749
176.20          -0.71232
176.40          -0.69769
176.60          -0.66540
176.80          -0.61979
177.00          -0.56627
177.20          -0.50995
177.40          -0.45474
177.60          -0.40314
177.80          -0.35643
178.00          -0.31504
178.20          -0.27885
178.40          -0.24747
178.60          -0.22037
178.80          -0.19700
179.00          -0.17684
179.20          -0.15942
179.40          -0.14434
179.60          -0.13125
179.80          -0.11984
180.00          -0.10987
180.20          -0.10112
180.40          -0.093419
180.60          -0.086618
180.80          -0.080592
181.00          -0.075236
181.20          -0.070459
181.40          -0.066188
181.60          -0.062357
181.80          -0.058913
182.00          -0.055808
182.20          -0.053003
182.40          -0.050463
182.60          -0.048158
182.80          -0.046064
183.00          -0.044159
183.20          -0.042422
183.40          -0.040839
183.60          -0.039396
183.80          -0.038082
184.00          -0.036889
184.20          -0.035814
184.40          -0.034858
184.60          -0.034034
184.80          -0.033381
185.00          -0.033013
185.20          -0.033336
185.40          -0.036872
185.60          -0.22394
185.80          -0.033375
186.00          -0.028187
186.20          -0.027209
186.40          -0.026645
186.60          -0.026184
186.80          -0.025773
187.00          -0.025382
187.20          -0.025019
187.40          -0.024678
187.60          -0.024358
187.80          -0.024057
188.00          -0.023773
188.20          -0.023507
188.40          -0.023256
188.60          -0.023021
188.80          -0.022799
189.00          -0.022591
189.20          -0.022395
189.40          -0.022212
189.60          -0.022039
189.80          -0.021877
190.00          -0.021725
190.20          -0.021582
190.40          -0.021448
190.60          -0.021322
190.80          -0.021205
191.00          -0.021094
191.20          -0.020991
191.40          -0.020895
191.60          -0.020805
191.80          -0.020721
192.00          -0.020643
192.20          -0.020570
192.40          -0.020502
192.60          -0.020439
192.80          -0.020381
193.00          -0.020328
193.20          -0.020279
193.40          -0.020233
193.60          -0.020192
193.80          -0.020154
194.00          -0.020120
194.20          -0.020089
194.40          -0.020062
194.60          -0.020037
194.80          -0.020016
195.00          -0.019997
195.20          -0.019981
195.40          -0.019968
195.60          -0.019957
195.80          -0.019949
196.00          -0.019943
196.20          -0.019939
196.40          -0.019937
196.60          -0.019938
196.80          -0.019941
197.00          -0.019945
197.20          -0.019951
197.40          -0.019960
197.60          -0.019970
197.80          -0.019982
198.00          -0.019995
198.20          -0.020010
198.40          -0.020027
198.60          -0.020045
198.80          -0.020065
199.00          -0.020087
199.20          -0.020110
199.40          -0.020134
199.60          -0.020160
199.80          -0.020187
200.00          -0.020215
200.20          -0.020245
200.40          -0.020277
200.60          -0.020309
200.80          -0.020343
201.00          -0.020378
201.20          -0.020415
201.40          -0.020453
201.60          -0.020492
201.80          -0.020533
202.00          -0.020575
202.20          -0.020618
202.40          -0.020663
202.60          -0.020709
202.80          -0.020757
203.00          -0.020806
203.20          -0.020857
203.40          -0.020909
203.60          -0.020962
203.80          -0.021018
204.00          -0.021075
204.20          -0.021133
204.40          -0.021194
204.60          -0.021256
204.80          -0.021321
205.00          -0.021387
205.20          -0.021456
205.40          -0.021527
205.60          -0.021600
205.80          -0.021676
206.00          -0.021755
206.20          -0.021837
206.40          -0.021922
206.60          -0.022011
206.80          -0.022103
207.00          -0.022200
207.20          -0.022301
207.40          -0.022407
207.60          -0.022518
207.80          -0.022636
208.00          -0.022761
208.20          -0.022893
208.40          -0.023036
208.60          -0.023190
208.80          -0.023359
209.00          -0.023550
209.20          -0.023787
209.40          -0.024195
209.60          -0.029597
209.80          -0.024897
210.00          -0.024644
210.20          -0.024878
210.40          -0.025190
210.60          -0.025557
210.80          -0.025981
211.00          -0.026476
211.20          -0.027060
211.40          -0.027760
211.60          -0.028615
211.80          -0.029681
212.00          -0.031048
212.20          -0.032856
212.40          -0.035340
212.60          -0.038924
212.80          -0.044417
213.00          -0.053509
213.20          -0.070035
213.40          -0.10258
213.60          -0.15723
213.80          -0.16120
214.00          -0.092940
214.20          -0.053148
214.40          -0.036612
214.60          -0.029279
214.80          -0.025689
215.00          -0.023794
215.20          -0.022742
215.40          -0.022145
215.60          -0.021807
215.80          -0.021624
216.00          -0.021537
216.20          -0.021513
216.40          -0.021529
216.60          -0.021573
216.80          -0.021635
217.00          -0.021709
217.20          -0.021793
217.40          -0.021882
217.60          -0.021975
217.80          -0.022072
218.00          -0.022170
218.20          -0.022270
218.40          -0.022371
218.60          -0.022472
218.80          -0.022574
219.00          -0.022675
219.20          -0.022778
219.40          -0.022880
219.60          -0.022982
219.80          -0.023085
220.00          -0.023187
220.20          -0.023290
220.40          -0.023393
220.60          -0.023497
220.80          -0.023600
221.00          -0.023704
221.20          -0.023809
221.40          -0.023914
221.60          -0.024020
221.80          -0.024126
222.00          -0.024233
222.20          -0.024341
222.40          -0.024449
222.60          -0.024559
222.80          -0.024669
223.00          -0.024781
223.20          -0.024894
223.40          -0.025008
223.60          -0.025123
223.80          -0.025240
224.00          -0.025358
224.20          -0.025478
224.40          -0.025599
224.60          -0.025722
224.80          -0.025847
225.00          -0.025974
