175.00          -0.25323
175.20          -0.25355
175.40          -0.25332
175.60          -0.25256
175.80          -0.25124
176.00          -0.24940
176.20          -0.24704
176.40          -0.24418
176.60          -0.24087
176.80          -0.23713
177.00          -0.23300
177.20          -0.22854
177.40          -0.22378
177.60          -0.21877
177.80          -0.21356
178.00          -0.20819
178.20          -0.20271
178.40          -0.19715
178.60          -0.19156
178.80          -0.18598
179.00          -0.18042
179.20          -0.17492
179.40          -0.16950
179.60          -0.16418
179.80          -0.15897
180.00          -0.15390
180.20          -0.14898
180.40          -0.14420
180.60          -0.13957
180.80          -0.13511
181.00          -0.13081
181.20          -0.12667
181.40          -0.12269
181.60          -0.11887
181.80          -0.11521
182.00          -0.11170
182.20          -0.10834
182.40          -0.10513
182.60          -0.10206
182.80          -0.099130
183.00          -0.096329
183.20          -0.093653
183.40          -0.091099
183.60          -0.088662
183.80          -0.086335
184.00          -0.084116
184.20          -0.081998
184.40          -0.079977
184.60          -0.078049
184.80          -0.076209
185.00          -0.074453
185.20          -0.072777
185.40          -0.071178
185.60          -0.069651
185.80          -0.068193
186.00          -0.066801
186.20          -0.065472
186.40          -0.064201
186.60          -0.062988
186.80          -0.061828
187.00          -0.060719
187.20          -0.059660
187.40          -0.058646
187.60          -0.057677
187.80          -0.056749
188.00          -0.055862
188.20          -0.055012
188.40          -0.054199
188.60          -0.053421
188.80          -0.052675
189.00          -0.051961
189.20          -0.051277
189.40          -0.050621
189.60          -0.049992
189.80          -0.049390
190.00          -0.048812
190.20          -0.048258
190.40          -0.047726
190.60          -0.047216
190.80          -0.046727
191.00          -0.046257
191.20          -0.045806
191.40          -0.045374
191.60          -0.044958
191.80          -0.044559
192.00          -0.044176
192.20          -0.043808
192.40          -0.043454
192.60          -0.043114
192.80          -0.042788
193.00          -0.042474
193.20          -0.042173
193.40          -0.041883
193.60          -0.041605
193.80          -0.041337
194.00          -0.041080
194.20          -0.040833
194.40          -0.040595
194.60          -0.040366
194.80          -0.040147
195.00          -0.039936
195.20          -0.039733
195.40          -0.039538
195.60          -0.039350
195.80          -0.039170
196.00          -0.038997
196.20          -0.038831
196.40          -0.038671
196.60          -0.038517
196.80          -0.038370
197.00          -0.038229
197.20          -0.038093
197.40          -0.037963
197.60          -0.037838
197.80          -0.037718
198.00          -0.037603
198.20          -0.037493
198.40          -0.037388
198.60          -0.037288
198.80          -0.037192
199.00          -0.037100
199.20          -0.037013
199.40          -0.036929
199.60          -0.036850
199.80          -0.036775
200.00          -0.036704
200.20          -0.036636
200.40          -0.036573
200.60          -0.036514
200.80          -0.036458
201.00          -0.036406
201.20          -0.036359
201.40          -0.036315
201.60          -0.036276
201.80          -0.036241
202.00          -0.036210
202.20          -0.036185
202.40          -0.036164
202.60          -0.036150
202.80          -0.036142
203.00          -0.036141
203.20          -0.036149
203.40          -0.036167
203.60          -0.036197
203.80          -0.036242
204.00          -0.036306
204.20          -0.036395
204.40          -0.036518
204.60          -0.036690
204.80          -0.036935
205.00          -0.037297
205.20          -0.037861
205.40          -0.038819
205.60          -0.040688
205.80          -0.045360
206.00          -0.065882
206.20          -1.9301
206.40          -0.055628
206.60          -0.037505
206.80          -0.035054
207.00          -0.034437
207.20          -0.034252
207.40          -0.034201
207.60          -0.034200
207.80          -0.034216
208.00          -0.034239
208.20          -0.034264
208.40          -0.034287
208.60          -0.034309
208.80          -0.034330
209.00          -0.034349
209.20          -0.034366
209.40          -0.034382
209.60          -0.034396
209.80          -0.034410
210.00          -0.034422
210.20          -0.034434
210.40          -0.034445
210.60          -0.034456
210.80          -0.034466
211.00          -0.034476
211.20          -0.034486
211.40          -0.034495
211.60          -0.034504
211.80          -0.034513
212.00          -0.034521
212.20          -0.034530
212.40          -0.034538
212.60          -0.034547
212.80          -0.034555
213.00          -0.034563
213.20          -0.034572
213.40          -0.034580
213.60          -0.034588
213.80          -0.034597
214.00          -0.034605
214.20          -0.034614
214.40          -0.034622
214.60          -0.034630
214.80          -0.034639
215.00          -0.034647
215.20          -0.034656
215.40          -0.034664
215.60          -0.034673
215.80          -0.034682
216.00          -0.034690
216.20          -0.034699
216.40          -0.034708
216.60          -0.034717
216.80          -0.034725
217.00          -0.034734
217.20          -0.034743
217.40          -0.034752
217.60          -0.034761
217.80          -0.034769
218.00          -0.034778
218.20          -0.034787
218.40          -0.034796
218.60          -0.034805
218.80          -0.034814
219.00          -0.034822
219.20          -0.034831
219.40          -0.034840
219.60          -0.034849
219.80          -0.034858
220.00          -0.034866
220.20          -0.034875
220.40          -0.034884
220.60          -0.034893
220.80          -0.034902
221.00          -0.034910
221.20          -0.034919
221.40          -0.034928
221.60          -0.034936
221.80          -0.034945
222.00          -0.034954
222.20          -0.034963
222.40          -0.034972
222.60          -0.034980
222.80          -0.034989
223.00          -0.034998
223.20          -0.035007
223.40          -0.035017
223.60          -0.035026
223.80          -0.035035
224.00          -0.035045
224.20          -0.035055
224.40          -0.035066
224.60          -0.035077
224.80          -0.035089
225.00          -0.035101
