175.00          -0.024223
175.20          -0.024262
175.40          -0.024300
175.60          -0.024338
175.80          -0.024376
176.00          -0.024415
176.20          -0.024453
176.40          -0.024492
176.60          -0.024530
176.80          -0.024569
177.00          -0.024608
177.20          -0.024647
177.40          -0.024685
177.60          -0.024724
177.80          -0.024763
178.00          -0.024803
178.20          -0.024842
178.40          -0.024881
178.60          -0.024920
178.80          -0.024960
179.00          -0.024999
179.20          -0.025039
179.40          -0.025078
179.60          -0.025118
179.80          -0.025158
180.00          -0.025198
180.20          -0.025237
180.40          -0.025277
180.60          -0.025317
180.80          -0.025358
181.00          -0.025398
181.20          -0.025438
181.40          -0.025478
181.60          -0.025519
181.80          -0.025559
182.00          -0.025600
182.20          -0.025641
182.40          -0.025681
182.60          -0.025722
182.80          -0.025763
183.00          -0.025804
183.20          -0.025845
183.40          -0.025886
183.60          -0.025927
183.80          -0.025968
184.00          -0.026010
184.20          -0.026051
184.40          -0.026092
184.60          -0.026134
184.80          -0.026176
185.00          -0.026217
185.20          -0.026259
185.40          -0.026301
185.60          -0.026343
185.80          -0.026385
186.00          -0.026427
186.20          -0.026469
186.40          -0.026511
186.60          -0.026553
186.80          -0.026596
187.00          -0.026638
187.20          -0.026681
187.40          -0.026723
187.60          -0.026766
187.80          -0.026809
188.00          -0.026852
188.20          -0.026894
188.40          -0.026937
188.60          -0.026980
188.80          -0.027024
189.00          -0.027067
189.20          -0.027110
189.40          -0.027153
189.60          -0.027197
189.80          -0.027240
190.00          -0.027284
190.20          -0.027328
190.40          -0.027371
190.60          -0.027415
190.80          -0.027459
191.00          -0.027503
191.20          -0.027547
191.40          -0.027591
191.60          -0.027636
191.80          -0.027680
192.00          -0.027724
192.20          -0.027769
192.40          -0.027813
192.60          -0.027858
192.80          -0.027903
193.00          -0.027947
193.20          -0.027992
193.40          -0.028037
193.60          -0.028082
193.80          -0.028127
194.00          -0.028172
194.20          -0.028218
194.40          -0.028263
194.60          -0.028308
194.80          -0.028354
195.00          -0.028400
195.20          -0.028445
195.40          -0.028491
195.60          -0.028537
195.80          -0.028583
196.00          -0.028629
196.20          -0.028675
196.40          -0.028721
196.60          -0.028767
196.80          -0.028813
197.00          -0.028860
197.20          -0.028906
197.40          -0.028953
197.60          -0.028999
197.80          -0.029046
198.00          -0.029093
198.20          -0.029140
198.40          -0.029187
198.60          -0.029234
198.80          -0.029281
199.00          -0.029328
199.20          -0.029376
199.40          -0.029423
199.60          -0.029470
199.80          -0.029518
200.00          -0.029566
200.20          -0.029613
200.40          -0.029661
200.60          -0.029709
200.80          -0.029757
201.00          -0.029805
201.20          -0.029853
201.40          -0.029901
201.60          -0.029950
201.80          -0.029998
202.00          -0.030047
202.20          -0.030095
202.40          -0.030144
202.60          -0.030193
202.80          -0.030241
203.00          -0.030290
203.20          -0.030339
203.40          -0.030388
203.60          -0.030437
203.80          -0.030487
204.00          -0.030536
204.20          -0.030585
204.40          -0.030635
204.60          -0.030685
204.80          -0.030734
205.00          -0.030784
205.20          -0.030834
205.40          -0.030884
205.60          -0.030934
205.80          -0.030984
206.00          -0.031034
206.20          -0.031084
206.40          -0.031135
206.60          -0.031185
206.80          -0.031236
207.00          -0.031286
207.20          -0.031337
207.40          -0.031388
207.60          -0.031439
207.80          -0.031490
208.00          -0.031541
208.20          -0.031592
208.40          -0.031643
208.60          -0.031695
208.80          -0.031746
209.00          -0.031798
209.20          -0.031849
209.40          -0.031901
209.60          -0.031953
209.80          -0.032005
210.00          -0.032056
210.20          -0.032109
210.40          -0.032161
210.60          -0.032213
210.80          -0.032265
211.00          -0.032318
211.20          -0.032370
211.40          -0.032423
211.60          -0.032475
211.80          -0.032528
212.00          -0.032581
212.20          -0.032634
212.40          -0.032687
212.60          -0.032740
212.80          -0.032794
213.00          -0.032847
213.20          -0.032900
213.40          -0.032954
213.60          -0.033007
213.80          -0.033061
214.00          -0.033115
214.20          -0.033169
214.40          -0.033223
214.60          -0.033277
214.80          -0.033331
215.00          -0.033385
215.20          -0.033440
215.40          -0.033494
215.60          -0.033549
215.80          -0.033603
216.00          -0.033658
216.20          -0.033713
216.40          -0.033768
216.60          -0.033823
216.80          -0.033878
217.00          -0.033933
217.20          -0.033988
217.40          -0.034044
217.60          -0.034099
217.80          -0.034155
218.00          -0.034210
218.20          -0.034266
218.40          -0.034322
218.60          -0.034378
218.80          -0.034434
219.00          -0.034490
219.20          -0.034546
219.40          -0.034603
219.60          -0.034659
219.80          -0.034716
220.00          -0.034772
220.20          -0.034829
220.40          -0.034886
220.60          -0.034943
220.80          -0.035000
221.00          -0.035057
221.20          -0.035114
221.40          -0.035171
221.60          -0.035229
221.80          -0.035286
222.00          -0.035344
222.20          -0.035402
222.40          -0.035459
222.60          -0.035517
222.80          -0.035575
223.00          -0.035633
223.20          -0.035692
223.40          -0.035750
223.60          -0.035808
223.80          -0.035867
224.00          -0.035925
224.20          -0.035984
224.40          -0.036043
224.60          -0.036102
224.80          -0.036161
225.00          -0.036220
