175.00          -0.049679
175.20          -0.049874
175.40          -0.050071
175.60          -0.050269
175.80          -0.050469
176.00          -0.050670
176.20          -0.050872
176.40          -0.051075
176.60          -0.051280
176.80          -0.051487
177.00          -0.051695
177.20          -0.051904
177.40          -0.052114
177.60          -0.052327
177.80          -0.052540
178.00          -0.052755
178.20          -0.052972
178.40          -0.053190
178.60          -0.053410
178.80          -0.053631
179.00          -0.053854
179.20          -0.054079
179.40          -0.054305
179.60          -0.054533
179.80          -0.054762
180.00          -0.054993
180.20          -0.055226
180.40          -0.055461
180.60          -0.055697
180.80          -0.055935
181.00          -0.056175
181.20          -0.056417
181.40          -0.056660
181.60          -0.056906
181.80          -0.057153
182.00          -0.057402
182.20          -0.057653
182.40          -0.057906
182.60          -0.058161
182.80          -0.058418
183.00          -0.058677
183.20          -0.058939
183.40          -0.059202
183.60          -0.059467
183.80          -0.059735
184.00          -0.060004
184.20          -0.060276
184.40          -0.060550
184.60          -0.060827
184.80          -0.061105
185.00          -0.061386
185.20          -0.061669
185.40          -0.061955
185.60          -0.062243
185.80          -0.062534
186.00          -0.062827
186.20          -0.063122
186.40          -0.063420
186.60          -0.063721
186.80          -0.064024
187.00          -0.064330
187.20          -0.064639
187.40          -0.064950
187.60          -0.065264
187.80          -0.065581
188.00          -0.065901
188.20          -0.066224
188.40          -0.066550
188.60          -0.066878
188.80          -0.067210
189.00          -0.067545
189.20          -0.067883
189.40          -0.068224
189.60          -0.068568
189.80          -0.068916
190.00          -0.069267
190.20          -0.069621
190.40          -0.069979
190.60          -0.070340
190.80          -0.070705
191.00          -0.071074
191.20          -0.071446
191.40          -0.071822
191.60          -0.072201
191.80          -0.072584
192.00          -0.072972
192.20          -0.073363
192.40          -0.073758
192.60          -0.074158
192.80          -0.074561
193.00          -0.074969
193.20          -0.075381
193.40          -0.075798
193.60          -0.076219
193.80          -0.076644
194.00          -0.077074
194.20          -0.077509
194.40          -0.077948
194.60          -0.078393
194.80          -0.078842
195.00          -0.079296
195.20          -0.079756
195.40          -0.080220
195.60          -0.080690
195.80          -0.081166
196.00          -0.081646
196.20          -0.082133
196.40          -0.082625
196.60          -0.083123
196.80          -0.083627
197.00          -0.084137
197.20          -0.084653
197.40          -0.085175
197.60          -0.085703
197.80          -0.086238
198.00          -0.086780
198.20          -0.087328
198.40          -0.087884
198.60          -0.088446
198.80          -0.089015
199.00          -0.089592
199.20          -0.090176
199.40          -0.090768
199.60          -0.091367
199.80          -0.091974
200.00          -0.092589
200.20          -0.093212
200.40          -0.093844
200.60          -0.094484
200.80          -0.095133
201.00          -0.095791
201.20          -0.096458
201.40          -0.097134
201.60          -0.097819
201.80          -0.098514
202.00          -0.099219
202.20          -0.099934
202.40          -0.10066
202.60          -0.10139
202.80          -0.10214
203.00          -0.10290
203.20          -0.10367
203.40          -0.10445
203.60          -0.10524
203.80          -0.10604
204.00          -0.10685
204.20          -0.10768
204.40          -0.10852
204.60          -0.10937
204.80          -0.11024
205.00          -0.11112
205.20          -0.11201
205.40          -0.11292
205.60          -0.11384
205.80          -0.11478
206.00          -0.11573
206.20          -0.11670
206.40          -0.11768
206.60          -0.11868
206.80          -0.11969
207.00          -0.12072
207.20          -0.12177
207.40          -0.12284
207.60          -0.12392
207.80          -0.12502
208.00          -0.12614
208.20          -0.12728
208.40          -0.12844
208.60          -0.12962
208.80          -0.13082
209.00          -0.13204
209.20          -0.13328
209.40          -0.13454
209.60          -0.13583
209.80          -0.13714
210.00          -0.13847
210.20          -0.13982
210.40          -0.14120
210.60          -0.14260
210.80          -0.14403
211.00          -0.14548
211.20          -0.14696
211.40          -0.14846
211.60          -0.15000
211.80          -0.15155
212.00          -0.15314
212.20          -0.15476
212.40          -0.15640
212.60          -0.15808
212.80          -0.15978
213.00          -0.16151
213.20          -0.16328
213.40          -0.16507
213.60          -0.16690
213.80          -0.16876
214.00          -0.17065
214.20          -0.17258
214.40          -0.17453
214.60          -0.17652
214.80          -0.17855
215.00          -0.18060
215.20          -0.18269
215.40          -0.18482
215.60          -0.18698
215.80          -0.18917
216.00          -0.19140
216.20          -0.19366
216.40          -0.19595
216.60          -0.19827
216.80          -0.20063
217.00          -0.20302
217.20          -0.20544
217.40          -0.20788
217.60          -0.21036
217.80          -0.21286
218.00          -0.21539
218.20          -0.21795
218.40          -0.22052
218.60          -0.22312
218.80          -0.22574
219.00          -0.22837
219.20          -0.23101
219.40          -0.23366
219.60          -0.23632
219.80          -0.23898
220.00          -0.24164
220.20          -0.24429
220.40          -0.24694
220.60          -0.24956
220.80          -0.25217
221.00          -0.25475
221.20          -0.25730
221.40          -0.25982
221.60          -0.26228
221.80          -0.26470
222.00          -0.26705
222.20          -0.26934
222.40          -0.27156
222.60          -0.27370
222.80          -0.27574
223.00          -0.27769
223.20          -0.27953
223.40          -0.28125
223.60          -0.28285
223.80          -0.28432
224.00          -0.28565
224.20          -0.28683
224.40          -0.28786
224.60          -0.28873
224.80          -0.28942
225.00          -0.28994
