175.00          -0.029603
175.20          -0.029663
175.40          -0.029722
175.60          -0.029782
175.80          -0.029842
176.00          -0.029902
176.20          -0.029963
176.40          -0.030023
176.60          -0.030084
176.80          -0.030145
177.00          -0.030205
177.20          -0.030267
177.40          -0.030328
177.60          -0.030389
177.80          -0.030451
178.00          -0.030512
178.20          -0.030574
178.40          -0.030636
178.60          -0.030698
178.80          -0.030760
179.00          -0.030823
179.20          -0.030885
179.40          -0.030948
179.60          -0.031011
179.80          -0.031074
180.00          -0.031137
180.20          -0.031201
180.40          -0.031264
180.60          -0.031328
180.80          -0.031392
181.00          -0.031456
181.20          -0.031520
181.40          -0.031584
181.60          -0.031649
181.80          -0.031713
182.00          -0.031778
182.20          -0.031843
182.40          -0.031908
182.60          -0.031973
182.80          -0.032039
183.00          -0.032104
183.20          -0.032170
183.40          -0.032236
183.60          -0.032302
183.80          -0.032368
184.00          -0.032435
184.20          -0.032501
184.40          -0.032568
184.60          -0.032635
184.80          -0.032702
185.00          -0.032769
185.20          -0.032837
185.40          -0.032904
185.60          -0.032972
185.80          -0.033040
186.00          -0.033108
186.20          -0.033177
186.40          -0.033245
186.60          -0.033314
186.80          -0.033382
187.00          -0.033451
187.20          -0.033521
187.40          -0.033590
187.60          -0.033659
187.80          -0.033729
188.00          -0.033799
188.20          -0.033869
188.40          -0.033939
188.60          -0.034009
188.80          -0.034080
189.00          -0.034151
189.20          -0.034222
189.40          -0.034293
189.60          -0.034364
189.80          -0.034435
190.00          -0.034507
190.20          -0.034579
190.40          -0.034651
190.60          -0.034723
190.80          -0.034795
191.00          -0.034868
191.20          -0.034941
191.40          -0.035014
191.60          -0.035087
191.80          -0.035160
192.00          -0.035234
192.20          -0.035307
192.40          -0.035381
192.60          -0.035455
192.80          -0.035529
193.00          -0.035604
193.20          -0.035678
193.40          -0.035753
193.60          -0.035828
193.80          -0.035903
194.00          -0.035979
194.20          -0.036054
194.40          -0.036130
194.60          -0.036206
194.80          -0.036282
195.00          -0.036359
195.20          -0.036435
195.40          -0.036512
195.60          -0.036589
195.80          -0.036666
196.00          -0.036744
196.20          -0.036821
196.40          -0.036899
196.60          -0.036977
196.80          -0.037055
197.00          -0.037134
197.20          -0.037212
197.40          -0.037291
197.60          -0.037370
197.80          -0.037450
198.00          -0.037529
198.20          -0.037609
198.40          -0.037689
198.60          -0.037769
198.80          -0.037849
199.00          -0.037930
199.20          -0.038010
199.40          -0.038091
199.60          -0.038172
199.80          -0.038254
200.00          -0.038336
200.20          -0.038417
200.40          -0.038499
200.60          -0.038582
200.80          -0.038664
201.00          -0.038747
201.20          -0.038830
201.40          -0.038913
201.60          -0.038997
201.80          -0.039080
202.00          -0.039164
202.20          -0.039248
202.40          -0.039332
202.60          -0.039417
202.80          -0.039502
203.00          -0.039587
203.20          -0.039672
203.40          -0.039758
203.60          -0.039843
203.80          -0.039929
204.00          -0.040016
204.20          -0.040102
204.40          -0.040189
204.60          -0.040276
204.80          -0.040363
205.00          -0.040450
205.20          -0.040538
205.40          -0.040626
205.60          -0.040714
205.80          -0.040803
206.00          -0.040892
206.20          -0.040981
206.40          -0.041070
206.60          -0.041159
206.80          -0.041249
207.00          -0.041339
207.20          -0.041429
207.40          -0.041520
207.60          -0.041611
207.80          -0.041702
208.00          -0.041793
208.20          -0.041885
208.40          -0.041976
208.60          -0.042069
208.80          -0.042161
209.00          -0.042254
209.20          -0.042347
209.40          -0.042440
209.60          -0.042533
209.80          -0.042627
210.00          -0.042721
210.20          -0.042816
210.40          -0.042910
210.60          -0.043005
210.80          -0.043101
211.00          -0.043196
211.20          -0.043292
211.40          -0.043388
211.60          -0.043485
211.80          -0.043581
212.00          -0.043678
212.20          -0.043776
212.40          -0.043873
212.60          -0.043971
212.80          -0.044070
213.00          -0.044168
213.20          -0.044267
213.40          -0.044366
213.60          -0.044466
213.80          -0.044566
214.00          -0.044666
214.20          -0.044767
214.40          -0.044867
214.60          -0.044969
214.80          -0.045070
215.00          -0.045172
215.20          -0.045274
215.40          -0.045377
215.60          -0.045480
215.80          -0.045583
216.00          -0.045686
216.20          -0.045790
216.40          -0.045895
216.60          -0.045999
216.80          -0.046104
217.00          -0.046210
217.20          -0.046316
217.40          -0.046422
217.60          -0.046528
217.80          -0.046635
218.00          -0.046742
218.20          -0.046850
218.40          -0.046958
218.60          -0.047066
218.80          -0.047175
219.00          -0.047284
219.20          -0.047394
219.40          -0.047504
219.60          -0.047614
219.80          -0.047725
220.00          -0.047836
220.20          -0.047948
220.40          -0.048060
220.60          -0.048173
220.80          -0.048286
221.00          -0.048399
221.20          -0.048513
221.40          -0.048627
221.60          -0.048742
221.80          -0.048857
222.00          -0.048972
222.20          -0.049089
222.40          -0.049205
222.60          -0.049322
222.80          -0.049440
223.00          -0.049558
223.20          -0.049676
223.40          -0.049795
223.60          -0.049914
223.80          -0.050034
224.00          -0.050155
224.20          -0.050276
224.40          -0.050397
224.60          -0.050519
224.80          -0.050642
225.00          -0.050765
