175.00          -0.23009
175.20          -0.22975
175.40          -0.22934
175.60          -0.22885
175.80          -0.22829
176.00          -0.22765
176.20          -0.22693
176.40          -0.22614
176.60          -0.22528
176.80          -0.22435
177.00          -0.22336
177.20          -0.22229
177.40          -0.22116
177.60          -0.21996
177.80          -0.21870
178.00          -0.21739
178.20          -0.21601
178.40          -0.21458
178.60          -0.21310
178.80          -0.21156
179.00          -0.20998
179.20          -0.20835
179.40          -0.20668
179.60          -0.20496
179.80          -0.20321
180.00          -0.20143
180.20          -0.19961
180.40          -0.19776
180.60          -0.19588
180.80          -0.19398
181.00          -0.19205
181.20          -0.19011
181.40          -0.18814
181.60          -0.18616
181.80          -0.18417
182.00          -0.18217
182.20          -0.18016
182.40          -0.17814
182.60          -0.17612
182.80          -0.17410
183.00          -0.17208
183.20          -0.17005
183.40          -0.16803
183.60          -0.16602
183.80          -0.16401
184.00          -0.16202
184.20          -0.16003
184.40          -0.15805
184.60          -0.15608
184.80          -0.15413
185.00          -0.15220
185.20          -0.15027
185.40          -0.14837
185.60          -0.14648
185.80          -0.14462
186.00          -0.14277
186.20          -0.14094
186.40          -0.13913
186.60          -0.13735
186.80          -0.13558
187.00          -0.13384
187.20          -0.13212
187.40          -0.13043
187.60          -0.12875
187.80          -0.12711
188.00          -0.12548
188.20          -0.12388
188.40          -0.12231
188.60          -0.12076
188.80          -0.11923
189.00          -0.11773
189.20          -0.11625
189.40          -0.11480
189.60          -0.11338
189.80          -0.11197
190.00          -0.11060
190.20          -0.10924
190.40          -0.10792
190.60          -0.10661
190.80          -0.10533
191.00          -0.10407
191.20          -0.10284
191.40          -0.10163
191.60          -0.10045
191.80          -0.099283
192.00          -0.098143
192.20          -0.097026
192.40          -0.095930
192.60          -0.094857
192.80          -0.093805
193.00          -0.092775
193.20          -0.091766
193.40          -0.090778
193.60          -0.089811
193.80          -0.088864
194.00          -0.087937
194.20          -0.087029
194.40          -0.086141
194.60          -0.085273
194.80          -0.084423
195.00          -0.083592
195.20          -0.082779
195.40          -0.081984
195.60          -0.081207
195.80          -0.080447
196.00          -0.079705
196.20          -0.078979
196.40          -0.078270
196.60          -0.077577
196.80          -0.076900
197.00          -0.076239
197.20          -0.075593
197.40          -0.074963
197.60          -0.074347
197.80          -0.073747
198.00          -0.073160
198.20          -0.072588
198.40          -0.072030
198.60          -0.071485
198.80          -0.070954
199.00          -0.070436
199.20          -0.069931
199.40          -0.069439
199.60          -0.068959
199.80          -0.068492
200.00          -0.068037
200.20          -0.067593
200.40          -0.067161
200.60          -0.066741
200.80          -0.066332
201.00          -0.065934
201.20          -0.065547
201.40          -0.065170
201.60          -0.064804
201.80          -0.064448
202.00          -0.064102
202.20          -0.063766
202.40          -0.063440
202.60          -0.063124
202.80          -0.062817
203.00          -0.062519
203.20          -0.062230
203.40          -0.061950
203.60          -0.061679
203.80          -0.061417
204.00          -0.061163
204.20          -0.060917
204.40          -0.060680
204.60          -0.060451
204.80          -0.060229
205.00          -0.060015
205.20          -0.059809
205.40          -0.059611
205.60          -0.059420
205.80          -0.059236
206.00          -0.059059
206.20          -0.058889
206.40          -0.058727
206.60          -0.058571
206.80          -0.058422
207.00          -0.058279
207.20          -0.058143
207.40          -0.058013
207.60          -0.057890
207.80          -0.057772
208.00          -0.057661
208.20          -0.057556
208.40          -0.057457
208.60          -0.057363
208.80          -0.057276
209.00          -0.057194
209.20          -0.057117
209.40          -0.057046
209.60          -0.056980
209.80          -0.056920
210.00          -0.056865
210.20          -0.056815
210.40          -0.056770
210.60          -0.056730
210.80          -0.056695
211.00          -0.056665
211.20          -0.056640
211.40          -0.056620
211.60          -0.056604
211.80          -0.056593
212.00          -0.056586
212.20          -0.056584
212.40          -0.056586
212.60          -0.056593
212.80          -0.056604
213.00          -0.056619
213.20          -0.056638
213.40          -0.056662
213.60          -0.056689
213.80          -0.056721
214.00          -0.056757
214.20          -0.056796
214.40          -0.056840
214.60          -0.056887
214.80          -0.056938
215.00          -0.056993
215.20          -0.057052
215.40          -0.057114
215.60          -0.057180
215.80          -0.057249
216.00          -0.057323
216.20          -0.057399
216.40          -0.057479
216.60          -0.057562
216.80          -0.057649
217.00          -0.057739
217.20          -0.057833
217.40          -0.057930
217.60          -0.058030
217.80          -0.058133
218.00          -0.058239
218.20          -0.058349
218.40          -0.058461
218.60          -0.058577
218.80          -0.058696
219.00          -0.058817
219.20          -0.058942
219.40          -0.059070
219.60          -0.059200
219.80          -0.059334
220.00          -0.059470
220.20          -0.059610
220.40          -0.059752
220.60          -0.059896
220.80          -0.060044
221.00          -0.060194
221.20          -0.060347
221.40          -0.060503
221.60          -0.060662
221.80          -0.060823
222.00          -0.060986
222.20          -0.061153
222.40          -0.061321
222.60          -0.061493
222.80          -0.061667
223.00          -0.061843
223.20          -0.062022
223.40          -0.062203
223.60          -0.062387
223.80          -0.062573
224.00          -0.062762
224.20          -0.062953
224.40          -0.063146
224.60          -0.063342
224.80          -0.063540
225.00          -0.063741
