175.00          -0.11603
175.20          -0.11449
175.40          -0.11297
175.60          -0.11149
175.80          -0.11002
176.00          -0.10859
176.20          -0.10718
176.40          -0.10580
176.60          -0.10444
176.80          -0.10311
177.00          -0.10180
177.20          -0.10052
177.40          -0.099263
177.60          -0.098031
177.80          -0.096823
178.00          -0.095639
178.20          -0.094479
178.40          -0.093342
178.60          -0.092228
178.80          -0.091136
179.00          -0.090067
179.20          -0.089020
179.40          -0.087994
179.60          -0.086989
179.80          -0.086005
180.00          -0.085042
180.20          -0.084099
180.40          -0.083175
180.60          -0.082271
180.80          -0.081387
181.00          -0.080521
181.20          -0.079674
181.40          -0.078845
181.60          -0.078034
181.80          -0.077240
182.00          -0.076464
182.20          -0.075705
182.40          -0.074962
182.60          -0.074236
182.80          -0.073525
183.00          -0.072831
183.20          -0.072152
183.40          -0.071488
183.60          -0.070839
183.80          -0.070204
184.00          -0.069584
184.20          -0.068978
184.40          -0.068386
184.60          -0.067807
184.80          -0.067242
185.00          -0.066690
185.20          -0.066151
185.40          -0.065624
185.60          -0.065110
185.80          -0.064607
186.00          -0.064117
186.20          -0.063638
186.40          -0.063171
186.60          -0.062715
186.80          -0.062271
187.00          -0.061837
187.20          -0.061413
187.40          -0.061000
187.60          -0.060598
187.80          -0.060205
188.00          -0.059823
188.20          -0.059450
188.40          -0.059086
188.60          -0.058732
188.80          -0.058388
189.00          -0.058052
189.20          -0.057725
189.40          -0.057407
189.60          -0.057098
189.80          -0.056797
190.00          -0.056504
190.20          -0.056219
190.40          -0.055943
190.60          -0.055674
190.80          -0.055413
191.00          -0.055160
191.20          -0.054914
191.40          -0.054675
191.60          -0.054444
191.80          -0.054219
192.00          -0.054002
192.20          -0.053792
192.40          -0.053588
192.60          -0.053391
192.80          -0.053201
193.00          -0.053017
193.20          -0.052839
193.40          -0.052668
193.60          -0.052503
193.80          -0.052344
194.00          -0.052191
194.20          -0.052043
194.40          -0.051902
194.60          -0.051766
194.80          -0.051636
195.00          -0.051511
195.20          -0.051392
195.40          -0.051278
195.60          -0.051170
195.80          -0.051067
196.00          -0.050969
196.20          -0.050876
196.40          -0.050788
196.60          -0.050705
196.80          -0.050627
197.00          -0.050553
197.20          -0.050485
197.40          -0.050421
197.60          -0.050362
197.80          -0.050307
198.00          -0.050257
198.20          -0.050211
198.40          -0.050170
198.60          -0.050133
198.80          -0.050100
199.00          -0.050072
199.20          -0.050048
199.40          -0.050028
199.60          -0.050012
199.80          -0.050000
200.00          -0.049992
200.20          -0.049988
200.40          -0.049988
200.60          -0.049992
200.80          -0.050000
201.00          -0.050012
201.20          -0.050027
201.40          -0.050046
201.60          -0.050069
201.80          -0.050095
202.00          -0.050125
202.20          -0.050159
202.40          -0.050196
202.60          -0.050237
202.80          -0.050281
203.00          -0.050329
203.20          -0.050380
203.40          -0.050435
203.60          -0.050493
203.80          -0.050554
204.00          -0.050619
204.20          -0.050687
204.40          -0.050758
204.60          -0.050832
204.80          -0.050910
205.00          -0.050991
205.20          -0.051075
205.40          -0.051162
205.60          -0.051252
205.80          -0.051346
206.00          -0.051442
206.20          -0.051542
206.40          -0.051644
206.60          -0.051750
206.80          -0.051859
207.00          -0.051970
207.20          -0.052085
207.40          -0.052202
207.60          -0.052323
207.80          -0.052446
208.00          -0.052573
208.20          -0.052702
208.40          -0.052834
208.60          -0.052969
208.80          -0.053107
209.00          -0.053248
209.20          -0.053392
209.40          -0.053538
209.60          -0.053687
209.80          -0.053839
210.00          -0.053994
210.20          -0.054152
210.40          -0.054312
210.60          -0.054475
210.80          -0.054641
211.00          -0.054810
211.20          -0.054981
211.40          -0.055155
211.60          -0.055332
211.80          -0.055511
212.00          -0.055693
212.20          -0.055878
212.40          -0.056066
212.60          -0.056256
212.80          -0.056449
213.00          -0.056644
213.20          -0.056842
213.40          -0.057043
213.60          -0.057247
213.80          -0.057453
214.00          -0.057662
214.20          -0.057873
214.40          -0.058087
214.60          -0.058304
214.80          -0.058523
215.00          -0.058745
215.20          -0.058970
215.40          -0.059197
215.60          -0.059426
215.80          -0.059659
216.00          -0.059894
216.20          -0.060131
216.40          -0.060371
216.60          -0.060614
216.80          -0.060859
217.00          -0.061107
217.20          -0.061358
217.40          -0.061611
217.60          -0.061866
217.80          -0.062125
218.00          -0.062385
218.20          -0.062649
218.40          -0.062915
218.60          -0.063183
218.80          -0.063454
219.00          -0.063728
219.20          -0.064004
219.40          -0.064283
219.60          -0.064565
219.80          -0.064849
220.00          -0.065135
220.20          -0.065424
220.40          -0.065716
220.60          -0.066010
220.80          -0.066307
221.00          -0.066607
221.20          -0.066909
221.40          -0.067214
221.60          -0.067521
221.80          -0.067830
222.00          -0.068143
222.20          -0.068458
222.40          -0.068775
222.60          -0.069095
222.80          -0.069418
223.00          -0.069743
223.20          -0.070071
223.40          -0.070402
223.60          -0.070735
223.80          -0.071070
224.00          -0.071409
224.20          -0.071749
224.40          -0.072093
224.60          -0.072439
224.80          -0.072787
225.00          -0.073138
