175.00          -0.068680
175.20          -0.068028
175.40          -0.067391
175.60          -0.066769
175.80          -0.066160
176.00          -0.065565
176.20          -0.064984
176.40          -0.064416
176.60          -0.063861
176.80          -0.063319
177.00          -0.062789
177.20          -0.062271
177.40          -0.061766
177.60          -0.061272
177.80          -0.060790
178.00          -0.060319
178.20          -0.059859
178.40          -0.059410
178.60          -0.058971
178.80          -0.058543
179.00          -0.058126
179.20          -0.057718
179.40          -0.057320
179.60          -0.056932
179.80          -0.056554
180.00          -0.056185
180.20          -0.055825
180.40          -0.055474
180.60          -0.055132
180.80          -0.054798
181.00          -0.054473
181.20          -0.054157
181.40          -0.053848
181.60          -0.053548
181.80          -0.053256
182.00          -0.052971
182.20          -0.052694
182.40          -0.052425
182.60          -0.052162
182.80          -0.051908
183.00          -0.051660
183.20          -0.051419
183.40          -0.051185
183.60          -0.050958
183.80          -0.050738
184.00          -0.050524
184.20          -0.050317
184.40          -0.050115
184.60          -0.049921
184.80          -0.049732
185.00          -0.049549
185.20          -0.049373
185.40          -0.049202
185.60          -0.049037
185.80          -0.048877
186.00          -0.048723
186.20          -0.048575
186.40          -0.048432
186.60          -0.048295
186.80          -0.048162
187.00          -0.048035
187.20          -0.047913
187.40          -0.047797
187.60          -0.047685
187.80          -0.047578
188.00          -0.047475
188.20          -0.047378
188.40          -0.047285
188.60          -0.047197
188.80          -0.047114
189.00          -0.047035
189.20          -0.046960
189.40          -0.046890
189.60          -0.046825
189.80          -0.046763
190.00          -0.046706
190.20          -0.046653
190.40          -0.046604
190.60          -0.046560
190.80          -0.046519
191.00          -0.046483
191.20          -0.046450
191.40          -0.046421
191.60          -0.046397
191.80          -0.046376
192.00          -0.046359
192.20          -0.046345
192.40          -0.046336
192.60          -0.046330
192.80          -0.046328
193.00          -0.046329
193.20          -0.046334
193.40          -0.046343
193.60          -0.046355
193.80          -0.046370
194.00          -0.046389
194.20          -0.046412
194.40          -0.046438
194.60          -0.046467
194.80          -0.046500
195.00          -0.046536
195.20          -0.046575
195.40          -0.046618
195.60          -0.046664
195.80          -0.046713
196.00          -0.046765
196.20          -0.046821
196.40          -0.046880
196.60          -0.046941
196.80          -0.047006
197.00          -0.047075
197.20          -0.047146
197.40          -0.047220
197.60          -0.047298
197.80          -0.047378
198.00          -0.047462
198.20          -0.047548
198.40          -0.047638
198.60          -0.047730
198.80          -0.047826
199.00          -0.047924
199.20          -0.048026
199.40          -0.048130
199.60          -0.048238
199.80          -0.048348
200.00          -0.048461
200.20          -0.048577
200.40          -0.048696
200.60          -0.048818
200.80          -0.048943
201.00          -0.049071
201.20          -0.049202
201.40          -0.049335
201.60          -0.049472
201.80          -0.049611
202.00          -0.049753
202.20          -0.049898
202.40          -0.050046
202.60          -0.050196
202.80          -0.050350
203.00          -0.050506
203.20          -0.050665
203.40          -0.050827
203.60          -0.050992
203.80          -0.051159
204.00          -0.051330
204.20          -0.051503
204.40          -0.051679
204.60          -0.051858
204.80          -0.052040
205.00          -0.052225
205.20          -0.052412
205.40          -0.052603
205.60          -0.052796
205.80          -0.052992
206.00          -0.053191
206.20          -0.053393
206.40          -0.053597
206.60          -0.053805
206.80          -0.054015
207.00          -0.054228
207.20          -0.054444
207.40          -0.054663
207.60          -0.054885
207.80          -0.055110
208.00          -0.055337
208.20          -0.055568
208.40          -0.055801
208.60          -0.056037
208.80          -0.056277
209.00          -0.056519
209.20          -0.056764
209.40          -0.057012
209.60          -0.057263
209.80          -0.057517
210.00          -0.057774
210.20          -0.058034
210.40          -0.058297
210.60          -0.058563
210.80          -0.058833
211.00          -0.059105
211.20          -0.059380
211.40          -0.059658
211.60          -0.059939
211.80          -0.060224
212.00          -0.060511
212.20          -0.060801
212.40          -0.061095
212.60          -0.061392
212.80          -0.061692
213.00          -0.061995
213.20          -0.062301
213.40          -0.062610
213.60          -0.062923
213.80          -0.063239
214.00          -0.063558
214.20          -0.063880
214.40          -0.064206
214.60          -0.064535
214.80          -0.064867
215.00          -0.065202
215.20          -0.065541
215.40          -0.065883
215.60          -0.066228
215.80          -0.066577
216.00          -0.066929
216.20          -0.067285
216.40          -0.067644
216.60          -0.068006
216.80          -0.068372
217.00          -0.068742
217.20          -0.069114
217.40          -0.069491
217.60          -0.069871
217.80          -0.070254
218.00          -0.070641
218.20          -0.071032
218.40          -0.071426
218.60          -0.071824
218.80          -0.072226
219.00          -0.072631
219.20          -0.073040
219.40          -0.073452
219.60          -0.073869
219.80          -0.074289
220.00          -0.074713
220.20          -0.075140
220.40          -0.075572
220.60          -0.076007
220.80          -0.076446
221.00          -0.076889
221.20          -0.077336
221.40          -0.077787
221.60          -0.078242
221.80          -0.078701
222.00          -0.079164
222.20          -0.079631
222.40          -0.080101
222.60          -0.080576
222.80          -0.081056
223.00          -0.081539
223.20          -0.082026
223.40          -0.082518
223.60          -0.083013
223.80          -0.083513
224.00          -0.084017
224.20          -0.084526
224.40          -0.085038
224.60          -0.085555
224.80          -0.086077
225.00          -0.086603
