175.00          -0.064599
175.20          -0.064031
175.40          -0.063475
175.60          -0.062932
175.80          -0.062402
176.00          -0.061884
176.20          -0.061378
176.40          -0.060883
176.60          -0.060401
176.80          -0.059929
177.00          -0.059469
177.20          -0.059019
177.40          -0.058580
177.60          -0.058151
177.80          -0.057733
178.00          -0.057325
178.20          -0.056927
178.40          -0.056538
178.60          -0.056159
178.80          -0.055789
179.00          -0.055428
179.20          -0.055077
179.40          -0.054734
179.60          -0.054399
179.80          -0.054074
180.00          -0.053756
180.20          -0.053447
180.40          -0.053146
180.60          -0.052852
180.80          -0.052567
181.00          -0.052289
181.20          -0.052018
181.40          -0.051755
181.60          -0.051499
181.80          -0.051250
182.00          -0.051009
182.20          -0.050774
182.40          -0.050545
182.60          -0.050324
182.80          -0.050109
183.00          -0.049900
183.20          -0.049698
183.40          -0.049502
183.60          -0.049312
183.80          -0.049128
184.00          -0.048950
184.20          -0.048778
184.40          -0.048611
184.60          -0.048450
184.80          -0.048295
185.00          -0.048145
185.20          -0.048001
185.40          -0.047862
185.60          -0.047728
185.80          -0.047599
186.00          -0.047476
186.20          -0.047357
186.40          -0.047243
186.60          -0.047135
186.80          -0.047031
187.00          -0.046932
187.20          -0.046837
187.40          -0.046747
187.60          -0.046662
187.80          -0.046581
188.00          -0.046505
188.20          -0.046433
188.40          -0.046365
188.60          -0.046302
188.80          -0.046243
189.00          -0.046188
189.20          -0.046137
189.40          -0.046091
189.60          -0.046048
189.80          -0.046010
190.00          -0.045975
190.20          -0.045944
190.40          -0.045917
190.60          -0.045894
190.80          -0.045875
191.00          -0.045860
191.20          -0.045848
191.40          -0.045840
191.60          -0.045835
191.80          -0.045834
192.00          -0.045837
192.20          -0.045844
192.40          -0.045853
192.60          -0.045867
192.80          -0.045883
193.00          -0.045904
193.20          -0.045927
193.40          -0.045954
193.60          -0.045985
193.80          -0.046018
194.00          -0.046055
194.20          -0.046095
194.40          -0.046139
194.60          -0.046186
194.80          -0.046235
195.00          -0.046289
195.20          -0.046345
195.40          -0.046404
195.60          -0.046467
195.80          -0.046533
196.00          -0.046601
196.20          -0.046673
196.40          -0.046748
196.60          -0.046826
196.80          -0.046907
197.00          -0.046991
197.20          -0.047078
197.40          -0.047168
197.60          -0.047261
197.80          -0.047357
198.00          -0.047456
198.20          -0.047558
198.40          -0.047663
198.60          -0.047771
198.80          -0.047882
199.00          -0.047995
199.20          -0.048112
199.40          -0.048231
199.60          -0.048354
199.80          -0.048479
200.00          -0.048607
200.20          -0.048738
200.40          -0.048872
200.60          -0.049008
200.80          -0.049148
201.00          -0.049291
201.20          -0.049436
201.40          -0.049584
201.60          -0.049735
201.80          -0.049889
202.00          -0.050046
202.20          -0.050205
202.40          -0.050368
202.60          -0.050533
202.80          -0.050701
203.00          -0.050872
203.20          -0.051046
203.40          -0.051223
203.60          -0.051402
203.80          -0.051584
204.00          -0.051770
204.20          -0.051958
204.40          -0.052149
204.60          -0.052343
204.80          -0.052539
205.00          -0.052739
205.20          -0.052941
205.40          -0.053147
205.60          -0.053355
205.80          -0.053566
206.00          -0.053780
206.20          -0.053997
206.40          -0.054217
206.60          -0.054440
206.80          -0.054666
207.00          -0.054895
207.20          -0.055126
207.40          -0.055361
207.60          -0.055599
207.80          -0.055839
208.00          -0.056083
208.20          -0.056329
208.40          -0.056579
208.60          -0.056832
208.80          -0.057087
209.00          -0.057346
209.20          -0.057608
209.40          -0.057872
209.60          -0.058140
209.80          -0.058411
210.00          -0.058685
210.20          -0.058963
210.40          -0.059243
210.60          -0.059526
210.80          -0.059813
211.00          -0.060103
211.20          -0.060396
211.40          -0.060692
211.60          -0.060992
211.80          -0.061294
212.00          -0.061600
212.20          -0.061909
212.40          -0.062222
212.60          -0.062538
212.80          -0.062857
213.00          -0.063179
213.20          -0.063505
213.40          -0.063834
213.60          -0.064167
213.80          -0.064502
214.00          -0.064842
214.20          -0.065185
214.40          -0.065531
214.60          -0.065881
214.80          -0.066234
215.00          -0.066591
215.20          -0.066951
215.40          -0.067315
215.60          -0.067682
215.80          -0.068053
216.00          -0.068428
216.20          -0.068806
216.40          -0.069188
216.60          -0.069574
216.80          -0.069963
217.00          -0.070357
217.20          -0.070753
217.40          -0.071154
217.60          -0.071559
217.80          -0.071967
218.00          -0.072379
218.20          -0.072795
218.40          -0.073215
218.60          -0.073639
218.80          -0.074067
219.00          -0.074499
219.20          -0.074935
219.40          -0.075375
219.60          -0.075819
219.80          -0.076267
220.00          -0.076719
220.20          -0.077175
220.40          -0.077635
220.60          -0.078100
220.80          -0.078569
221.00          -0.079042
221.20          -0.079519
221.40          -0.080001
221.60          -0.080487
221.80          -0.080978
222.00          -0.081472
222.20          -0.081972
222.40          -0.082475
222.60          -0.082983
222.80          -0.083496
223.00          -0.084013
223.20          -0.084535
223.40          -0.085062
223.60          -0.085593
223.80          -0.086128
224.00          -0.086669
224.20          -0.087214
224.40          -0.087764
224.60          -0.088318
224.80          -0.088878
225.00          -0.089442
