175.00          -0.048392
175.20          -0.048660
175.40          -0.048930
175.60          -0.049202
175.80          -0.049477
176.00          -0.049755
176.20          -0.050035
176.40          -0.050317
176.60          -0.050603
176.80          -0.050891
177.00          -0.051182
177.20          -0.051476
177.40          -0.051774
177.60          -0.052074
177.80          -0.052377
178.00          -0.052684
178.20          -0.052994
178.40          -0.053307
178.60          -0.053624
178.80          -0.053944
179.00          -0.054268
179.20          -0.054595
179.40          -0.054926
179.60          -0.055260
179.80          -0.055598
180.00          -0.055940
180.20          -0.056286
180.40          -0.056636
180.60          -0.056991
180.80          -0.057349
181.00          -0.057711
181.20          -0.058078
181.40          -0.058450
181.60          -0.058826
181.80          -0.059207
182.00          -0.059592
182.20          -0.059983
182.40          -0.060379
182.60          -0.060780
182.80          -0.061187
183.00          -0.061599
183.20          -0.062017
183.40          -0.062442
183.60          -0.062872
183.80          -0.063309
184.00          -0.063754
184.20          -0.064205
184.40          -0.064664
184.60          -0.065130
184.80          -0.065605
185.00          -0.066088
185.20          -0.066581
185.40          -0.067082
185.60          -0.067595
185.80          -0.068117
186.00          -0.068651
186.20          -0.069197
186.40          -0.069756
186.60          -0.070329
186.80          -0.070916
187.00          -0.071520
187.20          -0.072140
187.40          -0.072779
187.60          -0.073437
187.80          -0.074118
188.00          -0.074822
188.20          -0.075553
188.40          -0.076312
188.60          -0.077103
188.80          -0.077928
189.00          -0.078794
189.20          -0.079703
189.40          -0.080661
189.60          -0.081676
189.80          -0.082755
190.00          -0.083907
190.20          -0.085144
190.40          -0.086479
190.60          -0.087930
190.80          -0.089519
191.00          -0.091271
191.20          -0.093221
191.40          -0.095414
191.60          -0.097907
191.80          -0.10078
192.00          -0.10413
192.20          -0.10811
192.40          -0.11291
192.60          -0.11882
192.80          -0.12624
193.00          -0.13575
193.20          -0.14814
193.40          -0.16435
193.60          -0.18516
193.80          -0.21027
194.00          -0.23733
194.20          -0.26480
194.40          -0.30214
194.60          -0.38961
194.80          -0.72034
195.00          -3.9988
195.20          -0.58010
195.40          -0.11693
195.60          -0.066005
195.80          -0.056793
196.00          -0.055857
196.20          -0.057040
196.40          -0.058774
196.60          -0.060591
196.80          -0.062341
197.00          -0.063982
197.20          -0.065509
197.40          -0.066929
197.60          -0.068254
197.80          -0.069493
198.00          -0.070659
198.20          -0.071760
198.40          -0.072805
198.60          -0.073799
198.80          -0.074750
199.00          -0.075661
199.20          -0.076537
199.40          -0.077382
199.60          -0.078199
199.80          -0.078991
200.00          -0.079759
200.20          -0.080506
200.40          -0.081234
200.60          -0.081945
200.80          -0.082638
201.00          -0.083317
201.20          -0.083981
201.40          -0.084632
201.60          -0.085270
201.80          -0.085897
202.00          -0.086512
202.20          -0.087116
202.40          -0.087710
202.60          -0.088294
202.80          -0.088869
203.00          -0.089434
203.20          -0.089990
203.40          -0.090537
203.60          -0.091075
203.80          -0.091604
204.00          -0.092125
204.20          -0.092637
204.40          -0.093141
204.60          -0.093636
204.80          -0.094122
205.00          -0.094599
205.20          -0.095068
205.40          -0.095528
205.60          -0.095978
205.80          -0.096420
206.00          -0.096852
206.20          -0.097274
206.40          -0.097686
206.60          -0.098089
206.80          -0.098481
207.00          -0.098862
207.20          -0.099232
207.40          -0.099592
207.60          -0.099940
207.80          -0.10028
208.00          -0.10060
208.20          -0.10091
208.40          -0.10121
208.60          -0.10150
208.80          -0.10177
209.00          -0.10203
209.20          -0.10227
209.40          -0.10250
209.60          -0.10272
209.80          -0.10292
210.00          -0.10310
210.20          -0.10327
210.40          -0.10342
210.60          -0.10356
210.80          -0.10368
211.00          -0.10379
211.20          -0.10388
211.40          -0.10395
211.60          -0.10401
211.80          -0.10405
212.00          -0.10408
212.20          -0.10409
212.40          -0.10409
212.60          -0.10408
212.80          -0.10405
213.00          -0.10402
213.20          -0.10398
213.40          -0.10393
213.60          -0.10388
213.80          -0.10384
214.00          -0.10379
214.20          -0.10376
214.40          -0.10374
214.60          -0.10374
214.80          -0.10377
215.00          -0.10384
215.20          -0.10394
215.40          -0.10411
215.60          -0.10434
215.80          -0.10464
216.00          -0.10504
216.20          -0.10555
216.40          -0.10619
216.60          -0.10697
216.80          -0.10792
217.00          -0.10906
217.20          -0.11041
217.40          -0.11200
217.60          -0.11386
217.80          -0.11601
218.00          -0.11848
218.20          -0.12130
218.40          -0.12449
218.60          -0.12808
218.80          -0.13209
219.00          -0.13653
219.20          -0.14141
219.40          -0.14675
219.60          -0.15253
219.80          -0.15876
220.00          -0.16540
220.20          -0.17245
220.40          -0.17985
220.60          -0.18758
220.80          -0.19557
221.00          -0.20379
221.20          -0.21217
221.40          -0.22065
221.60          -0.22918
221.80          -0.23770
222.00          -0.24615
222.20          -0.25449
222.40          -0.26267
222.60          -0.27066
222.80          -0.27842
223.00          -0.28594
223.20          -0.29320
223.40          -0.30019
223.60          -0.30691
223.80          -0.31335
224.00          -0.31952
224.20          -0.32544
224.40          -0.33111
224.60          -0.33655
224.80          -0.34177
225.00          -0.34679
