175.00          -0.079551
175.20          -0.080266
175.40          -0.080988
175.60          -0.081716
175.80          -0.082451
176.00          -0.083192
176.20          -0.083940
176.40          -0.084695
176.60          -0.085456
176.80          -0.086224
177.00          -0.086999
177.20          -0.087780
177.40          -0.088568
177.60          -0.089363
177.80          -0.090164
178.00          -0.090971
178.20          -0.091784
178.40          -0.092604
178.60          -0.093430
178.80          -0.094262
179.00          -0.095099
179.20          -0.095943
179.40          -0.096791
179.60          -0.097645
179.80          -0.098504
180.00          -0.099367
180.20          -0.10024
180.40          -0.10111
180.60          -0.10198
180.80          -0.10286
181.00          -0.10374
181.20          -0.10463
181.40          -0.10552
181.60          -0.10640
181.80          -0.10729
182.00          -0.10818
182.20          -0.10907
182.40          -0.10996
182.60          -0.11085
182.80          -0.11173
183.00          -0.11261
183.20          -0.11349
183.40          -0.11436
183.60          -0.11523
183.80          -0.11608
184.00          -0.11693
184.20          -0.11777
184.40          -0.11859
184.60          -0.11940
184.80          -0.12019
185.00          -0.12097
185.20          -0.12172
185.40          -0.12246
185.60          -0.12317
185.80          -0.12384
186.00          -0.12449
186.20          -0.12510
186.40          -0.12568
186.60          -0.12621
186.80          -0.12669
187.00          -0.12711
187.20          -0.12748
187.40          -0.12779
187.60          -0.12802
187.80          -0.12817
188.00          -0.12823
188.20          -0.12819
188.40          -0.12804
188.60          -0.12777
188.80          -0.12737
189.00          -0.12682
189.20          -0.12610
189.40          -0.12520
189.60          -0.12409
189.80          -0.12277
190.00          -0.12120
190.20          -0.11938
190.40          -0.11728
190.60          -0.11489
190.80          -0.11223
191.00          -0.10932
191.20          -0.10624
191.40          -0.10315
191.60          -0.10035
191.80          -0.098407
192.00          -0.098298
192.20          -0.10175
192.40          -0.11169
192.60          -0.13279
192.80          -0.17159
193.00          -0.23462
193.20          -0.32237
193.40          -0.42120
193.60          -0.50591
193.80          -0.55789
194.00          -0.57687
194.20          -0.57362
194.40          -0.55905
194.60          -0.54005
194.80          -0.52214
195.00          -0.91163
195.20          -0.52749
195.40          -0.50305
195.60          -0.49032
195.80          -0.48180
196.00          -0.47593
196.20          -0.47212
196.40          -0.47005
196.60          -0.46953
196.80          -0.47043
197.00          -0.47269
197.20          -0.47627
197.40          -0.48116
197.60          -0.48740
197.80          -0.49502
198.00          -0.50413
198.20          -0.51484
198.40          -0.52729
198.60          -0.54167
198.80          -0.55823
199.00          -0.57724
199.20          -0.59906
199.40          -0.62412
199.60          -0.65294
199.80          -0.68613
200.00          -0.72446
200.20          -0.76880
200.40          -0.82018
200.60          -0.87978
200.80          -0.94882
201.00          -1.0284
201.20          -1.1193
201.40          -1.2212
201.60          -1.3315
201.80          -1.4441
202.00          -1.5473
202.20          -1.6232
202.40          -1.6507
202.60          -1.6132
202.80          -1.5082
203.00          -1.3514
203.20          -1.1689
203.40          -0.98625
203.60          -0.82015
203.80          -0.67816
204.00          -0.56130
204.20          -0.46718
204.40          -0.39218
204.60          -0.33266
204.80          -0.28538
205.00          -0.24770
205.20          -0.21753
205.40          -0.19322
205.60          -0.17350
205.80          -0.15741
206.00          -0.14418
206.20          -0.13322
206.40          -0.12409
206.60          -0.11642
206.80          -0.10994
207.00          -0.10443
207.20          -0.099704
207.40          -0.095627
207.60          -0.092083
207.80          -0.088981
208.00          -0.086248
208.20          -0.083822
208.40          -0.081652
208.60          -0.079699
208.80          -0.077929
209.00          -0.076312
209.20          -0.074827
209.40          -0.073454
209.60          -0.072175
209.80          -0.070979
210.00          -0.069853
210.20          -0.068787
210.40          -0.067774
210.60          -0.066807
210.80          -0.065881
211.00          -0.064989
211.20          -0.064129
211.40          -0.063297
211.60          -0.062489
211.80          -0.061704
212.00          -0.060939
212.20          -0.060192
212.40          -0.059463
212.60          -0.058750
212.80          -0.058051
213.00          -0.057367
213.20          -0.056696
213.40          -0.056038
213.60          -0.055393
213.80          -0.054759
214.00          -0.054137
214.20          -0.053527
214.40          -0.052929
214.60          -0.052342
214.80          -0.051766
215.00          -0.051201
215.20          -0.050648
215.40          -0.050106
215.60          -0.049576
215.80          -0.049057
216.00          -0.048551
216.20          -0.048055
216.40          -0.047572
216.60          -0.047101
216.80          -0.046642
217.00          -0.046196
217.20          -0.045762
217.40          -0.045341
217.60          -0.044933
217.80          -0.044538
218.00          -0.044156
218.20          -0.043788
218.40          -0.043434
218.60          -0.043094
218.80          -0.042768
219.00          -0.042456
219.20          -0.042159
219.40          -0.041877
219.60          -0.041610
219.80          -0.041358
220.00          -0.041123
220.20          -0.040903
220.40          -0.040699
220.60          -0.040512
220.80          -0.040341
221.00          -0.040188
221.20          -0.040052
221.40          -0.039933
221.60          -0.039833
221.80          -0.039751
222.00          -0.039688
222.20          -0.039643
222.40          -0.039618
222.60          -0.039613
222.80          -0.039628
223.00          -0.039664
223.20          -0.039721
223.40          -0.039799
223.60          -0.039900
223.80          -0.040023
224.00          -0.040168
224.20          -0.040337
224.40          -0.040531
224.60          -0.040748
224.80          -0.040991
225.00          -0.041259
