175.00          -0.22915
175.20          -0.23630
175.40          -0.24370
175.60          -0.25136
175.80          -0.25924
176.00          -0.26734
176.20          -0.27562
176.40          -0.28405
176.60          -0.29258
176.80          -0.30116
177.00          -0.30972
177.20          -0.31819
177.40          -0.32647
177.60          -0.33447
177.80          -0.34208
178.00          -0.34917
178.20          -0.35563
178.40          -0.36132
178.60          -0.36613
178.80          -0.36993
179.00          -0.37261
179.20          -0.37410
179.40          -0.37432
179.60          -0.37324
179.80          -0.37084
180.00          -0.36715
180.20          -0.36221
180.40          -0.35612
180.60          -0.34897
180.80          -0.34089
181.00          -0.33201
181.20          -0.32248
181.40          -0.31245
181.60          -0.30205
181.80          -0.29142
182.00          -0.28068
182.20          -0.26995
182.40          -0.25931
182.60          -0.24886
182.80          -0.23866
183.00          -0.22875
183.20          -0.21919
183.40          -0.21000
183.60          -0.20120
183.80          -0.19280
184.00          -0.18480
184.20          -0.17721
184.40          -0.17002
184.60          -0.16322
184.80          -0.15679
185.00          -0.15074
185.20          -0.14503
185.40          -0.13965
185.60          -0.13459
185.80          -0.12983
186.00          -0.12536
186.20          -0.12115
186.40          -0.11720
186.60          -0.11348
186.80          -0.10999
187.00          -0.10671
187.20          -0.10363
187.40          -0.10073
187.60          -0.098005
187.80          -0.095442
188.00          -0.093032
188.20          -0.090765
188.40          -0.088631
188.60          -0.086623
188.80          -0.084733
189.00          -0.082953
189.20          -0.081276
189.40          -0.079696
189.60          -0.078207
189.80          -0.076804
190.00          -0.075481
190.20          -0.074233
190.40          -0.073057
190.60          -0.071947
190.80          -0.070900
191.00          -0.069911
191.20          -0.068979
191.40          -0.068099
191.60          -0.067269
191.80          -0.066485
192.00          -0.065745
192.20          -0.065047
192.40          -0.064388
192.60          -0.063767
192.80          -0.063180
193.00          -0.062627
193.20          -0.062105
193.40          -0.061613
193.60          -0.061150
193.80          -0.060713
194.00          -0.060301
194.20          -0.059914
194.40          -0.059550
194.60          -0.059208
194.80          -0.058886
195.00          -0.058585
195.20          -0.058302
195.40          -0.058037
195.60          -0.057789
195.80          -0.057557
196.00          -0.057341
196.20          -0.057140
196.40          -0.056954
196.60          -0.056780
196.80          -0.056620
197.00          -0.056473
197.20          -0.056337
197.40          -0.056214
197.60          -0.056101
197.80          -0.055999
198.00          -0.055907
198.20          -0.055826
198.40          -0.055754
198.60          -0.055691
198.80          -0.055638
199.00          -0.055593
199.20          -0.055558
199.40          -0.055530
199.60          -0.055512
199.80          -0.055501
200.00          -0.055499
200.20          -0.055505
200.40          -0.055519
200.60          -0.055541
200.80          -0.055572
201.00          -0.055612
201.20          -0.055660
201.40          -0.055718
201.60          -0.055786
201.80          -0.055864
202.00          -0.055953
202.20          -0.056055
202.40          -0.056170
202.60          -0.056300
202.80          -0.056448
203.00          -0.056617
203.20          -0.056809
203.40          -0.057030
203.60          -0.057287
203.80          -0.057590
204.00          -0.057950
204.20          -0.058387
204.40          -0.058932
204.60          -0.059629
204.80          -0.060556
205.00          -0.061852
205.20          -0.063789
205.40          -0.066972
205.60          -0.073017
205.80          -0.087757
206.00          -0.14965
206.20          -3.8522
206.40          -0.13761
206.60          -0.066288
206.80          -0.057015
207.00          -0.054713
207.20          -0.054050
207.40          -0.053911
207.60          -0.053967
207.80          -0.054102
208.00          -0.054267
208.20          -0.054443
208.40          -0.054620
208.60          -0.054795
208.80          -0.054966
209.00          -0.055131
209.20          -0.055292
209.40          -0.055448
209.60          -0.055601
209.80          -0.055749
210.00          -0.055894
210.20          -0.056036
210.40          -0.056175
210.60          -0.056312
210.80          -0.056447
211.00          -0.056579
211.20          -0.056710
211.40          -0.056840
211.60          -0.056968
211.80          -0.057095
212.00          -0.057221
212.20          -0.057346
212.40          -0.057470
212.60          -0.057594
212.80          -0.057716
213.00          -0.057838
213.20          -0.057960
213.40          -0.058081
213.60          -0.058201
213.80          -0.058321
214.00          -0.058440
214.20          -0.058559
214.40          -0.058678
214.60          -0.058796
214.80          -0.058914
215.00          -0.059032
215.20          -0.059149
215.40          -0.059266
215.60          -0.059383
215.80          -0.059500
216.00          -0.059616
216.20          -0.059732
216.40          -0.059848
216.60          -0.059963
216.80          -0.060079
217.00          -0.060194
217.20          -0.060309
217.40          -0.060423
217.60          -0.060538
217.80          -0.060652
218.00          -0.060766
218.20          -0.060880
218.40          -0.060993
218.60          -0.061107
218.80          -0.061220
219.00          -0.061333
219.20          -0.061445
219.40          -0.061558
219.60          -0.061670
219.80          -0.061782
220.00          -0.061894
220.20          -0.062006
220.40          -0.062117
220.60          -0.062228
220.80          -0.062339
221.00          -0.062450
221.20          -0.062560
221.40          -0.062671
221.60          -0.062781
221.80          -0.062891
222.00          -0.063000
222.20          -0.063110
222.40          -0.063219
222.60          -0.063328
222.80          -0.063437
223.00          -0.063546
223.20          -0.063655
223.40          -0.063763
223.60          -0.063872
223.80          -0.063980
224.00          -0.064088
224.20          -0.064197
224.40          -0.064305
224.60          -0.064414
224.80          -0.064523
225.00          -0.064633
