175.00          -0.051862
175.20          -0.052227
175.40          -0.052599
175.60          -0.052978
175.80          -0.053366
176.00          -0.053763
176.20          -0.054168
176.40          -0.054583
176.60          -0.055007
176.80          -0.055440
177.00          -0.055884
177.20          -0.056339
177.40          -0.056805
177.60          -0.057283
177.80          -0.057772
178.00          -0.058274
178.20          -0.058789
178.40          -0.059318
178.60          -0.059862
178.80          -0.060420
179.00          -0.060993
179.20          -0.061584
179.40          -0.062191
179.60          -0.062816
179.80          -0.063459
180.00          -0.064123
180.20          -0.064807
180.40          -0.065512
180.60          -0.066241
180.80          -0.066993
181.00          -0.067770
181.20          -0.068574
181.40          -0.069406
181.60          -0.070267
181.80          -0.071160
182.00          -0.072085
182.20          -0.073044
182.40          -0.074041
182.60          -0.075076
182.80          -0.076153
183.00          -0.077273
183.20          -0.078439
183.40          -0.079655
183.60          -0.080924
183.80          -0.082249
184.00          -0.083633
184.20          -0.085081
184.40          -0.086597
184.60          -0.088186
184.80          -0.089853
185.00          -0.091604
185.20          -0.093445
185.40          -0.095383
185.60          -0.097426
185.80          -0.099581
186.00          -0.10186
186.20          -0.10427
186.40          -0.10682
186.60          -0.10953
186.80          -0.11240
187.00          -0.11546
187.20          -0.11872
187.40          -0.12220
187.60          -0.12592
187.80          -0.12990
188.00          -0.13418
188.20          -0.13877
188.40          -0.14372
188.60          -0.14906
188.80          -0.15483
189.00          -0.16109
189.20          -0.16789
189.40          -0.17529
189.60          -0.18336
189.80          -0.19220
190.00          -0.20189
190.20          -0.21254
190.40          -0.22429
190.60          -0.23728
190.80          -0.25167
191.00          -0.26767
191.20          -0.28548
191.40          -0.30537
191.60          -0.32761
191.80          -0.35252
192.00          -0.38046
192.20          -0.41178
192.40          -0.44684
192.60          -0.48596
192.80          -0.52937
193.00          -0.57711
193.20          -0.62886
193.40          -0.68384
193.60          -0.74050
193.80          -0.79639
194.00          -0.84806
194.20          -0.89120
194.40          -0.92121
194.60          -0.93409
194.80          -0.92751
195.00          -0.90156
195.20          -0.85879
195.40          -0.80353
195.60          -0.74079
195.80          -0.67523
196.00          -0.61055
196.20          -0.54928
196.40          -0.49288
196.60          -0.44200
196.80          -0.39673
197.00          -0.35682
197.20          -0.32182
197.40          -0.29123
197.60          -0.26453
197.80          -0.24123
198.00          -0.22087
198.20          -0.20305
198.40          -0.18743
198.60          -0.17371
198.80          -0.16162
199.00          -0.15095
199.20          -0.14151
199.40          -0.13313
199.60          -0.12568
199.80          -0.11904
200.00          -0.11311
200.20          -0.10781
200.40          -0.10306
200.60          -0.098793
200.80          -0.094961
201.00          -0.091514
201.20          -0.088412
201.40          -0.085621
201.60          -0.083110
201.80          -0.080852
202.00          -0.078827
202.20          -0.077015
202.40          -0.075400
202.60          -0.073971
202.80          -0.072717
203.00          -0.071632
203.20          -0.070713
203.40          -0.069960
203.60          -0.069379
203.80          -0.068980
204.00          -0.068784
204.20          -0.068824
204.40          -0.069149
204.60          -0.069842
204.80          -0.071036
205.00          -0.072960
205.20          -0.076036
205.40          -0.081109
205.60          -0.090115
205.80          -0.10845
206.00          -0.15697
206.20          -0.39748
206.40          -6.4805
206.60          -0.18940
206.80          -0.073285
207.00          -0.054369
207.20          -0.049142
207.40          -0.047395
207.60          -0.046807
207.80          -0.046663
208.00          -0.046703
208.20          -0.046820
208.40          -0.046968
208.60          -0.047126
208.80          -0.047285
209.00          -0.047440
209.20          -0.047590
209.40          -0.047735
209.60          -0.047875
209.80          -0.048012
210.00          -0.048146
210.20          -0.048277
210.40          -0.048407
210.60          -0.048536
210.80          -0.048664
211.00          -0.048791
211.20          -0.048919
211.40          -0.049048
211.60          -0.049177
211.80          -0.049307
212.00          -0.049439
212.20          -0.049571
212.40          -0.049705
212.60          -0.049841
212.80          -0.049978
213.00          -0.050116
213.20          -0.050257
213.40          -0.050399
213.60          -0.050542
213.80          -0.050687
214.00          -0.050834
214.20          -0.050983
214.40          -0.051133
214.60          -0.051285
214.80          -0.051439
215.00          -0.051594
215.20          -0.051751
215.40          -0.051910
215.60          -0.052070
215.80          -0.052232
216.00          -0.052396
216.20          -0.052561
216.40          -0.052727
216.60          -0.052895
216.80          -0.053065
217.00          -0.053236
217.20          -0.053408
217.40          -0.053582
217.60          -0.053758
217.80          -0.053934
218.00          -0.054113
218.20          -0.054292
218.40          -0.054473
218.60          -0.054656
218.80          -0.054840
219.00          -0.055025
219.20          -0.055212
219.40          -0.055400
219.60          -0.055589
219.80          -0.055780
220.00          -0.055972
220.20          -0.056165
220.40          -0.056360
220.60          -0.056556
220.80          -0.056754
221.00          -0.056952
221.20          -0.057153
221.40          -0.057355
221.60          -0.057558
221.80          -0.057762
222.00          -0.057968
222.20          -0.058176
222.40          -0.058385
222.60          -0.058595
222.80          -0.058807
223.00          -0.059021
223.20          -0.059236
223.40          -0.059453
223.60          -0.059672
223.80          -0.059892
224.00          -0.060114
224.20          -0.060338
224.40          -0.060564
224.60          -0.060792
224.80          -0.061021
225.00          -0.061254
