175.00          -0.070093
175.20          -0.070902
175.40          -0.071737
175.60          -0.072599
175.80          -0.073488
176.00          -0.074407
176.20          -0.075357
176.40          -0.076339
176.60          -0.077356
176.80          -0.078408
177.00          -0.079499
177.20          -0.080629
177.40          -0.081802
177.60          -0.083019
177.80          -0.084284
178.00          -0.085598
178.20          -0.086965
178.40          -0.088389
178.60          -0.089871
178.80          -0.091417
179.00          -0.093029
179.20          -0.094713
179.40          -0.096472
179.60          -0.098312
179.80          -0.10024
180.00          -0.10226
180.20          -0.10437
180.40          -0.10660
180.60          -0.10893
180.80          -0.11139
181.00          -0.11397
181.20          -0.11670
181.40          -0.11957
181.60          -0.12261
181.80          -0.12582
182.00          -0.12921
182.20          -0.13282
182.40          -0.13664
182.60          -0.14070
182.80          -0.14502
183.00          -0.14962
183.20          -0.15453
183.40          -0.15977
183.60          -0.16538
183.80          -0.17138
184.00          -0.17782
184.20          -0.18473
184.40          -0.19216
184.60          -0.20017
184.80          -0.20879
185.00          -0.21811
185.20          -0.22817
185.40          -0.23905
185.60          -0.25083
185.80          -0.26360
186.00          -0.27743
186.20          -0.29242
186.40          -0.30866
186.60          -0.32624
186.80          -0.34525
187.00          -0.36573
187.20          -0.38774
187.40          -0.41126
187.60          -0.43624
187.80          -0.46253
188.00          -0.48987
188.20          -0.51787
188.40          -0.54597
188.60          -0.57344
188.80          -0.59933
189.00          -0.62257
189.20          -0.64197
189.40          -0.65634
189.60          -0.66465
189.80          -0.66614
190.00          -0.66048
190.20          -0.64780
190.40          -0.62870
190.60          -0.60419
190.80          -0.57550
191.00          -0.54395
191.20          -0.51083
191.40          -0.47725
191.60          -0.44413
191.80          -0.41216
192.00          -0.38180
192.20          -0.35336
192.40          -0.32698
192.60          -0.30270
192.80          -0.28048
193.00          -0.26024
193.20          -0.24184
193.40          -0.22517
193.60          -0.21008
193.80          -0.19642
194.00          -0.18406
194.20          -0.17288
194.40          -0.16275
194.60          -0.15358
194.80          -0.14526
195.00          -0.13771
195.20          -0.13084
195.40          -0.12460
195.60          -0.11891
195.80          -0.11373
196.00          -0.10899
196.20          -0.10466
196.40          -0.10070
196.60          -0.097072
196.80          -0.093744
197.00          -0.090688
197.20          -0.087881
197.40          -0.085300
197.60          -0.082924
197.80          -0.080735
198.00          -0.078719
198.20          -0.076859
198.40          -0.075144
198.60          -0.073562
198.80          -0.072101
199.00          -0.070753
199.20          -0.069509
199.40          -0.068362
199.60          -0.067304
199.80          -0.066329
200.00          -0.065432
200.20          -0.064608
200.40          -0.063851
200.60          -0.063159
200.80          -0.062528
201.00          -0.061954
201.20          -0.061435
201.40          -0.060969
201.60          -0.060554
201.80          -0.060188
202.00          -0.059873
202.20          -0.059606
202.40          -0.059388
202.60          -0.059222
202.80          -0.059109
203.00          -0.059053
203.20          -0.059059
203.40          -0.059134
203.60          -0.059289
203.80          -0.059539
204.00          -0.059906
204.20          -0.060420
204.40          -0.061128
204.60          -0.062105
204.80          -0.063471
205.00          -0.065437
205.20          -0.068398
205.40          -0.073189
205.60          -0.081853
205.80          -0.10077
206.00          -0.16068
206.20          -0.73447
206.40          -0.62279
206.60          -0.092867
206.80          -0.058257
207.00          -0.051000
207.20          -0.048924
207.40          -0.048331
207.60          -0.048256
207.80          -0.048381
208.00          -0.048583
208.20          -0.048813
208.40          -0.049049
208.60          -0.049281
208.80          -0.049506
209.00          -0.049722
209.20          -0.049931
209.40          -0.050132
209.60          -0.050326
209.80          -0.050514
210.00          -0.050697
210.20          -0.050876
210.40          -0.051051
210.60          -0.051223
210.80          -0.051393
211.00          -0.051561
211.20          -0.051727
211.40          -0.051892
211.60          -0.052056
211.80          -0.052220
212.00          -0.052383
212.20          -0.052546
212.40          -0.052708
212.60          -0.052871
212.80          -0.053034
213.00          -0.053197
213.20          -0.053360
213.40          -0.053524
213.60          -0.053689
213.80          -0.053854
214.00          -0.054019
214.20          -0.054185
214.40          -0.054352
214.60          -0.054520
214.80          -0.054689
215.00          -0.054858
215.20          -0.055028
215.40          -0.055199
215.60          -0.055371
215.80          -0.055543
216.00          -0.055717
216.20          -0.055891
216.40          -0.056067
216.60          -0.056243
216.80          -0.056420
217.00          -0.056598
217.20          -0.056777
217.40          -0.056956
217.60          -0.057137
217.80          -0.057319
218.00          -0.057501
218.20          -0.057685
218.40          -0.057869
218.60          -0.058055
218.80          -0.058241
219.00          -0.058429
219.20          -0.058617
219.40          -0.058806
219.60          -0.058996
219.80          -0.059187
220.00          -0.059380
220.20          -0.059573
220.40          -0.059767
220.60          -0.059962
220.80          -0.060158
221.00          -0.060356
221.20          -0.060554
221.40          -0.060753
221.60          -0.060954
221.80          -0.061156
222.00          -0.061358
222.20          -0.061562
222.40          -0.061767
222.60          -0.061973
222.80          -0.062180
223.00          -0.062389
223.20          -0.062599
223.40          -0.062810
223.60          -0.063022
223.80          -0.063236
224.00          -0.063451
224.20          -0.063668
224.40          -0.063886
224.60          -0.064106
224.80          -0.064327
225.00          -0.064549
