175.00          -0.028897
175.20          -0.028959
175.40          -0.029021
175.60          -0.029083
175.80          -0.029145
176.00          -0.029208
176.20          -0.029271
176.40          -0.029334
176.60          -0.029397
176.80          -0.029461
177.00          -0.029524
177.20          -0.029589
177.40          -0.029653
177.60          -0.029718
177.80          -0.029782
178.00          -0.029848
178.20          -0.029913
178.40          -0.029979
178.60          -0.030045
178.80          -0.030111
179.00          -0.030177
179.20          -0.030244
179.40          -0.030311
179.60          -0.030379
179.80          -0.030447
180.00          -0.030515
180.20          -0.030583
180.40          -0.030652
180.60          -0.030721
180.80          -0.030790
181.00          -0.030860
181.20          -0.030930
181.40          -0.031000
181.60          -0.031070
181.80          -0.031141
182.00          -0.031213
182.20          -0.031284
182.40          -0.031357
182.60          -0.031429
182.80          -0.031502
183.00          -0.031575
183.20          -0.031649
183.40          -0.031723
183.60          -0.031797
183.80          -0.031872
184.00          -0.031947
184.20          -0.032022
184.40          -0.032098
184.60          -0.032175
184.80          -0.032252
185.00          -0.032329
185.20          -0.032407
185.40          -0.032485
185.60          -0.032564
185.80          -0.032643
186.00          -0.032723
186.20          -0.032803
186.40          -0.032884
186.60          -0.032965
186.80          -0.033047
187.00          -0.033129
187.20          -0.033212
187.40          -0.033296
187.60          -0.033380
187.80          -0.033465
188.00          -0.033550
188.20          -0.033636
188.40          -0.033722
188.60          -0.033810
188.80          -0.033898
189.00          -0.033986
189.20          -0.034075
189.40          -0.034165
189.60          -0.034256
189.80          -0.034348
190.00          -0.034440
190.20          -0.034533
190.40          -0.034627
190.60          -0.034722
190.80          -0.034817
191.00          -0.034914
191.20          -0.035011
191.40          -0.035110
191.60          -0.035209
191.80          -0.035310
192.00          -0.035411
192.20          -0.035514
192.40          -0.035617
192.60          -0.035722
192.80          -0.035828
193.00          -0.035935
193.20          -0.036044
193.40          -0.036153
193.60          -0.036265
193.80          -0.036377
194.00          -0.036491
194.20          -0.036607
194.40          -0.036724
194.60          -0.036843
194.80          -0.036963
195.00          -0.037086
195.20          -0.037210
195.40          -0.037336
195.60          -0.037464
195.80          -0.037595
196.00          -0.037727
196.20          -0.037862
196.40          -0.037999
196.60          -0.038139
196.80          -0.038282
197.00          -0.038428
197.20          -0.038576
197.40          -0.038728
197.60          -0.038884
197.80          -0.039042
198.00          -0.039205
198.20          -0.039372
198.40          -0.039543
198.60          -0.039719
198.80          -0.039900
199.00          -0.040086
199.20          -0.040278
199.40          -0.040476
199.60          -0.040681
199.80          -0.040893
200.00          -0.041113
200.20          -0.041342
200.40          -0.041580
200.60          -0.041829
200.80          -0.042090
201.00          -0.042363
201.20          -0.042652
201.40          -0.042957
201.60          -0.043280
201.80          -0.043626
202.00          -0.043996
202.20          -0.044394
202.40          -0.044827
202.60          -0.045300
202.80          -0.045822
203.00          -0.046403
203.20          -0.047059
203.40          -0.047809
203.60          -0.048681
203.80          -0.049717
204.00          -0.050979
204.20          -0.052563
204.40          -0.054632
204.60          -0.057474
204.80          -0.061652
205.00          -0.068407
205.20          -0.081007
205.40          -0.11091
205.60          -0.22823
205.80          -3.3430
206.00          -0.27121
206.20          -0.075912
206.40          -0.051744
206.60          -0.045787
206.80          -0.044091
207.00          -0.043785
207.20          -0.044028
207.40          -0.044518
207.60          -0.045131
207.80          -0.045816
208.00          -0.046550
208.20          -0.047325
208.40          -0.048138
208.60          -0.048992
208.80          -0.049891
209.00          -0.050844
209.20          -0.051857
209.40          -0.052941
209.60          -0.054107
209.80          -0.055368
210.00          -0.056742
210.20          -0.058246
210.40          -0.059904
210.60          -0.061743
210.80          -0.063797
211.00          -0.066109
211.20          -0.068729
211.40          -0.071725
211.60          -0.075179
211.80          -0.079202
212.00          -0.083937
212.20          -0.089577
212.40          -0.096383
212.60          -0.10472
212.80          -0.11511
213.00          -0.12832
213.20          -0.14550
213.40          -0.16846
213.60          -0.20017
213.80          -0.24573
214.00          -0.31450
214.20          -0.42481
214.40          -0.61545
214.60          -0.97301
214.80          -1.6690
215.00          -2.6704
215.20          -2.5721
215.40          -1.5147
215.60          -0.84202
215.80          -0.51012
216.00          -0.33867
216.20          -0.24235
216.40          -0.18403
216.60          -0.14651
216.80          -0.12117
217.00          -0.10337
217.20          -0.090465
217.40          -0.080861
217.60          -0.073555
217.80          -0.067893
218.00          -0.063436
218.20          -0.059880
218.40          -0.057011
218.60          -0.054673
218.80          -0.052751
219.00          -0.051160
219.20          -0.049835
219.40          -0.048725
219.60          -0.047793
219.80          -0.047006
220.00          -0.046340
220.20          -0.045776
220.40          -0.045298
220.60          -0.044893
220.80          -0.044549
221.00          -0.044260
221.20          -0.044016
221.40          -0.043812
221.60          -0.043643
221.80          -0.043504
222.00          -0.043391
222.20          -0.043302
222.40          -0.043234
222.60          -0.043184
222.80          -0.043151
223.00          -0.043132
223.20          -0.043126
223.40          -0.043133
223.60          -0.043150
223.80          -0.043177
224.00          -0.043214
224.20          -0.043258
224.40          -0.043311
224.60          -0.043372
224.80          -0.043439
225.00          -0.043514
