175.00          -0.035313
175.20          -0.035428
175.40          -0.035544
175.60          -0.035661
175.80          -0.035779
176.00          -0.035899
176.20          -0.036019
176.40          -0.036140
176.60          -0.036263
176.80          -0.036387
177.00          -0.036511
177.20          -0.036637
177.40          -0.036765
177.60          -0.036893
177.80          -0.037023
178.00          -0.037154
178.20          -0.037286
178.40          -0.037420
178.60          -0.037555
178.80          -0.037692
179.00          -0.037830
179.20          -0.037969
179.40          -0.038110
179.60          -0.038253
179.80          -0.038397
180.00          -0.038543
180.20          -0.038690
180.40          -0.038839
180.60          -0.038990
180.80          -0.039143
181.00          -0.039298
181.20          -0.039454
181.40          -0.039613
181.60          -0.039773
181.80          -0.039936
182.00          -0.040100
182.20          -0.040267
182.40          -0.040437
182.60          -0.040608
182.80          -0.040782
183.00          -0.040958
183.20          -0.041137
183.40          -0.041319
183.60          -0.041503
183.80          -0.041690
184.00          -0.041879
184.20          -0.042072
184.40          -0.042268
184.60          -0.042467
184.80          -0.042669
185.00          -0.042874
185.20          -0.043083
185.40          -0.043296
185.60          -0.043512
185.80          -0.043732
186.00          -0.043956
186.20          -0.044184
186.40          -0.044417
186.60          -0.044653
186.80          -0.044895
187.00          -0.045141
187.20          -0.045392
187.40          -0.045648
187.60          -0.045910
187.80          -0.046177
188.00          -0.046450
188.20          -0.046729
188.40          -0.047014
188.60          -0.047305
188.80          -0.047604
189.00          -0.047909
189.20          -0.048222
189.40          -0.048543
189.60          -0.048871
189.80          -0.049208
190.00          -0.049554
190.20          -0.049910
190.40          -0.050274
190.60          -0.050650
190.80          -0.051035
191.00          -0.051432
191.20          -0.051841
191.40          -0.052262
191.60          -0.052697
191.80          -0.053145
192.00          -0.053607
192.20          -0.054085
192.40          -0.054579
192.60          -0.055090
192.80          -0.055620
193.00          -0.056168
193.20          -0.056737
193.40          -0.057328
193.60          -0.057942
193.80          -0.058580
194.00          -0.059244
194.20          -0.059936
194.40          -0.060658
194.60          -0.061412
194.80          -0.062200
195.00          -0.063025
195.20          -0.063889
195.40          -0.064795
195.60          -0.065748
195.80          -0.066749
196.00          -0.067804
196.20          -0.068916
196.40          -0.070092
196.60          -0.071335
196.80          -0.072653
197.00          -0.074053
197.20          -0.075542
197.40          -0.077129
197.60          -0.078823
197.80          -0.080637
198.00          -0.082582
198.20          -0.084674
198.40          -0.086929
198.60          -0.089367
198.80          -0.092009
199.00          -0.094882
199.20          -0.098016
199.40          -0.10145
199.60          -0.10522
199.80          -0.10937
200.00          -0.11398
200.20          -0.11911
200.40          -0.12485
200.60          -0.13130
200.80          -0.13861
201.00          -0.14694
201.20          -0.15649
201.40          -0.16755
201.60          -0.18046
201.80          -0.19568
202.00          -0.21384
202.20          -0.23577
202.40          -0.26266
202.60          -0.29616
202.80          -0.33871
203.00          -0.39393
203.20          -0.46742
203.40          -0.56800
203.60          -0.70996
203.80          -0.91630
204.00          -1.2215
204.20          -1.6598
204.40          -2.1852
204.60          -2.4778
204.80          -2.1553
205.00          -1.5064
205.20          -0.96946
205.40          -0.62586
205.60          -0.41901
205.80          -0.29468
206.00          -0.21994
206.20          -0.17683
206.40          -0.15631
206.60          -0.15505
206.80          -0.17437
207.00          -0.22062
207.20          -0.30635
207.40          -0.44749
207.60          -0.63912
207.80          -0.79767
208.00          -0.79904
208.20          -0.66774
208.40          -0.51635
208.60          -0.39634
208.80          -0.31054
209.00          -0.25010
209.20          -0.20689
209.40          -0.17526
209.60          -0.15154
209.80          -0.13336
210.00          -0.11913
210.20          -0.10780
210.40          -0.098640
210.60          -0.091139
210.80          -0.084923
211.00          -0.079721
211.20          -0.075328
211.40          -0.071590
211.60          -0.068388
211.80          -0.065628
212.00          -0.063236
212.20          -0.061155
212.40          -0.059335
212.60          -0.057739
212.80          -0.056334
213.00          -0.055095
213.20          -0.053999
213.40          -0.053027
213.60          -0.052165
213.80          -0.051398
214.00          -0.050716
214.20          -0.050109
214.40          -0.049568
214.60          -0.049087
214.80          -0.048659
215.00          -0.048279
215.20          -0.047941
215.40          -0.047642
215.60          -0.047378
215.80          -0.047145
216.00          -0.046941
216.20          -0.046763
216.40          -0.046609
216.60          -0.046476
216.80          -0.046364
217.00          -0.046269
217.20          -0.046192
217.40          -0.046129
217.60          -0.046081
217.80          -0.046047
218.00          -0.046024
218.20          -0.046012
218.40          -0.046011
218.60          -0.046020
218.80          -0.046038
219.00          -0.046064
219.20          -0.046098
219.40          -0.046139
219.60          -0.046187
219.80          -0.046242
220.00          -0.046302
220.20          -0.046369
220.40          -0.046440
220.60          -0.046517
220.80          -0.046599
221.00          -0.046685
221.20          -0.046776
221.40          -0.046871
221.60          -0.046970
221.80          -0.047072
222.00          -0.047178
222.20          -0.047288
222.40          -0.047401
222.60          -0.047518
222.80          -0.047638
223.00          -0.047761
223.20          -0.047887
223.40          -0.048016
223.60          -0.048148
223.80          -0.048284
224.00          -0.048422
224.20          -0.048564
224.40          -0.048709
224.60          -0.048857
224.80          -0.049010
225.00          -0.049166
