175.00          -0.36893
175.20          -0.37749
175.40          -0.38580
175.60          -0.39377
175.80          -0.40131
176.00          -0.40833
176.20          -0.41473
176.40          -0.42042
176.60          -0.42531
176.80          -0.42930
177.00          -0.43232
177.20          -0.43430
177.40          -0.43518
177.60          -0.43493
177.80          -0.43353
178.00          -0.43097
178.20          -0.42727
178.40          -0.42248
178.60          -0.41664
178.80          -0.40983
179.00          -0.40214
179.20          -0.39366
179.40          -0.38450
179.60          -0.37476
179.80          -0.36455
180.00          -0.35398
180.20          -0.34316
180.40          -0.33217
180.60          -0.32112
180.80          -0.31007
181.00          -0.29910
181.20          -0.28828
181.40          -0.27765
181.60          -0.26726
181.80          -0.25714
182.00          -0.24733
182.20          -0.23784
182.40          -0.22869
182.60          -0.21989
182.80          -0.21143
183.00          -0.20334
183.20          -0.19559
183.40          -0.18819
183.60          -0.18114
183.80          -0.17441
184.00          -0.16801
184.20          -0.16191
184.40          -0.15612
184.60          -0.15062
184.80          -0.14539
185.00          -0.14042
185.20          -0.13571
185.40          -0.13124
185.60          -0.12699
185.80          -0.12297
186.00          -0.11915
186.20          -0.11552
186.40          -0.11208
186.60          -0.10882
186.80          -0.10572
187.00          -0.10278
187.20          -0.099994
187.40          -0.097346
187.60          -0.094833
187.80          -0.092446
188.00          -0.090179
188.20          -0.088027
188.40          -0.085982
188.60          -0.084039
188.80          -0.082193
189.00          -0.080439
189.20          -0.078771
189.40          -0.077186
189.60          -0.075679
189.80          -0.074246
190.00          -0.072883
190.20          -0.071587
190.40          -0.070355
190.60          -0.069183
190.80          -0.068068
191.00          -0.067007
191.20          -0.065999
191.40          -0.065039
191.60          -0.064127
191.80          -0.063259
192.00          -0.062434
192.20          -0.061649
192.40          -0.060903
192.60          -0.060194
192.80          -0.059520
193.00          -0.058880
193.20          -0.058273
193.40          -0.057696
193.60          -0.057148
193.80          -0.056629
194.00          -0.056136
194.20          -0.055670
194.40          -0.055228
194.60          -0.054810
194.80          -0.054415
195.00          -0.054042
195.20          -0.053690
195.40          -0.053358
195.60          -0.053046
195.80          -0.052752
196.00          -0.052477
196.20          -0.052219
196.40          -0.051979
196.60          -0.051754
196.80          -0.051546
197.00          -0.051352
197.20          -0.051174
197.40          -0.051010
197.60          -0.050861
197.80          -0.050725
198.00          -0.050603
198.20          -0.050493
198.40          -0.050397
198.60          -0.050314
198.80          -0.050243
199.00          -0.050184
199.20          -0.050138
199.40          -0.050104
199.60          -0.050082
199.80          -0.050072
200.00          -0.050075
200.20          -0.050091
200.40          -0.050120
200.60          -0.050161
200.80          -0.050217
201.00          -0.050286
201.20          -0.050371
201.40          -0.050472
201.60          -0.050589
201.80          -0.050725
202.00          -0.050882
202.20          -0.051060
202.40          -0.051264
202.60          -0.051496
202.80          -0.051762
203.00          -0.052065
203.20          -0.052415
203.40          -0.052819
203.60          -0.053293
203.80          -0.053852
204.00          -0.054524
204.20          -0.055345
204.40          -0.056370
204.60          -0.057689
204.80          -0.059447
205.00          -0.061904
205.20          -0.065568
205.40          -0.071553
205.60          -0.082785
205.80          -0.10949
206.00          -0.21439
206.20          -3.4999
206.40          -0.23980
206.60          -0.072237
206.80          -0.052259
207.00          -0.047449
207.20          -0.046079
207.40          -0.045781
207.60          -0.045877
207.80          -0.046126
208.00          -0.046435
208.20          -0.046763
208.40          -0.047092
208.60          -0.047415
208.80          -0.047729
209.00          -0.048033
209.20          -0.048327
209.40          -0.048612
209.60          -0.048890
209.80          -0.049160
210.00          -0.049424
210.20          -0.049682
210.40          -0.049936
210.60          -0.050186
210.80          -0.050432
211.00          -0.050676
211.20          -0.050917
211.40          -0.051156
211.60          -0.051394
211.80          -0.051630
212.00          -0.051866
212.20          -0.052100
212.40          -0.052334
212.60          -0.052568
212.80          -0.052802
213.00          -0.053036
213.20          -0.053270
213.40          -0.053504
213.60          -0.053739
213.80          -0.053974
214.00          -0.054211
214.20          -0.054447
214.40          -0.054685
214.60          -0.054924
214.80          -0.055163
215.00          -0.055404
215.20          -0.055646
215.40          -0.055889
215.60          -0.056133
215.80          -0.056378
216.00          -0.056625
216.20          -0.056873
216.40          -0.057123
216.60          -0.057374
216.80          -0.057627
217.00          -0.057881
217.20          -0.058137
217.40          -0.058394
217.60          -0.058653
217.80          -0.058914
218.00          -0.059176
218.20          -0.059441
218.40          -0.059707
218.60          -0.059975
218.80          -0.060244
219.00          -0.060516
219.20          -0.060790
219.40          -0.061066
219.60          -0.061343
219.80          -0.061623
220.00          -0.061905
220.20          -0.062189
220.40          -0.062475
220.60          -0.062764
220.80          -0.063054
221.00          -0.063348
221.20          -0.063643
221.40          -0.063941
221.60          -0.064242
221.80          -0.064545
222.00          -0.064850
222.20          -0.065159
222.40          -0.065470
222.60          -0.065784
222.80          -0.066101
223.00          -0.066422
223.20          -0.066745
223.40          -0.067071
223.60          -0.067401
223.80          -0.067735
224.00          -0.068072
224.20          -0.068413
224.40          -0.068759
224.60          -0.069108
224.80          -0.069462
225.00          -0.069821
