175.00          -0.025397
175.20          -0.025440
175.40          -0.025483
175.60          -0.025526
175.80          -0.025569
176.00          -0.025612
176.20          -0.025655
176.40          -0.025698
176.60          -0.025741
176.80          -0.025785
177.00          -0.025828
177.20          -0.025872
177.40          -0.025916
177.60          -0.025959
177.80          -0.026003
178.00          -0.026047
178.20          -0.026091
178.40          -0.026136
178.60          -0.026180
178.80          -0.026224
179.00          -0.026269
179.20          -0.026313
179.40          -0.026358
179.60          -0.026403
179.80          -0.026447
180.00          -0.026492
180.20          -0.026537
180.40          -0.026582
180.60          -0.026628
180.80          -0.026673
181.00          -0.026718
181.20          -0.026764
181.40          -0.026809
181.60          -0.026855
181.80          -0.026901
182.00          -0.026947
182.20          -0.026993
182.40          -0.027039
182.60          -0.027085
182.80          -0.027131
183.00          -0.027177
183.20          -0.027224
183.40          -0.027270
183.60          -0.027317
183.80          -0.027364
184.00          -0.027411
184.20          -0.027458
184.40          -0.027505
184.60          -0.027552
184.80          -0.027599
185.00          -0.027646
185.20          -0.027694
185.40          -0.027741
185.60          -0.027789
185.80          -0.027837
186.00          -0.027885
186.20          -0.027933
186.40          -0.027981
186.60          -0.028029
186.80          -0.028077
187.00          -0.028125
187.20          -0.028174
187.40          -0.028222
187.60          -0.028271
187.80          -0.028320
188.00          -0.028369
188.20          -0.028418
188.40          -0.028467
188.60          -0.028516
188.80          -0.028566
189.00          -0.028615
189.20          -0.028665
189.40          -0.028714
189.60          -0.028764
189.80          -0.028814
190.00          -0.028864
190.20          -0.028914
190.40          -0.028964
190.60          -0.029015
190.80          -0.029065
191.00          -0.029116
191.20          -0.029166
191.40          -0.029217
191.60          -0.029268
191.80          -0.029319
192.00          -0.029370
192.20          -0.029421
192.40          -0.029473
192.60          -0.029524
192.80          -0.029576
193.00          -0.029628
193.20          -0.029680
193.40          -0.029732
193.60          -0.029784
193.80          -0.029836
194.00          -0.029888
194.20          -0.029941
194.40          -0.029993
194.60          -0.030046
194.80          -0.030099
195.00          -0.030152
195.20          -0.030205
195.40          -0.030258
195.60          -0.030312
195.80          -0.030365
196.00          -0.030419
196.20          -0.030472
196.40          -0.030526
196.60          -0.030580
196.80          -0.030634
197.00          -0.030689
197.20          -0.030743
197.40          -0.030798
197.60          -0.030852
197.80          -0.030907
198.00          -0.030962
198.20          -0.031017
198.40          -0.031073
198.60          -0.031128
198.80          -0.031184
199.00          -0.031240
199.20          -0.031295
199.40          -0.031351
199.60          -0.031408
199.80          -0.031464
200.00          -0.031520
200.20          -0.031577
200.40          -0.031634
200.60          -0.031691
200.80          -0.031748
201.00          -0.031805
201.20          -0.031863
201.40          -0.031920
201.60          -0.031978
201.80          -0.032036
202.00          -0.032094
202.20          -0.032153
202.40          -0.032211
202.60          -0.032270
202.80          -0.032329
203.00          -0.032388
203.20          -0.032447
203.40          -0.032507
203.60          -0.032566
203.80          -0.032626
204.00          -0.032686
204.20          -0.032747
204.40          -0.032807
204.60          -0.032868
204.80          -0.032929
205.00          -0.032990
205.20          -0.033051
205.40          -0.033113
205.60          -0.033175
205.80          -0.033237
206.00          -0.033299
206.20          -0.033362
206.40          -0.033425
206.60          -0.033488
206.80          -0.033551
207.00          -0.033615
207.20          -0.033679
207.40          -0.033743
207.60          -0.033808
207.80          -0.033873
208.00          -0.033938
208.20          -0.034004
208.40          -0.034070
208.60          -0.034136
208.80          -0.034203
209.00          -0.034270
209.20          -0.034337
209.40          -0.034405
209.60          -0.034474
209.80          -0.034543
210.00          -0.034612
210.20          -0.034682
210.40          -0.034752
210.60          -0.034824
210.80          -0.034895
211.00          -0.034967
211.20          -0.035040
211.40          -0.035114
211.60          -0.035189
211.80          -0.035264
212.00          -0.035341
212.20          -0.035418
212.40          -0.035496
212.60          -0.035576
212.80          -0.035657
213.00          -0.035739
213.20          -0.035823
213.40          -0.035909
213.60          -0.035997
213.80          -0.036088
214.00          -0.036181
214.20          -0.036277
214.40          -0.036377
214.60          -0.036481
214.80          -0.036590
215.00          -0.036706
215.20          -0.036829
215.40          -0.036963
215.60          -0.037109
215.80          -0.037271
216.00          -0.037456
216.20          -0.037673
216.40          -0.037935
216.60          -0.038268
216.80          -0.038716
217.00          -0.039370
217.20          -0.040440
217.40          -0.042522
217.60          -0.047999
217.80          -0.076870
218.00          -0.73453
218.20          -0.052102
218.40          -0.040069
218.60          -0.038039
218.80          -0.037503
219.00          -0.037367
219.20          -0.037371
219.40          -0.037432
219.60          -0.037519
219.80          -0.037618
220.00          -0.037723
220.20          -0.037832
220.40          -0.037942
220.60          -0.038054
220.80          -0.038166
221.00          -0.038279
221.20          -0.038393
221.40          -0.038507
221.60          -0.038622
221.80          -0.038739
222.00          -0.038857
222.20          -0.038977
222.40          -0.039098
222.60          -0.039221
222.80          -0.039347
223.00          -0.039475
223.20          -0.039606
223.40          -0.039740
223.60          -0.039877
223.80          -0.040018
224.00          -0.040164
224.20          -0.040314
224.40          -0.040469
224.60          -0.040629
224.80          -0.040796
225.00          -0.040970
