175.00          -0.025517
175.20          -0.025560
175.40          -0.025603
175.60          -0.025646
175.80          -0.025690
176.00          -0.025733
176.20          -0.025777
176.40          -0.025821
176.60          -0.025865
176.80          -0.025909
177.00          -0.025953
177.20          -0.025997
177.40          -0.026041
177.60          -0.026085
177.80          -0.026130
178.00          -0.026174
178.20          -0.026219
178.40          -0.026263
178.60          -0.026308
178.80          -0.026353
179.00          -0.026398
179.20          -0.026443
179.40          -0.026488
179.60          -0.026533
179.80          -0.026579
180.00          -0.026624
180.20          -0.026670
180.40          -0.026715
180.60          -0.026761
180.80          -0.026807
181.00          -0.026853
181.20          -0.026899
181.40          -0.026945
181.60          -0.026991
181.80          -0.027037
182.00          -0.027084
182.20          -0.027130
182.40          -0.027177
182.60          -0.027224
182.80          -0.027271
183.00          -0.027317
183.20          -0.027364
183.40          -0.027412
183.60          -0.027459
183.80          -0.027506
184.00          -0.027554
184.20          -0.027601
184.40          -0.027649
184.60          -0.027696
184.80          -0.027744
185.00          -0.027792
185.20          -0.027840
185.40          -0.027888
185.60          -0.027937
185.80          -0.027985
186.00          -0.028033
186.20          -0.028082
186.40          -0.028131
186.60          -0.028180
186.80          -0.028228
187.00          -0.028277
187.20          -0.028327
187.40          -0.028376
187.60          -0.028425
187.80          -0.028474
188.00          -0.028524
188.20          -0.028574
188.40          -0.028623
188.60          -0.028673
188.80          -0.028723
189.00          -0.028773
189.20          -0.028824
189.40          -0.028874
189.60          -0.028924
189.80          -0.028975
190.00          -0.029026
190.20          -0.029076
190.40          -0.029127
190.60          -0.029178
190.80          -0.029229
191.00          -0.029281
191.20          -0.029332
191.40          -0.029384
191.60          -0.029435
191.80          -0.029487
192.00          -0.029539
192.20          -0.029591
192.40          -0.029643
192.60          -0.029695
192.80          -0.029747
193.00          -0.029800
193.20          -0.029853
193.40          -0.029905
193.60          -0.029958
193.80          -0.030011
194.00          -0.030064
194.20          -0.030117
194.40          -0.030171
194.60          -0.030224
194.80          -0.030278
195.00          -0.030332
195.20          -0.030386
195.40          -0.030440
195.60          -0.030494
195.80          -0.030548
196.00          -0.030603
196.20          -0.030657
196.40          -0.030712
196.60          -0.030767
196.80          -0.030822
197.00          -0.030877
197.20          -0.030932
197.40          -0.030988
197.60          -0.031043
197.80          -0.031099
198.00          -0.031155
198.20          -0.031211
198.40          -0.031267
198.60          -0.031323
198.80          -0.031380
199.00          -0.031436
199.20          -0.031493
199.40          -0.031550
199.60          -0.031607
199.80          -0.031665
200.00          -0.031722
200.20          -0.031780
200.40          -0.031837
200.60          -0.031895
200.80          -0.031953
201.00          -0.032012
201.20          -0.032070
201.40          -0.032129
201.60          -0.032188
201.80          -0.032247
202.00          -0.032306
202.20          -0.032365
202.40          -0.032425
202.60          -0.032485
202.80          -0.032545
203.00          -0.032605
203.20          -0.032665
203.40          -0.032726
203.60          -0.032787
203.80          -0.032848
204.00          -0.032909
204.20          -0.032971
204.40          -0.033032
204.60          -0.033094
204.80          -0.033157
205.00          -0.033219
205.20          -0.033282
205.40          -0.033345
205.60          -0.033408
205.80          -0.033471
206.00          -0.033535
206.20          -0.033599
206.40          -0.033663
206.60          -0.033728
206.80          -0.033793
207.00          -0.033858
207.20          -0.033923
207.40          -0.033989
207.60          -0.034055
207.80          -0.034122
208.00          -0.034189
208.20          -0.034256
208.40          -0.034324
208.60          -0.034392
208.80          -0.034460
209.00          -0.034529
209.20          -0.034599
209.40          -0.034669
209.60          -0.034739
209.80          -0.034810
210.00          -0.034881
210.20          -0.034953
210.40          -0.035026
210.60          -0.035099
210.80          -0.035173
211.00          -0.035248
211.20          -0.035323
211.40          -0.035400
211.60          -0.035477
211.80          -0.035555
212.00          -0.035634
212.20          -0.035714
212.40          -0.035796
212.60          -0.035879
212.80          -0.035963
213.00          -0.036049
213.20          -0.036137
213.40          -0.036227
213.60          -0.036319
213.80          -0.036414
214.00          -0.036512
214.20          -0.036614
214.40          -0.036720
214.60          -0.036830
214.80          -0.036947
215.00          -0.037070
215.20          -0.037203
215.40          -0.037346
215.60          -0.037504
215.80          -0.037681
216.00          -0.037884
216.20          -0.038122
216.40          -0.038413
216.60          -0.038784
216.80          -0.039287
217.00          -0.040027
217.20          -0.041248
217.40          -0.043647
217.60          -0.050054
217.80          -0.085136
218.00          -0.67521
218.20          -0.053326
218.40          -0.040630
218.60          -0.038425
218.80          -0.037834
219.00          -0.037679
219.20          -0.037678
219.40          -0.037741
219.60          -0.037832
219.80          -0.037937
220.00          -0.038050
220.20          -0.038165
220.40          -0.038283
220.60          -0.038403
220.80          -0.038523
221.00          -0.038644
221.20          -0.038766
221.40          -0.038889
221.60          -0.039014
221.80          -0.039140
222.00          -0.039267
222.20          -0.039397
222.40          -0.039529
222.60          -0.039663
222.80          -0.039800
223.00          -0.039941
223.20          -0.040085
223.40          -0.040233
223.60          -0.040385
223.80          -0.040542
224.00          -0.040704
224.20          -0.040872
224.40          -0.041046
224.60          -0.041228
224.80          -0.041418
225.00          -0.041616
