175.00          -0.027237
175.20          -0.027288
175.40          -0.027338
175.60          -0.027389
175.80          -0.027440
176.00          -0.027491
176.20          -0.027542
176.40          -0.027594
176.60          -0.027645
176.80          -0.027697
177.00          -0.027749
177.20          -0.027800
177.40          -0.027852
177.60          -0.027905
177.80          -0.027957
178.00          -0.028009
178.20          -0.028062
178.40          -0.028114
178.60          -0.028167
178.80          -0.028220
179.00          -0.028273
179.20          -0.028326
179.40          -0.028380
179.60          -0.028433
179.80          -0.028487
180.00          -0.028541
180.20          -0.028595
180.40          -0.028649
180.60          -0.028703
180.80          -0.028757
181.00          -0.028812
181.20          -0.028866
181.40          -0.028921
181.60          -0.028976
181.80          -0.029031
182.00          -0.029086
182.20          -0.029142
182.40          -0.029197
182.60          -0.029253
182.80          -0.029309
183.00          -0.029365
183.20          -0.029421
183.40          -0.029477
183.60          -0.029533
183.80          -0.029590
184.00          -0.029647
184.20          -0.029704
184.40          -0.029761
184.60          -0.029818
184.80          -0.029875
185.00          -0.029933
185.20          -0.029990
185.40          -0.030048
185.60          -0.030106
185.80          -0.030164
186.00          -0.030223
186.20          -0.030281
186.40          -0.030340
186.60          -0.030399
186.80          -0.030458
187.00          -0.030517
187.20          -0.030577
187.40          -0.030636
187.60          -0.030696
187.80          -0.030756
188.00          -0.030816
188.20          -0.030876
188.40          -0.030937
188.60          -0.030997
188.80          -0.031058
189.00          -0.031119
189.20          -0.031180
189.40          -0.031242
189.60          -0.031303
189.80          -0.031365
190.00          -0.031427
190.20          -0.031489
190.40          -0.031552
190.60          -0.031614
190.80          -0.031677
191.00          -0.031740
191.20          -0.031804
191.40          -0.031867
191.60          -0.031931
191.80          -0.031994
192.00          -0.032059
192.20          -0.032123
192.40          -0.032187
192.60          -0.032252
192.80          -0.032317
193.00          -0.032382
193.20          -0.032448
193.40          -0.032513
193.60          -0.032579
193.80          -0.032646
194.00          -0.032712
194.20          -0.032779
194.40          -0.032845
194.60          -0.032913
194.80          -0.032980
195.00          -0.033048
195.20          -0.033116
195.40          -0.033184
195.60          -0.033252
195.80          -0.033321
196.00          -0.033390
196.20          -0.033460
196.40          -0.033529
196.60          -0.033599
196.80          -0.033669
197.00          -0.033740
197.20          -0.033811
197.40          -0.033882
197.60          -0.033953
197.80          -0.034025
198.00          -0.034097
198.20          -0.034170
198.40          -0.034242
198.60          -0.034316
198.80          -0.034389
199.00          -0.034463
199.20          -0.034537
199.40          -0.034612
199.60          -0.034687
199.80          -0.034762
200.00          -0.034838
200.20          -0.034914
200.40          -0.034991
200.60          -0.035068
200.80          -0.035145
201.00          -0.035223
201.20          -0.035301
201.40          -0.035380
201.60          -0.035460
201.80          -0.035539
202.00          -0.035620
202.20          -0.035700
202.40          -0.035782
202.60          -0.035864
202.80          -0.035946
203.00          -0.036029
203.20          -0.036113
203.40          -0.036197
203.60          -0.036282
203.80          -0.036367
204.00          -0.036453
204.20          -0.036540
204.40          -0.036627
204.60          -0.036716
204.80          -0.036805
205.00          -0.036894
205.20          -0.036985
205.40          -0.037076
205.60          -0.037168
205.80          -0.037261
206.00          -0.037355
206.20          -0.037450
206.40          -0.037546
206.60          -0.037643
206.80          -0.037741
207.00          -0.037841
207.20          -0.037941
207.40          -0.038043
207.60          -0.038145
207.80          -0.038250
208.00          -0.038355
208.20          -0.038462
208.40          -0.038571
208.60          -0.038681
208.80          -0.038793
209.00          -0.038907
209.20          -0.039022
209.40          -0.039140
209.60          -0.039260
209.80          -0.039382
210.00          -0.039506
210.20          -0.039633
210.40          -0.039763
210.60          -0.039896
210.80          -0.040032
211.00          -0.040171
211.20          -0.040314
211.40          -0.040461
211.60          -0.040612
211.80          -0.040768
212.00          -0.040929
212.20          -0.041096
212.40          -0.041269
212.60          -0.041448
212.80          -0.041636
213.00          -0.041832
213.20          -0.042038
213.40          -0.042254
213.60          -0.042484
213.80          -0.042727
214.00          -0.042987
214.20          -0.043267
214.40          -0.043569
214.60          -0.043899
214.80          -0.044263
215.00          -0.044668
215.20          -0.045124
215.40          -0.045645
215.60          -0.046253
215.80          -0.046976
216.00          -0.047858
216.20          -0.048969
216.40          -0.050425
216.60          -0.052434
216.80          -0.055402
217.00          -0.060221
217.20          -0.069233
217.40          -0.090566
217.60          -0.17245
217.80          -1.9126
218.00          -0.25043
218.20          -0.072993
218.40          -0.051375
218.60          -0.045774
218.80          -0.043939
219.00          -0.043358
219.20          -0.043283
219.40          -0.043442
219.60          -0.043720
219.80          -0.044065
220.00          -0.044453
220.20          -0.044870
220.40          -0.045313
220.60          -0.045780
220.80          -0.046270
221.00          -0.046787
221.20          -0.047333
221.40          -0.047912
221.60          -0.048530
221.80          -0.049191
222.00          -0.049904
222.20          -0.050675
222.40          -0.051516
222.60          -0.052438
222.80          -0.053455
223.00          -0.054585
223.20          -0.055849
223.40          -0.057274
223.60          -0.058893
223.80          -0.060751
224.00          -0.062902
224.20          -0.065418
224.40          -0.068399
224.60          -0.071975
224.80          -0.076329
225.00          -0.081722
