175.00          -0.029742
175.20          -0.029805
175.40          -0.029869
175.60          -0.029933
175.80          -0.029997
176.00          -0.030061
176.20          -0.030125
176.40          -0.030190
176.60          -0.030255
176.80          -0.030320
177.00          -0.030385
177.20          -0.030451
177.40          -0.030517
177.60          -0.030583
177.80          -0.030649
178.00          -0.030715
178.20          -0.030782
178.40          -0.030849
178.60          -0.030916
178.80          -0.030984
179.00          -0.031051
179.20          -0.031119
179.40          -0.031187
179.60          -0.031256
179.80          -0.031325
180.00          -0.031394
180.20          -0.031463
180.40          -0.031532
180.60          -0.031602
180.80          -0.031672
181.00          -0.031742
181.20          -0.031813
181.40          -0.031884
181.60          -0.031955
181.80          -0.032026
182.00          -0.032098
182.20          -0.032170
182.40          -0.032242
182.60          -0.032314
182.80          -0.032387
183.00          -0.032460
183.20          -0.032534
183.40          -0.032608
183.60          -0.032682
183.80          -0.032756
184.00          -0.032831
184.20          -0.032906
184.40          -0.032981
184.60          -0.033057
184.80          -0.033133
185.00          -0.033209
185.20          -0.033285
185.40          -0.033362
185.60          -0.033440
185.80          -0.033517
186.00          -0.033596
186.20          -0.033674
186.40          -0.033753
186.60          -0.033832
186.80          -0.033911
187.00          -0.033991
187.20          -0.034072
187.40          -0.034152
187.60          -0.034233
187.80          -0.034315
188.00          -0.034397
188.20          -0.034479
188.40          -0.034562
188.60          -0.034645
188.80          -0.034729
189.00          -0.034813
189.20          -0.034897
189.40          -0.034982
189.60          -0.035068
189.80          -0.035154
190.00          -0.035240
190.20          -0.035327
190.40          -0.035414
190.60          -0.035502
190.80          -0.035591
191.00          -0.035680
191.20          -0.035769
191.40          -0.035859
191.60          -0.035950
191.80          -0.036041
192.00          -0.036133
192.20          -0.036225
192.40          -0.036318
192.60          -0.036411
192.80          -0.036505
193.00          -0.036600
193.20          -0.036696
193.40          -0.036792
193.60          -0.036889
193.80          -0.036986
194.00          -0.037084
194.20          -0.037183
194.40          -0.037283
194.60          -0.037383
194.80          -0.037484
195.00          -0.037586
195.20          -0.037689
195.40          -0.037793
195.60          -0.037897
195.80          -0.038002
196.00          -0.038109
196.20          -0.038216
196.40          -0.038324
196.60          -0.038433
196.80          -0.038543
197.00          -0.038654
197.20          -0.038766
197.40          -0.038879
197.60          -0.038993
197.80          -0.039109
198.00          -0.039225
198.20          -0.039343
198.40          -0.039462
198.60          -0.039582
198.80          -0.039704
199.00          -0.039827
199.20          -0.039951
199.40          -0.040077
199.60          -0.040204
199.80          -0.040332
200.00          -0.040463
200.20          -0.040595
200.40          -0.040728
200.60          -0.040864
200.80          -0.041001
201.00          -0.041140
201.20          -0.041281
201.40          -0.041424
201.60          -0.041569
201.80          -0.041716
202.00          -0.041865
202.20          -0.042017
202.40          -0.042171
202.60          -0.042328
202.80          -0.042487
203.00          -0.042649
203.20          -0.042814
203.40          -0.042982
203.60          -0.043153
203.80          -0.043327
204.00          -0.043505
204.20          -0.043686
204.40          -0.043871
204.60          -0.044060
204.80          -0.044252
205.00          -0.044449
205.20          -0.044651
205.40          -0.044857
205.60          -0.045068
205.80          -0.045284
206.00          -0.045506
206.20          -0.045734
206.40          -0.045968
206.60          -0.046208
206.80          -0.046455
207.00          -0.046709
207.20          -0.046972
207.40          -0.047242
207.60          -0.047521
207.80          -0.047809
208.00          -0.048107
208.20          -0.048416
208.40          -0.048736
208.60          -0.049068
208.80          -0.049413
209.00          -0.049772
209.20          -0.050146
209.40          -0.050537
209.60          -0.050945
209.80          -0.051372
210.00          -0.051819
210.20          -0.052290
210.40          -0.052785
210.60          -0.053306
210.80          -0.053858
211.00          -0.054442
211.20          -0.055062
211.40          -0.055722
211.60          -0.056426
211.80          -0.057180
212.00          -0.057989
212.20          -0.058861
212.40          -0.059804
212.60          -0.060828
212.80          -0.061944
213.00          -0.063168
213.20          -0.064514
213.40          -0.066006
213.60          -0.067669
213.80          -0.069536
214.00          -0.071648
214.20          -0.074059
214.40          -0.076840
214.60          -0.080083
214.80          -0.083918
215.00          -0.088523
215.20          -0.094156
215.40          -0.10120
215.60          -0.11024
215.80          -0.12224
216.00          -0.13884
216.20          -0.16308
216.40          -0.20118
216.60          -0.26760
216.80          -0.40328
217.00          -0.76617
217.20          -2.4334
217.40          -9.2275
217.60          -1.1321
217.80          -0.34281
218.00          -0.16571
218.20          -0.10543
218.40          -0.080577
218.60          -0.069685
218.80          -0.065374
219.00          -0.064676
219.20          -0.066299
219.40          -0.069700
219.60          -0.074734
219.80          -0.081524
220.00          -0.090441
220.20          -0.10215
220.40          -0.11774
220.60          -0.13902
220.80          -0.16899
221.00          -0.21296
221.20          -0.28077
221.40          -0.39172
221.60          -0.58539
221.80          -0.93868
222.00          -1.5236
222.20          -1.9762
222.40          -1.5936
222.60          -0.98737
222.80          -0.60999
223.00          -0.40424
223.20          -0.28787
223.40          -0.21774
223.60          -0.17289
223.80          -0.14275
224.00          -0.12164
224.20          -0.10634
224.40          -0.094955
224.60          -0.086273
224.80          -0.079523
225.00          -0.074188
