175.00          -0.039421
175.20          -0.039562
175.40          -0.039703
175.60          -0.039846
175.80          -0.039991
176.00          -0.040136
176.20          -0.040283
176.40          -0.040431
176.60          -0.040581
176.80          -0.040732
177.00          -0.040884
177.20          -0.041038
177.40          -0.041193
177.60          -0.041350
177.80          -0.041508
178.00          -0.041668
178.20          -0.041830
178.40          -0.041993
178.60          -0.042158
178.80          -0.042324
179.00          -0.042493
179.20          -0.042663
179.40          -0.042835
179.60          -0.043008
179.80          -0.043184
180.00          -0.043362
180.20          -0.043541
180.40          -0.043723
180.60          -0.043907
180.80          -0.044093
181.00          -0.044281
181.20          -0.044471
181.40          -0.044664
181.60          -0.044859
181.80          -0.045056
182.00          -0.045256
182.20          -0.045459
182.40          -0.045664
182.60          -0.045872
182.80          -0.046082
183.00          -0.046296
183.20          -0.046512
183.40          -0.046731
183.60          -0.046954
183.80          -0.047179
184.00          -0.047408
184.20          -0.047640
184.40          -0.047876
184.60          -0.048115
184.80          -0.048358
185.00          -0.048604
185.20          -0.048855
185.40          -0.049109
185.60          -0.049368
185.80          -0.049630
186.00          -0.049898
186.20          -0.050169
186.40          -0.050445
186.60          -0.050727
186.80          -0.051013
187.00          -0.051304
187.20          -0.051600
187.40          -0.051902
187.60          -0.052210
187.80          -0.052523
188.00          -0.052843
188.20          -0.053169
188.40          -0.053501
188.60          -0.053841
188.80          -0.054187
189.00          -0.054540
189.20          -0.054901
189.40          -0.055270
189.60          -0.055647
189.80          -0.056033
190.00          -0.056427
190.20          -0.056831
190.40          -0.057244
190.60          -0.057667
190.80          -0.058100
191.00          -0.058544
191.20          -0.059000
191.40          -0.059467
191.60          -0.059947
191.80          -0.060439
192.00          -0.060945
192.20          -0.061464
192.40          -0.061999
192.60          -0.062548
192.80          -0.063114
193.00          -0.063697
193.20          -0.064298
193.40          -0.064917
193.60          -0.065555
193.80          -0.066215
194.00          -0.066896
194.20          -0.067599
194.40          -0.068327
194.60          -0.069080
194.80          -0.069860
195.00          -0.070668
195.20          -0.071507
195.40          -0.072376
195.60          -0.073280
195.80          -0.074219
196.00          -0.075196
196.20          -0.076212
196.40          -0.077272
196.60          -0.078377
196.80          -0.079530
197.00          -0.080736
197.20          -0.081996
197.40          -0.083316
197.60          -0.084699
197.80          -0.086149
198.00          -0.087673
198.20          -0.089275
198.40          -0.090961
198.60          -0.092738
198.80          -0.094614
199.00          -0.096595
199.20          -0.098692
199.40          -0.10091
199.60          -0.10327
199.80          -0.10578
200.00          -0.10844
200.20          -0.11129
200.40          -0.11432
200.60          -0.11757
200.80          -0.12105
201.00          -0.12479
201.20          -0.12881
201.40          -0.13315
201.60          -0.13784
201.80          -0.14291
202.00          -0.14842
202.20          -0.15442
202.40          -0.16096
202.60          -0.16812
202.80          -0.17597
203.00          -0.18461
203.20          -0.19414
203.40          -0.20468
203.60          -0.21639
203.80          -0.22944
204.00          -0.24401
204.20          -0.26036
204.40          -0.27874
204.60          -0.29948
204.80          -0.32296
205.00          -0.34960
205.20          -0.37987
205.40          -0.41432
205.60          -0.45350
205.80          -0.49796
206.00          -0.54816
206.20          -0.60431
206.40          -0.66617
206.60          -0.73275
206.80          -0.80188
207.00          -0.86986
207.20          -0.93130
207.40          -0.97950
207.60          -1.0077
207.80          -1.0109
208.00          -0.98752
208.20          -0.94044
208.40          -0.87564
208.60          -0.80057
208.80          -0.72212
209.00          -0.64553
209.20          -0.57414
209.40          -0.50965
209.60          -0.45260
209.80          -0.40278
210.00          -0.35964
210.20          -0.32243
210.40          -0.29039
210.60          -0.26281
210.80          -0.23903
211.00          -0.21848
211.20          -0.20069
211.40          -0.18522
211.60          -0.17175
211.80          -0.15997
212.00          -0.14965
212.20          -0.14057
212.40          -0.13256
212.60          -0.12548
212.80          -0.11921
213.00          -0.11365
213.20          -0.10870
213.40          -0.10429
213.60          -0.10035
213.80          -0.096848
214.00          -0.093722
214.20          -0.090937
214.40          -0.088462
214.60          -0.086269
214.80          -0.084338
215.00          -0.082651
215.20          -0.081197
215.40          -0.079968
215.60          -0.078962
215.80          -0.078187
216.00          -0.077655
216.20          -0.077392
216.40          -0.077442
216.60          -0.077875
216.80          -0.078805
217.00          -0.080423
217.20          -0.083062
217.40          -0.087351
217.60          -0.094591
217.80          -0.10790
218.00          -0.13653
218.20          -0.22075
218.40          -0.77517
218.60          -1.9724
218.80          -0.17560
219.00          -0.080613
219.20          -0.060925
219.40          -0.054670
219.60          -0.052265
219.80          -0.051260
220.00          -0.050840
220.20          -0.050687
220.40          -0.050663
220.60          -0.050703
220.80          -0.050774
221.00          -0.050860
221.20          -0.050954
221.40          -0.051050
221.60          -0.051146
221.80          -0.051243
222.00          -0.051338
222.20          -0.051433
222.40          -0.051528
222.60          -0.051623
222.80          -0.051717
223.00          -0.051813
223.20          -0.051909
223.40          -0.052005
223.60          -0.052103
223.80          -0.052202
224.00          -0.052302
224.20          -0.052404
224.40          -0.052508
224.60          -0.052612
224.80          -0.052719
225.00          -0.052827
