175.00          -0.046363
175.20          -0.046419
175.40          -0.046479
175.60          -0.046544
175.80          -0.046614
176.00          -0.046689
176.20          -0.046769
176.40          -0.046854
176.60          -0.046943
176.80          -0.047037
177.00          -0.047135
177.20          -0.047238
177.40          -0.047346
177.60          -0.047458
177.80          -0.047575
178.00          -0.047696
178.20          -0.047822
178.40          -0.047952
178.60          -0.048086
178.80          -0.048225
179.00          -0.048369
179.20          -0.048516
179.40          -0.048668
179.60          -0.048824
179.80          -0.048985
180.00          -0.049150
180.20          -0.049319
180.40          -0.049492
180.60          -0.049670
180.80          -0.049852
181.00          -0.050038
181.20          -0.050228
181.40          -0.050422
181.60          -0.050621
181.80          -0.050824
182.00          -0.051031
182.20          -0.051242
182.40          -0.051458
182.60          -0.051677
182.80          -0.051901
183.00          -0.052129
183.20          -0.052361
183.40          -0.052598
183.60          -0.052839
183.80          -0.053083
184.00          -0.053333
184.20          -0.053586
184.40          -0.053843
184.60          -0.054105
184.80          -0.054371
185.00          -0.054642
185.20          -0.054916
185.40          -0.055195
185.60          -0.055478
185.80          -0.055766
186.00          -0.056058
186.20          -0.056354
186.40          -0.056654
186.60          -0.056959
186.80          -0.057268
187.00          -0.057582
187.20          -0.057900
187.40          -0.058223
187.60          -0.058550
187.80          -0.058881
188.00          -0.059218
188.20          -0.059558
188.40          -0.059903
188.60          -0.060253
188.80          -0.060607
189.00          -0.060966
189.20          -0.061330
189.40          -0.061698
189.60          -0.062071
189.80          -0.062449
190.00          -0.062832
190.20          -0.063219
190.40          -0.063611
190.60          -0.064009
190.80          -0.064411
191.00          -0.064817
191.20          -0.065229
191.40          -0.065646
191.60          -0.066068
191.80          -0.066495
192.00          -0.066927
192.20          -0.067364
192.40          -0.067806
192.60          -0.068254
192.80          -0.068707
193.00          -0.069165
193.20          -0.069628
193.40          -0.070097
193.60          -0.070571
193.80          -0.071051
194.00          -0.071536
194.20          -0.072026
194.40          -0.072522
194.60          -0.073024
194.80          -0.073531
195.00          -0.074044
195.20          -0.074563
195.40          -0.075088
195.60          -0.075618
195.80          -0.076155
196.00          -0.076697
196.20          -0.077245
196.40          -0.077799
196.60          -0.078359
196.80          -0.078926
197.00          -0.079498
197.20          -0.080077
197.40          -0.080662
197.60          -0.081253
197.80          -0.081851
198.00          -0.082455
198.20          -0.083065
198.40          -0.083682
198.60          -0.084306
198.80          -0.084936
199.00          -0.085573
199.20          -0.086216
199.40          -0.086866
199.60          -0.087523
199.80          -0.088187
200.00          -0.088858
200.20          -0.089536
200.40          -0.090221
200.60          -0.090913
200.80          -0.091613
201.00          -0.092319
201.20          -0.093033
201.40          -0.093754
201.60          -0.094482
201.80          -0.095218
202.00          -0.095962
202.20          -0.096713
202.40          -0.097471
202.60          -0.098237
202.80          -0.099011
203.00          -0.099793
203.20          -0.10058
203.40          -0.10138
203.60          -0.10219
203.80          -0.10300
204.00          -0.10382
204.20          -0.10465
204.40          -0.10549
204.60          -0.10634
204.80          -0.10719
205.00          -0.10805
205.20          -0.10892
205.40          -0.10980
205.60          -0.11069
205.80          -0.11159
206.00          -0.11250
206.20          -0.11341
206.40          -0.11434
206.60          -0.11527
206.80          -0.11621
207.00          -0.11716
207.20          -0.11812
207.40          -0.11909
207.60          -0.12007
207.80          -0.12105
208.00          -0.12205
208.20          -0.12306
208.40          -0.12407
208.60          -0.12510
208.80          -0.12613
209.00          -0.12718
209.20          -0.12823
209.40          -0.12930
209.60          -0.13037
209.80          -0.13145
210.00          -0.13255
210.20          -0.13365
210.40          -0.13477
210.60          -0.13589
210.80          -0.13703
211.00          -0.13817
211.20          -0.13933
211.40          -0.14050
211.60          -0.14168
211.80          -0.14287
212.00          -0.14406
212.20          -0.14528
212.40          -0.14650
212.60          -0.14773
212.80          -0.14898
213.00          -0.15023
213.20          -0.15150
213.40          -0.15278
213.60          -0.15407
213.80          -0.15537
214.00          -0.15669
214.20          -0.15801
214.40          -0.15935
214.60          -0.16070
214.80          -0.16207
215.00          -0.16344
215.20          -0.16483
215.40          -0.16623
215.60          -0.16764
215.80          -0.16907
216.00          -0.17051
216.20          -0.17195
216.40          -0.17341
216.60          -0.17489
216.80          -0.17637
217.00          -0.17786
217.20          -0.17937
217.40          -0.18090
217.60          -0.18251
217.80          -0.18442
218.00          -0.18869
218.20          -0.38453
218.40          -0.20701
218.60          -0.19637
218.80          -0.19574
219.00          -0.19658
219.20          -0.19787
219.40          -0.19937
219.60          -0.20099
219.80          -0.20269
220.00          -0.20445
220.20          -0.20626
220.40          -0.20811
220.60          -0.21001
220.80          -0.21194
221.00          -0.21391
221.20          -0.21592
221.40          -0.21797
221.60          -0.22006
221.80          -0.22219
222.00          -0.22436
222.20          -0.22657
222.40          -0.22883
222.60          -0.23114
222.80          -0.23350
223.00          -0.23591
223.20          -0.23838
223.40          -0.24090
223.60          -0.24348
223.80          -0.24613
224.00          -0.24885
224.20          -0.25163
224.40          -0.25449
224.60          -0.25743
224.80          -0.26046
225.00          -0.26357
