175.00          -0.82644
175.20          -0.77820
175.40          -0.73935
175.60          -0.70800
175.80          -0.68269
176.00          -0.66224
176.20          -0.64573
176.40          -0.63243
176.60          -0.62175
176.80          -0.61325
177.00          -0.60653
177.20          -0.60129
177.40          -0.59730
177.60          -0.59434
177.80          -0.59226
178.00          -0.59092
178.20          -0.59020
178.40          -0.59000
178.60          -0.59026
178.80          -0.59091
179.00          -0.59188
179.20          -0.59314
179.40          -0.59464
179.60          -0.59635
179.80          -0.59824
180.00          -0.60028
180.20          -0.60246
180.40          -0.60475
180.60          -0.60714
180.80          -0.60962
181.00          -0.61217
181.20          -0.61479
181.40          -0.61746
181.60          -0.62018
181.80          -0.62293
182.00          -0.62573
182.20          -0.62855
182.40          -0.63140
182.60          -0.63426
182.80          -0.63715
183.00          -0.64005
183.20          -0.64296
183.40          -0.64588
183.60          -0.64880
183.80          -0.65173
184.00          -0.65467
184.20          -0.65760
184.40          -0.66054
184.60          -0.66348
184.80          -0.66641
185.00          -0.66934
185.20          -0.67227
185.40          -0.67520
185.60          -0.67812
185.80          -0.68103
186.00          -0.68394
186.20          -0.68684
186.40          -0.68974
186.60          -0.69263
186.80          -0.69552
187.00          -0.69839
187.20          -0.70126
187.40          -0.70412
187.60          -0.70698
187.80          -0.70982
188.00          -0.71266
188.20          -0.71549
188.40          -0.71831
188.60          -0.72112
188.80          -0.72393
189.00          -0.72672
189.20          -0.72951
189.40          -0.73229
189.60          -0.73506
189.80          -0.73782
190.00          -0.74057
190.20          -0.74332
190.40          -0.74605
190.60          -0.74878
190.80          -0.75149
191.00          -0.75420
191.20          -0.75690
191.40          -0.75959
191.60          -0.76228
191.80          -0.76495
192.00          -0.76762
192.20          -0.77027
192.40          -0.77292
192.60          -0.77556
192.80          -0.77819
193.00          -0.78081
193.20          -0.78342
193.40          -0.78602
193.60          -0.78862
193.80          -0.79120
194.00          -0.79378
194.20          -0.79635
194.40          -0.79891
194.60          -0.80146
194.80          -0.80401
195.00          -0.80654
195.20          -0.80907
195.40          -0.81158
195.60          -0.81409
195.80          -0.81659
196.00          -0.81908
196.20          -0.82157
196.40          -0.82404
196.60          -0.82651
196.80          -0.82897
197.00          -0.83142
197.20          -0.83386
197.40          -0.83629
197.60          -0.83872
197.80          -0.84114
198.00          -0.84355
198.20          -0.84595
198.40          -0.84835
198.60          -0.85073
198.80          -0.85312
199.00          -0.85549
199.20          -0.85786
199.40          -0.86022
199.60          -0.86257
199.80          -0.86492
200.00          -0.86726
200.20          -0.86960
200.40          -0.87193
200.60          -0.87426
200.80          -0.87659
201.00          -0.87891
201.20          -0.88124
201.40          -0.88356
201.60          -0.88588
201.80          -0.88821
202.00          -0.89054
202.20          -0.89287
202.40          -0.89522
202.60          -0.89758
202.80          -0.89995
203.00          -0.90235
203.20          -0.90477
203.40          -0.90724
203.60          -0.90975
203.80          -0.91232
204.00          -0.91498
204.20          -0.91775
204.40          -0.92068
204.60          -0.92382
204.80          -0.92727
205.00          -0.93119
205.20          -0.93584
205.40          -0.94175
205.60          -0.95001
205.80          -0.96337
206.00          -0.99083
206.20          -1.0802
206.40          -2.2917
206.60          -1.1856
206.80          -0.95369
207.00          -0.93439
207.20          -0.93224
207.40          -0.93341
207.60          -0.93543
207.80          -0.93768
208.00          -0.93997
208.20          -0.94222
208.40          -0.94443
208.60          -0.94658
208.80          -0.94868
209.00          -0.95074
209.20          -0.95274
209.40          -0.95471
209.60          -0.95665
209.80          -0.95855
210.00          -0.96042
210.20          -0.96226
210.40          -0.96407
210.60          -0.96586
210.80          -0.96763
211.00          -0.96937
211.20          -0.97109
211.40          -0.97279
211.60          -0.97447
211.80          -0.97613
212.00          -0.97778
212.20          -0.97940
212.40          -0.98101
212.60          -0.98260
212.80          -0.98417
213.00          -0.98573
213.20          -0.98727
213.40          -0.98879
213.60          -0.99029
213.80          -0.99178
214.00          -0.99326
214.20          -0.99472
214.40          -0.99616
214.60          -0.99759
214.80          -0.99900
215.00          -1.0004
215.20          -1.0018
215.40          -1.0031
215.60          -1.0045
215.80          -1.0058
216.00          -1.0071
216.20          -1.0085
216.40          -1.0097
216.60          -1.0110
216.80          -1.0123
217.00          -1.0135
217.20          -1.0148
217.40          -1.0160
217.60          -1.0172
217.80          -1.0184
218.00          -1.0195
218.20          -1.0207
218.40          -1.0218
218.60          -1.0230
218.80          -1.0241
219.00          -1.0252
219.20          -1.0263
219.40          -1.0273
219.60          -1.0284
219.80          -1.0294
220.00          -1.0305
220.20          -1.0315
220.40          -1.0325
220.60          -1.0334
220.80          -1.0344
221.00          -1.0354
221.20          -1.0363
221.40          -1.0372
221.60          -1.0382
221.80          -1.0391
222.00          -1.0399
222.20          -1.0408
222.40          -1.0417
222.60          -1.0425
222.80          -1.0434
223.00          -1.0442
223.20          -1.0450
223.40          -1.0458
223.60          -1.0466
223.80          -1.0474
224.00          -1.0481
224.20          -1.0489
224.40          -1.0497
224.60          -1.0505
224.80          -1.0512
225.00          -1.0520
