175.00          -0.10780
175.20          -0.10487
175.40          -0.10208
175.60          -0.099430
175.80          -0.096912
176.00          -0.094520
176.20          -0.092247
176.40          -0.090086
176.60          -0.088032
176.80          -0.086080
177.00          -0.084224
177.20          -0.082459
177.40          -0.080782
177.60          -0.079187
177.80          -0.077670
178.00          -0.076228
178.20          -0.074857
178.40          -0.073553
178.60          -0.072313
178.80          -0.071135
179.00          -0.070014
179.20          -0.068948
179.40          -0.067934
179.60          -0.066971
179.80          -0.066055
180.00          -0.065185
180.20          -0.064358
180.40          -0.063572
180.60          -0.062826
180.80          -0.062118
181.00          -0.061445
181.20          -0.060806
181.40          -0.060200
181.60          -0.059626
181.80          -0.059082
182.00          -0.058566
182.20          -0.058077
182.40          -0.057615
182.60          -0.057178
182.80          -0.056765
183.00          -0.056376
183.20          -0.056008
183.40          -0.055662
183.60          -0.055336
183.80          -0.055029
184.00          -0.054742
184.20          -0.054472
184.40          -0.054220
184.60          -0.053985
184.80          -0.053765
185.00          -0.053562
185.20          -0.053373
185.40          -0.053198
185.60          -0.053037
185.80          -0.052890
186.00          -0.052756
186.20          -0.052634
186.40          -0.052524
186.60          -0.052425
186.80          -0.052338
187.00          -0.052262
187.20          -0.052196
187.40          -0.052140
187.60          -0.052094
187.80          -0.052058
188.00          -0.052031
188.20          -0.052013
188.40          -0.052003
188.60          -0.052002
188.80          -0.052010
189.00          -0.052025
189.20          -0.052048
189.40          -0.052079
189.60          -0.052117
189.80          -0.052163
190.00          -0.052215
190.20          -0.052275
190.40          -0.052341
190.60          -0.052414
190.80          -0.052493
191.00          -0.052579
191.20          -0.052671
191.40          -0.052769
191.60          -0.052874
191.80          -0.052984
192.00          -0.053101
192.20          -0.053224
192.40          -0.053352
192.60          -0.053487
192.80          -0.053627
193.00          -0.053773
193.20          -0.053926
193.40          -0.054084
193.60          -0.054249
193.80          -0.054420
194.00          -0.054597
194.20          -0.054782
194.40          -0.054973
194.60          -0.055171
194.80          -0.055377
195.00          -0.055590
195.20          -0.055813
195.40          -0.056044
195.60          -0.056285
195.80          -0.056538
196.00          -0.056802
196.20          -0.057079
196.40          -0.057372
196.60          -0.057683
196.80          -0.058013
197.00          -0.058368
197.20          -0.058752
197.40          -0.059170
197.60          -0.059633
197.80          -0.060151
198.00          -0.060742
198.20          -0.061431
198.40          -0.062256
198.60          -0.063279
198.80          -0.064603
199.00          -0.066420
199.20          -0.069113
199.40          -0.073574
199.60          -0.082343
199.80          -0.10574
200.00          -0.23676
200.20          -2.4501
200.40          -0.10338
200.60          -0.065549
200.80          -0.059411
201.00          -0.057980
201.20          -0.057754
201.40          -0.057920
201.60          -0.058228
201.80          -0.058588
202.00          -0.058965
202.20          -0.059343
202.40          -0.059715
202.60          -0.060081
202.80          -0.060439
203.00          -0.060790
203.20          -0.061135
203.40          -0.061473
203.60          -0.061807
203.80          -0.062136
204.00          -0.062461
204.20          -0.062782
204.40          -0.063101
204.60          -0.063418
204.80          -0.063733
205.00          -0.064045
205.20          -0.064357
205.40          -0.064667
205.60          -0.064977
205.80          -0.065286
206.00          -0.065594
206.20          -0.065902
206.40          -0.066209
206.60          -0.066517
206.80          -0.066824
207.00          -0.067132
207.20          -0.067440
207.40          -0.067747
207.60          -0.068055
207.80          -0.068364
208.00          -0.068673
208.20          -0.068982
208.40          -0.069292
208.60          -0.069602
208.80          -0.069913
209.00          -0.070224
209.20          -0.070536
209.40          -0.070848
209.60          -0.071161
209.80          -0.071475
210.00          -0.071789
210.20          -0.072104
210.40          -0.072419
210.60          -0.072735
210.80          -0.073052
211.00          -0.073370
211.20          -0.073688
211.40          -0.074007
211.60          -0.074326
211.80          -0.074646
212.00          -0.074967
212.20          -0.075288
212.40          -0.075610
212.60          -0.075933
212.80          -0.076256
213.00          -0.076580
213.20          -0.076905
213.40          -0.077230
213.60          -0.077556
213.80          -0.077882
214.00          -0.078209
214.20          -0.078537
214.40          -0.078865
214.60          -0.079194
214.80          -0.079523
215.00          -0.079853
215.20          -0.080183
215.40          -0.080514
215.60          -0.080845
215.80          -0.081177
216.00          -0.081510
216.20          -0.081843
216.40          -0.082176
216.60          -0.082510
216.80          -0.082845
217.00          -0.083180
217.20          -0.083515
217.40          -0.083851
217.60          -0.084188
217.80          -0.084525
218.00          -0.084863
218.20          -0.085201
218.40          -0.085540
218.60          -0.085880
218.80          -0.086220
219.00          -0.086562
219.20          -0.086904
219.40          -0.087248
219.60          -0.087593
219.80          -0.087940
220.00          -0.088290
220.20          -0.088642
220.40          -0.088999
220.60          -0.089361
220.80          -0.089731
221.00          -0.090112
221.20          -0.090513
221.40          -0.090947
221.60          -0.091443
221.80          -0.092079
222.00          -0.093113
222.20          -0.095952
222.40          -0.13588
222.60          -0.10537
222.80          -0.094364
223.00          -0.093597
223.20          -0.093650
223.40          -0.093883
223.60          -0.094174
223.80          -0.094488
224.00          -0.094813
224.20          -0.095141
224.40          -0.095470
224.60          -0.095800
224.80          -0.096127
225.00          -0.096451
