175.00          -0.049830
175.20          -0.050018
175.40          -0.050211
175.60          -0.050409
175.80          -0.050611
176.00          -0.050818
176.20          -0.051030
176.40          -0.051247
176.60          -0.051468
176.80          -0.051693
177.00          -0.051924
177.20          -0.052159
177.40          -0.052399
177.60          -0.052643
177.80          -0.052892
178.00          -0.053145
178.20          -0.053404
178.40          -0.053666
178.60          -0.053934
178.80          -0.054206
179.00          -0.054482
179.20          -0.054764
179.40          -0.055049
179.60          -0.055340
179.80          -0.055635
180.00          -0.055935
180.20          -0.056239
180.40          -0.056548
180.60          -0.056862
180.80          -0.057181
181.00          -0.057504
181.20          -0.057832
181.40          -0.058164
181.60          -0.058502
181.80          -0.058844
182.00          -0.059191
182.20          -0.059543
182.40          -0.059899
182.60          -0.060260
182.80          -0.060627
183.00          -0.060998
183.20          -0.061374
183.40          -0.061755
183.60          -0.062140
183.80          -0.062531
184.00          -0.062927
184.20          -0.063328
184.40          -0.063733
184.60          -0.064144
184.80          -0.064560
185.00          -0.064981
185.20          -0.065407
185.40          -0.065839
185.60          -0.066275
185.80          -0.066717
186.00          -0.067164
186.20          -0.067616
186.40          -0.068074
186.60          -0.068537
186.80          -0.069005
187.00          -0.069479
187.20          -0.069958
187.40          -0.070443
187.60          -0.070933
187.80          -0.071429
188.00          -0.071930
188.20          -0.072437
188.40          -0.072950
188.60          -0.073468
188.80          -0.073992
189.00          -0.074522
189.20          -0.075058
189.40          -0.075599
189.60          -0.076146
189.80          -0.076700
190.00          -0.077259
190.20          -0.077824
190.40          -0.078396
190.60          -0.078973
190.80          -0.079557
191.00          -0.080147
191.20          -0.080743
191.40          -0.081346
191.60          -0.081954
191.80          -0.082570
192.00          -0.083191
192.20          -0.083820
192.40          -0.084455
192.60          -0.085096
192.80          -0.085745
193.00          -0.086400
193.20          -0.087062
193.40          -0.087731
193.60          -0.088407
193.80          -0.089090
194.00          -0.089781
194.20          -0.090479
194.40          -0.091185
194.60          -0.091898
194.80          -0.092619
195.00          -0.093349
195.20          -0.094087
195.40          -0.094833
195.60          -0.095589
195.80          -0.096354
196.00          -0.097129
196.20          -0.097914
196.40          -0.098711
196.60          -0.099520
196.80          -0.10034
197.00          -0.10118
197.20          -0.10203
197.40          -0.10290
197.60          -0.10380
197.80          -0.10472
198.00          -0.10568
198.20          -0.10669
198.40          -0.10776
198.60          -0.10891
198.80          -0.11021
199.00          -0.11174
199.20          -0.11368
199.40          -0.11650
199.60          -0.12163
199.80          -0.13558
200.00          -0.24111
200.20          -0.42963
200.40          -0.13293
200.60          -0.11980
200.80          -0.11764
201.00          -0.11751
201.20          -0.11801
201.40          -0.11875
201.60          -0.11959
201.80          -0.12050
202.00          -0.12143
202.20          -0.12238
202.40          -0.12335
202.60          -0.12433
202.80          -0.12532
203.00          -0.12631
203.20          -0.12731
203.40          -0.12832
203.60          -0.12934
203.80          -0.13036
204.00          -0.13138
204.20          -0.13241
204.40          -0.13345
204.60          -0.13449
204.80          -0.13554
205.00          -0.13660
205.20          -0.13766
205.40          -0.13873
205.60          -0.13980
205.80          -0.14088
206.00          -0.14197
206.20          -0.14306
206.40          -0.14416
206.60          -0.14527
206.80          -0.14638
207.00          -0.14750
207.20          -0.14862
207.40          -0.14976
207.60          -0.15090
207.80          -0.15204
208.00          -0.15320
208.20          -0.15436
208.40          -0.15553
208.60          -0.15671
208.80          -0.15789
209.00          -0.15909
209.20          -0.16029
209.40          -0.16150
209.60          -0.16272
209.80          -0.16396
210.00          -0.16520
210.20          -0.16645
210.40          -0.16771
210.60          -0.16899
210.80          -0.17027
211.00          -0.17157
211.20          -0.17289
211.40          -0.17422
211.60          -0.17556
211.80          -0.17692
212.00          -0.17830
212.20          -0.17969
212.40          -0.18110
212.60          -0.18254
212.80          -0.18400
213.00          -0.18548
213.20          -0.18698
213.40          -0.18852
213.60          -0.19008
213.80          -0.19167
214.00          -0.19330
214.20          -0.19497
214.40          -0.19667
214.60          -0.19842
214.80          -0.20021
215.00          -0.20205
215.20          -0.20395
215.40          -0.20591
215.60          -0.20793
215.80          -0.21002
216.00          -0.21218
216.20          -0.21443
216.40          -0.21677
216.60          -0.21921
216.80          -0.22175
217.00          -0.22442
217.20          -0.22721
217.40          -0.23016
217.60          -0.23326
217.80          -0.23654
218.00          -0.24002
218.20          -0.24372
218.40          -0.24767
218.60          -0.25189
218.80          -0.25643
219.00          -0.26132
219.20          -0.26662
219.40          -0.27238
219.60          -0.27868
219.80          -0.28559
220.00          -0.29323
220.20          -0.30174
220.40          -0.31129
220.60          -0.32211
220.80          -0.33452
221.00          -0.34899
221.20          -0.36623
221.40          -0.38745
221.60          -0.41496
221.80          -0.45416
222.00          -0.52199
222.20          -0.71213
222.40          -4.6062
222.60          -0.66950
222.80          -0.53834
223.00          -0.58746
223.20          -0.66829
223.40          -0.77936
223.60          -0.93551
223.80          -1.1669
224.00          -1.5336
224.20          -2.1639
224.40          -3.3310
224.60          -5.3249
224.80          -5.8950
225.00          -3.2529
