175.00          -0.046426
175.20          -0.046717
175.40          -0.047012
175.60          -0.047312
175.80          -0.047617
176.00          -0.047927
176.20          -0.048243
176.40          -0.048563
176.60          -0.048890
176.80          -0.049221
177.00          -0.049559
177.20          -0.049903
177.40          -0.050252
177.60          -0.050609
177.80          -0.050971
178.00          -0.051341
178.20          -0.051717
178.40          -0.052101
178.60          -0.052492
178.80          -0.052890
179.00          -0.053296
179.20          -0.053711
179.40          -0.054134
179.60          -0.054565
179.80          -0.055005
180.00          -0.055455
180.20          -0.055914
180.40          -0.056383
180.60          -0.056862
180.80          -0.057351
181.00          -0.057852
181.20          -0.058363
181.40          -0.058886
181.60          -0.059422
181.80          -0.059969
182.00          -0.060530
182.20          -0.061104
182.40          -0.061692
182.60          -0.062295
182.80          -0.062912
183.00          -0.063545
183.20          -0.064194
183.40          -0.064860
183.60          -0.065543
183.80          -0.066245
184.00          -0.066965
184.20          -0.067705
184.40          -0.068465
184.60          -0.069247
184.80          -0.070051
185.00          -0.070878
185.20          -0.071729
185.40          -0.072605
185.60          -0.073507
185.80          -0.074437
186.00          -0.075395
186.20          -0.076384
186.40          -0.077403
186.60          -0.078456
186.80          -0.079542
187.00          -0.080665
187.20          -0.081825
187.40          -0.083025
187.60          -0.084266
187.80          -0.085550
188.00          -0.086880
188.20          -0.088258
188.40          -0.089686
188.60          -0.091167
188.80          -0.092704
189.00          -0.094300
189.20          -0.095957
189.40          -0.097680
189.60          -0.099471
189.80          -0.10133
190.00          -0.10328
190.20          -0.10530
190.40          -0.10740
190.60          -0.10960
190.80          -0.11190
191.00          -0.11429
191.20          -0.11679
191.40          -0.11941
191.60          -0.12215
191.80          -0.12501
192.00          -0.12801
192.20          -0.13116
192.40          -0.13446
192.60          -0.13793
192.80          -0.14156
193.00          -0.14539
193.20          -0.14941
193.40          -0.15363
193.60          -0.15809
193.80          -0.16277
194.00          -0.16771
194.20          -0.17292
194.40          -0.17842
194.60          -0.18421
194.80          -0.19033
195.00          -0.19678
195.20          -0.20360
195.40          -0.21079
195.60          -0.21838
195.80          -0.22639
196.00          -0.23483
196.20          -0.24373
196.40          -0.25310
196.60          -0.26295
196.80          -0.27328
197.00          -0.28410
197.20          -0.29541
197.40          -0.30718
197.60          -0.31938
197.80          -0.33197
198.00          -0.34490
198.20          -0.35807
198.40          -0.37138
198.60          -0.38471
198.80          -0.39789
199.00          -0.41073
199.20          -0.42302
199.40          -0.43452
199.60          -0.44498
199.80          -0.45414
200.00          -0.46173
200.20          -0.46751
200.40          -0.47128
200.60          -0.47287
200.80          -0.47217
201.00          -0.46915
201.20          -0.46386
201.40          -0.45639
201.60          -0.44692
201.80          -0.43568
202.00          -0.42294
202.20          -0.40898
202.40          -0.39410
202.60          -0.37858
202.80          -0.36269
203.00          -0.34667
203.20          -0.33073
203.40          -0.31504
203.60          -0.29973
203.80          -0.28493
204.00          -0.27070
204.20          -0.25711
204.40          -0.24418
204.60          -0.23194
204.80          -0.22038
205.00          -0.20950
205.20          -0.19927
205.40          -0.18968
205.60          -0.18071
205.80          -0.17231
206.00          -0.16446
206.20          -0.15712
206.40          -0.15028
206.60          -0.14389
206.80          -0.13792
207.00          -0.13235
207.20          -0.12715
207.40          -0.12229
207.60          -0.11776
207.80          -0.11352
208.00          -0.10955
208.20          -0.10585
208.40          -0.10238
208.60          -0.099135
208.80          -0.096095
209.00          -0.093247
209.20          -0.090577
209.40          -0.088073
209.60          -0.085723
209.80          -0.083516
210.00          -0.081444
210.20          -0.079496
210.40          -0.077665
210.60          -0.075943
210.80          -0.074322
211.00          -0.072796
211.20          -0.071359
211.40          -0.070005
211.60          -0.068729
211.80          -0.067526
212.00          -0.066392
212.20          -0.065322
212.40          -0.064312
212.60          -0.063360
212.80          -0.062460
213.00          -0.061611
213.20          -0.060809
213.40          -0.060052
213.60          -0.059338
213.80          -0.058662
214.00          -0.058025
214.20          -0.057423
214.40          -0.056855
214.60          -0.056318
214.80          -0.055812
215.00          -0.055335
215.20          -0.054884
215.40          -0.054459
215.60          -0.054059
215.80          -0.053683
216.00          -0.053328
216.20          -0.052995
216.40          -0.052682
216.60          -0.052388
216.80          -0.052112
217.00          -0.051855
217.20          -0.051614
217.40          -0.051390
217.60          -0.051181
217.80          -0.050987
218.00          -0.050808
218.20          -0.050643
218.40          -0.050492
218.60          -0.050354
218.80          -0.050229
219.00          -0.050116
219.20          -0.050016
219.40          -0.049928
219.60          -0.049853
219.80          -0.049789
220.00          -0.049738
220.20          -0.049699
220.40          -0.049672
220.60          -0.049658
220.80          -0.049657
221.00          -0.049671
221.20          -0.049698
221.40          -0.049742
221.60          -0.049803
221.80          -0.049883
222.00          -0.049984
222.20          -0.050109
222.40          -0.050262
222.60          -0.050449
222.80          -0.050676
223.00          -0.050953
223.20          -0.051294
223.40          -0.051719
223.60          -0.052256
223.80          -0.052951
224.00          -0.053878
224.20          -0.055163
224.40          -0.057043
224.60          -0.060012
224.80          -0.065249
225.00          -0.076305
