175.00          -0.056686
175.20          -0.058406
175.40          -0.060242
175.60          -0.062204
175.80          -0.064304
176.00          -0.066556
176.20          -0.068976
176.40          -0.071581
176.60          -0.074389
176.80          -0.077423
177.00          -0.080708
177.20          -0.084273
177.40          -0.088150
177.60          -0.092375
177.80          -0.096993
178.00          -0.10205
178.20          -0.10761
178.40          -0.11373
178.60          -0.12049
178.80          -0.12798
179.00          -0.13631
179.20          -0.14558
179.40          -0.15596
179.60          -0.16759
179.80          -0.18068
180.00          -0.19544
180.20          -0.21215
180.40          -0.23109
180.60          -0.25260
180.80          -0.27704
181.00          -0.30481
181.20          -0.33628
181.40          -0.37174
181.60          -0.41135
181.80          -0.45495
182.00          -0.50187
182.20          -0.55071
182.40          -0.59903
182.60          -0.64333
182.80          -0.67921
183.00          -0.70212
183.20          -0.70849
183.40          -0.69688
183.60          -0.66854
183.80          -0.62703
184.00          -0.57711
184.20          -0.52348
184.40          -0.46995
184.60          -0.41912
184.80          -0.37248
185.00          -0.33066
185.20          -0.29374
185.40          -0.26144
185.60          -0.23334
185.80          -0.20896
186.00          -0.18782
186.20          -0.16948
186.40          -0.15353
186.60          -0.13963
186.80          -0.12749
187.00          -0.11684
187.20          -0.10749
187.40          -0.099232
187.60          -0.091927
187.80          -0.085442
188.00          -0.079667
188.20          -0.074509
188.40          -0.069889
188.60          -0.065739
188.80          -0.062001
189.00          -0.058626
189.20          -0.055571
189.40          -0.052799
189.60          -0.050279
189.80          -0.047983
190.00          -0.045887
190.20          -0.043970
190.40          -0.042214
190.60          -0.040603
190.80          -0.039122
191.00          -0.037761
191.20          -0.036509
191.40          -0.035357
191.60          -0.034301
191.80          -0.033339
192.00          -0.032482
192.20          -0.031789
192.40          -0.031637
192.60          -0.061431
192.80          -0.029715
193.00          -0.028467
193.20          -0.027811
193.40          -0.027242
193.60          -0.026717
193.80          -0.026227
194.00          -0.025768
194.20          -0.025338
194.40          -0.024933
194.60          -0.024554
194.80          -0.024197
195.00          -0.023862
195.20          -0.023547
195.40          -0.023251
195.60          -0.022972
195.80          -0.022709
196.00          -0.022462
196.20          -0.022230
196.40          -0.022011
196.60          -0.021804
196.80          -0.021610
197.00          -0.021426
197.20          -0.021254
197.40          -0.021091
197.60          -0.020938
197.80          -0.020794
198.00          -0.020658
198.20          -0.020530
198.40          -0.020409
198.60          -0.020296
198.80          -0.020190
199.00          -0.020089
199.20          -0.019995
199.40          -0.019907
199.60          -0.019824
199.80          -0.019746
200.00          -0.019674
200.20          -0.019606
200.40          -0.019542
200.60          -0.019483
200.80          -0.019428
201.00          -0.019377
201.20          -0.019329
201.40          -0.019285
201.60          -0.019245
201.80          -0.019207
202.00          -0.019173
202.20          -0.019142
202.40          -0.019113
202.60          -0.019088
202.80          -0.019065
203.00          -0.019045
203.20          -0.019027
203.40          -0.019011
203.60          -0.018998
203.80          -0.018987
204.00          -0.018978
204.20          -0.018971
204.40          -0.018966
204.60          -0.018962
204.80          -0.018961
205.00          -0.018962
205.20          -0.018964
205.40          -0.018968
205.60          -0.018974
205.80          -0.018981
206.00          -0.018990
206.20          -0.019000
206.40          -0.019012
206.60          -0.019025
206.80          -0.019039
207.00          -0.019055
207.20          -0.019073
207.40          -0.019092
207.60          -0.019112
207.80          -0.019133
208.00          -0.019156
208.20          -0.019180
208.40          -0.019205
208.60          -0.019231
208.80          -0.019259
209.00          -0.019288
209.20          -0.019318
209.40          -0.019350
209.60          -0.019382
209.80          -0.019416
210.00          -0.019452
210.20          -0.019488
210.40          -0.019526
210.60          -0.019565
210.80          -0.019606
211.00          -0.019648
211.20          -0.019691
211.40          -0.019736
211.60          -0.019782
211.80          -0.019830
212.00          -0.019879
212.20          -0.019930
212.40          -0.019983
212.60          -0.020037
212.80          -0.020094
213.00          -0.020152
213.20          -0.020213
213.40          -0.020275
213.60          -0.020340
213.80          -0.020408
214.00          -0.020478
214.20          -0.020551
214.40          -0.020627
214.60          -0.020706
214.80          -0.020789
215.00          -0.020876
215.20          -0.020968
215.40          -0.021064
215.60          -0.021170
215.80          -0.021509
216.00          -0.021390
216.20          -0.021504
216.40          -0.021631
216.60          -0.021768
216.80          -0.021916
217.00          -0.022075
217.20          -0.022249
217.40          -0.022438
217.60          -0.022646
217.80          -0.022877
218.00          -0.023134
218.20          -0.023424
218.40          -0.023753
218.60          -0.024131
218.80          -0.024572
219.00          -0.025092
219.20          -0.025717
219.40          -0.026481
219.60          -0.027439
219.80          -0.028671
220.00          -0.030309
220.20          -0.032577
220.40          -0.035881
220.60          -0.041018
220.80          -0.049710
221.00          -0.066089
221.20          -0.10039
221.40          -0.16223
221.60          -0.15821
221.80          -0.083211
222.00          -0.046880
222.20          -0.032722
222.40          -0.026574
222.60          -0.023590
222.80          -0.022023
223.00          -0.021159
223.20          -0.020671
223.40          -0.020400
223.60          -0.020257
223.80          -0.020194
224.00          -0.020183
224.20          -0.020205
224.40          -0.020250
224.60          -0.020310
224.80          -0.020381
225.00          -0.020459
