175.00          -0.14937
175.20          -0.15527
175.40          -0.16171
175.60          -0.16874
175.80          -0.17645
176.00          -0.18492
176.20          -0.19427
176.40          -0.20460
176.60          -0.21607
176.80          -0.22882
177.00          -0.24306
177.20          -0.25900
177.40          -0.27689
177.60          -0.29704
177.80          -0.31978
178.00          -0.34549
178.20          -0.37459
178.40          -0.40753
178.60          -0.44475
178.80          -0.48663
179.00          -0.53341
179.20          -0.58504
179.40          -0.64095
179.60          -0.69978
179.80          -0.75910
180.00          -0.81518
180.20          -0.86305
180.40          -0.89713
180.60          -0.91241
180.80          -0.90589
181.00          -0.87772
181.20          -0.83118
181.40          -0.77171
181.60          -0.70534
181.80          -0.63736
182.00          -0.57168
182.20          -0.51073
182.40          -0.45570
182.60          -0.40693
182.80          -0.36421
183.00          -0.32707
183.20          -0.29491
183.40          -0.26710
183.60          -0.24306
183.80          -0.22225
184.00          -0.20420
184.20          -0.18850
184.40          -0.17481
184.60          -0.16285
184.80          -0.15235
185.00          -0.14312
185.20          -0.13497
185.40          -0.12776
185.60          -0.12136
185.80          -0.11567
186.00          -0.11059
186.20          -0.10605
186.40          -0.10198
186.60          -0.098329
186.80          -0.095040
187.00          -0.092073
187.20          -0.089394
187.40          -0.086970
187.60          -0.084774
187.80          -0.082781
188.00          -0.080970
188.20          -0.079323
188.40          -0.077824
188.60          -0.076458
188.80          -0.075212
189.00          -0.074076
189.20          -0.073038
189.40          -0.072091
189.60          -0.071226
189.80          -0.070435
190.00          -0.069713
190.20          -0.069054
190.40          -0.068453
190.60          -0.067905
190.80          -0.067405
191.00          -0.066950
191.20          -0.066537
191.40          -0.066161
191.60          -0.065822
191.80          -0.065515
192.00          -0.065239
192.20          -0.064990
192.40          -0.064769
192.60          -0.064572
192.80          -0.064397
193.00          -0.064245
193.20          -0.064112
193.40          -0.063998
193.60          -0.063901
193.80          -0.063821
194.00          -0.063757
194.20          -0.063707
194.40          -0.063671
194.60          -0.063648
194.80          -0.063637
195.00          -0.063638
195.20          -0.063650
195.40          -0.063673
195.60          -0.063706
195.80          -0.063749
196.00          -0.063801
196.20          -0.063862
196.40          -0.063932
196.60          -0.064010
196.80          -0.064097
197.00          -0.064193
197.20          -0.064296
197.40          -0.064408
197.60          -0.064529
197.80          -0.064658
198.00          -0.064796
198.20          -0.064943
198.40          -0.065101
198.60          -0.065270
198.80          -0.065451
199.00          -0.065645
199.20          -0.065856
199.40          -0.066086
199.60          -0.066339
199.80          -0.066621
200.00          -0.066939
200.20          -0.067305
200.40          -0.067739
200.60          -0.068267
200.80          -0.068940
201.00          -0.069847
201.20          -0.071164
201.40          -0.073301
201.60          -0.077396
201.80          -0.087927
202.00          -0.14172
202.20          -2.8160
202.40          -0.091752
202.60          -0.070073
202.80          -0.066827
203.00          -0.066124
203.20          -0.066051
203.40          -0.066179
203.60          -0.066379
203.80          -0.066604
204.00          -0.066837
204.20          -0.067070
204.40          -0.067300
204.60          -0.067527
204.80          -0.067749
205.00          -0.067968
205.20          -0.068183
205.40          -0.068395
205.60          -0.068604
205.80          -0.068811
206.00          -0.069015
206.20          -0.069218
206.40          -0.069420
206.60          -0.069619
206.80          -0.069818
207.00          -0.070015
207.20          -0.070212
207.40          -0.070408
207.60          -0.070602
207.80          -0.070797
208.00          -0.070990
208.20          -0.071184
208.40          -0.071376
208.60          -0.071568
208.80          -0.071760
209.00          -0.071952
209.20          -0.072143
209.40          -0.072334
209.60          -0.072524
209.80          -0.072715
210.00          -0.072905
210.20          -0.073095
210.40          -0.073284
210.60          -0.073474
210.80          -0.073663
211.00          -0.073852
211.20          -0.074041
211.40          -0.074230
211.60          -0.074418
211.80          -0.074607
212.00          -0.074795
212.20          -0.074983
212.40          -0.075171
212.60          -0.075359
212.80          -0.075546
213.00          -0.075734
213.20          -0.075921
213.40          -0.076108
213.60          -0.076295
213.80          -0.076482
214.00          -0.076668
214.20          -0.076855
214.40          -0.077041
214.60          -0.077227
214.80          -0.077413
215.00          -0.077598
215.20          -0.077784
215.40          -0.077969
215.60          -0.078154
215.80          -0.078339
216.00          -0.078524
216.20          -0.078709
216.40          -0.078893
216.60          -0.079077
216.80          -0.079261
217.00          -0.079445
217.20          -0.079629
217.40          -0.079812
217.60          -0.079996
217.80          -0.080179
218.00          -0.080362
218.20          -0.080545
218.40          -0.080728
218.60          -0.080910
218.80          -0.081093
219.00          -0.081275
219.20          -0.081457
219.40          -0.081639
219.60          -0.081821
219.80          -0.082003
220.00          -0.082185
220.20          -0.082368
220.40          -0.082550
220.60          -0.082732
220.80          -0.082915
221.00          -0.083098
221.20          -0.083281
221.40          -0.083465
221.60          -0.083650
221.80          -0.083837
222.00          -0.084024
222.20          -0.084214
222.40          -0.084408
222.60          -0.084605
222.80          -0.084810
223.00          -0.085027
223.20          -0.085263
223.40          -0.085538
223.60          -0.085900
223.80          -0.086520
224.00          -0.088394
224.20          -0.12792
224.40          -0.091635
224.60          -0.087024
224.80          -0.086653
225.00          -0.086686
