175.00          -0.26588
175.20          -0.29527
175.40          -0.33132
175.60          -0.37609
175.80          -0.43240
176.00          -0.50412
176.20          -0.59649
176.40          -0.71636
176.60          -0.87177
176.80          -1.0695
177.00          -1.3079
177.20          -1.5610
177.40          -1.7621
177.60          -1.8216
177.80          -1.7019
178.00          -1.4612
178.20          -1.1921
178.40          -0.95269
178.60          -0.76102
178.80          -0.61417
179.00          -0.50316
179.20          -0.41910
179.40          -0.35487
179.60          -0.30522
179.80          -0.26634
180.00          -0.23551
180.20          -0.21075
180.40          -0.19065
180.60          -0.17417
180.80          -0.16051
181.00          -0.14910
181.20          -0.13950
181.40          -0.13135
181.60          -0.12439
181.80          -0.11842
182.00          -0.11326
182.20          -0.10879
182.40          -0.10489
182.60          -0.10147
182.80          -0.098470
183.00          -0.095826
183.20          -0.093487
183.40          -0.091414
183.60          -0.089571
183.80          -0.087930
184.00          -0.086465
184.20          -0.085155
184.40          -0.083982
184.60          -0.082931
184.80          -0.081988
185.00          -0.081141
185.20          -0.080380
185.40          -0.079696
185.60          -0.079082
185.80          -0.078530
186.00          -0.078034
186.20          -0.077589
186.40          -0.077191
186.60          -0.076835
186.80          -0.076517
187.00          -0.076234
187.20          -0.075982
187.40          -0.075760
187.60          -0.075565
187.80          -0.075394
188.00          -0.075246
188.20          -0.075119
188.40          -0.075010
188.60          -0.074920
188.80          -0.074846
189.00          -0.074787
189.20          -0.074742
189.40          -0.074710
189.60          -0.074690
189.80          -0.074681
190.00          -0.074683
190.20          -0.074694
190.40          -0.074715
190.60          -0.074743
190.80          -0.074780
191.00          -0.074824
191.20          -0.074875
191.40          -0.074933
191.60          -0.074996
191.80          -0.075065
192.00          -0.075140
192.20          -0.075219
192.40          -0.075303
192.60          -0.075392
192.80          -0.075484
193.00          -0.075581
193.20          -0.075681
193.40          -0.075784
193.60          -0.075891
193.80          -0.076001
194.00          -0.076114
194.20          -0.076229
194.40          -0.076348
194.60          -0.076468
194.80          -0.076591
195.00          -0.076716
195.20          -0.076844
195.40          -0.076973
195.60          -0.077105
195.80          -0.077238
196.00          -0.077373
196.20          -0.077510
196.40          -0.077649
196.60          -0.077790
196.80          -0.077932
197.00          -0.078076
197.20          -0.078222
197.40          -0.078370
197.60          -0.078520
197.80          -0.078671
198.00          -0.078826
198.20          -0.078982
198.40          -0.079141
198.60          -0.079303
198.80          -0.079469
199.00          -0.079639
199.20          -0.079814
199.40          -0.079995
199.60          -0.080184
199.80          -0.080382
200.00          -0.080593
200.20          -0.080822
200.40          -0.081074
200.60          -0.081361
200.80          -0.081702
201.00          -0.082130
201.20          -0.082716
201.40          -0.083617
201.60          -0.085293
201.80          -0.089600
202.00          -0.11337
202.20          -0.56081
202.40          -0.089715
202.60          -0.082869
202.80          -0.081834
203.00          -0.081663
203.20          -0.081713
203.40          -0.081836
203.60          -0.081985
203.80          -0.082143
204.00          -0.082305
204.20          -0.082466
204.40          -0.082625
204.60          -0.082783
204.80          -0.082939
205.00          -0.083093
205.20          -0.083245
205.40          -0.083396
205.60          -0.083544
205.80          -0.083692
206.00          -0.083837
206.20          -0.083982
206.40          -0.084125
206.60          -0.084267
206.80          -0.084408
207.00          -0.084547
207.20          -0.084686
207.40          -0.084823
207.60          -0.084960
207.80          -0.085095
208.00          -0.085230
208.20          -0.085363
208.40          -0.085496
208.60          -0.085628
208.80          -0.085759
209.00          -0.085889
209.20          -0.086018
209.40          -0.086146
209.60          -0.086274
209.80          -0.086400
210.00          -0.086526
210.20          -0.086651
210.40          -0.086775
210.60          -0.086898
210.80          -0.087020
211.00          -0.087142
211.20          -0.087263
211.40          -0.087382
211.60          -0.087501
211.80          -0.087619
212.00          -0.087737
212.20          -0.087853
212.40          -0.087968
212.60          -0.088083
212.80          -0.088197
213.00          -0.088310
213.20          -0.088422
213.40          -0.088533
213.60          -0.088644
213.80          -0.088753
214.00          -0.088862
214.20          -0.088970
214.40          -0.089076
214.60          -0.089182
214.80          -0.089288
215.00          -0.089392
215.20          -0.089495
215.40          -0.089598
215.60          -0.089699
215.80          -0.089800
216.00          -0.089900
216.20          -0.089999
216.40          -0.090097
216.60          -0.090194
216.80          -0.090290
217.00          -0.090385
217.20          -0.090479
217.40          -0.090573
217.60          -0.090665
217.80          -0.090757
218.00          -0.090848
218.20          -0.090938
218.40          -0.091026
218.60          -0.091114
218.80          -0.091201
219.00          -0.091287
219.20          -0.091373
219.40          -0.091457
219.60          -0.091540
219.80          -0.091623
220.00          -0.091704
220.20          -0.091785
220.40          -0.091865
220.60          -0.091943
220.80          -0.092021
221.00          -0.092098
221.20          -0.092175
221.40          -0.092250
221.60          -0.092325
221.80          -0.092399
222.00          -0.092473
222.20          -0.092546
222.40          -0.092620
222.60          -0.092694
222.80          -0.092769
223.00          -0.092846
223.20          -0.092929
223.40          -0.093023
223.60          -0.093145
223.80          -0.093353
224.00          -0.093996
224.20          -0.10988
224.40          -0.095009
224.60          -0.093547
224.80          -0.093415
225.00          -0.093415
