175.00          -0.031984
175.20          -0.032072
175.40          -0.032161
175.60          -0.032250
175.80          -0.032340
176.00          -0.032431
176.20          -0.032522
176.40          -0.032613
176.60          -0.032706
176.80          -0.032799
177.00          -0.032892
177.20          -0.032986
177.40          -0.033081
177.60          -0.033177
177.80          -0.033273
178.00          -0.033370
178.20          -0.033467
178.40          -0.033565
178.60          -0.033664
178.80          -0.033764
179.00          -0.033864
179.20          -0.033965
179.40          -0.034067
179.60          -0.034170
179.80          -0.034273
180.00          -0.034377
180.20          -0.034482
180.40          -0.034588
180.60          -0.034695
180.80          -0.034802
181.00          -0.034910
181.20          -0.035020
181.40          -0.035130
181.60          -0.035241
181.80          -0.035353
182.00          -0.035466
182.20          -0.035580
182.40          -0.035695
182.60          -0.035810
182.80          -0.035927
183.00          -0.036045
183.20          -0.036164
183.40          -0.036284
183.60          -0.036406
183.80          -0.036528
184.00          -0.036651
184.20          -0.036776
184.40          -0.036902
184.60          -0.037029
184.80          -0.037157
185.00          -0.037287
185.20          -0.037418
185.40          -0.037550
185.60          -0.037684
185.80          -0.037819
186.00          -0.037956
186.20          -0.038094
186.40          -0.038233
186.60          -0.038374
186.80          -0.038517
187.00          -0.038661
187.20          -0.038807
187.40          -0.038955
187.60          -0.039104
187.80          -0.039255
188.00          -0.039408
188.20          -0.039563
188.40          -0.039720
188.60          -0.039879
188.80          -0.040040
189.00          -0.040203
189.20          -0.040368
189.40          -0.040536
189.60          -0.040705
189.80          -0.040877
190.00          -0.041052
190.20          -0.041229
190.40          -0.041408
190.60          -0.041591
190.80          -0.041776
191.00          -0.041963
191.20          -0.042154
191.40          -0.042348
191.60          -0.042545
191.80          -0.042745
192.00          -0.042948
192.20          -0.043155
192.40          -0.043365
192.60          -0.043579
192.80          -0.043797
193.00          -0.044019
193.20          -0.044244
193.40          -0.044475
193.60          -0.044709
193.80          -0.044948
194.00          -0.045192
194.20          -0.045441
194.40          -0.045695
194.60          -0.045955
194.80          -0.046220
195.00          -0.046491
195.20          -0.046768
195.40          -0.047052
195.60          -0.047342
195.80          -0.047640
196.00          -0.047945
196.20          -0.048257
196.40          -0.048578
196.60          -0.048907
196.80          -0.049246
197.00          -0.049594
197.20          -0.049952
197.40          -0.050320
197.60          -0.050700
197.80          -0.051092
198.00          -0.051497
198.20          -0.051915
198.40          -0.052347
198.60          -0.052795
198.80          -0.053260
199.00          -0.053742
199.20          -0.054244
199.40          -0.054766
199.60          -0.055311
199.80          -0.055880
200.00          -0.056475
200.20          -0.057099
200.40          -0.057756
200.60          -0.058447
200.80          -0.059177
201.00          -0.059950
201.20          -0.060772
201.40          -0.061648
201.60          -0.062587
201.80          -0.063596
202.00          -0.064687
202.20          -0.065874
202.40          -0.067172
202.60          -0.068603
202.80          -0.070196
203.00          -0.071984
203.20          -0.074018
203.40          -0.076364
203.60          -0.079114
203.80          -0.082404
204.00          -0.086440
204.20          -0.091544
204.40          -0.098257
204.60          -0.10755
204.80          -0.12130
205.00          -0.14373
205.20          -0.18600
205.40          -0.28782
205.60          -0.69725
205.80          -10.202
206.00          -0.63556
206.20          -0.15194
206.40          -0.083891
206.60          -0.066644
206.80          -0.061755
207.00          -0.060966
207.20          -0.061805
207.40          -0.063376
207.60          -0.065317
207.80          -0.067468
208.00          -0.069763
208.20          -0.072176
208.40          -0.074701
208.60          -0.077344
208.80          -0.080120
209.00          -0.083046
209.20          -0.086144
209.40          -0.089440
209.60          -0.092963
209.80          -0.096746
210.00          -0.10083
210.20          -0.10525
210.40          -0.11007
210.60          -0.11534
210.80          -0.12114
211.00          -0.12754
211.20          -0.13465
211.40          -0.14259
211.60          -0.15149
211.80          -0.16152
212.00          -0.17291
212.20          -0.18589
212.40          -0.20080
212.60          -0.21801
212.80          -0.23802
213.00          -0.26142
213.20          -0.28896
213.40          -0.32155
213.60          -0.36030
213.80          -0.40650
214.00          -0.46156
214.20          -0.52681
214.40          -0.60302
214.60          -0.68952
214.80          -0.78268
215.00          -0.87411
215.20          -0.94977
215.40          -0.99240
215.60          -0.98866
215.80          -0.93717
216.00          -0.84988
216.20          -0.74523
216.40          -0.63948
216.60          -0.54270
216.80          -0.45913
217.00          -0.38931
217.20          -0.33196
217.40          -0.28520
217.60          -0.24712
217.80          -0.21603
218.00          -0.19054
218.20          -0.16952
218.40          -0.15209
218.60          -0.13753
218.80          -0.12531
219.00          -0.11498
219.20          -0.10621
219.40          -0.098710
219.60          -0.092275
219.80          -0.086726
220.00          -0.081920
220.20          -0.077741
220.40          -0.074096
220.60          -0.070904
220.80          -0.068102
221.00          -0.065637
221.20          -0.063461
221.40          -0.061539
221.60          -0.059837
221.80          -0.058328
222.00          -0.056990
222.20          -0.055802
222.40          -0.054748
222.60          -0.053813
222.80          -0.052985
223.00          -0.052252
223.20          -0.051605
223.40          -0.051037
223.60          -0.050541
223.80          -0.050111
224.00          -0.049741
224.20          -0.049429
224.40          -0.049172
224.60          -0.048966
224.80          -0.048810
225.00          -0.048706
