175.00          -0.043182
175.20          -0.043417
175.40          -0.043655
175.60          -0.043898
175.80          -0.044145
176.00          -0.044396
176.20          -0.044651
176.40          -0.044911
176.60          -0.045175
176.80          -0.045445
177.00          -0.045719
177.20          -0.045998
177.40          -0.046282
177.60          -0.046572
177.80          -0.046867
178.00          -0.047168
178.20          -0.047475
178.40          -0.047788
178.60          -0.048108
178.80          -0.048434
179.00          -0.048767
179.20          -0.049108
179.40          -0.049455
179.60          -0.049811
179.80          -0.050174
180.00          -0.050546
180.20          -0.050926
180.40          -0.051315
180.60          -0.051713
180.80          -0.052121
181.00          -0.052539
181.20          -0.052968
181.40          -0.053407
181.60          -0.053858
181.80          -0.054321
182.00          -0.054796
182.20          -0.055284
182.40          -0.055786
182.60          -0.056302
182.80          -0.056832
183.00          -0.057378
183.20          -0.057941
183.40          -0.058520
183.60          -0.059117
183.80          -0.059733
184.00          -0.060369
184.20          -0.061025
184.40          -0.061703
184.60          -0.062404
184.80          -0.063130
185.00          -0.063880
185.20          -0.064658
185.40          -0.065464
185.60          -0.066300
185.80          -0.067168
186.00          -0.068069
186.20          -0.069006
186.40          -0.069981
186.60          -0.070996
186.80          -0.072054
187.00          -0.073157
187.20          -0.074309
187.40          -0.075513
187.60          -0.076772
187.80          -0.078090
188.00          -0.079471
188.20          -0.080920
188.40          -0.082443
188.60          -0.084043
188.80          -0.085728
189.00          -0.087504
189.20          -0.089378
189.40          -0.091359
189.60          -0.093454
189.80          -0.095675
190.00          -0.098032
190.20          -0.10054
190.40          -0.10321
190.60          -0.10605
190.80          -0.10909
191.00          -0.11234
191.20          -0.11583
191.40          -0.11957
191.60          -0.12361
191.80          -0.12796
192.00          -0.13267
192.20          -0.13777
192.40          -0.14331
192.60          -0.14936
192.80          -0.15596
193.00          -0.16320
193.20          -0.17115
193.40          -0.17993
193.60          -0.18964
193.80          -0.20042
194.00          -0.21243
194.20          -0.22588
194.40          -0.24098
194.60          -0.25802
194.80          -0.27732
195.00          -0.29929
195.20          -0.32438
195.40          -0.35317
195.60          -0.38632
195.80          -0.42462
196.00          -0.46896
196.20          -0.52032
196.40          -0.57969
196.60          -0.64790
196.80          -0.72534
197.00          -0.81140
197.20          -0.90371
197.40          -0.99719
197.60          -1.0832
197.80          -1.1501
198.00          -1.1852
198.20          -1.1794
198.40          -1.1317
198.60          -1.0497
198.80          -0.94660
199.00          -0.83601
199.20          -0.72848
199.40          -0.63038
199.60          -0.54456
199.80          -0.47159
200.00          -0.41087
200.20          -0.36145
200.40          -0.32253
200.60          -0.29397
200.80          -0.27699
201.00          -0.27564
201.20          -0.30029
201.40          -0.37513
201.60          -0.53651
201.80          -0.70370
202.00          -0.61589
202.20          -0.42934
202.40          -0.30588
202.60          -0.23424
202.80          -0.19041
203.00          -0.16148
203.20          -0.14109
203.40          -0.12595
203.60          -0.11424
203.80          -0.10491
204.00          -0.097290
204.20          -0.090944
204.40          -0.085580
204.60          -0.080991
204.80          -0.077026
205.00          -0.073572
205.20          -0.070541
205.40          -0.067867
205.60          -0.065496
205.80          -0.063384
206.00          -0.061497
206.20          -0.059806
206.40          -0.058285
206.60          -0.056915
206.80          -0.055678
207.00          -0.054560
207.20          -0.053547
207.40          -0.052629
207.60          -0.051796
207.80          -0.051039
208.00          -0.050352
208.20          -0.049727
208.40          -0.049160
208.60          -0.048645
208.80          -0.048176
209.00          -0.047752
209.20          -0.047367
209.40          -0.047019
209.60          -0.046704
209.80          -0.046420
210.00          -0.046165
210.20          -0.045937
210.40          -0.045733
210.60          -0.045551
210.80          -0.045391
211.00          -0.045250
211.20          -0.045128
211.40          -0.045022
211.60          -0.044933
211.80          -0.044859
212.00          -0.044798
212.20          -0.044751
212.40          -0.044715
212.60          -0.044692
212.80          -0.044679
213.00          -0.044677
213.20          -0.044684
213.40          -0.044700
213.60          -0.044725
213.80          -0.044759
214.00          -0.044800
214.20          -0.044848
214.40          -0.044904
214.60          -0.044966
214.80          -0.045035
215.00          -0.045109
215.20          -0.045190
215.40          -0.045276
215.60          -0.045368
215.80          -0.045465
216.00          -0.045567
216.20          -0.045674
216.40          -0.045785
216.60          -0.045901
216.80          -0.046022
217.00          -0.046147
217.20          -0.046276
217.40          -0.046410
217.60          -0.046547
217.80          -0.046689
218.00          -0.046835
218.20          -0.046985
218.40          -0.047139
218.60          -0.047297
218.80          -0.047459
219.00          -0.047625
219.20          -0.047796
219.40          -0.047971
219.60          -0.048151
219.80          -0.048335
220.00          -0.048525
220.20          -0.048721
220.40          -0.048922
220.60          -0.049130
220.80          -0.049346
221.00          -0.049571
221.20          -0.049807
221.40          -0.050056
221.60          -0.050322
221.80          -0.050610
222.00          -0.050932
222.20          -0.051303
222.40          -0.051759
222.60          -0.052376
222.80          -0.053358
223.00          -0.055456
223.20          -0.063845
223.40          -0.77157
223.60          -0.059984
223.80          -0.053289
224.00          -0.052626
224.20          -0.052676
224.40          -0.052897
224.60          -0.053178
224.80          -0.053486
225.00          -0.053810
