175.00          -0.10325
175.20          -0.10567
175.40          -0.10824
175.60          -0.11096
175.80          -0.11384
176.00          -0.11691
176.20          -0.12017
176.40          -0.12366
176.60          -0.12738
176.80          -0.13136
177.00          -0.13562
177.20          -0.14020
177.40          -0.14513
177.60          -0.15044
177.80          -0.15617
178.00          -0.16238
178.20          -0.16911
178.40          -0.17642
178.60          -0.18438
178.80          -0.19306
179.00          -0.20256
179.20          -0.21298
179.40          -0.22442
179.60          -0.23701
179.80          -0.25090
180.00          -0.26626
180.20          -0.28326
180.40          -0.30211
180.60          -0.32303
180.80          -0.34624
181.00          -0.37199
181.20          -0.40049
181.40          -0.43193
181.60          -0.46643
181.80          -0.50395
182.00          -0.54426
182.20          -0.58679
182.40          -0.63054
182.60          -0.67397
182.80          -0.71493
183.00          -0.75072
183.20          -0.77834
183.40          -0.79493
183.60          -0.79834
183.80          -0.78767
184.00          -0.76354
184.20          -0.72800
184.40          -0.68402
184.60          -0.63491
184.80          -0.58373
185.00          -0.53295
185.20          -0.48437
185.40          -0.43910
185.60          -0.39770
185.80          -0.36035
186.00          -0.32697
186.20          -0.29734
186.40          -0.27112
186.60          -0.24798
186.80          -0.22758
187.00          -0.20958
187.20          -0.19370
187.40          -0.17967
187.60          -0.16724
187.80          -0.15622
188.00          -0.14643
188.20          -0.13772
188.40          -0.12994
188.60          -0.12298
188.80          -0.11674
189.00          -0.11115
189.20          -0.10611
189.40          -0.10157
189.60          -0.097468
189.80          -0.093758
190.00          -0.090397
190.20          -0.087346
190.40          -0.084573
190.60          -0.082050
190.80          -0.079751
191.00          -0.077653
191.20          -0.075738
191.40          -0.073987
191.60          -0.072385
191.80          -0.070919
192.00          -0.069576
192.20          -0.068345
192.40          -0.067217
192.60          -0.066183
192.80          -0.065234
193.00          -0.064365
193.20          -0.063568
193.40          -0.062838
193.60          -0.062169
193.80          -0.061558
194.00          -0.061000
194.20          -0.060491
194.40          -0.060028
194.60          -0.059607
194.80          -0.059227
195.00          -0.058884
195.20          -0.058576
195.40          -0.058302
195.60          -0.058059
195.80          -0.057846
196.00          -0.057662
196.20          -0.057506
196.40          -0.057377
196.60          -0.057274
196.80          -0.057197
197.00          -0.057146
197.20          -0.057121
197.40          -0.057122
197.60          -0.057152
197.80          -0.057212
198.00          -0.057303
198.20          -0.057431
198.40          -0.057599
198.60          -0.057816
198.80          -0.058090
199.00          -0.058436
199.20          -0.058875
199.40          -0.059440
199.60          -0.060181
199.80          -0.061186
200.00          -0.062607
200.20          -0.064748
200.40          -0.068285
200.60          -0.075034
200.80          -0.091616
201.00          -0.16327
201.20          -6.9759
201.40          -0.12693
201.60          -0.063630
201.80          -0.055363
202.00          -0.053451
202.20          -0.053012
202.40          -0.053026
202.60          -0.053198
202.80          -0.053428
203.00          -0.053675
203.20          -0.053924
203.40          -0.054168
203.60          -0.054406
203.80          -0.054636
204.00          -0.054861
204.20          -0.055079
204.40          -0.055291
204.60          -0.055500
204.80          -0.055704
205.00          -0.055905
205.20          -0.056104
205.40          -0.056300
205.60          -0.056494
205.80          -0.056687
206.00          -0.056878
206.20          -0.057068
206.40          -0.057258
206.60          -0.057447
206.80          -0.057635
207.00          -0.057824
207.20          -0.058012
207.40          -0.058199
207.60          -0.058387
207.80          -0.058575
208.00          -0.058763
208.20          -0.058952
208.40          -0.059140
208.60          -0.059329
208.80          -0.059518
209.00          -0.059708
209.20          -0.059898
209.40          -0.060088
209.60          -0.060279
209.80          -0.060470
210.00          -0.060662
210.20          -0.060854
210.40          -0.061047
210.60          -0.061240
210.80          -0.061434
211.00          -0.061628
211.20          -0.061823
211.40          -0.062019
211.60          -0.062215
211.80          -0.062411
212.00          -0.062608
212.20          -0.062806
212.40          -0.063004
212.60          -0.063203
212.80          -0.063403
213.00          -0.063603
213.20          -0.063803
213.40          -0.064005
213.60          -0.064206
213.80          -0.064409
214.00          -0.064612
214.20          -0.064816
214.40          -0.065020
214.60          -0.065225
214.80          -0.065431
215.00          -0.065637
215.20          -0.065844
215.40          -0.066052
215.60          -0.066260
215.80          -0.066469
216.00          -0.066679
216.20          -0.066889
216.40          -0.067100
216.60          -0.067312
216.80          -0.067525
217.00          -0.067739
217.20          -0.067953
217.40          -0.068168
217.60          -0.068384
217.80          -0.068601
218.00          -0.068819
218.20          -0.069038
218.40          -0.069257
218.60          -0.069478
218.80          -0.069700
219.00          -0.069923
219.20          -0.070147
219.40          -0.070372
219.60          -0.070599
219.80          -0.070827
220.00          -0.071056
220.20          -0.071287
220.40          -0.071520
220.60          -0.071754
220.80          -0.071991
221.00          -0.072230
221.20          -0.072472
221.40          -0.072716
221.60          -0.072965
221.80          -0.073219
222.00          -0.073480
222.20          -0.073751
222.40          -0.074040
222.60          -0.074363
222.80          -0.074767
223.00          -0.075449
223.20          -0.078213
223.40          -0.13436
223.60          -0.076663
223.80          -0.075961
224.00          -0.076046
224.20          -0.076262
224.40          -0.076518
224.60          -0.076793
224.80          -0.077079
225.00          -0.077375
