175.00          -0.032950
175.20          -0.033321
175.40          -0.033703
175.60          -0.034098
175.80          -0.034505
176.00          -0.034925
176.20          -0.035359
176.40          -0.035808
176.60          -0.036271
176.80          -0.036751
177.00          -0.037247
177.20          -0.037761
177.40          -0.038293
177.60          -0.038845
177.80          -0.039417
178.00          -0.040010
178.20          -0.040626
178.40          -0.041266
178.60          -0.041930
178.80          -0.042622
179.00          -0.043341
179.20          -0.044090
179.40          -0.044871
179.60          -0.045684
179.80          -0.046533
180.00          -0.047419
180.20          -0.048345
180.40          -0.049313
180.60          -0.050326
180.80          -0.051386
181.00          -0.052498
181.20          -0.053663
181.40          -0.054887
181.60          -0.056173
181.80          -0.057525
182.00          -0.058948
182.20          -0.060448
182.40          -0.062029
182.60          -0.063699
182.80          -0.065463
183.00          -0.067330
183.20          -0.069307
183.40          -0.071403
183.60          -0.073628
183.80          -0.075993
184.00          -0.078510
184.20          -0.081191
184.40          -0.084052
184.60          -0.087109
184.80          -0.090379
185.00          -0.093882
185.20          -0.097640
185.40          -0.10168
185.60          -0.10602
185.80          -0.11071
186.00          -0.11577
186.20          -0.12123
186.40          -0.12715
186.60          -0.13357
186.80          -0.14055
187.00          -0.14814
187.20          -0.15640
187.40          -0.16542
187.60          -0.17528
187.80          -0.18605
188.00          -0.19784
188.20          -0.21075
188.40          -0.22489
188.60          -0.24036
188.80          -0.25727
189.00          -0.27573
189.20          -0.29579
189.40          -0.31750
189.60          -0.34084
189.80          -0.36570
190.00          -0.39185
190.20          -0.41891
190.40          -0.44630
190.60          -0.47323
190.80          -0.49866
191.00          -0.52137
191.20          -0.54007
191.40          -0.55344
191.60          -0.56043
191.80          -0.56036
192.00          -0.55308
192.20          -0.53899
192.40          -0.51901
192.60          -0.49438
192.80          -0.46651
193.00          -0.43675
193.20          -0.40633
193.40          -0.37622
193.60          -0.34715
193.80          -0.31960
194.00          -0.29388
194.20          -0.27011
194.40          -0.24832
194.60          -0.22846
194.80          -0.21044
195.00          -0.19413
195.20          -0.17939
195.40          -0.16608
195.60          -0.15406
195.80          -0.14321
196.00          -0.13340
196.20          -0.12452
196.40          -0.11648
196.60          -0.10919
196.80          -0.10257
197.00          -0.096544
197.20          -0.091053
197.40          -0.086041
197.60          -0.081459
197.80          -0.077263
198.00          -0.073415
198.20          -0.069881
198.40          -0.066628
198.60          -0.063632
198.80          -0.060867
199.00          -0.058311
199.20          -0.055946
199.40          -0.053755
199.60          -0.051722
199.80          -0.049833
200.00          -0.048076
200.20          -0.046439
200.40          -0.044914
200.60          -0.043490
200.80          -0.042159
201.00          -0.040915
201.20          -0.039750
201.40          -0.038658
201.60          -0.037634
201.80          -0.036672
202.00          -0.035769
202.20          -0.034919
202.40          -0.034120
202.60          -0.033367
202.80          -0.032658
203.00          -0.031989
203.20          -0.031357
203.40          -0.030762
203.60          -0.030199
203.80          -0.029667
204.00          -0.029164
204.20          -0.028689
204.40          -0.028240
204.60          -0.027815
204.80          -0.027415
205.00          -0.027038
205.20          -0.026685
205.40          -0.026359
205.60          -0.026069
205.80          -0.025850
206.00          -0.025928
206.20          -0.047504
206.40          -0.025086
206.60          -0.024519
206.80          -0.024245
207.00          -0.024011
207.20          -0.023792
207.40          -0.023584
207.60          -0.023387
207.80          -0.023199
208.00          -0.023019
208.20          -0.022848
208.40          -0.022685
208.60          -0.022530
208.80          -0.022382
209.00          -0.022241
209.20          -0.022106
209.40          -0.021978
209.60          -0.021856
209.80          -0.021740
210.00          -0.021629
210.20          -0.021524
210.40          -0.021424
210.60          -0.021329
210.80          -0.021238
211.00          -0.021152
211.20          -0.021070
211.40          -0.020992
211.60          -0.020918
211.80          -0.020848
212.00          -0.020782
212.20          -0.020719
212.40          -0.020660
212.60          -0.020603
212.80          -0.020550
213.00          -0.020500
213.20          -0.020453
213.40          -0.020408
213.60          -0.020366
213.80          -0.020327
214.00          -0.020290
214.20          -0.020255
214.40          -0.020223
214.60          -0.020193
214.80          -0.020166
215.00          -0.020140
215.20          -0.020116
215.40          -0.020094
215.60          -0.020075
215.80          -0.020057
216.00          -0.020040
216.20          -0.020026
216.40          -0.020013
216.60          -0.020002
216.80          -0.019992
217.00          -0.019984
217.20          -0.019977
217.40          -0.019972
217.60          -0.019968
217.80          -0.019965
218.00          -0.019964
218.20          -0.019964
218.40          -0.019966
218.60          -0.019968
218.80          -0.019972
219.00          -0.019977
219.20          -0.019983
219.40          -0.019990
219.60          -0.019999
219.80          -0.020008
220.00          -0.020019
220.20          -0.020030
220.40          -0.020043
220.60          -0.020056
220.80          -0.020071
221.00          -0.020086
221.20          -0.020103
221.40          -0.020120
221.60          -0.020139
221.80          -0.020158
222.00          -0.020178
222.20          -0.020200
222.40          -0.020222
222.60          -0.020245
222.80          -0.020269
223.00          -0.020293
223.20          -0.020319
223.40          -0.020346
223.60          -0.020374
223.80          -0.020402
224.00          -0.020431
224.20          -0.020462
224.40          -0.020493
224.60          -0.020525
224.80          -0.020559
225.00          -0.020593
