175.00          -0.10840
175.20          -0.11188
175.40          -0.11555
175.60          -0.11943
175.80          -0.12352
176.00          -0.12784
176.20          -0.13240
176.40          -0.13721
176.60          -0.14231
176.80          -0.14769
177.00          -0.15338
177.20          -0.15939
177.40          -0.16575
177.60          -0.17247
177.80          -0.17957
178.00          -0.18706
178.20          -0.19496
178.40          -0.20329
178.60          -0.21204
178.80          -0.22123
179.00          -0.23086
179.20          -0.24092
179.40          -0.25139
179.60          -0.26224
179.80          -0.27342
180.00          -0.28489
180.20          -0.29657
180.40          -0.30835
180.60          -0.32012
180.80          -0.33173
181.00          -0.34301
181.20          -0.35378
181.40          -0.36383
181.60          -0.37295
181.80          -0.38090
182.00          -0.38749
182.20          -0.39250
182.40          -0.39578
182.60          -0.39720
182.80          -0.39668
183.00          -0.39423
183.20          -0.38987
183.40          -0.38370
183.60          -0.37589
183.80          -0.36663
184.00          -0.35612
184.20          -0.34460
184.40          -0.33232
184.60          -0.31950
184.80          -0.30635
185.00          -0.29307
185.20          -0.27982
185.40          -0.26674
185.60          -0.25396
185.80          -0.24155
186.00          -0.22958
186.20          -0.21810
186.40          -0.20714
186.60          -0.19672
186.80          -0.18684
187.00          -0.17750
187.20          -0.16868
187.40          -0.16038
187.60          -0.15257
187.80          -0.14524
188.00          -0.13835
188.20          -0.13188
188.40          -0.12582
188.60          -0.12013
188.80          -0.11480
189.00          -0.10980
189.20          -0.10510
189.40          -0.10070
189.60          -0.096568
189.80          -0.092688
190.00          -0.089044
190.20          -0.085619
190.40          -0.082398
190.60          -0.079369
190.80          -0.076517
191.00          -0.073831
191.20          -0.071300
191.40          -0.068913
191.60          -0.066661
191.80          -0.064535
192.00          -0.062527
192.20          -0.060629
192.40          -0.058834
192.60          -0.057136
192.80          -0.055527
193.00          -0.054004
193.20          -0.052560
193.40          -0.051190
193.60          -0.049890
193.80          -0.048656
194.00          -0.047484
194.20          -0.046369
194.40          -0.045310
194.60          -0.044302
194.80          -0.043343
195.00          -0.042429
195.20          -0.041559
195.40          -0.040729
195.60          -0.039938
195.80          -0.039184
196.00          -0.038464
196.20          -0.037777
196.40          -0.037120
196.60          -0.036493
196.80          -0.035894
197.00          -0.035321
197.20          -0.034773
197.40          -0.034249
197.60          -0.033747
197.80          -0.033267
198.00          -0.032807
198.20          -0.032367
198.40          -0.031945
198.60          -0.031541
198.80          -0.031153
199.00          -0.030782
199.20          -0.030426
199.40          -0.030084
199.60          -0.029756
199.80          -0.029442
200.00          -0.029140
200.20          -0.028851
200.40          -0.028573
200.60          -0.028306
200.80          -0.028050
201.00          -0.027804
201.20          -0.027568
201.40          -0.027341
201.60          -0.027123
201.80          -0.026914
202.00          -0.026713
202.20          -0.026520
202.40          -0.026335
202.60          -0.026157
202.80          -0.025986
203.00          -0.025822
203.20          -0.025665
203.40          -0.025514
203.60          -0.025369
203.80          -0.025230
204.00          -0.025097
204.20          -0.024970
204.40          -0.024848
204.60          -0.024732
204.80          -0.024622
205.00          -0.024518
205.20          -0.024422
205.40          -0.024335
205.60          -0.024265
205.80          -0.024233
206.00          -0.024388
206.20          -0.038418
206.40          -0.024024
206.60          -0.023750
206.80          -0.023658
207.00          -0.023586
207.20          -0.023519
207.40          -0.023456
207.60          -0.023395
207.80          -0.023338
208.00          -0.023283
208.20          -0.023230
208.40          -0.023180
208.60          -0.023132
208.80          -0.023087
209.00          -0.023044
209.20          -0.023003
209.40          -0.022965
209.60          -0.022928
209.80          -0.022894
210.00          -0.022862
210.20          -0.022831
210.40          -0.022803
210.60          -0.022776
210.80          -0.022752
211.00          -0.022729
211.20          -0.022708
211.40          -0.022688
211.60          -0.022670
211.80          -0.022654
212.00          -0.022639
212.20          -0.022626
212.40          -0.022614
212.60          -0.022604
212.80          -0.022595
213.00          -0.022587
213.20          -0.022581
213.40          -0.022576
213.60          -0.022573
213.80          -0.022570
214.00          -0.022569
214.20          -0.022569
214.40          -0.022571
214.60          -0.022573
214.80          -0.022577
215.00          -0.022581
215.20          -0.022587
215.40          -0.022594
215.60          -0.022602
215.80          -0.022610
216.00          -0.022620
216.20          -0.022631
216.40          -0.022643
216.60          -0.022656
216.80          -0.022669
217.00          -0.022684
217.20          -0.022699
217.40          -0.022716
217.60          -0.022733
217.80          -0.022751
218.00          -0.022770
218.20          -0.022790
218.40          -0.022811
218.60          -0.022832
218.80          -0.022854
219.00          -0.022878
219.20          -0.022901
219.40          -0.022926
219.60          -0.022952
219.80          -0.022978
220.00          -0.023005
220.20          -0.023033
220.40          -0.023061
220.60          -0.023091
220.80          -0.023121
221.00          -0.023152
221.20          -0.023183
221.40          -0.023216
221.60          -0.023249
221.80          -0.023283
222.00          -0.023317
222.20          -0.023353
222.40          -0.023389
222.60          -0.023426
222.80          -0.023464
223.00          -0.023503
223.20          -0.023542
223.40          -0.023583
223.60          -0.023624
223.80          -0.023666
224.00          -0.023709
224.20          -0.023752
224.40          -0.023797
224.60          -0.023843
224.80          -0.023889
225.00          -0.023937
