175.00          -0.18633
175.20          -0.19340
175.40          -0.20078
175.60          -0.20849
175.80          -0.21650
176.00          -0.22483
176.20          -0.23345
176.40          -0.24235
176.60          -0.25149
176.80          -0.26085
177.00          -0.27036
177.20          -0.27998
177.40          -0.28963
177.60          -0.29923
177.80          -0.30867
178.00          -0.31785
178.20          -0.32663
178.40          -0.33489
178.60          -0.34248
178.80          -0.34926
179.00          -0.35510
179.20          -0.35984
179.40          -0.36339
179.60          -0.36563
179.80          -0.36650
180.00          -0.36596
180.20          -0.36400
180.40          -0.36066
180.60          -0.35598
180.80          -0.35005
181.00          -0.34301
181.20          -0.33497
181.40          -0.32609
181.60          -0.31652
181.80          -0.30641
182.00          -0.29592
182.20          -0.28517
182.40          -0.27431
182.60          -0.26343
182.80          -0.25265
183.00          -0.24203
183.20          -0.23165
183.40          -0.22156
183.60          -0.21180
183.80          -0.20239
184.00          -0.19337
184.20          -0.18474
184.40          -0.17650
184.60          -0.16866
184.80          -0.16120
185.00          -0.15413
185.20          -0.14743
185.40          -0.14108
185.60          -0.13508
185.80          -0.12941
186.00          -0.12405
186.20          -0.11898
186.40          -0.11420
186.60          -0.10969
186.80          -0.10542
187.00          -0.10140
187.20          -0.097592
187.40          -0.093999
187.60          -0.090603
187.80          -0.087394
188.00          -0.084360
188.20          -0.081489
188.40          -0.078774
188.60          -0.076203
188.80          -0.073768
189.00          -0.071462
189.20          -0.069276
189.40          -0.067203
189.60          -0.065236
189.80          -0.063369
190.00          -0.061597
190.20          -0.059913
190.40          -0.058312
190.60          -0.056790
190.80          -0.055343
191.00          -0.053965
191.20          -0.052653
191.40          -0.051403
191.60          -0.050212
191.80          -0.049077
192.00          -0.047994
192.20          -0.046961
192.40          -0.045974
192.60          -0.045032
192.80          -0.044133
193.00          -0.043273
193.20          -0.042451
193.40          -0.041665
193.60          -0.040912
193.80          -0.040193
194.00          -0.039504
194.20          -0.038844
194.40          -0.038212
194.60          -0.037606
194.80          -0.037026
195.00          -0.036469
195.20          -0.035935
195.40          -0.035423
195.60          -0.034932
195.80          -0.034461
196.00          -0.034008
196.20          -0.033573
196.40          -0.033156
196.60          -0.032755
196.80          -0.032370
197.00          -0.032000
197.20          -0.031644
197.40          -0.031302
197.60          -0.030973
197.80          -0.030657
198.00          -0.030353
198.20          -0.030060
198.40          -0.029779
198.60          -0.029508
198.80          -0.029248
199.00          -0.028997
199.20          -0.028756
199.40          -0.028524
199.60          -0.028301
199.80          -0.028086
200.00          -0.027879
200.20          -0.027680
200.40          -0.027488
200.60          -0.027304
200.80          -0.027126
201.00          -0.026955
201.20          -0.026791
201.40          -0.026633
201.60          -0.026480
201.80          -0.026334
202.00          -0.026193
202.20          -0.026058
202.40          -0.025928
202.60          -0.025802
202.80          -0.025682
203.00          -0.025567
203.20          -0.025456
203.40          -0.025349
203.60          -0.025247
203.80          -0.025150
204.00          -0.025056
204.20          -0.024966
204.40          -0.024881
204.60          -0.024800
204.80          -0.024723
205.00          -0.024652
205.20          -0.024586
205.40          -0.024528
205.60          -0.024484
205.80          -0.024476
206.00          -0.024638
206.20          -0.037547
206.40          -0.024339
206.60          -0.024106
206.80          -0.024039
207.00          -0.023989
207.20          -0.023944
207.40          -0.023902
207.60          -0.023861
207.80          -0.023823
208.00          -0.023787
208.20          -0.023753
208.40          -0.023720
208.60          -0.023690
208.80          -0.023661
209.00          -0.023634
209.20          -0.023609
209.40          -0.023585
209.60          -0.023564
209.80          -0.023543
210.00          -0.023525
210.20          -0.023508
210.40          -0.023492
210.60          -0.023478
210.80          -0.023466
211.00          -0.023455
211.20          -0.023445
211.40          -0.023437
211.60          -0.023430
211.80          -0.023424
212.00          -0.023420
212.20          -0.023417
212.40          -0.023415
212.60          -0.023414
212.80          -0.023414
213.00          -0.023416
213.20          -0.023419
213.40          -0.023422
213.60          -0.023427
213.80          -0.023433
214.00          -0.023440
214.20          -0.023448
214.40          -0.023457
214.60          -0.023467
214.80          -0.023478
215.00          -0.023490
215.20          -0.023503
215.40          -0.023516
215.60          -0.023531
215.80          -0.023546
216.00          -0.023562
216.20          -0.023580
216.40          -0.023598
216.60          -0.023616
216.80          -0.023636
217.00          -0.023656
217.20          -0.023678
217.40          -0.023699
217.60          -0.023722
217.80          -0.023746
218.00          -0.023770
218.20          -0.023795
218.40          -0.023821
218.60          -0.023847
218.80          -0.023874
219.00          -0.023902
219.20          -0.023931
219.40          -0.023960
219.60          -0.023990
219.80          -0.024021
220.00          -0.024052
220.20          -0.024084
220.40          -0.024117
220.60          -0.024150
220.80          -0.024185
221.00          -0.024219
221.20          -0.024255
221.40          -0.024291
221.60          -0.024328
221.80          -0.024366
222.00          -0.024404
222.20          -0.024443
222.40          -0.024483
222.60          -0.024523
222.80          -0.024564
223.00          -0.024606
223.20          -0.024649
223.40          -0.024693
223.60          -0.024737
223.80          -0.024782
224.00          -0.024828
224.20          -0.024874
224.40          -0.024922
224.60          -0.024970
224.80          -0.025020
225.00          -0.025070
