175.00          -0.057853
175.20          -0.056927
175.40          -0.056031
175.60          -0.055164
175.80          -0.054325
176.00          -0.053514
176.20          -0.052728
176.40          -0.051967
176.60          -0.051231
176.80          -0.050518
177.00          -0.049828
177.20          -0.049160
177.40          -0.048512
177.60          -0.047885
177.80          -0.047278
178.00          -0.046689
178.20          -0.046119
178.40          -0.045567
178.60          -0.045032
178.80          -0.044513
179.00          -0.044010
179.20          -0.043523
179.40          -0.043050
179.60          -0.042592
179.80          -0.042148
180.00          -0.041718
180.20          -0.041301
180.40          -0.040896
180.60          -0.040504
180.80          -0.040123
181.00          -0.039754
181.20          -0.039397
181.40          -0.039050
181.60          -0.038713
181.80          -0.038387
182.00          -0.038071
182.20          -0.037764
182.40          -0.037466
182.60          -0.037178
182.80          -0.036898
183.00          -0.036626
183.20          -0.036363
183.40          -0.036108
183.60          -0.035861
183.80          -0.035621
184.00          -0.035389
184.20          -0.035163
184.40          -0.034945
184.60          -0.034733
184.80          -0.034528
185.00          -0.034329
185.20          -0.034136
185.40          -0.033950
185.60          -0.033769
185.80          -0.033594
186.00          -0.033425
186.20          -0.033261
186.40          -0.033102
186.60          -0.032948
186.80          -0.032800
187.00          -0.032656
187.20          -0.032517
187.40          -0.032383
187.60          -0.032253
187.80          -0.032128
188.00          -0.032006
188.20          -0.031890
188.40          -0.031777
188.60          -0.031668
188.80          -0.031563
189.00          -0.031462
189.20          -0.031364
189.40          -0.031271
189.60          -0.031180
189.80          -0.031094
190.00          -0.031010
190.20          -0.030930
190.40          -0.030853
190.60          -0.030780
190.80          -0.030709
191.00          -0.030642
191.20          -0.030577
191.40          -0.030515
191.60          -0.030456
191.80          -0.030400
192.00          -0.030347
192.20          -0.030296
192.40          -0.030248
192.60          -0.030203
192.80          -0.030160
193.00          -0.030119
193.20          -0.030081
193.40          -0.030045
193.60          -0.030011
193.80          -0.029980
194.00          -0.029951
194.20          -0.029924
194.40          -0.029899
194.60          -0.029876
194.80          -0.029855
195.00          -0.029837
195.20          -0.029820
195.40          -0.029805
195.60          -0.029792
195.80          -0.029781
196.00          -0.029772
196.20          -0.029765
196.40          -0.029759
196.60          -0.029755
196.80          -0.029753
197.00          -0.029752
197.20          -0.029753
197.40          -0.029756
197.60          -0.029760
197.80          -0.029766
198.00          -0.029773
198.20          -0.029782
198.40          -0.029792
198.60          -0.029804
198.80          -0.029817
199.00          -0.029831
199.20          -0.029847
199.40          -0.029864
199.60          -0.029883
199.80          -0.029903
200.00          -0.029924
200.20          -0.029946
200.40          -0.029970
200.60          -0.029995
200.80          -0.030021
201.00          -0.030048
201.20          -0.030077
201.40          -0.030106
201.60          -0.030137
201.80          -0.030169
202.00          -0.030202
202.20          -0.030236
202.40          -0.030271
202.60          -0.030307
202.80          -0.030344
203.00          -0.030382
203.20          -0.030422
203.40          -0.030462
203.60          -0.030503
203.80          -0.030546
204.00          -0.030589
204.20          -0.030634
204.40          -0.030679
204.60          -0.030726
204.80          -0.030775
205.00          -0.030825
205.20          -0.030878
205.40          -0.030935
205.60          -0.031000
205.80          -0.031087
206.00          -0.031287
206.20          -0.040027
206.40          -0.031268
206.60          -0.031201
206.80          -0.031244
207.00          -0.031297
207.20          -0.031353
207.40          -0.031409
207.60          -0.031466
207.80          -0.031523
208.00          -0.031581
208.20          -0.031640
208.40          -0.031698
208.60          -0.031758
208.80          -0.031817
209.00          -0.031877
209.20          -0.031938
209.40          -0.031999
209.60          -0.032060
209.80          -0.032122
210.00          -0.032184
210.20          -0.032247
210.40          -0.032310
210.60          -0.032373
210.80          -0.032437
211.00          -0.032501
211.20          -0.032565
211.40          -0.032629
211.60          -0.032694
211.80          -0.032759
212.00          -0.032825
212.20          -0.032890
212.40          -0.032956
212.60          -0.033022
212.80          -0.033088
213.00          -0.033154
213.20          -0.033220
213.40          -0.033287
213.60          -0.033353
213.80          -0.033420
214.00          -0.033487
214.20          -0.033553
214.40          -0.033620
214.60          -0.033687
214.80          -0.033753
215.00          -0.033820
215.20          -0.033886
215.40          -0.033953
215.60          -0.034019
215.80          -0.034085
216.00          -0.034151
216.20          -0.034217
216.40          -0.034282
216.60          -0.034347
216.80          -0.034412
217.00          -0.034477
217.20          -0.034541
217.40          -0.034605
217.60          -0.034668
217.80          -0.034731
218.00          -0.034794
218.20          -0.034856
218.40          -0.034917
218.60          -0.034978
218.80          -0.035038
219.00          -0.035098
219.20          -0.035157
219.40          -0.035215
219.60          -0.035273
219.80          -0.035329
220.00          -0.035385
220.20          -0.035440
220.40          -0.035494
220.60          -0.035548
220.80          -0.035600
221.00          -0.035651
221.20          -0.035701
221.40          -0.035750
221.60          -0.035797
221.80          -0.035844
222.00          -0.035889
222.20          -0.035932
222.40          -0.035975
222.60          -0.036015
222.80          -0.036055
223.00          -0.036092
223.20          -0.036128
223.40          -0.036162
223.60          -0.036194
223.80          -0.036225
224.00          -0.036253
224.20          -0.036280
224.40          -0.036304
224.60          -0.036326
224.80          -0.036345
225.00          -0.036363
