175.00          -0.025585
175.20          -0.025627
175.40          -0.025669
175.60          -0.025712
175.80          -0.025754
176.00          -0.025796
176.20          -0.025839
176.40          -0.025881
176.60          -0.025924
176.80          -0.025967
177.00          -0.026010
177.20          -0.026053
177.40          -0.026096
177.60          -0.026139
177.80          -0.026182
178.00          -0.026225
178.20          -0.026268
178.40          -0.026312
178.60          -0.026355
178.80          -0.026399
179.00          -0.026443
179.20          -0.026486
179.40          -0.026530
179.60          -0.026574
179.80          -0.026618
180.00          -0.026662
180.20          -0.026707
180.40          -0.026751
180.60          -0.026795
180.80          -0.026840
181.00          -0.026884
181.20          -0.026929
181.40          -0.026974
181.60          -0.027019
181.80          -0.027063
182.00          -0.027108
182.20          -0.027154
182.40          -0.027199
182.60          -0.027244
182.80          -0.027289
183.00          -0.027335
183.20          -0.027381
183.40          -0.027426
183.60          -0.027472
183.80          -0.027518
184.00          -0.027564
184.20          -0.027610
184.40          -0.027656
184.60          -0.027702
184.80          -0.027749
185.00          -0.027795
185.20          -0.027842
185.40          -0.027888
185.60          -0.027935
185.80          -0.027982
186.00          -0.028029
186.20          -0.028076
186.40          -0.028123
186.60          -0.028170
186.80          -0.028218
187.00          -0.028265
187.20          -0.028313
187.40          -0.028361
187.60          -0.028409
187.80          -0.028456
188.00          -0.028504
188.20          -0.028553
188.40          -0.028601
188.60          -0.028649
188.80          -0.028698
189.00          -0.028746
189.20          -0.028795
189.40          -0.028844
189.60          -0.028893
189.80          -0.028942
190.00          -0.028991
190.20          -0.029041
190.40          -0.029090
190.60          -0.029140
190.80          -0.029189
191.00          -0.029239
191.20          -0.029289
191.40          -0.029339
191.60          -0.029390
191.80          -0.029440
192.00          -0.029490
192.20          -0.029541
192.40          -0.029592
192.60          -0.029643
192.80          -0.029694
193.00          -0.029745
193.20          -0.029797
193.40          -0.029848
193.60          -0.029900
193.80          -0.029952
194.00          -0.030004
194.20          -0.030056
194.40          -0.030109
194.60          -0.030161
194.80          -0.030214
195.00          -0.030267
195.20          -0.030320
195.40          -0.030373
195.60          -0.030427
195.80          -0.030481
196.00          -0.030535
196.20          -0.030589
196.40          -0.030643
196.60          -0.030698
196.80          -0.030753
197.00          -0.030808
197.20          -0.030863
197.40          -0.030919
197.60          -0.030975
197.80          -0.031031
198.00          -0.031087
198.20          -0.031144
198.40          -0.031201
198.60          -0.031259
198.80          -0.031317
199.00          -0.031375
199.20          -0.031434
199.40          -0.031493
199.60          -0.031552
199.80          -0.031612
200.00          -0.031673
200.20          -0.031734
200.40          -0.031796
200.60          -0.031859
200.80          -0.031922
201.00          -0.031986
201.20          -0.032051
201.40          -0.032118
201.60          -0.032185
201.80          -0.032254
202.00          -0.032324
202.20          -0.032396
202.40          -0.032470
202.60          -0.032546
202.80          -0.032625
203.00          -0.032708
203.20          -0.032795
203.40          -0.032887
203.60          -0.032986
203.80          -0.033094
204.00          -0.033215
204.20          -0.033352
204.40          -0.033514
204.60          -0.033713
204.80          -0.033974
205.00          -0.034344
205.20          -0.034934
205.40          -0.036059
205.60          -0.038981
205.80          -0.054511
206.00          -0.40194
206.20          -0.040194
206.40          -0.034526
206.60          -0.033616
206.80          -0.033410
207.00          -0.033388
207.20          -0.033428
207.40          -0.033493
207.60          -0.033569
207.80          -0.033649
208.00          -0.033732
208.20          -0.033815
208.40          -0.033898
208.60          -0.033982
208.80          -0.034066
209.00          -0.034149
209.20          -0.034233
209.40          -0.034318
209.60          -0.034403
209.80          -0.034488
210.00          -0.034574
210.20          -0.034661
210.40          -0.034748
210.60          -0.034837
210.80          -0.034927
211.00          -0.035019
211.20          -0.035111
211.40          -0.035206
211.60          -0.035302
211.80          -0.035400
212.00          -0.035501
212.20          -0.035604
212.40          -0.035709
212.60          -0.035817
212.80          -0.035929
213.00          -0.036044
213.20          -0.036163
213.40          -0.036286
213.60          -0.036413
213.80          -0.036546
214.00          -0.036685
214.20          -0.036830
214.40          -0.036983
214.60          -0.037143
214.80          -0.037312
215.00          -0.037492
215.20          -0.037684
215.40          -0.037889
215.60          -0.038109
215.80          -0.038346
216.00          -0.038605
216.20          -0.038887
216.40          -0.039196
216.60          -0.039539
216.80          -0.039922
217.00          -0.040352
217.20          -0.040840
217.40          -0.041399
217.60          -0.042047
217.80          -0.042807
218.00          -0.043710
218.20          -0.044801
218.40          -0.046142
218.60          -0.047824
218.80          -0.049986
219.00          -0.052845
219.20          -0.056758
219.40          -0.062351
219.60          -0.070802
219.80          -0.084546
220.00          -0.10935
220.20          -0.16177
220.40          -0.30690
220.60          -1.0210
220.80          -20.915
221.00          -0.88049
221.20          -0.26095
221.40          -0.13493
221.60          -0.090421
221.80          -0.069993
222.00          -0.059068
222.20          -0.052611
222.40          -0.048516
222.60          -0.045782
222.80          -0.043883
223.00          -0.042525
223.20          -0.041531
223.40          -0.040789
223.60          -0.040228
223.80          -0.039801
224.00          -0.039473
224.20          -0.039220
224.40          -0.039027
224.60          -0.038879
224.80          -0.038769
225.00          -0.038689
