175.00          -0.20858
175.20          -0.21486
175.40          -0.22140
175.60          -0.22818
175.80          -0.23521
176.00          -0.24248
176.20          -0.24997
176.40          -0.25768
176.60          -0.26556
176.80          -0.27361
177.00          -0.28176
177.20          -0.28999
177.40          -0.29822
177.60          -0.30639
177.80          -0.31443
178.00          -0.32225
178.20          -0.32973
178.40          -0.33679
178.60          -0.34330
178.80          -0.34914
179.00          -0.35421
179.20          -0.35837
179.40          -0.36153
179.60          -0.36359
179.80          -0.36449
180.00          -0.36416
180.20          -0.36260
180.40          -0.35979
180.60          -0.35577
180.80          -0.35060
181.00          -0.34437
181.20          -0.33718
181.40          -0.32915
181.60          -0.32041
181.80          -0.31110
182.00          -0.30136
182.20          -0.29131
182.40          -0.28108
182.60          -0.27077
182.80          -0.26050
183.00          -0.25034
183.20          -0.24038
183.40          -0.23066
183.60          -0.22123
183.80          -0.21213
184.00          -0.20339
184.20          -0.19502
184.40          -0.18703
184.60          -0.17943
184.80          -0.17221
185.00          -0.16536
185.20          -0.15889
185.40          -0.15277
185.60          -0.14699
185.80          -0.14154
186.00          -0.13641
186.20          -0.13158
186.40          -0.12703
186.60          -0.12274
186.80          -0.11872
187.00          -0.11493
187.20          -0.11137
187.40          -0.10802
187.60          -0.10487
187.80          -0.10190
188.00          -0.099113
188.20          -0.096489
188.40          -0.094020
188.60          -0.091696
188.80          -0.089508
189.00          -0.087447
189.20          -0.085507
189.40          -0.083678
189.60          -0.081955
189.80          -0.080331
190.00          -0.078799
190.20          -0.077355
190.40          -0.075993
190.60          -0.074707
190.80          -0.073494
191.00          -0.072349
191.20          -0.071269
191.40          -0.070248
191.60          -0.069285
191.80          -0.068375
192.00          -0.067516
192.20          -0.066704
192.40          -0.065938
192.60          -0.065214
192.80          -0.064530
193.00          -0.063884
193.20          -0.063274
193.40          -0.062698
193.60          -0.062154
193.80          -0.061641
194.00          -0.061157
194.20          -0.060700
194.40          -0.060269
194.60          -0.059863
194.80          -0.059480
195.00          -0.059120
195.20          -0.058781
195.40          -0.058463
195.60          -0.058163
195.80          -0.057882
196.00          -0.057619
196.20          -0.057372
196.40          -0.057141
196.60          -0.056926
196.80          -0.056725
197.00          -0.056538
197.20          -0.056365
197.40          -0.056204
197.60          -0.056056
197.80          -0.055920
198.00          -0.055796
198.20          -0.055682
198.40          -0.055579
198.60          -0.055487
198.80          -0.055405
199.00          -0.055332
199.20          -0.055269
199.40          -0.055216
199.60          -0.055172
199.80          -0.055136
200.00          -0.055110
200.20          -0.055093
200.40          -0.055084
200.60          -0.055085
200.80          -0.055095
201.00          -0.055114
201.20          -0.055142
201.40          -0.055181
201.60          -0.055230
201.80          -0.055290
202.00          -0.055362
202.20          -0.055447
202.40          -0.055547
202.60          -0.055662
202.80          -0.055796
203.00          -0.055951
203.20          -0.056131
203.40          -0.056342
203.60          -0.056589
203.80          -0.056884
204.00          -0.057239
204.20          -0.057674
204.40          -0.058220
204.60          -0.058924
204.80          -0.059867
205.00          -0.061193
205.20          -0.063183
205.40          -0.066463
205.60          -0.072712
205.80          -0.087969
206.00          -0.15204
206.20          -3.9373
206.40          -0.14012
206.60          -0.065764
206.80          -0.056078
207.00          -0.053658
207.20          -0.052946
207.40          -0.052781
207.60          -0.052820
207.80          -0.052941
208.00          -0.053095
208.20          -0.053260
208.40          -0.053427
208.60          -0.053592
208.80          -0.053753
209.00          -0.053908
209.20          -0.054059
209.40          -0.054205
209.60          -0.054347
209.80          -0.054486
210.00          -0.054620
210.20          -0.054752
210.40          -0.054881
210.60          -0.055008
210.80          -0.055132
211.00          -0.055254
211.20          -0.055375
211.40          -0.055495
211.60          -0.055613
211.80          -0.055729
212.00          -0.055845
212.20          -0.055960
212.40          -0.056074
212.60          -0.056187
212.80          -0.056300
213.00          -0.056411
213.20          -0.056523
213.40          -0.056633
213.60          -0.056744
213.80          -0.056854
214.00          -0.056963
214.20          -0.057072
214.40          -0.057181
214.60          -0.057289
214.80          -0.057397
215.00          -0.057505
215.20          -0.057613
215.40          -0.057720
215.60          -0.057827
215.80          -0.057934
216.00          -0.058041
216.20          -0.058147
216.40          -0.058253
216.60          -0.058360
216.80          -0.058465
217.00          -0.058571
217.20          -0.058676
217.40          -0.058782
217.60          -0.058887
217.80          -0.058992
218.00          -0.059097
218.20          -0.059201
218.40          -0.059305
218.60          -0.059410
218.80          -0.059514
219.00          -0.059617
219.20          -0.059721
219.40          -0.059825
219.60          -0.059928
219.80          -0.060031
220.00          -0.060134
220.20          -0.060236
220.40          -0.060339
220.60          -0.060441
220.80          -0.060544
221.00          -0.060645
221.20          -0.060747
221.40          -0.060849
221.60          -0.060950
221.80          -0.061052
222.00          -0.061153
222.20          -0.061254
222.40          -0.061354
222.60          -0.061455
222.80          -0.061556
223.00          -0.061656
223.20          -0.061756
223.40          -0.061856
223.60          -0.061957
223.80          -0.062057
224.00          -0.062157
224.20          -0.062257
224.40          -0.062357
224.60          -0.062458
224.80          -0.062559
225.00          -0.062660
