175.00          -0.068114
175.20          -0.067463
175.40          -0.066838
175.60          -0.066237
175.80          -0.065660
176.00          -0.065106
176.20          -0.064574
176.40          -0.064065
176.60          -0.063576
176.80          -0.063107
177.00          -0.062658
177.20          -0.062227
177.40          -0.061815
177.60          -0.061420
177.80          -0.061043
178.00          -0.060682
178.20          -0.060336
178.40          -0.060007
178.60          -0.059692
178.80          -0.059391
179.00          -0.059105
179.20          -0.058832
179.40          -0.058572
179.60          -0.058324
179.80          -0.058089
180.00          -0.057866
180.20          -0.057654
180.40          -0.057453
180.60          -0.057262
180.80          -0.057083
181.00          -0.056913
181.20          -0.056753
181.40          -0.056602
181.60          -0.056461
181.80          -0.056328
182.00          -0.056204
182.20          -0.056088
182.40          -0.055981
182.60          -0.055881
182.80          -0.055788
183.00          -0.055703
183.20          -0.055625
183.40          -0.055554
183.60          -0.055490
183.80          -0.055432
184.00          -0.055380
184.20          -0.055335
184.40          -0.055295
184.60          -0.055261
184.80          -0.055233
185.00          -0.055209
185.20          -0.055192
185.40          -0.055179
185.60          -0.055171
185.80          -0.055168
186.00          -0.055170
186.20          -0.055176
186.40          -0.055186
186.60          -0.055201
186.80          -0.055219
187.00          -0.055242
187.20          -0.055269
187.40          -0.055299
187.60          -0.055333
187.80          -0.055370
188.00          -0.055411
188.20          -0.055456
188.40          -0.055503
188.60          -0.055554
188.80          -0.055607
189.00          -0.055664
189.20          -0.055723
189.40          -0.055785
189.60          -0.055850
189.80          -0.055918
190.00          -0.055988
190.20          -0.056060
190.40          -0.056135
190.60          -0.056212
190.80          -0.056292
191.00          -0.056373
191.20          -0.056457
191.40          -0.056543
191.60          -0.056631
191.80          -0.056720
192.00          -0.056812
192.20          -0.056905
192.40          -0.057000
192.60          -0.057097
192.80          -0.057196
193.00          -0.057296
193.20          -0.057397
193.40          -0.057500
193.60          -0.057605
193.80          -0.057711
194.00          -0.057818
194.20          -0.057927
194.40          -0.058037
194.60          -0.058148
194.80          -0.058260
195.00          -0.058374
195.20          -0.058488
195.40          -0.058604
195.60          -0.058721
195.80          -0.058839
196.00          -0.058958
196.20          -0.059078
196.40          -0.059199
196.60          -0.059321
196.80          -0.059443
197.00          -0.059567
197.20          -0.059692
197.40          -0.059817
197.60          -0.059944
197.80          -0.060071
198.00          -0.060199
198.20          -0.060328
198.40          -0.060458
198.60          -0.060589
198.80          -0.060721
199.00          -0.060854
199.20          -0.060988
199.40          -0.061123
199.60          -0.061259
199.80          -0.061396
200.00          -0.061534
200.20          -0.061674
200.40          -0.061815
200.60          -0.061958
200.80          -0.062103
201.00          -0.062249
201.20          -0.062398
201.40          -0.062549
201.60          -0.062703
201.80          -0.062861
202.00          -0.063022
202.20          -0.063188
202.40          -0.063359
202.60          -0.063536
202.80          -0.063721
203.00          -0.063915
203.20          -0.064120
203.40          -0.064340
203.60          -0.064578
203.80          -0.064840
204.00          -0.065133
204.20          -0.065470
204.40          -0.065868
204.60          -0.066355
204.80          -0.066980
205.00          -0.067830
205.20          -0.069086
205.40          -0.071158
205.60          -0.075217
205.80          -0.085919
206.00          -0.14249
206.20          -2.4379
206.40          -0.094147
206.60          -0.069903
206.80          -0.065877
207.00          -0.064795
207.20          -0.064487
207.40          -0.064447
207.60          -0.064512
207.80          -0.064622
208.00          -0.064752
208.20          -0.064889
208.40          -0.065029
208.60          -0.065168
208.80          -0.065304
209.00          -0.065438
209.20          -0.065569
209.40          -0.065696
209.60          -0.065821
209.80          -0.065942
210.00          -0.066061
210.20          -0.066177
210.40          -0.066290
210.60          -0.066401
210.80          -0.066510
211.00          -0.066616
211.20          -0.066720
211.40          -0.066821
211.60          -0.066921
211.80          -0.067019
212.00          -0.067114
212.20          -0.067208
212.40          -0.067300
212.60          -0.067389
212.80          -0.067477
213.00          -0.067564
213.20          -0.067648
213.40          -0.067730
213.60          -0.067811
213.80          -0.067890
214.00          -0.067967
214.20          -0.068043
214.40          -0.068116
214.60          -0.068188
214.80          -0.068258
215.00          -0.068326
215.20          -0.068393
215.40          -0.068458
215.60          -0.068521
215.80          -0.068582
216.00          -0.068641
216.20          -0.068699
216.40          -0.068754
216.60          -0.068808
216.80          -0.068860
217.00          -0.068910
217.20          -0.068958
217.40          -0.069005
217.60          -0.069049
217.80          -0.069092
218.00          -0.069133
218.20          -0.069171
218.40          -0.069208
218.60          -0.069243
218.80          -0.069276
219.00          -0.069307
219.20          -0.069335
219.40          -0.069362
219.60          -0.069387
219.80          -0.069410
220.00          -0.069430
220.20          -0.069449
220.40          -0.069465
220.60          -0.069480
220.80          -0.069492
221.00          -0.069502
221.20          -0.069510
221.40          -0.069516
221.60          -0.069520
221.80          -0.069521
222.00          -0.069521
222.20          -0.069519
222.40          -0.069514
222.60          -0.069507
222.80          -0.069499
223.00          -0.069489
223.20          -0.069476
223.40          -0.069463
223.60          -0.069447
223.80          -0.069431
224.00          -0.069413
224.20          -0.069395
224.40          -0.069376
224.60          -0.069358
224.80          -0.069341
225.00          -0.069326
