175.00          -0.059684
175.20          -0.059979
175.40          -0.060276
175.60          -0.060576
175.80          -0.060878
176.00          -0.061182
176.20          -0.061488
176.40          -0.061796
176.60          -0.062106
176.80          -0.062419
177.00          -0.062733
177.20          -0.063050
177.40          -0.063368
177.60          -0.063688
177.80          -0.064011
178.00          -0.064335
178.20          -0.064661
178.40          -0.064989
178.60          -0.065318
178.80          -0.065650
179.00          -0.065983
179.20          -0.066318
179.40          -0.066655
179.60          -0.066993
179.80          -0.067333
180.00          -0.067674
180.20          -0.068018
180.40          -0.068362
180.60          -0.068708
180.80          -0.069056
181.00          -0.069405
181.20          -0.069755
181.40          -0.070107
181.60          -0.070460
181.80          -0.070814
182.00          -0.071170
182.20          -0.071526
182.40          -0.071884
182.60          -0.072243
182.80          -0.072603
183.00          -0.072964
183.20          -0.073326
183.40          -0.073689
183.60          -0.074053
183.80          -0.074417
184.00          -0.074783
184.20          -0.075149
184.40          -0.075516
184.60          -0.075883
184.80          -0.076251
185.00          -0.076620
185.20          -0.076989
185.40          -0.077358
185.60          -0.077728
185.80          -0.078098
186.00          -0.078469
186.20          -0.078840
186.40          -0.079211
186.60          -0.079582
186.80          -0.079953
187.00          -0.080324
187.20          -0.080695
187.40          -0.081066
187.60          -0.081436
187.80          -0.081807
188.00          -0.082177
188.20          -0.082547
188.40          -0.082916
188.60          -0.083285
188.80          -0.083654
189.00          -0.084021
189.20          -0.084389
189.40          -0.084755
189.60          -0.085121
189.80          -0.085485
190.00          -0.085849
190.20          -0.086212
190.40          -0.086574
190.60          -0.086935
190.80          -0.087295
191.00          -0.087653
191.20          -0.088010
191.40          -0.088366
191.60          -0.088720
191.80          -0.089073
192.00          -0.089425
192.20          -0.089775
192.40          -0.090123
192.60          -0.090469
192.80          -0.090814
193.00          -0.091156
193.20          -0.091497
193.40          -0.091836
193.60          -0.092173
193.80          -0.092508
194.00          -0.092841
194.20          -0.093171
194.40          -0.093499
194.60          -0.093825
194.80          -0.094149
195.00          -0.094470
195.20          -0.094788
195.40          -0.095104
195.60          -0.095418
195.80          -0.095729
196.00          -0.096037
196.20          -0.096342
196.40          -0.096645
196.60          -0.096945
196.80          -0.097241
197.00          -0.097535
197.20          -0.097827
197.40          -0.098115
197.60          -0.098400
197.80          -0.098682
198.00          -0.098960
198.20          -0.099236
198.40          -0.099509
198.60          -0.099778
198.80          -0.10004
199.00          -0.10031
199.20          -0.10057
199.40          -0.10082
199.60          -0.10108
199.80          -0.10133
200.00          -0.10157
200.20          -0.10181
200.40          -0.10205
200.60          -0.10229
200.80          -0.10252
201.00          -0.10275
201.20          -0.10298
201.40          -0.10320
201.60          -0.10342
201.80          -0.10364
202.00          -0.10385
202.20          -0.10406
202.40          -0.10426
202.60          -0.10447
202.80          -0.10467
203.00          -0.10486
203.20          -0.10506
203.40          -0.10525
203.60          -0.10543
203.80          -0.10562
204.00          -0.10580
204.20          -0.10598
204.40          -0.10616
204.60          -0.10633
204.80          -0.10650
205.00          -0.10668
205.20          -0.10685
205.40          -0.10703
205.60          -0.10723
205.80          -0.10747
206.00          -0.10803
206.20          -0.10720
206.40          -0.10748
206.60          -0.10770
206.80          -0.10788
207.00          -0.10804
207.20          -0.10819
207.40          -0.10834
207.60          -0.10848
207.80          -0.10862
208.00          -0.10876
208.20          -0.10889
208.40          -0.10902
208.60          -0.10915
208.80          -0.10928
209.00          -0.10941
209.20          -0.10954
209.40          -0.10966
209.60          -0.10979
209.80          -0.10992
210.00          -0.11005
210.20          -0.11018
210.40          -0.11030
210.60          -0.11043
210.80          -0.11057
211.00          -0.11070
211.20          -0.11083
211.40          -0.11097
211.60          -0.11111
211.80          -0.11125
212.00          -0.11140
212.20          -0.11155
212.40          -0.11170
212.60          -0.11186
212.80          -0.11202
213.00          -0.11219
213.20          -0.11236
213.40          -0.11254
213.60          -0.11273
213.80          -0.11292
214.00          -0.11312
214.20          -0.11333
214.40          -0.11355
214.60          -0.11378
214.80          -0.11402
215.00          -0.11427
215.20          -0.11453
215.40          -0.11481
215.60          -0.11510
215.80          -0.11541
216.00          -0.11573
216.20          -0.11608
216.40          -0.11644
216.60          -0.11682
216.80          -0.11722
217.00          -0.11765
217.20          -0.11811
217.40          -0.11859
217.60          -0.11910
217.80          -0.11964
218.00          -0.12022
218.20          -0.12084
218.40          -0.12149
218.60          -0.12220
218.80          -0.12295
219.00          -0.12375
219.20          -0.12461
219.40          -0.12553
219.60          -0.12652
219.80          -0.12758
220.00          -0.12873
220.20          -0.12997
220.40          -0.13130
220.60          -0.13275
220.80          -0.13431
221.00          -0.13602
221.20          -0.13787
221.40          -0.13989
221.60          -0.14211
221.80          -0.14453
222.00          -0.14721
222.20          -0.15016
222.40          -0.15342
222.60          -0.15705
222.80          -0.16111
223.00          -0.16566
223.20          -0.17079
223.40          -0.17661
223.60          -0.18325
223.80          -0.19087
224.00          -0.19970
224.20          -0.21001
224.40          -0.22217
224.60          -0.23669
224.80          -0.25423
225.00          -0.27576
