175.00          -0.066439
175.20          -0.066805
175.40          -0.067174
175.60          -0.067546
175.80          -0.067922
176.00          -0.068301
176.20          -0.068685
176.40          -0.069072
176.60          -0.069462
176.80          -0.069857
177.00          -0.070256
177.20          -0.070658
177.40          -0.071064
177.60          -0.071475
177.80          -0.071889
178.00          -0.072308
178.20          -0.072731
178.40          -0.073159
178.60          -0.073590
178.80          -0.074026
179.00          -0.074467
179.20          -0.074912
179.40          -0.075362
179.60          -0.075816
179.80          -0.076276
180.00          -0.076740
180.20          -0.077209
180.40          -0.077683
180.60          -0.078162
180.80          -0.078646
181.00          -0.079136
181.20          -0.079630
181.40          -0.080131
181.60          -0.080636
181.80          -0.081147
182.00          -0.081664
182.20          -0.082187
182.40          -0.082715
182.60          -0.083249
182.80          -0.083790
183.00          -0.084336
183.20          -0.084889
183.40          -0.085447
183.60          -0.086013
183.80          -0.086584
184.00          -0.087163
184.20          -0.087748
184.40          -0.088340
184.60          -0.088938
184.80          -0.089544
185.00          -0.090157
185.20          -0.090777
185.40          -0.091405
185.60          -0.092040
185.80          -0.092683
186.00          -0.093333
186.20          -0.093991
186.40          -0.094658
186.60          -0.095332
186.80          -0.096015
187.00          -0.096706
187.20          -0.097405
187.40          -0.098113
187.60          -0.098830
187.80          -0.099556
188.00          -0.10029
188.20          -0.10104
188.40          -0.10179
188.60          -0.10255
188.80          -0.10333
189.00          -0.10411
189.20          -0.10490
189.40          -0.10570
189.60          -0.10652
189.80          -0.10734
190.00          -0.10818
190.20          -0.10902
190.40          -0.10988
190.60          -0.11074
190.80          -0.11162
191.00          -0.11251
191.20          -0.11341
191.40          -0.11433
191.60          -0.11525
191.80          -0.11619
192.00          -0.11714
192.20          -0.11811
192.40          -0.11908
192.60          -0.12007
192.80          -0.12107
193.00          -0.12209
193.20          -0.12312
193.40          -0.12416
193.60          -0.12522
193.80          -0.12629
194.00          -0.12737
194.20          -0.12847
194.40          -0.12959
194.60          -0.13071
194.80          -0.13186
195.00          -0.13302
195.20          -0.13419
195.40          -0.13538
195.60          -0.13659
195.80          -0.13781
196.00          -0.13905
196.20          -0.14030
196.40          -0.14157
196.60          -0.14286
196.80          -0.14416
197.00          -0.14548
197.20          -0.14682
197.40          -0.14817
197.60          -0.14954
197.80          -0.15092
198.00          -0.15233
198.20          -0.15375
198.40          -0.15519
198.60          -0.15664
198.80          -0.15811
199.00          -0.15960
199.20          -0.16111
199.40          -0.16263
199.60          -0.16417
199.80          -0.16572
200.00          -0.16730
200.20          -0.16888
200.40          -0.17049
200.60          -0.17211
200.80          -0.17374
201.00          -0.17539
201.20          -0.17705
201.40          -0.17873
201.60          -0.18042
201.80          -0.18212
202.00          -0.18384
202.20          -0.18556
202.40          -0.18730
202.60          -0.18905
202.80          -0.19080
203.00          -0.19257
203.20          -0.19434
203.40          -0.19611
203.60          -0.19789
203.80          -0.19968
204.00          -0.20146
204.20          -0.20325
204.40          -0.20503
204.60          -0.20682
204.80          -0.20859
205.00          -0.21036
205.20          -0.21213
205.40          -0.21388
205.60          -0.21562
205.80          -0.21734
206.00          -0.21905
206.20          -0.22074
206.40          -0.22240
206.60          -0.22404
206.80          -0.22565
207.00          -0.22724
207.20          -0.22879
207.40          -0.23030
207.60          -0.23177
207.80          -0.23321
208.00          -0.23459
208.20          -0.23593
208.40          -0.23721
208.60          -0.23844
208.80          -0.23961
209.00          -0.24072
209.20          -0.24177
209.40          -0.24274
209.60          -0.24365
209.80          -0.24448
210.00          -0.24523
210.20          -0.24590
210.40          -0.24649
210.60          -0.24700
210.80          -0.24741
211.00          -0.24774
211.20          -0.24797
211.40          -0.24810
211.60          -0.24814
211.80          -0.24808
212.00          -0.24792
212.20          -0.24766
212.40          -0.24730
212.60          -0.24684
212.80          -0.24628
213.00          -0.24561
213.20          -0.24485
213.40          -0.24398
213.60          -0.24302
213.80          -0.24195
214.00          -0.24079
214.20          -0.23954
214.40          -0.23820
214.60          -0.23676
214.80          -0.23524
215.00          -0.23363
215.20          -0.23195
215.40          -0.23018
215.60          -0.22834
215.80          -0.22644
216.00          -0.22446
216.20          -0.22243
216.40          -0.22033
216.60          -0.21819
216.80          -0.21599
217.00          -0.21375
217.20          -0.21146
217.40          -0.20914
217.60          -0.20679
217.80          -0.20440
218.00          -0.20200
218.20          -0.19957
218.40          -0.19713
218.60          -0.19467
218.80          -0.19221
219.00          -0.18974
219.20          -0.18727
219.40          -0.18480
219.60          -0.18234
219.80          -0.17988
220.00          -0.17743
220.20          -0.17500
220.40          -0.17259
220.60          -0.17019
220.80          -0.16781
221.00          -0.16546
221.20          -0.16313
221.40          -0.16083
221.60          -0.15856
221.80          -0.15631
222.00          -0.15410
222.20          -0.15192
222.40          -0.14977
222.60          -0.14766
222.80          -0.14558
223.00          -0.14354
223.20          -0.14153
223.40          -0.13956
223.60          -0.13763
223.80          -0.13574
224.00          -0.13388
224.20          -0.13206
224.40          -0.13028
224.60          -0.12854
224.80          -0.12684
225.00          -0.12517
