175.00          -0.032171
175.20          -0.032296
175.40          -0.032423
175.60          -0.032552
175.80          -0.032682
176.00          -0.032814
176.20          -0.032947
176.40          -0.033082
176.60          -0.033218
176.80          -0.033357
177.00          -0.033497
177.20          -0.033638
177.40          -0.033782
177.60          -0.033927
177.80          -0.034075
178.00          -0.034224
178.20          -0.034376
178.40          -0.034529
178.60          -0.034685
178.80          -0.034842
179.00          -0.035002
179.20          -0.035164
179.40          -0.035329
179.60          -0.035496
179.80          -0.035665
180.00          -0.035837
180.20          -0.036011
180.40          -0.036189
180.60          -0.036368
180.80          -0.036551
181.00          -0.036737
181.20          -0.036925
181.40          -0.037117
181.60          -0.037311
181.80          -0.037509
182.00          -0.037710
182.20          -0.037915
182.40          -0.038123
182.60          -0.038335
182.80          -0.038550
183.00          -0.038769
183.20          -0.038993
183.40          -0.039220
183.60          -0.039451
183.80          -0.039687
184.00          -0.039927
184.20          -0.040172
184.40          -0.040422
184.60          -0.040677
184.80          -0.040936
185.00          -0.041201
185.20          -0.041471
185.40          -0.041747
185.60          -0.042029
185.80          -0.042317
186.00          -0.042611
186.20          -0.042911
186.40          -0.043218
186.60          -0.043532
186.80          -0.043853
187.00          -0.044182
187.20          -0.044518
187.40          -0.044862
187.60          -0.045214
187.80          -0.045576
188.00          -0.045946
188.20          -0.046325
188.40          -0.046714
188.60          -0.047113
188.80          -0.047523
189.00          -0.047944
189.20          -0.048376
189.40          -0.048819
189.60          -0.049276
189.80          -0.049745
190.00          -0.050228
190.20          -0.050724
190.40          -0.051236
190.60          -0.051763
190.80          -0.052306
191.00          -0.052866
191.20          -0.053444
191.40          -0.054040
191.60          -0.054656
191.80          -0.055293
192.00          -0.055951
192.20          -0.056631
192.40          -0.057336
192.60          -0.058065
192.80          -0.058821
193.00          -0.059605
193.20          -0.060418
193.40          -0.061262
193.60          -0.062139
193.80          -0.063051
194.00          -0.064000
194.20          -0.064988
194.40          -0.066017
194.60          -0.067091
194.80          -0.068211
195.00          -0.069381
195.20          -0.070604
195.40          -0.071884
195.60          -0.073225
195.80          -0.074631
196.00          -0.076106
196.20          -0.077655
196.40          -0.079285
196.60          -0.081001
196.80          -0.082810
197.00          -0.084719
197.20          -0.086736
197.40          -0.088871
197.60          -0.091133
197.80          -0.093534
198.00          -0.096086
198.20          -0.098803
198.40          -0.10170
198.60          -0.10480
198.80          -0.10811
199.00          -0.11166
199.20          -0.11548
199.40          -0.11960
199.60          -0.12405
199.80          -0.12886
200.00          -0.13409
200.20          -0.13979
200.40          -0.14602
200.60          -0.15285
200.80          -0.16038
201.00          -0.16871
201.20          -0.17797
201.40          -0.18833
201.60          -0.19998
201.80          -0.21318
202.00          -0.22825
202.20          -0.24564
202.40          -0.26590
202.60          -0.28981
202.80          -0.31848
203.00          -0.35350
203.20          -0.39722
203.40          -0.45335
203.60          -0.52787
203.80          -0.63097
204.00          -0.78046
204.20          -1.0068
204.40          -1.3466
204.60          -1.7281
204.80          -1.6468
205.00          -0.98333
205.20          -0.49897
205.40          -0.29429
205.60          -0.22443
205.80          -0.21103
206.00          -0.22197
206.20          -0.24369
206.40          -0.26979
206.60          -0.29673
206.80          -0.32218
207.00          -0.34440
207.20          -0.36203
207.40          -0.37414
207.60          -0.38023
207.80          -0.38033
208.00          -0.37487
208.20          -0.36468
208.40          -0.35077
208.60          -0.33422
208.80          -0.31602
209.00          -0.29704
209.20          -0.27799
209.40          -0.25937
209.60          -0.24154
209.80          -0.22472
210.00          -0.20903
210.20          -0.19451
210.40          -0.18117
210.60          -0.16895
210.80          -0.15780
211.00          -0.14764
211.20          -0.13840
211.40          -0.13000
211.60          -0.12236
211.80          -0.11542
212.00          -0.10909
212.20          -0.10333
212.40          -0.098086
212.60          -0.093296
212.80          -0.088920
213.00          -0.084917
213.20          -0.081251
213.40          -0.077890
213.60          -0.074804
213.80          -0.071967
214.00          -0.069357
214.20          -0.066952
214.40          -0.064734
214.60          -0.062686
214.80          -0.060793
215.00          -0.059041
215.20          -0.057418
215.40          -0.055914
215.60          -0.054518
215.80          -0.053222
216.00          -0.052018
216.20          -0.050898
216.40          -0.049855
216.60          -0.048884
216.80          -0.047979
217.00          -0.047136
217.20          -0.046349
217.40          -0.045615
217.60          -0.044930
217.80          -0.044291
218.00          -0.043693
218.20          -0.043135
218.40          -0.042614
218.60          -0.042128
218.80          -0.041673
219.00          -0.041249
219.20          -0.040853
219.40          -0.040484
219.60          -0.040139
219.80          -0.039818
220.00          -0.039519
220.20          -0.039241
220.40          -0.038983
220.60          -0.038743
220.80          -0.038521
221.00          -0.038316
221.20          -0.038128
221.40          -0.037954
221.60          -0.037796
221.80          -0.037651
222.00          -0.037521
222.20          -0.037403
222.40          -0.037299
222.60          -0.037207
222.80          -0.037127
223.00          -0.037061
223.20          -0.037006
223.40          -0.036964
223.60          -0.036936
223.80          -0.036921
224.00          -0.036921
224.20          -0.036937
224.40          -0.036970
224.60          -0.037025
224.80          -0.037104
225.00          -0.037215
