175.00          -0.14226
175.20          -0.14407
175.40          -0.14589
175.60          -0.14772
175.80          -0.14956
176.00          -0.15140
176.20          -0.15324
176.40          -0.15507
176.60          -0.15690
176.80          -0.15871
177.00          -0.16051
177.20          -0.16228
177.40          -0.16402
177.60          -0.16572
177.80          -0.16738
178.00          -0.16899
178.20          -0.17054
178.40          -0.17203
178.60          -0.17345
178.80          -0.17479
179.00          -0.17604
179.20          -0.17721
179.40          -0.17827
179.60          -0.17922
179.80          -0.18006
180.00          -0.18077
180.20          -0.18137
180.40          -0.18182
180.60          -0.18215
180.80          -0.18233
181.00          -0.18236
181.20          -0.18225
181.40          -0.18199
181.60          -0.18159
181.80          -0.18103
182.00          -0.18033
182.20          -0.17948
182.40          -0.17849
182.60          -0.17737
182.80          -0.17611
183.00          -0.17472
183.20          -0.17321
183.40          -0.17159
183.60          -0.16987
183.80          -0.16804
184.00          -0.16613
184.20          -0.16414
184.40          -0.16207
184.60          -0.15994
184.80          -0.15775
185.00          -0.15552
185.20          -0.15325
185.40          -0.15095
185.60          -0.14863
185.80          -0.14630
186.00          -0.14395
186.20          -0.14161
186.40          -0.13927
186.60          -0.13694
186.80          -0.13463
187.00          -0.13234
187.20          -0.13007
187.40          -0.12784
187.60          -0.12563
187.80          -0.12346
188.00          -0.12133
188.20          -0.11924
188.40          -0.11718
188.60          -0.11518
188.80          -0.11322
189.00          -0.11130
189.20          -0.10943
189.40          -0.10760
189.60          -0.10583
189.80          -0.10410
190.00          -0.10241
190.20          -0.10078
190.40          -0.099187
190.60          -0.097642
190.80          -0.096143
191.00          -0.094687
191.20          -0.093276
191.40          -0.091908
191.60          -0.090581
191.80          -0.089295
192.00          -0.088050
192.20          -0.086844
192.40          -0.085675
192.60          -0.084544
192.80          -0.083449
193.00          -0.082389
193.20          -0.081363
193.40          -0.080370
193.60          -0.079410
193.80          -0.078480
194.00          -0.077580
194.20          -0.076710
194.40          -0.075868
194.60          -0.075053
194.80          -0.074265
195.00          -0.073502
195.20          -0.072765
195.40          -0.072051
195.60          -0.071360
195.80          -0.070691
196.00          -0.070044
196.20          -0.069418
196.40          -0.068812
196.60          -0.068226
196.80          -0.067658
197.00          -0.067108
197.20          -0.066576
197.40          -0.066061
197.60          -0.065562
197.80          -0.065079
198.00          -0.064612
198.20          -0.064159
198.40          -0.063720
198.60          -0.063295
198.80          -0.062883
199.00          -0.062484
199.20          -0.062097
199.40          -0.061722
199.60          -0.061359
199.80          -0.061007
200.00          -0.060665
200.20          -0.060334
200.40          -0.060013
200.60          -0.059702
200.80          -0.059400
201.00          -0.059108
201.20          -0.058824
201.40          -0.058548
201.60          -0.058281
201.80          -0.058021
202.00          -0.057770
202.20          -0.057525
202.40          -0.057288
202.60          -0.057058
202.80          -0.056835
203.00          -0.056618
203.20          -0.056407
203.40          -0.056203
203.60          -0.056004
203.80          -0.055811
204.00          -0.055624
204.20          -0.055442
204.40          -0.055265
204.60          -0.055093
204.80          -0.054926
205.00          -0.054764
205.20          -0.054606
205.40          -0.054453
205.60          -0.054304
205.80          -0.054159
206.00          -0.054018
206.20          -0.053881
206.40          -0.053748
206.60          -0.053619
206.80          -0.053493
207.00          -0.053371
207.20          -0.053252
207.40          -0.053137
207.60          -0.053024
207.80          -0.052915
208.00          -0.052809
208.20          -0.052705
208.40          -0.052605
208.60          -0.052507
208.80          -0.052412
209.00          -0.052319
209.20          -0.052229
209.40          -0.052141
209.60          -0.052056
209.80          -0.051973
210.00          -0.051893
210.20          -0.051814
210.40          -0.051738
210.60          -0.051664
210.80          -0.051591
211.00          -0.051521
211.20          -0.051453
211.40          -0.051386
211.60          -0.051322
211.80          -0.051259
212.00          -0.051198
212.20          -0.051138
212.40          -0.051080
212.60          -0.051024
212.80          -0.050970
213.00          -0.050916
213.20          -0.050865
213.40          -0.050815
213.60          -0.050766
213.80          -0.050719
214.00          -0.050672
214.20          -0.050628
214.40          -0.050584
214.60          -0.050542
214.80          -0.050501
215.00          -0.050461
215.20          -0.050423
215.40          -0.050386
215.60          -0.050349
215.80          -0.050314
216.00          -0.050280
216.20          -0.050247
216.40          -0.050215
216.60          -0.050184
216.80          -0.050154
217.00          -0.050125
217.20          -0.050097
217.40          -0.050070
217.60          -0.050044
217.80          -0.050019
218.00          -0.049995
218.20          -0.049972
218.40          -0.049949
218.60          -0.049928
218.80          -0.049908
219.00          -0.049888
219.20          -0.049869
219.40          -0.049852
219.60          -0.049835
219.80          -0.049819
220.00          -0.049804
220.20          -0.049790
220.40          -0.049777
220.60          -0.049765
220.80          -0.049754
221.00          -0.049745
221.20          -0.049736
221.40          -0.049729
221.60          -0.049724
221.80          -0.049720
222.00          -0.049718
222.20          -0.049718
222.40          -0.049720
222.60          -0.049726
222.80          -0.049735
223.00          -0.049749
223.20          -0.049769
223.40          -0.049796
223.60          -0.049835
223.80          -0.049889
224.00          -0.049968
224.20          -0.050086
224.40          -0.050274
224.60          -0.050600
224.80          -0.051251
225.00          -0.052913
