175.00          -0.010549
175.20          -0.010553
175.40          -0.010557
175.60          -0.010560
175.80          -0.010564
176.00          -0.010568
176.20          -0.010571
176.40          -0.010575
176.60          -0.010579
176.80          -0.010582
177.00          -0.010586
177.20          -0.010590
177.40          -0.010594
177.60          -0.010597
177.80          -0.010601
178.00          -0.010605
178.20          -0.010608
178.40          -0.010612
178.60          -0.010616
178.80          -0.010620
179.00          -0.010623
179.20          -0.010627
179.40          -0.010631
179.60          -0.010635
179.80          -0.010639
180.00          -0.010642
180.20          -0.010646
180.40          -0.010650
180.60          -0.010654
180.80          -0.010658
181.00          -0.010661
181.20          -0.010665
181.40          -0.010669
181.60          -0.010673
181.80          -0.010677
182.00          -0.010681
182.20          -0.010685
182.40          -0.010688
182.60          -0.010692
182.80          -0.010696
183.00          -0.010700
183.20          -0.010704
183.40          -0.010708
183.60          -0.010712
183.80          -0.010716
184.00          -0.010720
184.20          -0.010724
184.40          -0.010728
184.60          -0.010731
184.80          -0.010735
185.00          -0.010739
185.20          -0.010743
185.40          -0.010747
185.60          -0.010751
185.80          -0.010755
186.00          -0.010759
186.20          -0.010763
186.40          -0.010767
186.60          -0.010771
186.80          -0.010775
187.00          -0.010780
187.20          -0.010784
187.40          -0.010788
187.60          -0.010792
187.80          -0.010796
188.00          -0.010800
188.20          -0.010804
188.40          -0.010808
188.60          -0.010812
188.80          -0.010816
189.00          -0.010820
189.20          -0.010825
189.40          -0.010829
189.60          -0.010833
189.80          -0.010837
190.00          -0.010841
190.20          -0.010845
190.40          -0.010850
190.60          -0.010854
190.80          -0.010858
191.00          -0.010862
191.20          -0.010867
191.40          -0.010871
191.60          -0.010875
191.80          -0.010879
192.00          -0.010884
192.20          -0.010888
192.40          -0.010892
192.60          -0.010897
192.80          -0.010901
193.00          -0.010905
193.20          -0.010910
193.40          -0.010914
193.60          -0.010918
193.80          -0.010923
194.00          -0.010927
194.20          -0.010932
194.40          -0.010936
194.60          -0.010941
194.80          -0.010945
195.00          -0.010949
195.20          -0.010954
195.40          -0.010958
195.60          -0.010963
195.80          -0.010968
196.00          -0.010972
196.20          -0.010977
196.40          -0.010981
196.60          -0.010986
196.80          -0.010990
197.00          -0.010995
197.20          -0.011000
197.40          -0.011004
197.60          -0.011009
197.80          -0.011014
198.00          -0.011019
198.20          -0.011023
198.40          -0.011028
198.60          -0.011033
198.80          -0.011038
199.00          -0.011043
199.20          -0.011047
199.40          -0.011052
199.60          -0.011057
199.80          -0.011062
200.00          -0.011067
200.20          -0.011072
200.40          -0.011077
200.60          -0.011082
200.80          -0.011087
201.00          -0.011092
201.20          -0.011097
201.40          -0.011102
201.60          -0.011108
201.80          -0.011113
202.00          -0.011118
202.20          -0.011123
202.40          -0.011128
202.60          -0.011134
202.80          -0.011139
203.00          -0.011144
203.20          -0.011150
203.40          -0.011155
203.60          -0.011161
203.80          -0.011166
204.00          -0.011172
204.20          -0.011178
204.40          -0.011183
204.60          -0.011189
204.80          -0.011195
205.00          -0.011201
205.20          -0.011207
205.40          -0.011212
205.60          -0.011219
205.80          -0.011225
206.00          -0.011232
206.20          -0.011313
206.40          -0.011243
206.60          -0.011249
206.80          -0.011255
207.00          -0.011261
207.20          -0.011268
207.40          -0.011274
207.60          -0.011281
207.80          -0.011287
208.00          -0.011294
208.20          -0.011301
208.40          -0.011308
208.60          -0.011315
208.80          -0.011322
209.00          -0.011329
209.20          -0.011337
209.40          -0.011344
209.60          -0.011352
209.80          -0.011359
210.00          -0.011367
210.20          -0.011375
210.40          -0.011383
210.60          -0.011392
210.80          -0.011400
211.00          -0.011408
211.20          -0.011417
211.40          -0.011426
211.60          -0.011435
211.80          -0.011445
212.00          -0.011454
212.20          -0.011464
212.40          -0.011474
212.60          -0.011484
212.80          -0.011495
213.00          -0.011506
213.20          -0.011517
213.40          -0.011528
213.60          -0.011540
213.80          -0.011552
214.00          -0.011565
214.20          -0.011578
214.40          -0.011592
214.60          -0.011606
214.80          -0.011620
215.00          -0.011636
215.20          -0.011651
215.40          -0.011668
215.60          -0.011685
215.80          -0.011704
216.00          -0.011723
216.20          -0.011743
216.40          -0.011764
216.60          -0.011786
216.80          -0.011810
217.00          -0.011835
217.20          -0.011862
217.40          -0.011891
217.60          -0.011921
217.80          -0.011955
218.00          -0.011990
218.20          -0.012029
218.40          -0.012071
218.60          -0.012116
218.80          -0.012167
219.00          -0.012222
219.20          -0.012283
219.40          -0.012351
219.60          -0.012428
219.80          -0.012514
220.00          -0.012612
220.20          -0.012724
220.40          -0.012853
220.60          -0.013005
220.80          -0.013183
221.00          -0.013397
221.20          -0.013656
221.40          -0.013976
221.60          -0.014377
221.80          -0.014894
222.00          -0.015577
222.20          -0.016509
222.40          -0.017838
222.60          -0.019834
222.80          -0.023056
223.00          -0.028811
223.20          -0.040794
223.40          -0.073264
223.60          -0.22912
223.80          -7.7514
224.00          -0.27011
224.20          -0.070666
224.40          -0.036070
224.60          -0.024486
224.80          -0.019316
225.00          -0.016600
