175.00          -0.043096
175.20          -0.043772
175.40          -0.044474
175.60          -0.045202
175.80          -0.045958
176.00          -0.046744
176.20          -0.047560
176.40          -0.048410
176.60          -0.049295
176.80          -0.050217
177.00          -0.051177
177.20          -0.052179
177.40          -0.053224
177.60          -0.054316
177.80          -0.055457
178.00          -0.056650
178.20          -0.057899
178.40          -0.059207
178.60          -0.060578
178.80          -0.062017
179.00          -0.063526
179.20          -0.065113
179.40          -0.066781
179.60          -0.068537
179.80          -0.070387
180.00          -0.072337
180.20          -0.074395
180.40          -0.076570
180.60          -0.078869
180.80          -0.081303
181.00          -0.083882
181.20          -0.086617
181.40          -0.089522
181.60          -0.092609
181.80          -0.095895
182.00          -0.099395
182.20          -0.10313
182.40          -0.10711
182.60          -0.11137
182.80          -0.11593
183.00          -0.12082
183.20          -0.12606
183.40          -0.13168
183.60          -0.13773
183.80          -0.14424
184.00          -0.15125
184.20          -0.15880
184.40          -0.16695
184.60          -0.17575
184.80          -0.18525
185.00          -0.19550
185.20          -0.20658
185.40          -0.21853
185.60          -0.23141
185.80          -0.24528
186.00          -0.26016
186.20          -0.27609
186.40          -0.29307
186.60          -0.31105
186.80          -0.32995
187.00          -0.34964
187.20          -0.36989
187.40          -0.39039
187.60          -0.41074
187.80          -0.43041
188.00          -0.44880
188.20          -0.46521
188.40          -0.47894
188.60          -0.48927
188.80          -0.49561
189.00          -0.49755
189.20          -0.49487
189.40          -0.48765
189.60          -0.47619
189.80          -0.46102
190.00          -0.44284
190.20          -0.42241
190.40          -0.40047
190.60          -0.37774
190.80          -0.35483
191.00          -0.33222
191.20          -0.31031
191.40          -0.28936
191.60          -0.26954
191.80          -0.25095
192.00          -0.23363
192.20          -0.21758
192.40          -0.20277
192.60          -0.18913
192.80          -0.17660
193.00          -0.16510
193.20          -0.15457
193.40          -0.14491
193.60          -0.13606
193.80          -0.12794
194.00          -0.12050
194.20          -0.11367
194.40          -0.10740
194.60          -0.10163
194.80          -0.096320
195.00          -0.091428
195.20          -0.086916
195.40          -0.082749
195.60          -0.078897
195.80          -0.075331
196.00          -0.072026
196.20          -0.068960
196.40          -0.066113
196.60          -0.063465
196.80          -0.061000
197.00          -0.058703
197.20          -0.056560
197.40          -0.054559
197.60          -0.052689
197.80          -0.050938
198.00          -0.049299
198.20          -0.047762
198.40          -0.046319
198.60          -0.044965
198.80          -0.043692
199.00          -0.042494
199.20          -0.041366
199.40          -0.040304
199.60          -0.039302
199.80          -0.038357
200.00          -0.037464
200.20          -0.036620
200.40          -0.035823
200.60          -0.035068
200.80          -0.034354
201.00          -0.033677
201.20          -0.033036
201.40          -0.032428
201.60          -0.031851
201.80          -0.031303
202.00          -0.030783
202.20          -0.030289
202.40          -0.029819
202.60          -0.029373
202.80          -0.028948
203.00          -0.028543
203.20          -0.028158
203.40          -0.027792
203.60          -0.027443
203.80          -0.027110
204.00          -0.026793
204.20          -0.026491
204.40          -0.026203
204.60          -0.025929
204.80          -0.025667
205.00          -0.025419
205.20          -0.025182
205.40          -0.024959
205.60          -0.024750
205.80          -0.024564
206.00          -0.024452
206.20          -0.029239
206.40          -0.024000
206.60          -0.023761
206.80          -0.023590
207.00          -0.023431
207.20          -0.023281
207.40          -0.023137
207.60          -0.022999
207.80          -0.022868
208.00          -0.022742
208.20          -0.022622
208.40          -0.022508
208.60          -0.022398
208.80          -0.022294
209.00          -0.022194
209.20          -0.022099
209.40          -0.022008
209.60          -0.021922
209.80          -0.021839
210.00          -0.021761
210.20          -0.021686
210.40          -0.021615
210.60          -0.021547
210.80          -0.021483
211.00          -0.021422
211.20          -0.021364
211.40          -0.021309
211.60          -0.021257
211.80          -0.021207
212.00          -0.021161
212.20          -0.021117
212.40          -0.021076
212.60          -0.021037
212.80          -0.021000
213.00          -0.020966
213.20          -0.020933
213.40          -0.020903
213.60          -0.020876
213.80          -0.020850
214.00          -0.020826
214.20          -0.020804
214.40          -0.020783
214.60          -0.020765
214.80          -0.020748
215.00          -0.020733
215.20          -0.020719
215.40          -0.020707
215.60          -0.020697
215.80          -0.020688
216.00          -0.020681
216.20          -0.020675
216.40          -0.020670
216.60          -0.020667
216.80          -0.020665
217.00          -0.020664
217.20          -0.020664
217.40          -0.020666
217.60          -0.020669
217.80          -0.020673
218.00          -0.020678
218.20          -0.020685
218.40          -0.020692
218.60          -0.020701
218.80          -0.020710
219.00          -0.020721
219.20          -0.020732
219.40          -0.020745
219.60          -0.020759
219.80          -0.020773
220.00          -0.020789
220.20          -0.020805
220.40          -0.020823
220.60          -0.020841
220.80          -0.020860
221.00          -0.020880
221.20          -0.020901
221.40          -0.020923
221.60          -0.020946
221.80          -0.020970
222.00          -0.020995
222.20          -0.021020
222.40          -0.021046
222.60          -0.021074
222.80          -0.021102
223.00          -0.021131
223.20          -0.021161
223.40          -0.021192
223.60          -0.021223
223.80          -0.021256
224.00          -0.021289
224.20          -0.021324
224.40          -0.021359
224.60          -0.021396
224.80          -0.021433
225.00          -0.021471
