175.00          -0.063872
175.20          -0.064143
175.40          -0.064416
175.60          -0.064692
175.80          -0.064970
176.00          -0.065250
176.20          -0.065532
176.40          -0.065817
176.60          -0.066105
176.80          -0.066394
177.00          -0.066687
177.20          -0.066981
177.40          -0.067279
177.60          -0.067579
177.80          -0.067882
178.00          -0.068188
178.20          -0.068497
178.40          -0.068808
178.60          -0.069123
178.80          -0.069440
179.00          -0.069761
179.20          -0.070085
179.40          -0.070412
179.60          -0.070743
179.80          -0.071076
180.00          -0.071414
180.20          -0.071755
180.40          -0.072100
180.60          -0.072448
180.80          -0.072800
181.00          -0.073157
181.20          -0.073517
181.40          -0.073882
181.60          -0.074250
181.80          -0.074623
182.00          -0.075001
182.20          -0.075383
182.40          -0.075770
182.60          -0.076162
182.80          -0.076559
183.00          -0.076961
183.20          -0.077368
183.40          -0.077780
183.60          -0.078199
183.80          -0.078622
184.00          -0.079052
184.20          -0.079488
184.40          -0.079930
184.60          -0.080379
184.80          -0.080834
185.00          -0.081296
185.20          -0.081765
185.40          -0.082242
185.60          -0.082726
185.80          -0.083217
186.00          -0.083717
186.20          -0.084225
186.40          -0.084742
186.60          -0.085267
186.80          -0.085802
187.00          -0.086346
187.20          -0.086899
187.40          -0.087463
187.60          -0.088038
187.80          -0.088623
188.00          -0.089219
188.20          -0.089828
188.40          -0.090448
188.60          -0.091081
188.80          -0.091726
189.00          -0.092386
189.20          -0.093059
189.40          -0.093747
189.60          -0.094450
189.80          -0.095169
190.00          -0.095904
190.20          -0.096657
190.40          -0.097427
190.60          -0.098216
190.80          -0.099024
191.00          -0.099852
191.20          -0.10070
191.40          -0.10157
191.60          -0.10247
191.80          -0.10339
192.00          -0.10433
192.20          -0.10530
192.40          -0.10630
192.60          -0.10732
192.80          -0.10838
193.00          -0.10947
193.20          -0.11059
193.40          -0.11174
193.60          -0.11293
193.80          -0.11416
194.00          -0.11543
194.20          -0.11675
194.40          -0.11811
194.60          -0.11951
194.80          -0.12097
195.00          -0.12247
195.20          -0.12403
195.40          -0.12566
195.60          -0.12734
195.80          -0.12909
196.00          -0.13090
196.20          -0.13279
196.40          -0.13476
196.60          -0.13681
196.80          -0.13895
197.00          -0.14118
197.20          -0.14351
197.40          -0.14595
197.60          -0.14849
197.80          -0.15116
198.00          -0.15396
198.20          -0.15689
198.40          -0.15996
198.60          -0.16319
198.80          -0.16659
199.00          -0.17017
199.20          -0.17393
199.40          -0.17791
199.60          -0.18210
199.80          -0.18652
200.00          -0.19121
200.20          -0.19616
200.40          -0.20141
200.60          -0.20697
200.80          -0.21287
201.00          -0.21914
201.20          -0.22580
201.40          -0.23288
201.60          -0.24041
201.80          -0.24844
202.00          -0.25699
202.20          -0.26609
202.40          -0.27580
202.60          -0.28614
202.80          -0.29716
203.00          -0.30890
203.20          -0.32139
203.40          -0.33465
203.60          -0.34872
203.80          -0.36361
204.00          -0.37931
204.20          -0.39581
204.40          -0.41306
204.60          -0.43098
204.80          -0.44945
205.00          -0.46832
205.20          -0.48736
205.40          -0.50629
205.60          -0.52477
205.80          -0.54239
206.00          -0.55871
206.20          -0.57323
206.40          -0.58544
206.60          -0.59487
206.80          -0.60109
207.00          -0.60376
207.20          -0.60270
207.40          -0.59786
207.60          -0.58936
207.80          -0.57747
208.00          -0.56259
208.20          -0.54521
208.40          -0.52587
208.60          -0.50512
208.80          -0.48349
209.00          -0.46146
209.20          -0.43943
209.40          -0.41776
209.60          -0.39669
209.80          -0.37644
210.00          -0.35714
210.20          -0.33887
210.40          -0.32167
210.60          -0.30557
210.80          -0.29054
211.00          -0.27655
211.20          -0.26356
211.40          -0.25152
211.60          -0.24038
211.80          -0.23007
212.00          -0.22053
212.20          -0.21172
212.40          -0.20358
212.60          -0.19605
212.80          -0.18909
213.00          -0.18266
213.20          -0.17670
213.40          -0.17118
213.60          -0.16607
213.80          -0.16133
214.00          -0.15693
214.20          -0.15285
214.40          -0.14906
214.60          -0.14553
214.80          -0.14225
215.00          -0.13919
215.20          -0.13634
215.40          -0.13369
215.60          -0.13121
215.80          -0.12889
216.00          -0.12673
216.20          -0.12471
216.40          -0.12282
216.60          -0.12104
216.80          -0.11938
217.00          -0.11783
217.20          -0.11637
217.40          -0.11500
217.60          -0.11372
217.80          -0.11251
218.00          -0.11138
218.20          -0.11031
218.40          -0.10931
218.60          -0.10837
218.80          -0.10748
219.00          -0.10665
219.20          -0.10586
219.40          -0.10512
219.60          -0.10443
219.80          -0.10377
220.00          -0.10315
220.20          -0.10257
220.40          -0.10202
220.60          -0.10150
220.80          -0.10102
221.00          -0.10056
221.20          -0.10012
221.40          -0.099716
221.60          -0.099331
221.80          -0.098969
222.00          -0.098628
222.20          -0.098307
222.40          -0.098004
222.60          -0.097720
222.80          -0.097452
223.00          -0.097201
223.20          -0.096964
223.40          -0.096742
223.60          -0.096533
223.80          -0.096338
224.00          -0.096154
224.20          -0.095982
224.40          -0.095821
224.60          -0.095671
224.80          -0.095531
225.00          -0.095400
