175.00          -0.055340
175.20          -0.055526
175.40          -0.055713
175.60          -0.055900
175.80          -0.056089
176.00          -0.056279
176.20          -0.056469
176.40          -0.056660
176.60          -0.056853
176.80          -0.057046
177.00          -0.057240
177.20          -0.057436
177.40          -0.057632
177.60          -0.057829
177.80          -0.058027
178.00          -0.058227
178.20          -0.058427
178.40          -0.058628
178.60          -0.058830
178.80          -0.059033
179.00          -0.059238
179.20          -0.059443
179.40          -0.059650
179.60          -0.059857
179.80          -0.060066
180.00          -0.060275
180.20          -0.060486
180.40          -0.060698
180.60          -0.060911
180.80          -0.061125
181.00          -0.061340
181.20          -0.061557
181.40          -0.061774
181.60          -0.061993
181.80          -0.062213
182.00          -0.062434
182.20          -0.062656
182.40          -0.062879
182.60          -0.063104
182.80          -0.063330
183.00          -0.063557
183.20          -0.063786
183.40          -0.064015
183.60          -0.064246
183.80          -0.064478
184.00          -0.064712
184.20          -0.064947
184.40          -0.065183
184.60          -0.065421
184.80          -0.065659
185.00          -0.065900
185.20          -0.066141
185.40          -0.066384
185.60          -0.066629
185.80          -0.066875
186.00          -0.067122
186.20          -0.067371
186.40          -0.067621
186.60          -0.067873
186.80          -0.068126
187.00          -0.068381
187.20          -0.068637
187.40          -0.068895
187.60          -0.069154
187.80          -0.069415
188.00          -0.069678
188.20          -0.069942
188.40          -0.070208
188.60          -0.070475
188.80          -0.070744
189.00          -0.071015
189.20          -0.071287
189.40          -0.071562
189.60          -0.071838
189.80          -0.072115
190.00          -0.072395
190.20          -0.072676
190.40          -0.072960
190.60          -0.073245
190.80          -0.073532
191.00          -0.073820
191.20          -0.074111
191.40          -0.074404
191.60          -0.074698
191.80          -0.074995
192.00          -0.075294
192.20          -0.075594
192.40          -0.075897
192.60          -0.076202
192.80          -0.076509
193.00          -0.076818
193.20          -0.077129
193.40          -0.077442
193.60          -0.077758
193.80          -0.078076
194.00          -0.078396
194.20          -0.078719
194.40          -0.079043
194.60          -0.079371
194.80          -0.079700
195.00          -0.080032
195.20          -0.080367
195.40          -0.080704
195.60          -0.081044
195.80          -0.081386
196.00          -0.081730
196.20          -0.082078
196.40          -0.082428
196.60          -0.082781
196.80          -0.083136
197.00          -0.083495
197.20          -0.083856
197.40          -0.084220
197.60          -0.084587
197.80          -0.084957
198.00          -0.085330
198.20          -0.085706
198.40          -0.086085
198.60          -0.086467
198.80          -0.086853
199.00          -0.087241
199.20          -0.087634
199.40          -0.088029
199.60          -0.088428
199.80          -0.088830
200.00          -0.089236
200.20          -0.089645
200.40          -0.090058
200.60          -0.090474
200.80          -0.090895
201.00          -0.091319
201.20          -0.091747
201.40          -0.092178
201.60          -0.092614
201.80          -0.093054
202.00          -0.093498
202.20          -0.093946
202.40          -0.094399
202.60          -0.094856
202.80          -0.095317
203.00          -0.095783
203.20          -0.096253
203.40          -0.096728
203.60          -0.097208
203.80          -0.097692
204.00          -0.098182
204.20          -0.098676
204.40          -0.099175
204.60          -0.099680
204.80          -0.10019
205.00          -0.10071
205.20          -0.10123
205.40          -0.10175
205.60          -0.10228
205.80          -0.10282
206.00          -0.10337
206.20          -0.10392
206.40          -0.10447
206.60          -0.10503
206.80          -0.10560
207.00          -0.10618
207.20          -0.10676
207.40          -0.10735
207.60          -0.10794
207.80          -0.10854
208.00          -0.10915
208.20          -0.10977
208.40          -0.11039
208.60          -0.11103
208.80          -0.11167
209.00          -0.11231
209.20          -0.11297
209.40          -0.11363
209.60          -0.11430
209.80          -0.11499
210.00          -0.11568
210.20          -0.11637
210.40          -0.11708
210.60          -0.11780
210.80          -0.11853
211.00          -0.11927
211.20          -0.12001
211.40          -0.12077
211.60          -0.12154
211.80          -0.12232
212.00          -0.12311
212.20          -0.12391
212.40          -0.12472
212.60          -0.12555
212.80          -0.12639
213.00          -0.12724
213.20          -0.12810
213.40          -0.12897
213.60          -0.12986
213.80          -0.13076
214.00          -0.13168
214.20          -0.13261
214.40          -0.13356
214.60          -0.13452
214.80          -0.13549
215.00          -0.13649
215.20          -0.13750
215.40          -0.13852
215.60          -0.13956
215.80          -0.14062
216.00          -0.14170
216.20          -0.14280
216.40          -0.14391
216.60          -0.14505
216.80          -0.14620
217.00          -0.14738
217.20          -0.14858
217.40          -0.14979
217.60          -0.15103
217.80          -0.15230
218.00          -0.15359
218.20          -0.15490
218.40          -0.15623
218.60          -0.15759
218.80          -0.15898
219.00          -0.16040
219.20          -0.16184
219.40          -0.16331
219.60          -0.16481
219.80          -0.16634
220.00          -0.16790
220.20          -0.16949
220.40          -0.17112
220.60          -0.17278
220.80          -0.17447
221.00          -0.17620
221.20          -0.17797
221.40          -0.17977
221.60          -0.18161
221.80          -0.18349
222.00          -0.18541
222.20          -0.18738
222.40          -0.18938
222.60          -0.19143
222.80          -0.19353
223.00          -0.19567
223.20          -0.19786
223.40          -0.20010
223.60          -0.20239
223.80          -0.20473
224.00          -0.20712
224.20          -0.20957
224.40          -0.21207
224.60          -0.21463
224.80          -0.21725
225.00          -0.21993
