175.00          -0.030138
175.20          -0.030205
175.40          -0.030272
175.60          -0.030340
175.80          -0.030408
176.00          -0.030476
176.20          -0.030544
176.40          -0.030613
176.60          -0.030682
176.80          -0.030752
177.00          -0.030821
177.20          -0.030891
177.40          -0.030961
177.60          -0.031032
177.80          -0.031103
178.00          -0.031174
178.20          -0.031246
178.40          -0.031317
178.60          -0.031390
178.80          -0.031462
179.00          -0.031535
179.20          -0.031608
179.40          -0.031682
179.60          -0.031755
179.80          -0.031830
180.00          -0.031904
180.20          -0.031979
180.40          -0.032054
180.60          -0.032130
180.80          -0.032206
181.00          -0.032283
181.20          -0.032359
181.40          -0.032437
181.60          -0.032514
181.80          -0.032592
182.00          -0.032671
182.20          -0.032749
182.40          -0.032829
182.60          -0.032908
182.80          -0.032989
183.00          -0.033069
183.20          -0.033150
183.40          -0.033232
183.60          -0.033314
183.80          -0.033396
184.00          -0.033479
184.20          -0.033563
184.40          -0.033647
184.60          -0.033731
184.80          -0.033817
185.00          -0.033902
185.20          -0.033988
185.40          -0.034075
185.60          -0.034162
185.80          -0.034250
186.00          -0.034339
186.20          -0.034428
186.40          -0.034517
186.60          -0.034608
186.80          -0.034699
187.00          -0.034790
187.20          -0.034883
187.40          -0.034976
187.60          -0.035069
187.80          -0.035164
188.00          -0.035259
188.20          -0.035355
188.40          -0.035452
188.60          -0.035550
188.80          -0.035648
189.00          -0.035747
189.20          -0.035847
189.40          -0.035948
189.60          -0.036050
189.80          -0.036153
190.00          -0.036257
190.20          -0.036362
190.40          -0.036467
190.60          -0.036574
190.80          -0.036682
191.00          -0.036791
191.20          -0.036902
191.40          -0.037013
191.60          -0.037126
191.80          -0.037239
192.00          -0.037355
192.20          -0.037471
192.40          -0.037589
192.60          -0.037708
192.80          -0.037829
193.00          -0.037951
193.20          -0.038075
193.40          -0.038201
193.60          -0.038328
193.80          -0.038457
194.00          -0.038588
194.20          -0.038721
194.40          -0.038855
194.60          -0.038992
194.80          -0.039131
195.00          -0.039272
195.20          -0.039416
195.40          -0.039561
195.60          -0.039710
195.80          -0.039861
196.00          -0.040014
196.20          -0.040171
196.40          -0.040330
196.60          -0.040493
196.80          -0.040659
197.00          -0.040829
197.20          -0.041002
197.40          -0.041178
197.60          -0.041359
197.80          -0.041544
198.00          -0.041734
198.20          -0.041928
198.40          -0.042127
198.60          -0.042331
198.80          -0.042541
199.00          -0.042757
199.20          -0.042979
199.40          -0.043207
199.60          -0.043443
199.80          -0.043686
200.00          -0.043937
200.20          -0.044197
200.40          -0.044466
200.60          -0.044744
200.80          -0.045034
201.00          -0.045334
201.20          -0.045647
201.40          -0.045974
201.60          -0.046314
201.80          -0.046670
202.00          -0.047044
202.20          -0.047436
202.40          -0.047848
202.60          -0.048283
202.80          -0.048743
203.00          -0.049230
203.20          -0.049748
203.40          -0.050299
203.60          -0.050889
203.80          -0.051522
204.00          -0.052203
204.20          -0.052940
204.40          -0.053740
204.60          -0.054614
204.80          -0.055573
205.00          -0.056633
205.20          -0.057812
205.40          -0.059133
205.60          -0.060627
205.80          -0.062335
206.00          -0.064308
206.20          -0.066620
206.40          -0.069374
206.60          -0.072715
206.80          -0.076863
207.00          -0.082162
207.20          -0.089172
207.40          -0.098876
207.60          -0.11314
207.80          -0.13589
208.00          -0.17686
208.20          -0.26634
208.40          -0.54634
208.60          -2.7332
208.80          -2.7599
209.00          -0.34713
209.20          -0.13172
209.40          -0.080246
209.60          -0.063117
209.80          -0.056945
210.00          -0.055229
210.20          -0.055689
210.40          -0.057415
210.60          -0.060034
210.80          -0.063423
211.00          -0.067593
211.20          -0.072658
211.40          -0.078827
211.60          -0.086425
211.80          -0.095938
212.00          -0.10810
212.20          -0.12405
212.40          -0.14560
212.60          -0.17576
212.80          -0.21986
213.00          -0.28783
213.20          -0.39960
213.40          -0.59794
213.60          -0.97584
213.80          -1.6724
214.00          -2.3508
214.20          -1.8789
214.40          -1.0876
214.60          -0.63643
214.80          -0.40668
215.00          -0.28245
215.20          -0.20982
215.40          -0.16439
215.60          -0.13437
215.80          -0.11363
216.00          -0.098786
216.20          -0.087841
216.40          -0.079571
216.60          -0.073195
216.80          -0.068193
217.00          -0.064210
217.20          -0.061000
217.40          -0.058383
217.60          -0.056231
217.80          -0.054445
218.00          -0.052955
218.20          -0.051703
218.40          -0.050646
218.60          -0.049750
218.80          -0.048988
219.00          -0.048338
219.20          -0.047782
219.40          -0.047307
219.60          -0.046901
219.80          -0.046554
220.00          -0.046257
220.20          -0.046004
220.40          -0.045790
220.60          -0.045609
220.80          -0.045457
221.00          -0.045332
221.20          -0.045229
221.40          -0.045146
221.60          -0.045082
221.80          -0.045033
222.00          -0.044999
222.20          -0.044978
222.40          -0.044968
222.60          -0.044969
222.80          -0.044979
223.00          -0.044998
223.20          -0.045025
223.40          -0.045058
223.60          -0.045099
223.80          -0.045144
224.00          -0.045196
224.20          -0.045252
224.40          -0.045313
224.60          -0.045378
224.80          -0.045447
225.00          -0.045520
