175.00          -0.049225
175.20          -0.049436
175.40          -0.049650
175.60          -0.049868
175.80          -0.050089
176.00          -0.050315
176.20          -0.050545
176.40          -0.050780
176.60          -0.051020
176.80          -0.051264
177.00          -0.051514
177.20          -0.051770
177.40          -0.052032
177.60          -0.052299
177.80          -0.052574
178.00          -0.052855
178.20          -0.053144
178.40          -0.053441
178.60          -0.053746
178.80          -0.054060
179.00          -0.054384
179.20          -0.054718
179.40          -0.055062
179.60          -0.055418
179.80          -0.055787
180.00          -0.056169
180.20          -0.056565
180.40          -0.056977
180.60          -0.057405
180.80          -0.057851
181.00          -0.058316
181.20          -0.058802
181.40          -0.059311
181.60          -0.059845
181.80          -0.060405
182.00          -0.060995
182.20          -0.061617
182.40          -0.062274
182.60          -0.062969
182.80          -0.063707
183.00          -0.064492
183.20          -0.065330
183.40          -0.066225
183.60          -0.067185
183.80          -0.068217
184.00          -0.069330
184.20          -0.070534
184.40          -0.071841
184.60          -0.073266
184.80          -0.074824
185.00          -0.076536
185.20          -0.078424
185.40          -0.080516
185.60          -0.082847
185.80          -0.085457
186.00          -0.088397
186.20          -0.091729
186.40          -0.095532
186.60          -0.099905
186.80          -0.10497
187.00          -0.11090
187.20          -0.11791
187.40          -0.12628
187.60          -0.13641
187.80          -0.14883
188.00          -0.16433
188.20          -0.18403
188.40          -0.20960
188.60          -0.24366
188.80          -0.29042
189.00          -0.35701
189.20          -0.45611
189.40          -0.61173
189.60          -0.87216
189.80          -1.3381
190.00          -2.1963
190.20          -3.4819
190.40          -3.8197
190.60          -2.5702
190.80          -1.5105
191.00          -0.93212
191.20          -0.62143
191.40          -0.44384
191.60          -0.33529
191.80          -0.26500
192.00          -0.21727
192.20          -0.18356
192.40          -0.15899
192.60          -0.14058
192.80          -0.12649
193.00          -0.11548
193.20          -0.10675
193.40          -0.099725
193.60          -0.094001
193.80          -0.089288
194.00          -0.085372
194.20          -0.082090
194.40          -0.079319
194.60          -0.076966
194.80          -0.074957
195.00          -0.073232
195.20          -0.071744
195.40          -0.070457
195.60          -0.069341
195.80          -0.068368
196.00          -0.067520
196.20          -0.066780
196.40          -0.066132
196.60          -0.065564
196.80          -0.065068
197.00          -0.064633
197.20          -0.064253
197.40          -0.063922
197.60          -0.063633
197.80          -0.063382
198.00          -0.063166
198.20          -0.062980
198.40          -0.062822
198.60          -0.062688
198.80          -0.062577
199.00          -0.062486
199.20          -0.062413
199.40          -0.062357
199.60          -0.062316
199.80          -0.062290
200.00          -0.062276
200.20          -0.062275
200.40          -0.062284
200.60          -0.062304
200.80          -0.062333
201.00          -0.062371
201.20          -0.062418
201.40          -0.062472
201.60          -0.062534
201.80          -0.062604
202.00          -0.062681
202.20          -0.062764
202.40          -0.062855
202.60          -0.062953
202.80          -0.063058
203.00          -0.063171
203.20          -0.063292
203.40          -0.063422
203.60          -0.063563
203.80          -0.063717
204.00          -0.063885
204.20          -0.064072
204.40          -0.064285
204.60          -0.064531
204.80          -0.064828
205.00          -0.065200
205.20          -0.065700
205.40          -0.066432
205.60          -0.067659
205.80          -0.070197
206.00          -0.078038
206.20          -0.15728
206.40          -0.13460
206.60          -0.069289
206.80          -0.065247
207.00          -0.064509
207.20          -0.064393
207.40          -0.064453
207.60          -0.064574
207.80          -0.064717
208.00          -0.064868
208.20          -0.065022
208.40          -0.065177
208.60          -0.065330
208.80          -0.065482
209.00          -0.065632
209.20          -0.065781
209.40          -0.065929
209.60          -0.066076
209.80          -0.066222
210.00          -0.066367
210.20          -0.066512
210.40          -0.066655
210.60          -0.066799
210.80          -0.066942
211.00          -0.067084
211.20          -0.067226
211.40          -0.067368
211.60          -0.067510
211.80          -0.067651
212.00          -0.067792
212.20          -0.067933
212.40          -0.068073
212.60          -0.068214
212.80          -0.068354
213.00          -0.068495
213.20          -0.068635
213.40          -0.068775
213.60          -0.068915
213.80          -0.069055
214.00          -0.069195
214.20          -0.069334
214.40          -0.069474
214.60          -0.069614
214.80          -0.069753
215.00          -0.069893
215.20          -0.070032
215.40          -0.070171
215.60          -0.070310
215.80          -0.070449
216.00          -0.070588
216.20          -0.070727
216.40          -0.070866
216.60          -0.071005
216.80          -0.071143
217.00          -0.071282
217.20          -0.071420
217.40          -0.071559
217.60          -0.071697
217.80          -0.071835
218.00          -0.071974
218.20          -0.072112
218.40          -0.072249
218.60          -0.072387
218.80          -0.072525
219.00          -0.072663
219.20          -0.072800
219.40          -0.072937
219.60          -0.073075
219.80          -0.073212
220.00          -0.073349
220.20          -0.073486
220.40          -0.073622
220.60          -0.073759
220.80          -0.073896
221.00          -0.074032
221.20          -0.074168
221.40          -0.074305
221.60          -0.074441
221.80          -0.074577
222.00          -0.074712
222.20          -0.074848
222.40          -0.074984
222.60          -0.075119
222.80          -0.075254
223.00          -0.075389
223.20          -0.075524
223.40          -0.075659
223.60          -0.075794
223.80          -0.075929
224.00          -0.076063
224.20          -0.076197
224.40          -0.076332
224.60          -0.076466
224.80          -0.076600
225.00          -0.076734
