175.00          -0.067311
175.20          -0.067988
175.40          -0.068697
175.60          -0.069439
175.80          -0.070219
176.00          -0.071038
176.20          -0.071902
176.40          -0.072812
176.60          -0.073775
176.80          -0.074794
177.00          -0.075876
177.20          -0.077026
177.40          -0.078252
177.60          -0.079562
177.80          -0.080964
178.00          -0.082470
178.20          -0.084090
178.40          -0.085840
178.60          -0.087734
178.80          -0.089792
179.00          -0.092034
179.20          -0.094486
179.40          -0.097178
179.60          -0.10014
179.80          -0.10343
180.00          -0.10708
180.20          -0.11116
180.40          -0.11573
180.60          -0.12091
180.80          -0.12678
181.00          -0.13350
181.20          -0.14125
181.40          -0.15024
181.60          -0.16077
181.80          -0.17322
182.00          -0.18809
182.20          -0.20606
182.40          -0.22807
182.60          -0.25541
182.80          -0.28994
183.00          -0.33434
183.20          -0.39261
183.40          -0.47083
183.60          -0.57839
183.80          -0.72978
184.00          -0.94678
184.20          -1.2576
184.40          -1.6796
184.60          -2.1531
184.80          -2.4411
185.00          -2.2905
185.20          -1.8278
185.40          -1.3515
185.60          -0.98810
185.80          -0.73606
186.00          -0.56412
186.20          -0.44532
186.40          -0.36135
186.60          -0.30053
186.80          -0.25544
187.00          -0.22128
187.20          -0.19491
187.40          -0.17420
187.60          -0.15770
187.80          -0.14436
188.00          -0.13347
188.20          -0.12447
188.40          -0.11697
188.60          -0.11066
188.80          -0.10532
189.00          -0.10077
189.20          -0.096865
189.40          -0.093498
189.60          -0.090581
189.80          -0.088042
190.00          -0.085824
190.20          -0.083879
190.40          -0.082169
190.60          -0.080660
190.80          -0.079327
191.00          -0.078146
191.20          -0.077097
191.40          -0.076166
191.60          -0.075336
191.80          -0.074598
192.00          -0.073940
192.20          -0.073354
192.40          -0.072831
192.60          -0.072366
192.80          -0.071952
193.00          -0.071584
193.20          -0.071257
193.40          -0.070968
193.60          -0.070713
193.80          -0.070488
194.00          -0.070292
194.20          -0.070121
194.40          -0.069974
194.60          -0.069847
194.80          -0.069741
195.00          -0.069652
195.20          -0.069580
195.40          -0.069523
195.60          -0.069480
195.80          -0.069450
196.00          -0.069431
196.20          -0.069424
196.40          -0.069427
196.60          -0.069439
196.80          -0.069461
197.00          -0.069490
197.20          -0.069527
197.40          -0.069572
197.60          -0.069623
197.80          -0.069680
198.00          -0.069743
198.20          -0.069811
198.40          -0.069885
198.60          -0.069964
198.80          -0.070047
199.00          -0.070134
199.20          -0.070226
199.40          -0.070321
199.60          -0.070420
199.80          -0.070523
200.00          -0.070629
200.20          -0.070738
200.40          -0.070850
200.60          -0.070966
200.80          -0.071084
201.00          -0.071206
201.20          -0.071330
201.40          -0.071457
201.60          -0.071587
201.80          -0.071721
202.00          -0.071857
202.20          -0.071997
202.40          -0.072140
202.60          -0.072287
202.80          -0.072438
203.00          -0.072594
203.20          -0.072756
203.40          -0.072925
203.60          -0.073101
203.80          -0.073287
204.00          -0.073486
204.20          -0.073702
204.40          -0.073940
204.60          -0.074210
204.80          -0.074528
205.00          -0.074922
205.20          -0.075443
205.40          -0.076208
205.60          -0.077510
205.80          -0.080337
206.00          -0.090275
206.20          -0.29048
206.40          -0.10442
206.60          -0.077557
206.80          -0.075022
207.00          -0.074543
207.20          -0.074501
207.40          -0.074591
207.60          -0.074728
207.80          -0.074882
208.00          -0.075042
208.20          -0.075205
208.40          -0.075366
208.60          -0.075527
208.80          -0.075686
209.00          -0.075844
209.20          -0.076000
209.40          -0.076154
209.60          -0.076307
209.80          -0.076459
210.00          -0.076610
210.20          -0.076760
210.40          -0.076909
210.60          -0.077057
210.80          -0.077204
211.00          -0.077350
211.20          -0.077496
211.40          -0.077641
211.60          -0.077785
211.80          -0.077929
212.00          -0.078072
212.20          -0.078215
212.40          -0.078357
212.60          -0.078498
212.80          -0.078639
213.00          -0.078780
213.20          -0.078920
213.40          -0.079059
213.60          -0.079198
213.80          -0.079337
214.00          -0.079475
214.20          -0.079612
214.40          -0.079749
214.60          -0.079886
214.80          -0.080022
215.00          -0.080158
215.20          -0.080293
215.40          -0.080428
215.60          -0.080563
215.80          -0.080697
216.00          -0.080830
216.20          -0.080963
216.40          -0.081096
216.60          -0.081228
216.80          -0.081360
217.00          -0.081491
217.20          -0.081621
217.40          -0.081752
217.60          -0.081881
217.80          -0.082011
218.00          -0.082140
218.20          -0.082268
218.40          -0.082396
218.60          -0.082523
218.80          -0.082650
219.00          -0.082776
219.20          -0.082902
219.40          -0.083028
219.60          -0.083153
219.80          -0.083277
220.00          -0.083401
220.20          -0.083524
220.40          -0.083647
220.60          -0.083770
220.80          -0.083892
221.00          -0.084013
221.20          -0.084134
221.40          -0.084254
221.60          -0.084374
221.80          -0.084493
222.00          -0.084612
222.20          -0.084730
222.40          -0.084848
222.60          -0.084965
222.80          -0.085082
223.00          -0.085198
223.20          -0.085314
223.40          -0.085429
223.60          -0.085543
223.80          -0.085657
224.00          -0.085771
224.20          -0.085884
224.40          -0.085997
224.60          -0.086109
224.80          -0.086220
225.00          -0.086331
