175.00          -0.066655
175.20          -0.067161
175.40          -0.067676
175.60          -0.068202
175.80          -0.068740
176.00          -0.069288
176.20          -0.069849
176.40          -0.070422
176.60          -0.071007
176.80          -0.071606
177.00          -0.072218
177.20          -0.072845
177.40          -0.073486
177.60          -0.074143
177.80          -0.074816
178.00          -0.075505
178.20          -0.076212
178.40          -0.076937
178.60          -0.077680
178.80          -0.078443
179.00          -0.079226
179.20          -0.080031
179.40          -0.080858
179.60          -0.081707
179.80          -0.082582
180.00          -0.083481
180.20          -0.084407
180.40          -0.085361
180.60          -0.086343
180.80          -0.087356
181.00          -0.088401
181.20          -0.089480
181.40          -0.090593
181.60          -0.091743
181.80          -0.092932
182.00          -0.094162
182.20          -0.095435
182.40          -0.096753
182.60          -0.098118
182.80          -0.099534
183.00          -0.10100
183.20          -0.10253
183.40          -0.10411
183.60          -0.10576
183.80          -0.10747
184.00          -0.10925
184.20          -0.11111
184.40          -0.11304
184.60          -0.11506
184.80          -0.11717
185.00          -0.11937
185.20          -0.12168
185.40          -0.12409
185.60          -0.12661
185.80          -0.12926
186.00          -0.13204
186.20          -0.13496
186.40          -0.13803
186.60          -0.14125
186.80          -0.14465
187.00          -0.14824
187.20          -0.15202
187.40          -0.15601
187.60          -0.16023
187.80          -0.16470
188.00          -0.16944
188.20          -0.17446
188.40          -0.17979
188.60          -0.18546
188.80          -0.19148
189.00          -0.19789
189.20          -0.20473
189.40          -0.21202
189.60          -0.21980
189.80          -0.22811
190.00          -0.23700
190.20          -0.24650
190.40          -0.25666
190.60          -0.26754
190.80          -0.27917
191.00          -0.29161
191.20          -0.30490
191.40          -0.31909
191.60          -0.33421
191.80          -0.35027
192.00          -0.36730
192.20          -0.38526
192.40          -0.40412
192.60          -0.42376
192.80          -0.44407
193.00          -0.46482
193.20          -0.48573
193.40          -0.50645
193.60          -0.52651
193.80          -0.54539
194.00          -0.56248
194.20          -0.57714
194.40          -0.58872
194.60          -0.59662
194.80          -0.60036
195.00          -0.59962
195.20          -0.59430
195.40          -0.58450
195.60          -0.57056
195.80          -0.55299
196.00          -0.53246
196.20          -0.50968
196.40          -0.48538
196.60          -0.46024
196.80          -0.43486
197.00          -0.40976
197.20          -0.38533
197.40          -0.36185
197.60          -0.33955
197.80          -0.31854
198.00          -0.29888
198.20          -0.28058
198.40          -0.26364
198.60          -0.24799
198.80          -0.23359
199.00          -0.22034
199.20          -0.20818
199.40          -0.19703
199.60          -0.18680
199.80          -0.17743
200.00          -0.16883
200.20          -0.16095
200.40          -0.15372
200.60          -0.14709
200.80          -0.14100
201.00          -0.13540
201.20          -0.13025
201.40          -0.12551
201.60          -0.12114
201.80          -0.11711
202.00          -0.11340
202.20          -0.10997
202.40          -0.10680
202.60          -0.10387
202.80          -0.10116
203.00          -0.098647
203.20          -0.096318
203.40          -0.094160
203.60          -0.092156
203.80          -0.090296
204.00          -0.088569
204.20          -0.086963
204.40          -0.085470
204.60          -0.084081
204.80          -0.082789
205.00          -0.081587
205.20          -0.080467
205.40          -0.079425
205.60          -0.078454
205.80          -0.077551
206.00          -0.076709
206.20          -0.075925
206.40          -0.075195
206.60          -0.074516
206.80          -0.073884
207.00          -0.073296
207.20          -0.072749
207.40          -0.072241
207.60          -0.071770
207.80          -0.071332
208.00          -0.070926
208.20          -0.070551
208.40          -0.070204
208.60          -0.069883
208.80          -0.069588
209.00          -0.069316
209.20          -0.069067
209.40          -0.068838
209.60          -0.068630
209.80          -0.068440
210.00          -0.068269
210.20          -0.068114
210.40          -0.067975
210.60          -0.067851
210.80          -0.067742
211.00          -0.067646
211.20          -0.067563
211.40          -0.067492
211.60          -0.067434
211.80          -0.067386
212.00          -0.067349
212.20          -0.067322
212.40          -0.067305
212.60          -0.067297
212.80          -0.067298
213.00          -0.067307
213.20          -0.067325
213.40          -0.067350
213.60          -0.067383
213.80          -0.067423
214.00          -0.067470
214.20          -0.067523
214.40          -0.067583
214.60          -0.067649
214.80          -0.067721
215.00          -0.067799
215.20          -0.067883
215.40          -0.067972
215.60          -0.068066
215.80          -0.068166
216.00          -0.068272
216.20          -0.068382
216.40          -0.068498
216.60          -0.068618
216.80          -0.068744
217.00          -0.068876
217.20          -0.069012
217.40          -0.069154
217.60          -0.069302
217.80          -0.069455
218.00          -0.069615
218.20          -0.069782
218.40          -0.069955
218.60          -0.070136
218.80          -0.070325
219.00          -0.070524
219.20          -0.070733
219.40          -0.070954
219.60          -0.071188
219.80          -0.071439
220.00          -0.071710
220.20          -0.072003
220.40          -0.072326
220.60          -0.072686
220.80          -0.073094
221.00          -0.073565
221.20          -0.074124
221.40          -0.074807
221.60          -0.075676
221.80          -0.076839
222.00          -0.078504
222.20          -0.081114
222.40          -0.085795
222.60          -0.096226
222.80          -0.13184
223.00          -0.62034
223.20          -0.26806
223.40          -0.091765
223.60          -0.076510
223.80          -0.073003
224.00          -0.071961
224.20          -0.071682
224.40          -0.071690
224.60          -0.071821
224.80          -0.072005
225.00          -0.072214
