175.00          -0.064761
175.20          -0.067182
175.40          -0.069870
175.60          -0.072871
175.80          -0.076238
176.00          -0.080041
176.20          -0.084363
176.40          -0.089313
176.60          -0.095029
176.80          -0.10169
177.00          -0.10954
177.20          -0.11889
177.40          -0.13019
177.60          -0.14407
177.80          -0.16144
178.00          -0.18366
178.20          -0.21288
178.40          -0.25260
178.60          -0.30891
178.80          -0.39319
179.00          -0.52858
179.20          -0.76775
179.40          -1.2453
179.60          -2.3047
179.80          -3.8379
180.00          -2.4940
180.20          -0.99378
180.40          -0.43789
180.60          -0.23350
180.80          -0.16194
181.00          -0.16012
181.20          -0.22195
181.40          -0.38315
181.60          -0.72946
181.80          -1.2471
182.00          -1.3392
182.20          -0.93271
182.40          -0.59362
182.60          -0.39665
182.80          -0.28281
183.00          -0.21313
183.20          -0.16786
183.40          -0.13692
183.60          -0.11488
183.80          -0.098651
184.00          -0.086365
184.20          -0.076852
184.40          -0.069346
184.60          -0.063329
184.80          -0.058439
185.00          -0.054420
185.20          -0.051083
185.40          -0.048287
185.60          -0.045928
185.80          -0.043925
186.00          -0.042213
186.20          -0.040743
186.40          -0.039475
186.60          -0.038378
186.80          -0.037425
187.00          -0.036596
187.20          -0.035872
187.40          -0.035239
187.60          -0.034686
187.80          -0.034201
188.00          -0.033776
188.20          -0.033405
188.40          -0.033079
188.60          -0.032795
188.80          -0.032548
189.00          -0.032332
189.20          -0.032146
189.40          -0.031986
189.60          -0.031849
189.80          -0.031733
190.00          -0.031636
190.20          -0.031556
190.40          -0.031491
190.60          -0.031441
190.80          -0.031403
191.00          -0.031377
191.20          -0.031361
191.40          -0.031356
191.60          -0.031359
191.80          -0.031370
192.00          -0.031390
192.20          -0.031416
192.40          -0.031448
192.60          -0.031487
192.80          -0.031531
193.00          -0.031581
193.20          -0.031635
193.40          -0.031694
193.60          -0.031757
193.80          -0.031824
194.00          -0.031895
194.20          -0.031969
194.40          -0.032047
194.60          -0.032128
194.80          -0.032212
195.00          -0.032298
195.20          -0.032388
195.40          -0.032480
195.60          -0.032575
195.80          -0.032672
196.00          -0.032771
196.20          -0.032873
196.40          -0.032976
196.60          -0.033082
196.80          -0.033190
197.00          -0.033301
197.20          -0.033413
197.40          -0.033527
197.60          -0.033643
197.80          -0.033762
198.00          -0.033882
198.20          -0.034004
198.40          -0.034129
198.60          -0.034255
198.80          -0.034384
199.00          -0.034515
199.20          -0.034648
199.40          -0.034783
199.60          -0.034921
199.80          -0.035061
200.00          -0.035204
200.20          -0.035349
200.40          -0.035497
200.60          -0.035648
200.80          -0.035803
201.00          -0.035961
201.20          -0.036122
201.40          -0.036288
201.60          -0.036457
201.80          -0.036632
202.00          -0.036811
202.20          -0.036997
202.40          -0.037188
202.60          -0.037387
202.80          -0.037595
203.00          -0.037812
203.20          -0.038040
203.40          -0.038282
203.60          -0.038543
203.80          -0.038826
204.00          -0.039143
204.20          -0.039510
204.40          -0.039963
204.60          -0.040593
204.80          -0.041692
205.00          -0.044768
205.20          -0.079158
205.40          -0.065164
205.60          -0.043989
205.80          -0.042642
206.00          -0.042703
206.20          -0.043130
206.40          -0.043746
206.60          -0.044524
206.80          -0.045486
207.00          -0.046684
207.20          -0.048215
207.40          -0.050239
207.60          -0.053042
207.80          -0.057176
208.00          -0.063820
208.20          -0.075929
208.40          -0.10282
208.60          -0.18645
208.80          -0.51498
209.00          -0.21011
209.20          -0.071317
209.40          -0.046112
209.60          -0.039191
209.80          -0.036899
210.00          -0.036150
210.20          -0.036004
210.40          -0.036117
210.60          -0.036345
210.80          -0.036623
211.00          -0.036922
211.20          -0.037225
211.40          -0.037525
211.60          -0.037819
211.80          -0.038106
212.00          -0.038384
212.20          -0.038655
212.40          -0.038918
212.60          -0.039174
212.80          -0.039423
213.00          -0.039667
213.20          -0.039906
213.40          -0.040140
213.60          -0.040370
213.80          -0.040597
214.00          -0.040820
214.20          -0.041040
214.40          -0.041258
214.60          -0.041474
214.80          -0.041688
215.00          -0.041900
215.20          -0.042111
215.40          -0.042320
215.60          -0.042529
215.80          -0.042737
216.00          -0.042944
216.20          -0.043151
216.40          -0.043357
216.60          -0.043564
216.80          -0.043770
217.00          -0.043977
217.20          -0.044184
217.40          -0.044391
217.60          -0.044598
217.80          -0.044807
218.00          -0.045016
218.20          -0.045225
218.40          -0.045436
218.60          -0.045648
218.80          -0.045860
219.00          -0.046074
219.20          -0.046289
219.40          -0.046506
219.60          -0.046724
219.80          -0.046943
220.00          -0.047165
220.20          -0.047388
220.40          -0.047612
220.60          -0.047839
220.80          -0.048068
221.00          -0.048299
221.20          -0.048532
221.40          -0.048767
221.60          -0.049005
221.80          -0.049246
222.00          -0.049489
222.20          -0.049735
222.40          -0.049984
222.60          -0.050236
222.80          -0.050491
223.00          -0.050750
223.20          -0.051012
223.40          -0.051278
223.60          -0.051548
223.80          -0.051822
224.00          -0.052099
224.20          -0.052382
224.40          -0.052669
224.60          -0.052960
224.80          -0.053257
225.00          -0.053559
