175.00          -0.050582
175.20          -0.050769
175.40          -0.050959
175.60          -0.051153
175.80          -0.051350
176.00          -0.051551
176.20          -0.051755
176.40          -0.051962
176.60          -0.052173
176.80          -0.052387
177.00          -0.052605
177.20          -0.052826
177.40          -0.053050
177.60          -0.053277
177.80          -0.053508
178.00          -0.053742
178.20          -0.053980
178.40          -0.054220
178.60          -0.054464
178.80          -0.054711
179.00          -0.054961
179.20          -0.055215
179.40          -0.055472
179.60          -0.055731
179.80          -0.055994
180.00          -0.056261
180.20          -0.056530
180.40          -0.056802
180.60          -0.057078
180.80          -0.057357
181.00          -0.057638
181.20          -0.057923
181.40          -0.058211
181.60          -0.058502
181.80          -0.058796
182.00          -0.059093
182.20          -0.059393
182.40          -0.059696
182.60          -0.060002
182.80          -0.060311
183.00          -0.060623
183.20          -0.060938
183.40          -0.061256
183.60          -0.061577
183.80          -0.061901
184.00          -0.062228
184.20          -0.062557
184.40          -0.062890
184.60          -0.063226
184.80          -0.063564
185.00          -0.063905
185.20          -0.064249
185.40          -0.064596
185.60          -0.064946
185.80          -0.065298
186.00          -0.065654
186.20          -0.066012
186.40          -0.066373
186.60          -0.066736
186.80          -0.067102
187.00          -0.067471
187.20          -0.067843
187.40          -0.068218
187.60          -0.068595
187.80          -0.068974
188.00          -0.069357
188.20          -0.069742
188.40          -0.070129
188.60          -0.070519
188.80          -0.070912
189.00          -0.071307
189.20          -0.071705
189.40          -0.072105
189.60          -0.072507
189.80          -0.072912
190.00          -0.073319
190.20          -0.073729
190.40          -0.074141
190.60          -0.074556
190.80          -0.074972
191.00          -0.075391
191.20          -0.075812
191.40          -0.076236
191.60          -0.076661
191.80          -0.077089
192.00          -0.077518
192.20          -0.077950
192.40          -0.078384
192.60          -0.078820
192.80          -0.079258
193.00          -0.079697
193.20          -0.080139
193.40          -0.080582
193.60          -0.081028
193.80          -0.081474
194.00          -0.081923
194.20          -0.082374
194.40          -0.082826
194.60          -0.083279
194.80          -0.083734
195.00          -0.084191
195.20          -0.084649
195.40          -0.085108
195.60          -0.085569
195.80          -0.086031
196.00          -0.086495
196.20          -0.086959
196.40          -0.087425
196.60          -0.087892
196.80          -0.088360
197.00          -0.088828
197.20          -0.089298
197.40          -0.089769
197.60          -0.090240
197.80          -0.090712
198.00          -0.091185
198.20          -0.091659
198.40          -0.092133
198.60          -0.092607
198.80          -0.093083
199.00          -0.093558
199.20          -0.094034
199.40          -0.094510
199.60          -0.094987
199.80          -0.095464
200.00          -0.095941
200.20          -0.096418
200.40          -0.096895
200.60          -0.097372
200.80          -0.097850
201.00          -0.098327
201.20          -0.098805
201.40          -0.099282
201.60          -0.099760
201.80          -0.10024
202.00          -0.10072
202.20          -0.10119
202.40          -0.10167
202.60          -0.10215
202.80          -0.10263
203.00          -0.10312
203.20          -0.10360
203.40          -0.10409
203.60          -0.10458
203.80          -0.10508
204.00          -0.10559
204.20          -0.10611
204.40          -0.10665
204.60          -0.10722
204.80          -0.10783
205.00          -0.10854
205.20          -0.10940
205.40          -0.11060
205.60          -0.11267
205.80          -0.11791
206.00          -0.14932
206.20          -0.57605
206.40          -0.12479
206.60          -0.11459
206.80          -0.11278
207.00          -0.11241
207.20          -0.11248
207.40          -0.11271
207.60          -0.11301
207.80          -0.11335
208.00          -0.11372
208.20          -0.11409
208.40          -0.11447
208.60          -0.11485
208.80          -0.11523
209.00          -0.11561
209.20          -0.11599
209.40          -0.11636
209.60          -0.11674
209.80          -0.11711
210.00          -0.11747
210.20          -0.11783
210.40          -0.11819
210.60          -0.11855
210.80          -0.11890
211.00          -0.11925
211.20          -0.11959
211.40          -0.11993
211.60          -0.12027
211.80          -0.12060
212.00          -0.12093
212.20          -0.12125
212.40          -0.12157
212.60          -0.12189
212.80          -0.12220
213.00          -0.12251
213.20          -0.12281
213.40          -0.12311
213.60          -0.12341
213.80          -0.12370
214.00          -0.12399
214.20          -0.12428
214.40          -0.12456
214.60          -0.12484
214.80          -0.12511
215.00          -0.12539
215.20          -0.12566
215.40          -0.12592
215.60          -0.12619
215.80          -0.12645
216.00          -0.12671
216.20          -0.12697
216.40          -0.12722
216.60          -0.12748
216.80          -0.12773
217.00          -0.12798
217.20          -0.12823
217.40          -0.12848
217.60          -0.12873
217.80          -0.12898
218.00          -0.12923
218.20          -0.12948
218.40          -0.12973
218.60          -0.12999
218.80          -0.13024
219.00          -0.13050
219.20          -0.13076
219.40          -0.13102
219.60          -0.13129
219.80          -0.13157
220.00          -0.13184
220.20          -0.13213
220.40          -0.13242
220.60          -0.13272
220.80          -0.13303
221.00          -0.13335
221.20          -0.13368
221.40          -0.13402
221.60          -0.13438
221.80          -0.13475
222.00          -0.13514
222.20          -0.13555
222.40          -0.13597
222.60          -0.13642
222.80          -0.13690
223.00          -0.13740
223.20          -0.13793
223.40          -0.13850
223.60          -0.13911
223.80          -0.13975
224.00          -0.14045
224.20          -0.14120
224.40          -0.14201
224.60          -0.14289
224.80          -0.14385
225.00          -0.14490
