175.00          -0.012041
175.20          -0.012049
175.40          -0.012057
175.60          -0.012065
175.80          -0.012073
176.00          -0.012081
176.20          -0.012089
176.40          -0.012097
176.60          -0.012106
176.80          -0.012114
177.00          -0.012122
177.20          -0.012130
177.40          -0.012138
177.60          -0.012147
177.80          -0.012155
178.00          -0.012163
178.20          -0.012172
178.40          -0.012180
178.60          -0.012188
178.80          -0.012197
179.00          -0.012205
179.20          -0.012214
179.40          -0.012222
179.60          -0.012231
179.80          -0.012239
180.00          -0.012248
180.20          -0.012256
180.40          -0.012265
180.60          -0.012274
180.80          -0.012282
181.00          -0.012291
181.20          -0.012300
181.40          -0.012308
181.60          -0.012317
181.80          -0.012326
182.00          -0.012335
182.20          -0.012344
182.40          -0.012353
182.60          -0.012362
182.80          -0.012371
183.00          -0.012380
183.20          -0.012389
183.40          -0.012398
183.60          -0.012407
183.80          -0.012416
184.00          -0.012425
184.20          -0.012434
184.40          -0.012443
184.60          -0.012453
184.80          -0.012462
185.00          -0.012471
185.20          -0.012481
185.40          -0.012490
185.60          -0.012499
185.80          -0.012509
186.00          -0.012518
186.20          -0.012528
186.40          -0.012538
186.60          -0.012547
186.80          -0.012557
187.00          -0.012567
187.20          -0.012576
187.40          -0.012586
187.60          -0.012596
187.80          -0.012606
188.00          -0.012616
188.20          -0.012626
188.40          -0.012636
188.60          -0.012646
188.80          -0.012656
189.00          -0.012666
189.20          -0.012676
189.40          -0.012687
189.60          -0.012697
189.80          -0.012707
190.00          -0.012718
190.20          -0.012728
190.40          -0.012739
190.60          -0.012749
190.80          -0.012760
191.00          -0.012771
191.20          -0.012782
191.40          -0.012792
191.60          -0.012803
191.80          -0.012814
192.00          -0.012825
192.20          -0.012836
192.40          -0.012848
192.60          -0.012859
192.80          -0.012870
193.00          -0.012882
193.20          -0.012893
193.40          -0.012905
193.60          -0.012916
193.80          -0.012928
194.00          -0.012940
194.20          -0.012951
194.40          -0.012963
194.60          -0.012975
194.80          -0.012988
195.00          -0.013000
195.20          -0.013012
195.40          -0.013025
195.60          -0.013037
195.80          -0.013050
196.00          -0.013062
196.20          -0.013075
196.40          -0.013088
196.60          -0.013101
196.80          -0.013114
197.00          -0.013128
197.20          -0.013141
197.40          -0.013155
197.60          -0.013168
197.80          -0.013182
198.00          -0.013196
198.20          -0.013210
198.40          -0.013225
198.60          -0.013239
198.80          -0.013254
199.00          -0.013269
199.20          -0.013284
199.40          -0.013299
199.60          -0.013314
199.80          -0.013330
200.00          -0.013345
200.20          -0.013361
200.40          -0.013378
200.60          -0.013394
200.80          -0.013411
201.00          -0.013428
201.20          -0.013445
201.40          -0.013462
201.60          -0.013480
201.80          -0.013498
202.00          -0.013517
202.20          -0.013536
202.40          -0.013555
202.60          -0.013575
202.80          -0.013595
203.00          -0.013616
203.20          -0.013637
203.40          -0.013659
203.60          -0.013681
203.80          -0.013705
204.00          -0.013729
204.20          -0.013755
204.40          -0.013782
204.60          -0.013812
204.80          -0.013844
205.00          -0.013881
205.20          -0.013924
205.40          -0.013981
205.60          -0.014068
205.80          -0.014241
206.00          -0.014891
206.20          -0.069834
206.40          -0.014388
206.60          -0.014011
206.80          -0.013998
207.00          -0.014022
207.20          -0.014055
207.40          -0.014090
207.60          -0.014126
207.80          -0.014163
208.00          -0.014200
208.20          -0.014239
208.40          -0.014278
208.60          -0.014319
208.80          -0.014360
209.00          -0.014404
209.20          -0.014448
209.40          -0.014495
209.60          -0.014543
209.80          -0.014593
210.00          -0.014645
210.20          -0.014700
210.40          -0.014757
210.60          -0.014817
210.80          -0.014881
211.00          -0.014947
211.20          -0.015017
211.40          -0.015091
211.60          -0.015170
211.80          -0.015253
212.00          -0.015342
212.20          -0.015437
212.40          -0.015538
212.60          -0.015646
212.80          -0.015763
213.00          -0.015888
213.20          -0.016024
213.40          -0.016171
213.60          -0.016332
213.80          -0.016507
214.00          -0.016699
214.20          -0.016911
214.40          -0.017146
214.60          -0.017406
214.80          -0.017697
215.00          -0.018025
215.20          -0.018395
215.40          -0.018817
215.60          -0.019301
215.80          -0.019861
216.00          -0.020515
216.20          -0.021286
216.40          -0.022206
216.60          -0.023318
216.80          -0.024683
217.00          -0.026386
217.20          -0.028554
217.40          -0.031383
217.60          -0.035181
217.80          -0.040462
218.00          -0.048142
218.20          -0.059977
218.40          -0.079699
218.60          -0.11646
218.80          -0.19794
219.00          -0.44286
219.20          -1.8764
219.40          -6.3956
219.60          -0.73995
219.80          -0.24728
220.00          -0.12412
220.20          -0.076619
220.40          -0.053695
220.60          -0.041005
220.80          -0.033300
221.00          -0.028300
221.20          -0.024889
221.40          -0.022469
221.60          -0.020699
221.80          -0.019370
222.00          -0.018350
222.20          -0.017555
222.40          -0.016925
222.60          -0.016420
222.80          -0.016010
223.00          -0.015674
223.20          -0.015397
223.40          -0.015167
223.60          -0.014974
223.80          -0.014812
224.00          -0.014675
224.20          -0.014559
224.40          -0.014461
224.60          -0.014377
224.80          -0.014306
225.00          -0.014245
