175.00          -0.036376
175.20          -0.036232
175.40          -0.036093
175.60          -0.035959
175.80          -0.035830
176.00          -0.035706
176.20          -0.035587
176.40          -0.035472
176.60          -0.035362
176.80          -0.035257
177.00          -0.035156
177.20          -0.035059
177.40          -0.034966
177.60          -0.034878
177.80          -0.034794
178.00          -0.034713
178.20          -0.034637
178.40          -0.034564
178.60          -0.034496
178.80          -0.034431
179.00          -0.034369
179.20          -0.034312
179.40          -0.034257
179.60          -0.034207
179.80          -0.034159
180.00          -0.034115
180.20          -0.034075
180.40          -0.034037
180.60          -0.034003
180.80          -0.033972
181.00          -0.033944
181.20          -0.033919
181.40          -0.033897
181.60          -0.033879
181.80          -0.033863
182.00          -0.033850
182.20          -0.033840
182.40          -0.033832
182.60          -0.033828
182.80          -0.033826
183.00          -0.033827
183.20          -0.033831
183.40          -0.033837
183.60          -0.033846
183.80          -0.033857
184.00          -0.033872
184.20          -0.033888
184.40          -0.033907
184.60          -0.033929
184.80          -0.033953
185.00          -0.033980
185.20          -0.034009
185.40          -0.034040
185.60          -0.034074
185.80          -0.034110
186.00          -0.034148
186.20          -0.034189
186.40          -0.034232
186.60          -0.034277
186.80          -0.034325
187.00          -0.034374
187.20          -0.034426
187.40          -0.034481
187.60          -0.034537
187.80          -0.034595
188.00          -0.034656
188.20          -0.034719
188.40          -0.034784
188.60          -0.034851
188.80          -0.034920
189.00          -0.034991
189.20          -0.035065
189.40          -0.035140
189.60          -0.035218
189.80          -0.035297
190.00          -0.035379
190.20          -0.035463
190.40          -0.035548
190.60          -0.035636
190.80          -0.035726
191.00          -0.035817
191.20          -0.035911
191.40          -0.036007
191.60          -0.036104
191.80          -0.036204
192.00          -0.036306
192.20          -0.036409
192.40          -0.036515
192.60          -0.036622
192.80          -0.036732
193.00          -0.036843
193.20          -0.036956
193.40          -0.037072
193.60          -0.037189
193.80          -0.037308
194.00          -0.037429
194.20          -0.037552
194.40          -0.037677
194.60          -0.037804
194.80          -0.037932
195.00          -0.038063
195.20          -0.038196
195.40          -0.038330
195.60          -0.038466
195.80          -0.038605
196.00          -0.038745
196.20          -0.038887
196.40          -0.039031
196.60          -0.039177
196.80          -0.039325
197.00          -0.039474
197.20          -0.039626
197.40          -0.039780
197.60          -0.039935
197.80          -0.040092
198.00          -0.040252
198.20          -0.040413
198.40          -0.040576
198.60          -0.040741
198.80          -0.040908
199.00          -0.041077
199.20          -0.041247
199.40          -0.041420
199.60          -0.041595
199.80          -0.041771
200.00          -0.041950
200.20          -0.042130
200.40          -0.042312
200.60          -0.042497
200.80          -0.042683
201.00          -0.042871
201.20          -0.043062
201.40          -0.043254
201.60          -0.043448
201.80          -0.043645
202.00          -0.043843
202.20          -0.044044
202.40          -0.044247
202.60          -0.044452
202.80          -0.044659
203.00          -0.044869
203.20          -0.045082
203.40          -0.045297
203.60          -0.045515
203.80          -0.045737
204.00          -0.045962
204.20          -0.046192
204.40          -0.046428
204.60          -0.046670
204.80          -0.046923
205.00          -0.047190
205.20          -0.047481
205.40          -0.047818
205.60          -0.048254
205.80          -0.048986
206.00          -0.051307
206.20          -0.18653
206.40          -0.050806
206.60          -0.048986
206.80          -0.048977
207.00          -0.049164
207.20          -0.049395
207.40          -0.049640
207.60          -0.049889
207.80          -0.050142
208.00          -0.050396
208.20          -0.050651
208.40          -0.050907
208.60          -0.051164
208.80          -0.051423
209.00          -0.051682
209.20          -0.051943
209.40          -0.052205
209.60          -0.052468
209.80          -0.052732
210.00          -0.052998
210.20          -0.053264
210.40          -0.053533
210.60          -0.053802
210.80          -0.054072
211.00          -0.054344
211.20          -0.054617
211.40          -0.054891
211.60          -0.055167
211.80          -0.055443
212.00          -0.055721
212.20          -0.056000
212.40          -0.056280
212.60          -0.056561
212.80          -0.056843
213.00          -0.057126
213.20          -0.057411
213.40          -0.057696
213.60          -0.057982
213.80          -0.058270
214.00          -0.058558
214.20          -0.058847
214.40          -0.059137
214.60          -0.059428
214.80          -0.059720
215.00          -0.060012
215.20          -0.060305
215.40          -0.060599
215.60          -0.060894
215.80          -0.061189
216.00          -0.061485
216.20          -0.061781
216.40          -0.062078
216.60          -0.062375
216.80          -0.062673
217.00          -0.062972
217.20          -0.063270
217.40          -0.063569
217.60          -0.063869
217.80          -0.064168
218.00          -0.064468
218.20          -0.064768
218.40          -0.065068
218.60          -0.065368
218.80          -0.065668
219.00          -0.065968
219.20          -0.066268
219.40          -0.066567
219.60          -0.066867
219.80          -0.067166
220.00          -0.067465
220.20          -0.067763
220.40          -0.068062
220.60          -0.068359
220.80          -0.068656
221.00          -0.068952
221.20          -0.069247
221.40          -0.069542
221.60          -0.069836
221.80          -0.070128
222.00          -0.070419
222.20          -0.070710
222.40          -0.070998
222.60          -0.071285
222.80          -0.071571
223.00          -0.071855
223.20          -0.072137
223.40          -0.072416
223.60          -0.072694
223.80          -0.072969
224.00          -0.073241
224.20          -0.073511
224.40          -0.073777
224.60          -0.074040
224.80          -0.074299
225.00          -0.074555
