175.00          -0.035808
175.20          -0.035690
175.40          -0.035577
175.60          -0.035468
175.80          -0.035364
176.00          -0.035264
176.20          -0.035168
176.40          -0.035077
176.60          -0.034990
176.80          -0.034906
177.00          -0.034827
177.20          -0.034752
177.40          -0.034681
177.60          -0.034614
177.80          -0.034550
178.00          -0.034490
178.20          -0.034434
178.40          -0.034381
178.60          -0.034332
178.80          -0.034286
179.00          -0.034243
179.20          -0.034204
179.40          -0.034168
179.60          -0.034136
179.80          -0.034107
180.00          -0.034080
180.20          -0.034057
180.40          -0.034037
180.60          -0.034020
180.80          -0.034006
181.00          -0.033995
181.20          -0.033987
181.40          -0.033982
181.60          -0.033980
181.80          -0.033980
182.00          -0.033983
182.20          -0.033989
182.40          -0.033998
182.60          -0.034009
182.80          -0.034023
183.00          -0.034040
183.20          -0.034059
183.40          -0.034081
183.60          -0.034105
183.80          -0.034132
184.00          -0.034161
184.20          -0.034193
184.40          -0.034227
184.60          -0.034264
184.80          -0.034303
185.00          -0.034344
185.20          -0.034388
185.40          -0.034435
185.60          -0.034483
185.80          -0.034534
186.00          -0.034588
186.20          -0.034643
186.40          -0.034701
186.60          -0.034761
186.80          -0.034823
187.00          -0.034888
187.20          -0.034955
187.40          -0.035024
187.60          -0.035095
187.80          -0.035169
188.00          -0.035244
188.20          -0.035322
188.40          -0.035402
188.60          -0.035485
188.80          -0.035569
189.00          -0.035655
189.20          -0.035744
189.40          -0.035835
189.60          -0.035928
189.80          -0.036023
190.00          -0.036120
190.20          -0.036219
190.40          -0.036321
190.60          -0.036424
190.80          -0.036530
191.00          -0.036637
191.20          -0.036747
191.40          -0.036859
191.60          -0.036973
191.80          -0.037089
192.00          -0.037207
192.20          -0.037327
192.40          -0.037450
192.60          -0.037574
192.80          -0.037700
193.00          -0.037829
193.20          -0.037959
193.40          -0.038092
193.60          -0.038227
193.80          -0.038364
194.00          -0.038502
194.20          -0.038643
194.40          -0.038786
194.60          -0.038932
194.80          -0.039079
195.00          -0.039228
195.20          -0.039379
195.40          -0.039533
195.60          -0.039689
195.80          -0.039846
196.00          -0.040006
196.20          -0.040168
196.40          -0.040332
196.60          -0.040498
196.80          -0.040666
197.00          -0.040836
197.20          -0.041009
197.40          -0.041183
197.60          -0.041360
197.80          -0.041539
198.00          -0.041719
198.20          -0.041903
198.40          -0.042088
198.60          -0.042275
198.80          -0.042465
199.00          -0.042656
199.20          -0.042850
199.40          -0.043046
199.60          -0.043244
199.80          -0.043445
200.00          -0.043647
200.20          -0.043852
200.40          -0.044059
200.60          -0.044268
200.80          -0.044480
201.00          -0.044694
201.20          -0.044910
201.40          -0.045128
201.60          -0.045349
201.80          -0.045572
202.00          -0.045798
202.20          -0.046026
202.40          -0.046256
202.60          -0.046489
202.80          -0.046725
203.00          -0.046963
203.20          -0.047205
203.40          -0.047449
203.60          -0.047697
203.80          -0.047948
204.00          -0.048203
204.20          -0.048463
204.40          -0.048729
204.60          -0.049002
204.80          -0.049284
205.00          -0.049581
205.20          -0.049901
205.40          -0.050264
205.60          -0.050721
205.80          -0.051457
206.00          -0.053691
206.20          -0.18184
206.40          -0.053349
206.60          -0.051669
206.80          -0.051707
207.00          -0.051931
207.20          -0.052199
207.40          -0.052481
207.60          -0.052768
207.80          -0.053058
208.00          -0.053351
208.20          -0.053645
208.40          -0.053941
208.60          -0.054239
208.80          -0.054538
209.00          -0.054839
209.20          -0.055142
209.40          -0.055447
209.60          -0.055753
209.80          -0.056061
210.00          -0.056371
210.20          -0.056683
210.40          -0.056997
210.60          -0.057313
210.80          -0.057630
211.00          -0.057949
211.20          -0.058271
211.40          -0.058594
211.60          -0.058919
211.80          -0.059245
212.00          -0.059574
212.20          -0.059905
212.40          -0.060237
212.60          -0.060572
212.80          -0.060908
213.00          -0.061246
213.20          -0.061586
213.40          -0.061927
213.60          -0.062271
213.80          -0.062616
214.00          -0.062963
214.20          -0.063312
214.40          -0.063663
214.60          -0.064016
214.80          -0.064370
215.00          -0.064726
215.20          -0.065084
215.40          -0.065444
215.60          -0.065805
215.80          -0.066168
216.00          -0.066533
216.20          -0.066900
216.40          -0.067269
216.60          -0.067639
216.80          -0.068011
217.00          -0.068385
217.20          -0.068760
217.40          -0.069138
217.60          -0.069517
217.80          -0.069898
218.00          -0.070280
218.20          -0.070665
218.40          -0.071051
218.60          -0.071439
218.80          -0.071829
219.00          -0.072221
219.20          -0.072615
219.40          -0.073011
219.60          -0.073409
219.80          -0.073808
220.00          -0.074210
220.20          -0.074614
220.40          -0.075020
220.60          -0.075427
220.80          -0.075837
221.00          -0.076250
221.20          -0.076664
221.40          -0.077081
221.60          -0.077500
221.80          -0.077922
222.00          -0.078346
222.20          -0.078773
222.40          -0.079202
222.60          -0.079634
222.80          -0.080069
223.00          -0.080506
223.20          -0.080946
223.40          -0.081390
223.60          -0.081836
223.80          -0.082286
224.00          -0.082739
224.20          -0.083195
224.40          -0.083655
224.60          -0.084119
224.80          -0.084586
225.00          -0.085058
