175.00          -0.040013
175.20          -0.040590
175.40          -0.041188
175.60          -0.041808
175.80          -0.042451
176.00          -0.043119
176.20          -0.043812
176.40          -0.044532
176.60          -0.045281
176.80          -0.046060
177.00          -0.046871
177.20          -0.047716
177.40          -0.048596
177.60          -0.049515
177.80          -0.050473
178.00          -0.051474
178.20          -0.052520
178.40          -0.053614
178.60          -0.054760
178.80          -0.055960
179.00          -0.057218
179.20          -0.058537
179.40          -0.059923
179.60          -0.061380
179.80          -0.062912
180.00          -0.064525
180.20          -0.066225
180.40          -0.068018
180.60          -0.069912
180.80          -0.071913
181.00          -0.074030
181.20          -0.076273
181.40          -0.078651
181.60          -0.081175
181.80          -0.083858
182.00          -0.086711
182.20          -0.089751
182.40          -0.092993
182.60          -0.096455
182.80          -0.10016
183.00          -0.10412
183.20          -0.10837
183.40          -0.11292
183.60          -0.11782
183.80          -0.12309
184.00          -0.12877
184.20          -0.13490
184.40          -0.14151
184.60          -0.14867
184.80          -0.15641
185.00          -0.16480
185.20          -0.17390
185.40          -0.18377
185.60          -0.19449
185.80          -0.20611
186.00          -0.21873
186.20          -0.23240
186.40          -0.24719
186.60          -0.26317
186.80          -0.28035
187.00          -0.29874
187.20          -0.31832
187.40          -0.33897
187.60          -0.36051
187.80          -0.38267
188.00          -0.40505
188.20          -0.42712
188.40          -0.44819
188.60          -0.46748
188.80          -0.48411
189.00          -0.49721
189.20          -0.50596
189.40          -0.50975
189.60          -0.50822
189.80          -0.50138
190.00          -0.48954
190.20          -0.47333
190.40          -0.45358
190.60          -0.43122
190.80          -0.40720
191.00          -0.38236
191.20          -0.35744
191.40          -0.33300
191.60          -0.30949
191.80          -0.28717
192.00          -0.26624
192.20          -0.24676
192.40          -0.22875
192.60          -0.21219
192.80          -0.19702
193.00          -0.18314
193.20          -0.17048
193.40          -0.15894
193.60          -0.14842
193.80          -0.13883
194.00          -0.13008
194.20          -0.12210
194.40          -0.11482
194.60          -0.10816
194.80          -0.10207
195.00          -0.096489
195.20          -0.091370
195.40          -0.086669
195.60          -0.082346
195.80          -0.078366
196.00          -0.074695
196.20          -0.071307
196.40          -0.068174
196.60          -0.065275
196.80          -0.062587
197.00          -0.060094
197.20          -0.057777
197.40          -0.055622
197.60          -0.053615
197.80          -0.051744
198.00          -0.049998
198.20          -0.048367
198.40          -0.046841
198.60          -0.045413
198.80          -0.044075
199.00          -0.042821
199.20          -0.041643
199.40          -0.040536
199.60          -0.039495
199.80          -0.038516
200.00          -0.037594
200.20          -0.036725
200.40          -0.035905
200.60          -0.035131
200.80          -0.034401
201.00          -0.033711
201.20          -0.033058
201.40          -0.032440
201.60          -0.031856
201.80          -0.031302
202.00          -0.030778
202.20          -0.030281
202.40          -0.029810
202.60          -0.029363
202.80          -0.028939
203.00          -0.028536
203.20          -0.028154
203.40          -0.027792
203.60          -0.027448
203.80          -0.027122
204.00          -0.026813
204.20          -0.026521
204.40          -0.026245
204.60          -0.025986
204.80          -0.025744
205.00          -0.025522
205.20          -0.025323
205.40          -0.025159
205.60          -0.025058
205.80          -0.025123
206.00          -0.026009
206.20          -0.088401
206.40          -0.024940
206.60          -0.023797
206.80          -0.023535
207.00          -0.023365
207.20          -0.023220
207.40          -0.023084
207.60          -0.022956
207.80          -0.022833
208.00          -0.022716
208.20          -0.022604
208.40          -0.022496
208.60          -0.022394
208.80          -0.022296
209.00          -0.022202
209.20          -0.022112
209.40          -0.022027
209.60          -0.021946
209.80          -0.021868
210.00          -0.021794
210.20          -0.021724
210.40          -0.021657
210.60          -0.021593
210.80          -0.021533
211.00          -0.021476
211.20          -0.021421
211.40          -0.021370
211.60          -0.021321
211.80          -0.021275
212.00          -0.021232
212.20          -0.021190
212.40          -0.021152
212.60          -0.021116
212.80          -0.021081
213.00          -0.021050
213.20          -0.021020
213.40          -0.020992
213.60          -0.020966
213.80          -0.020942
214.00          -0.020920
214.20          -0.020900
214.40          -0.020881
214.60          -0.020864
214.80          -0.020849
215.00          -0.020835
215.20          -0.020823
215.40          -0.020812
215.60          -0.020803
215.80          -0.020795
216.00          -0.020788
216.20          -0.020783
216.40          -0.020779
216.60          -0.020776
216.80          -0.020775
217.00          -0.020774
217.20          -0.020775
217.40          -0.020777
217.60          -0.020780
217.80          -0.020784
218.00          -0.020790
218.20          -0.020796
218.40          -0.020803
218.60          -0.020811
218.80          -0.020820
219.00          -0.020831
219.20          -0.020842
219.40          -0.020854
219.60          -0.020867
219.80          -0.020880
220.00          -0.020895
220.20          -0.020911
220.40          -0.020927
220.60          -0.020944
220.80          -0.020962
221.00          -0.020981
221.20          -0.021001
221.40          -0.021021
221.60          -0.021043
221.80          -0.021065
222.00          -0.021087
222.20          -0.021111
222.40          -0.021136
222.60          -0.021161
222.80          -0.021187
223.00          -0.021214
223.20          -0.021241
223.40          -0.021270
223.60          -0.021299
223.80          -0.021329
224.00          -0.021360
224.20          -0.021392
224.40          -0.021424
224.60          -0.021457
224.80          -0.021492
225.00          -0.021527
