175.00          -0.059810
175.20          -0.059995
175.40          -0.060180
175.60          -0.060365
175.80          -0.060550
176.00          -0.060735
176.20          -0.060921
176.40          -0.061107
176.60          -0.061293
176.80          -0.061479
177.00          -0.061666
177.20          -0.061853
177.40          -0.062040
177.60          -0.062227
177.80          -0.062415
178.00          -0.062603
178.20          -0.062792
178.40          -0.062981
178.60          -0.063170
178.80          -0.063359
179.00          -0.063549
179.20          -0.063739
179.40          -0.063929
179.60          -0.064120
179.80          -0.064311
180.00          -0.064502
180.20          -0.064694
180.40          -0.064885
180.60          -0.065077
180.80          -0.065270
181.00          -0.065462
181.20          -0.065655
181.40          -0.065848
181.60          -0.066041
181.80          -0.066235
182.00          -0.066428
182.20          -0.066622
182.40          -0.066817
182.60          -0.067011
182.80          -0.067206
183.00          -0.067401
183.20          -0.067596
183.40          -0.067791
183.60          -0.067987
183.80          -0.068182
184.00          -0.068378
184.20          -0.068574
184.40          -0.068771
184.60          -0.068967
184.80          -0.069164
185.00          -0.069361
185.20          -0.069559
185.40          -0.069756
185.60          -0.069954
185.80          -0.070152
186.00          -0.070350
186.20          -0.070549
186.40          -0.070748
186.60          -0.070947
186.80          -0.071146
187.00          -0.071346
187.20          -0.071546
187.40          -0.071747
187.60          -0.071947
187.80          -0.072149
188.00          -0.072350
188.20          -0.072552
188.40          -0.072755
188.60          -0.072958
188.80          -0.073162
189.00          -0.073366
189.20          -0.073572
189.40          -0.073777
189.60          -0.073984
189.80          -0.074192
190.00          -0.074401
190.20          -0.074610
190.40          -0.074822
190.60          -0.075034
190.80          -0.075248
191.00          -0.075464
191.20          -0.075682
191.40          -0.075903
191.60          -0.076126
191.80          -0.076351
192.00          -0.076581
192.20          -0.076814
192.40          -0.077052
192.60          -0.077296
192.80          -0.077546
193.00          -0.077804
193.20          -0.078072
193.40          -0.078351
193.60          -0.078644
193.80          -0.078956
194.00          -0.079290
194.20          -0.079654
194.40          -0.080058
194.60          -0.080517
194.80          -0.081054
195.00          -0.081706
195.20          -0.082539
195.40          -0.083671
195.60          -0.085351
195.80          -0.088158
196.00          -0.093742
196.20          -0.10853
196.40          -0.17915
196.60          -4.8500
196.80          -0.26235
197.00          -0.13756
197.20          -0.12631
197.40          -0.15809
197.60          -0.60362
197.80          -0.14335
198.00          -0.088960
198.20          -0.082455
198.40          -0.081018
198.60          -0.080697
198.80          -0.080717
199.00          -0.080861
199.20          -0.081053
199.40          -0.081265
199.60          -0.081484
199.80          -0.081704
200.00          -0.081923
200.20          -0.082139
200.40          -0.082352
200.60          -0.082562
200.80          -0.082769
201.00          -0.082973
201.20          -0.083174
201.40          -0.083373
201.60          -0.083569
201.80          -0.083763
202.00          -0.083955
202.20          -0.084145
202.40          -0.084333
202.60          -0.084519
202.80          -0.084703
203.00          -0.084886
203.20          -0.085068
203.40          -0.085248
203.60          -0.085427
203.80          -0.085604
204.00          -0.085781
204.20          -0.085956
204.40          -0.086130
204.60          -0.086302
204.80          -0.086474
205.00          -0.086645
205.20          -0.086814
205.40          -0.086983
205.60          -0.087151
205.80          -0.087317
206.00          -0.087483
206.20          -0.087648
206.40          -0.087812
206.60          -0.087975
206.80          -0.088137
207.00          -0.088298
207.20          -0.088459
207.40          -0.088618
207.60          -0.088777
207.80          -0.088935
208.00          -0.089092
208.20          -0.089248
208.40          -0.089403
208.60          -0.089558
208.80          -0.089712
209.00          -0.089865
209.20          -0.090017
209.40          -0.090168
209.60          -0.090319
209.80          -0.090469
210.00          -0.090618
210.20          -0.090766
210.40          -0.090913
210.60          -0.091060
210.80          -0.091206
211.00          -0.091351
211.20          -0.091495
211.40          -0.091638
211.60          -0.091781
211.80          -0.091923
212.00          -0.092064
212.20          -0.092204
212.40          -0.092344
212.60          -0.092483
212.80          -0.092621
213.00          -0.092758
213.20          -0.092894
213.40          -0.093029
213.60          -0.093164
213.80          -0.093298
214.00          -0.093431
214.20          -0.093563
214.40          -0.093695
214.60          -0.093825
214.80          -0.093955
215.00          -0.094084
215.20          -0.094212
215.40          -0.094339
215.60          -0.094466
215.80          -0.094591
216.00          -0.094716
216.20          -0.094840
216.40          -0.094962
216.60          -0.095085
216.80          -0.095206
217.00          -0.095326
217.20          -0.095446
217.40          -0.095564
217.60          -0.095682
217.80          -0.095799
218.00          -0.095915
218.20          -0.096030
218.40          -0.096145
218.60          -0.096259
218.80          -0.096372
219.00          -0.096484
219.20          -0.096596
219.40          -0.096708
219.60          -0.096819
219.80          -0.096931
220.00          -0.097042
220.20          -0.097153
220.40          -0.097265
220.60          -0.097379
220.80          -0.097493
221.00          -0.097610
221.20          -0.097729
221.40          -0.097852
221.60          -0.097980
221.80          -0.098115
222.00          -0.098257
222.20          -0.098410
222.40          -0.098577
222.60          -0.098761
222.80          -0.098968
223.00          -0.099203
223.20          -0.099476
223.40          -0.099799
223.60          -0.10019
223.80          -0.10066
224.00          -0.10125
224.20          -0.10199
224.40          -0.10295
224.60          -0.10421
224.80          -0.10590
225.00          -0.10821
