175.00          -0.062966
175.20          -0.063151
175.40          -0.063336
175.60          -0.063521
175.80          -0.063706
176.00          -0.063891
176.20          -0.064077
176.40          -0.064262
176.60          -0.064447
176.80          -0.064633
177.00          -0.064818
177.20          -0.065004
177.40          -0.065190
177.60          -0.065376
177.80          -0.065562
178.00          -0.065748
178.20          -0.065934
178.40          -0.066121
178.60          -0.066307
178.80          -0.066494
179.00          -0.066680
179.20          -0.066867
179.40          -0.067054
179.60          -0.067241
179.80          -0.067428
180.00          -0.067615
180.20          -0.067803
180.40          -0.067990
180.60          -0.068177
180.80          -0.068365
181.00          -0.068552
181.20          -0.068740
181.40          -0.068927
181.60          -0.069115
181.80          -0.069302
182.00          -0.069490
182.20          -0.069678
182.40          -0.069865
182.60          -0.070053
182.80          -0.070241
183.00          -0.070428
183.20          -0.070616
183.40          -0.070803
183.60          -0.070991
183.80          -0.071179
184.00          -0.071366
184.20          -0.071554
184.40          -0.071741
184.60          -0.071929
184.80          -0.072116
185.00          -0.072303
185.20          -0.072491
185.40          -0.072678
185.60          -0.072865
185.80          -0.073053
186.00          -0.073240
186.20          -0.073427
186.40          -0.073614
186.60          -0.073802
186.80          -0.073989
187.00          -0.074176
187.20          -0.074363
187.40          -0.074550
187.60          -0.074738
187.80          -0.074925
188.00          -0.075112
188.20          -0.075300
188.40          -0.075487
188.60          -0.075675
188.80          -0.075863
189.00          -0.076051
189.20          -0.076239
189.40          -0.076427
189.60          -0.076616
189.80          -0.076805
190.00          -0.076994
190.20          -0.077184
190.40          -0.077375
190.60          -0.077566
190.80          -0.077758
191.00          -0.077951
191.20          -0.078145
191.40          -0.078340
191.60          -0.078537
191.80          -0.078735
192.00          -0.078935
192.20          -0.079138
192.40          -0.079343
192.60          -0.079552
192.80          -0.079765
193.00          -0.079983
193.20          -0.080207
193.40          -0.080438
193.60          -0.080679
193.80          -0.080931
194.00          -0.081199
194.20          -0.081488
194.40          -0.081803
194.60          -0.082157
194.80          -0.082565
195.00          -0.083054
195.20          -0.083673
195.40          -0.084508
195.60          -0.085745
195.80          -0.087820
196.00          -0.092007
196.20          -0.10340
196.40          -0.16147
196.60          -6.2118
196.80          -0.20524
197.00          -0.12498
197.20          -0.11968
197.40          -0.16060
197.60          -1.1346
197.80          -0.11126
198.00          -0.088010
198.20          -0.084566
198.40          -0.083721
198.60          -0.083519
198.80          -0.083534
199.00          -0.083634
199.20          -0.083771
199.40          -0.083927
199.60          -0.084091
199.80          -0.084258
200.00          -0.084427
200.20          -0.084596
200.40          -0.084764
200.60          -0.084931
200.80          -0.085096
201.00          -0.085261
201.20          -0.085424
201.40          -0.085585
201.60          -0.085746
201.80          -0.085904
202.00          -0.086062
202.20          -0.086218
202.40          -0.086373
202.60          -0.086527
202.80          -0.086680
203.00          -0.086831
203.20          -0.086981
203.40          -0.087131
203.60          -0.087279
203.80          -0.087426
204.00          -0.087572
204.20          -0.087717
204.40          -0.087862
204.60          -0.088005
204.80          -0.088147
205.00          -0.088288
205.20          -0.088429
205.40          -0.088568
205.60          -0.088707
205.80          -0.088845
206.00          -0.088981
206.20          -0.089117
206.40          -0.089252
206.60          -0.089387
206.80          -0.089520
207.00          -0.089652
207.20          -0.089784
207.40          -0.089915
207.60          -0.090045
207.80          -0.090174
208.00          -0.090302
208.20          -0.090430
208.40          -0.090557
208.60          -0.090683
208.80          -0.090808
209.00          -0.090932
209.20          -0.091055
209.40          -0.091178
209.60          -0.091300
209.80          -0.091421
210.00          -0.091541
210.20          -0.091661
210.40          -0.091780
210.60          -0.091898
210.80          -0.092015
211.00          -0.092131
211.20          -0.092247
211.40          -0.092362
211.60          -0.092476
211.80          -0.092589
212.00          -0.092701
212.20          -0.092813
212.40          -0.092924
212.60          -0.093034
212.80          -0.093144
213.00          -0.093252
213.20          -0.093360
213.40          -0.093467
213.60          -0.093574
213.80          -0.093679
214.00          -0.093784
214.20          -0.093888
214.40          -0.093992
214.60          -0.094094
214.80          -0.094196
215.00          -0.094297
215.20          -0.094397
215.40          -0.094496
215.60          -0.094595
215.80          -0.094692
216.00          -0.094789
216.20          -0.094886
216.40          -0.094981
216.60          -0.095075
216.80          -0.095169
217.00          -0.095262
217.20          -0.095354
217.40          -0.095445
217.60          -0.095535
217.80          -0.095624
218.00          -0.095713
218.20          -0.095800
218.40          -0.095887
218.60          -0.095973
218.80          -0.096058
219.00          -0.096142
219.20          -0.096225
219.40          -0.096308
219.60          -0.096389
219.80          -0.096470
220.00          -0.096551
220.20          -0.096631
220.40          -0.096710
220.60          -0.096790
220.80          -0.096869
221.00          -0.096949
221.20          -0.097030
221.40          -0.097112
221.60          -0.097196
221.80          -0.097284
222.00          -0.097376
222.20          -0.097475
222.40          -0.097581
222.60          -0.097700
222.80          -0.097834
223.00          -0.097989
223.20          -0.098173
223.40          -0.098397
223.60          -0.098674
223.80          -0.099027
224.00          -0.099484
224.20          -0.10009
224.40          -0.10092
224.60          -0.10206
224.80          -0.10370
225.00          -0.10612
