175.00          -0.029616
175.20          -0.029679
175.40          -0.029742
175.60          -0.029806
175.80          -0.029869
176.00          -0.029933
176.20          -0.029998
176.40          -0.030062
176.60          -0.030127
176.80          -0.030191
177.00          -0.030256
177.20          -0.030322
177.40          -0.030387
177.60          -0.030453
177.80          -0.030519
178.00          -0.030585
178.20          -0.030652
178.40          -0.030719
178.60          -0.030786
178.80          -0.030853
179.00          -0.030921
179.20          -0.030988
179.40          -0.031056
179.60          -0.031125
179.80          -0.031193
180.00          -0.031262
180.20          -0.031331
180.40          -0.031401
180.60          -0.031470
180.80          -0.031540
181.00          -0.031610
181.20          -0.031681
181.40          -0.031752
181.60          -0.031823
181.80          -0.031894
182.00          -0.031966
182.20          -0.032038
182.40          -0.032110
182.60          -0.032183
182.80          -0.032255
183.00          -0.032329
183.20          -0.032402
183.40          -0.032476
183.60          -0.032550
183.80          -0.032625
184.00          -0.032700
184.20          -0.032775
184.40          -0.032850
184.60          -0.032926
184.80          -0.033003
185.00          -0.033079
185.20          -0.033156
185.40          -0.033233
185.60          -0.033311
185.80          -0.033389
186.00          -0.033468
186.20          -0.033547
186.40          -0.033626
186.60          -0.033706
186.80          -0.033786
187.00          -0.033866
187.20          -0.033947
187.40          -0.034029
187.60          -0.034110
187.80          -0.034193
188.00          -0.034275
188.20          -0.034358
188.40          -0.034442
188.60          -0.034526
188.80          -0.034611
189.00          -0.034696
189.20          -0.034782
189.40          -0.034868
189.60          -0.034954
189.80          -0.035041
190.00          -0.035129
190.20          -0.035217
190.40          -0.035306
190.60          -0.035396
190.80          -0.035486
191.00          -0.035576
191.20          -0.035668
191.40          -0.035759
191.60          -0.035852
191.80          -0.035945
192.00          -0.036039
192.20          -0.036133
192.40          -0.036228
192.60          -0.036324
192.80          -0.036421
193.00          -0.036518
193.20          -0.036617
193.40          -0.036715
193.60          -0.036815
193.80          -0.036916
194.00          -0.037017
194.20          -0.037119
194.40          -0.037223
194.60          -0.037327
194.80          -0.037432
195.00          -0.037538
195.20          -0.037645
195.40          -0.037753
195.60          -0.037862
195.80          -0.037972
196.00          -0.038083
196.20          -0.038195
196.40          -0.038309
196.60          -0.038424
196.80          -0.038540
197.00          -0.038657
197.20          -0.038776
197.40          -0.038896
197.60          -0.039017
197.80          -0.039140
198.00          -0.039264
198.20          -0.039390
198.40          -0.039518
198.60          -0.039647
198.80          -0.039778
199.00          -0.039911
199.20          -0.040046
199.40          -0.040183
199.60          -0.040321
199.80          -0.040462
200.00          -0.040605
200.20          -0.040751
200.40          -0.040898
200.60          -0.041048
200.80          -0.041201
201.00          -0.041357
201.20          -0.041515
201.40          -0.041676
201.60          -0.041840
201.80          -0.042008
202.00          -0.042178
202.20          -0.042353
202.40          -0.042531
202.60          -0.042713
202.80          -0.042899
203.00          -0.043089
203.20          -0.043284
203.40          -0.043484
203.60          -0.043689
203.80          -0.043899
204.00          -0.044115
204.20          -0.044337
204.40          -0.044565
204.60          -0.044800
204.80          -0.045042
205.00          -0.045292
205.20          -0.045550
205.40          -0.045817
205.60          -0.046093
205.80          -0.046379
206.00          -0.046676
206.20          -0.046984
206.40          -0.047305
206.60          -0.047640
206.80          -0.047989
207.00          -0.048354
207.20          -0.048736
207.40          -0.049137
207.60          -0.049559
207.80          -0.050003
208.00          -0.050473
208.20          -0.050969
208.40          -0.051497
208.60          -0.052058
208.80          -0.052657
209.00          -0.053299
209.20          -0.053989
209.40          -0.054733
209.60          -0.055540
209.80          -0.056419
210.00          -0.057380
210.20          -0.058438
210.40          -0.059610
210.60          -0.060917
210.80          -0.062386
211.00          -0.064053
211.20          -0.065964
211.40          -0.068179
211.60          -0.070784
211.80          -0.073896
212.00          -0.077686
212.20          -0.082408
212.40          -0.088460
212.60          -0.096492
212.80          -0.10764
213.00          -0.12405
213.20          -0.15026
213.40          -0.19731
213.60          -0.29913
213.80          -0.60904
214.00          -2.7569
214.20          -3.7857
214.40          -0.45856
214.60          -0.16505
214.80          -0.094784
215.00          -0.070730
215.20          -0.061354
215.40          -0.057922
215.60          -0.057355
215.80          -0.058402
216.00          -0.060526
216.20          -0.063510
216.40          -0.067309
216.60          -0.071992
216.80          -0.077726
217.00          -0.084789
217.20          -0.093603
217.40          -0.10481
217.60          -0.11937
217.80          -0.13883
218.00          -0.16572
218.20          -0.20435
218.40          -0.26260
218.60          -0.35580
218.80          -0.51571
219.00          -0.81082
219.20          -1.3666
219.40          -2.1364
219.60          -2.1287
219.80          -1.3411
220.00          -0.77914
220.20          -0.48570
220.40          -0.32953
220.60          -0.24015
220.80          -0.18528
221.00          -0.14958
221.20          -0.12523
221.40          -0.10797
221.60          -0.095355
221.80          -0.085887
222.00          -0.078626
222.20          -0.072956
222.40          -0.068458
222.60          -0.064842
222.80          -0.061902
223.00          -0.059488
223.20          -0.057488
223.40          -0.055820
223.60          -0.054419
223.80          -0.053236
224.00          -0.052233
224.20          -0.051380
224.40          -0.050651
224.60          -0.050027
224.80          -0.049492
225.00          -0.049033
