175.00          -0.067506
175.20          -0.068135
175.40          -0.068778
175.60          -0.069438
175.80          -0.070113
176.00          -0.070806
176.20          -0.071516
176.40          -0.072244
176.60          -0.072991
176.80          -0.073758
177.00          -0.074545
177.20          -0.075354
177.40          -0.076185
177.60          -0.077039
177.80          -0.077917
178.00          -0.078821
178.20          -0.079750
178.40          -0.080708
178.60          -0.081694
178.80          -0.082710
179.00          -0.083758
179.20          -0.084839
179.40          -0.085954
179.60          -0.087105
179.80          -0.088294
180.00          -0.089523
180.20          -0.090794
180.40          -0.092108
180.60          -0.093469
180.80          -0.094878
181.00          -0.096337
181.20          -0.097851
181.40          -0.099421
181.60          -0.10105
181.80          -0.10274
182.00          -0.10450
182.20          -0.10633
182.40          -0.10823
182.60          -0.11022
182.80          -0.11228
183.00          -0.11443
183.20          -0.11668
183.40          -0.11902
183.60          -0.12147
183.80          -0.12403
184.00          -0.12671
184.20          -0.12952
184.40          -0.13246
184.60          -0.13554
184.80          -0.13878
185.00          -0.14218
185.20          -0.14575
185.40          -0.14951
185.60          -0.15347
185.80          -0.15764
186.00          -0.16204
186.20          -0.16668
186.40          -0.17159
186.60          -0.17677
186.80          -0.18225
187.00          -0.18806
187.20          -0.19421
187.40          -0.20074
187.60          -0.20766
187.80          -0.21500
188.00          -0.22280
188.20          -0.23109
188.40          -0.23989
188.60          -0.24925
188.80          -0.25920
189.00          -0.26977
189.20          -0.28099
189.40          -0.29290
189.60          -0.30552
189.80          -0.31887
190.00          -0.33297
190.20          -0.34782
190.40          -0.36340
190.60          -0.37967
190.80          -0.39658
191.00          -0.41403
191.20          -0.43188
191.40          -0.44996
191.60          -0.46803
191.80          -0.48582
192.00          -0.50297
192.20          -0.51910
192.40          -0.53376
192.60          -0.54651
192.80          -0.55687
193.00          -0.56441
193.20          -0.56877
193.40          -0.56967
193.60          -0.56697
193.80          -0.56067
194.00          -0.55090
194.20          -0.53795
194.40          -0.52221
194.60          -0.50417
194.80          -0.48433
195.00          -0.46321
195.20          -0.44133
195.40          -0.41912
195.60          -0.39698
195.80          -0.37524
196.00          -0.35413
196.20          -0.33385
196.40          -0.31453
196.60          -0.29625
196.80          -0.27905
197.00          -0.26294
197.20          -0.24790
197.40          -0.23391
197.60          -0.22092
197.80          -0.20888
198.00          -0.19774
198.20          -0.18744
198.40          -0.17792
198.60          -0.16913
198.80          -0.16101
199.00          -0.15350
199.20          -0.14657
199.40          -0.14017
199.60          -0.13424
199.80          -0.12876
200.00          -0.12370
200.20          -0.11900
200.40          -0.11465
200.60          -0.11062
200.80          -0.10688
201.00          -0.10341
201.20          -0.10018
201.40          -0.097188
201.60          -0.094402
201.80          -0.091810
202.00          -0.089397
202.20          -0.087149
202.40          -0.085055
202.60          -0.083103
202.80          -0.081282
203.00          -0.079583
203.20          -0.077998
203.40          -0.076518
203.60          -0.075136
203.80          -0.073845
204.00          -0.072639
204.20          -0.071513
204.40          -0.070461
204.60          -0.069478
204.80          -0.068560
205.00          -0.067703
205.20          -0.066904
205.40          -0.066157
205.60          -0.065461
205.80          -0.064813
206.00          -0.064209
206.20          -0.063647
206.40          -0.063126
206.60          -0.062641
206.80          -0.062193
207.00          -0.061778
207.20          -0.061396
207.40          -0.061044
207.60          -0.060721
207.80          -0.060427
208.00          -0.060159
208.20          -0.059918
208.40          -0.059701
208.60          -0.059508
208.80          -0.059339
209.00          -0.059193
209.20          -0.059070
209.40          -0.058968
209.60          -0.058889
209.80          -0.058833
210.00          -0.058799
210.20          -0.058788
210.40          -0.058800
210.60          -0.058838
210.80          -0.058902
211.00          -0.058994
211.20          -0.059117
211.40          -0.059275
211.60          -0.059471
211.80          -0.059712
212.00          -0.060006
212.20          -0.060363
212.40          -0.060798
212.60          -0.061331
212.80          -0.061993
213.00          -0.062827
213.20          -0.063902
213.40          -0.065328
213.60          -0.067296
213.80          -0.070160
214.00          -0.074654
214.20          -0.082529
214.40          -0.099023
214.60          -0.14728
214.80          -0.49024
215.00          -1.3252
215.20          -0.11601
215.40          -0.066457
215.60          -0.056766
215.80          -0.053983
216.00          -0.053131
216.20          -0.052956
216.40          -0.053050
216.60          -0.053257
216.80          -0.053509
217.00          -0.053778
217.20          -0.054050
217.40          -0.054318
217.60          -0.054580
217.80          -0.054835
218.00          -0.055082
218.20          -0.055323
218.40          -0.055558
218.60          -0.055788
218.80          -0.056012
219.00          -0.056232
219.20          -0.056449
219.40          -0.056662
219.60          -0.056873
219.80          -0.057081
220.00          -0.057287
220.20          -0.057492
220.40          -0.057695
220.60          -0.057897
220.80          -0.058097
221.00          -0.058297
221.20          -0.058497
221.40          -0.058696
221.60          -0.058894
221.80          -0.059092
222.00          -0.059291
222.20          -0.059489
222.40          -0.059687
222.60          -0.059885
222.80          -0.060083
223.00          -0.060282
223.20          -0.060481
223.40          -0.060680
223.60          -0.060879
223.80          -0.061079
224.00          -0.061280
224.20          -0.061480
224.40          -0.061682
224.60          -0.061884
224.80          -0.062086
225.00          -0.062289
