175.00          -0.088199
175.20          -0.086685
175.40          -0.085226
175.60          -0.083820
175.80          -0.082465
176.00          -0.081160
176.20          -0.079902
176.40          -0.078691
176.60          -0.077524
176.80          -0.076401
177.00          -0.075319
177.20          -0.074277
177.40          -0.073274
177.60          -0.072308
177.80          -0.071378
178.00          -0.070484
178.20          -0.069622
178.40          -0.068794
178.60          -0.067997
178.80          -0.067230
179.00          -0.066493
179.20          -0.065784
179.40          -0.065102
179.60          -0.064447
179.80          -0.063818
180.00          -0.063213
180.20          -0.062632
180.40          -0.062075
180.60          -0.061540
180.80          -0.061027
181.00          -0.060534
181.20          -0.060062
181.40          -0.059610
181.60          -0.059177
181.80          -0.058762
182.00          -0.058365
182.20          -0.057985
182.40          -0.057623
182.60          -0.057276
182.80          -0.056946
183.00          -0.056630
183.20          -0.056330
183.40          -0.056044
183.60          -0.055772
183.80          -0.055514
184.00          -0.055269
184.20          -0.055036
184.40          -0.054817
184.60          -0.054609
184.80          -0.054413
185.00          -0.054228
185.20          -0.054055
185.40          -0.053892
185.60          -0.053740
185.80          -0.053599
186.00          -0.053467
186.20          -0.053345
186.40          -0.053232
186.60          -0.053129
186.80          -0.053034
187.00          -0.052948
187.20          -0.052871
187.40          -0.052802
187.60          -0.052742
187.80          -0.052689
188.00          -0.052644
188.20          -0.052606
188.40          -0.052576
188.60          -0.052553
188.80          -0.052537
189.00          -0.052528
189.20          -0.052526
189.40          -0.052530
189.60          -0.052540
189.80          -0.052557
190.00          -0.052580
190.20          -0.052609
190.40          -0.052644
190.60          -0.052685
190.80          -0.052731
191.00          -0.052783
191.20          -0.052840
191.40          -0.052902
191.60          -0.052970
191.80          -0.053043
192.00          -0.053120
192.20          -0.053203
192.40          -0.053290
192.60          -0.053383
192.80          -0.053479
193.00          -0.053581
193.20          -0.053687
193.40          -0.053797
193.60          -0.053911
193.80          -0.054030
194.00          -0.054153
194.20          -0.054280
194.40          -0.054411
194.60          -0.054547
194.80          -0.054686
195.00          -0.054828
195.20          -0.054975
195.40          -0.055125
195.60          -0.055280
195.80          -0.055437
196.00          -0.055598
196.20          -0.055763
196.40          -0.055932
196.60          -0.056103
196.80          -0.056278
197.00          -0.056457
197.20          -0.056638
197.40          -0.056823
197.60          -0.057011
197.80          -0.057203
198.00          -0.057397
198.20          -0.057595
198.40          -0.057795
198.60          -0.057999
198.80          -0.058205
199.00          -0.058415
199.20          -0.058627
199.40          -0.058843
199.60          -0.059061
199.80          -0.059282
200.00          -0.059505
200.20          -0.059732
200.40          -0.059961
200.60          -0.060193
200.80          -0.060428
201.00          -0.060666
201.20          -0.060906
201.40          -0.061148
201.60          -0.061394
201.80          -0.061641
202.00          -0.061892
202.20          -0.062145
202.40          -0.062401
202.60          -0.062659
202.80          -0.062919
203.00          -0.063182
203.20          -0.063448
203.40          -0.063716
203.60          -0.063986
203.80          -0.064259
204.00          -0.064535
204.20          -0.064813
204.40          -0.065093
204.60          -0.065376
204.80          -0.065661
205.00          -0.065949
205.20          -0.066239
205.40          -0.066532
205.60          -0.066827
205.80          -0.067124
206.00          -0.067424
206.20          -0.067727
206.40          -0.068032
206.60          -0.068340
206.80          -0.068651
207.00          -0.068964
207.20          -0.069280
207.40          -0.069599
207.60          -0.069921
207.80          -0.070246
208.00          -0.070574
208.20          -0.070905
208.40          -0.071240
208.60          -0.071578
208.80          -0.071920
209.00          -0.072266
209.20          -0.072616
209.40          -0.072971
209.60          -0.073331
209.80          -0.073696
210.00          -0.074066
210.20          -0.074444
210.40          -0.074829
210.60          -0.075221
210.80          -0.075624
211.00          -0.076036
211.20          -0.076462
211.40          -0.076902
211.60          -0.077359
211.80          -0.077838
212.00          -0.078342
212.20          -0.078880
212.40          -0.079459
212.60          -0.080093
212.80          -0.080800
213.00          -0.081609
213.20          -0.082565
213.40          -0.083743
213.60          -0.085278
213.80          -0.087433
214.00          -0.090789
214.20          -0.096882
214.40          -0.11111
214.60          -0.16678
214.80          -1.9538
215.00          -0.19893
215.20          -0.097535
215.40          -0.085357
215.60          -0.082403
215.80          -0.081608
216.00          -0.081521
216.20          -0.081711
216.40          -0.082021
216.60          -0.082386
216.80          -0.082777
217.00          -0.083179
217.20          -0.083585
217.40          -0.083991
217.60          -0.084395
217.80          -0.084796
218.00          -0.085194
218.20          -0.085589
218.40          -0.085980
218.60          -0.086369
218.80          -0.086754
219.00          -0.087136
219.20          -0.087516
219.40          -0.087893
219.60          -0.088268
219.80          -0.088641
220.00          -0.089011
220.20          -0.089379
220.40          -0.089745
220.60          -0.090109
220.80          -0.090471
221.00          -0.090831
221.20          -0.091189
221.40          -0.091545
221.60          -0.091899
221.80          -0.092252
222.00          -0.092602
222.20          -0.092951
222.40          -0.093298
222.60          -0.093642
222.80          -0.093985
223.00          -0.094326
223.20          -0.094665
223.40          -0.095001
223.60          -0.095336
223.80          -0.095668
224.00          -0.095998
224.20          -0.096326
224.40          -0.096651
224.60          -0.096975
224.80          -0.097295
225.00          -0.097613
