175.00          -0.049962
175.20          -0.049826
175.40          -0.049698
175.60          -0.049578
175.80          -0.049467
176.00          -0.049364
176.20          -0.049269
176.40          -0.049182
176.60          -0.049102
176.80          -0.049030
177.00          -0.048965
177.20          -0.048907
177.40          -0.048857
177.60          -0.048813
177.80          -0.048776
178.00          -0.048746
178.20          -0.048722
178.40          -0.048705
178.60          -0.048694
178.80          -0.048690
179.00          -0.048691
179.20          -0.048699
179.40          -0.048712
179.60          -0.048731
179.80          -0.048756
180.00          -0.048787
180.20          -0.048823
180.40          -0.048864
180.60          -0.048911
180.80          -0.048963
181.00          -0.049021
181.20          -0.049083
181.40          -0.049151
181.60          -0.049224
181.80          -0.049301
182.00          -0.049384
182.20          -0.049471
182.40          -0.049563
182.60          -0.049660
182.80          -0.049761
183.00          -0.049867
183.20          -0.049978
183.40          -0.050093
183.60          -0.050212
183.80          -0.050336
184.00          -0.050464
184.20          -0.050597
184.40          -0.050734
184.60          -0.050875
184.80          -0.051020
185.00          -0.051169
185.20          -0.051323
185.40          -0.051481
185.60          -0.051642
185.80          -0.051808
186.00          -0.051977
186.20          -0.052151
186.40          -0.052329
186.60          -0.052510
186.80          -0.052695
187.00          -0.052884
187.20          -0.053077
187.40          -0.053274
187.60          -0.053475
187.80          -0.053679
188.00          -0.053887
188.20          -0.054099
188.40          -0.054314
188.60          -0.054533
188.80          -0.054756
189.00          -0.054983
189.20          -0.055213
189.40          -0.055446
189.60          -0.055684
189.80          -0.055925
190.00          -0.056169
190.20          -0.056417
190.40          -0.056668
190.60          -0.056924
190.80          -0.057182
191.00          -0.057444
191.20          -0.057710
191.40          -0.057979
191.60          -0.058251
191.80          -0.058528
192.00          -0.058807
192.20          -0.059090
192.40          -0.059376
192.60          -0.059666
192.80          -0.059960
193.00          -0.060256
193.20          -0.060557
193.40          -0.060860
193.60          -0.061167
193.80          -0.061478
194.00          -0.061791
194.20          -0.062109
194.40          -0.062429
194.60          -0.062753
194.80          -0.063081
195.00          -0.063412
195.20          -0.063746
195.40          -0.064083
195.60          -0.064424
195.80          -0.064769
196.00          -0.065116
196.20          -0.065467
196.40          -0.065822
196.60          -0.066180
196.80          -0.066541
197.00          -0.066905
197.20          -0.067273
197.40          -0.067644
197.60          -0.068019
197.80          -0.068397
198.00          -0.068778
198.20          -0.069163
198.40          -0.069551
198.60          -0.069942
198.80          -0.070337
199.00          -0.070735
199.20          -0.071136
199.40          -0.071541
199.60          -0.071949
199.80          -0.072360
200.00          -0.072775
200.20          -0.073193
200.40          -0.073615
200.60          -0.074039
200.80          -0.074467
201.00          -0.074898
201.20          -0.075333
201.40          -0.075771
201.60          -0.076212
201.80          -0.076657
202.00          -0.077104
202.20          -0.077555
202.40          -0.078010
202.60          -0.078467
202.80          -0.078928
203.00          -0.079392
203.20          -0.079860
203.40          -0.080330
203.60          -0.080804
203.80          -0.081282
204.00          -0.081762
204.20          -0.082246
204.40          -0.082733
204.60          -0.083223
204.80          -0.083716
205.00          -0.084213
205.20          -0.084712
205.40          -0.085216
205.60          -0.085722
205.80          -0.086231
206.00          -0.086744
206.20          -0.087260
206.40          -0.087779
206.60          -0.088301
206.80          -0.088827
207.00          -0.089356
207.20          -0.089888
207.40          -0.090423
207.60          -0.090962
207.80          -0.091504
208.00          -0.092049
208.20          -0.092598
208.40          -0.093150
208.60          -0.093706
208.80          -0.094265
209.00          -0.094828
209.20          -0.095395
209.40          -0.095966
209.60          -0.096541
209.80          -0.097120
210.00          -0.097703
210.20          -0.098292
210.40          -0.098885
210.60          -0.099484
210.80          -0.10009
211.00          -0.10070
211.20          -0.10132
211.40          -0.10195
211.60          -0.10259
211.80          -0.10324
212.00          -0.10391
212.20          -0.10459
212.40          -0.10530
212.60          -0.10603
212.80          -0.10681
213.00          -0.10765
213.20          -0.10856
213.40          -0.10961
213.60          -0.11085
213.80          -0.11246
214.00          -0.11479
214.20          -0.11881
214.40          -0.12813
214.60          -0.16729
214.80          -2.5463
215.00          -0.17425
215.20          -0.12340
215.40          -0.11642
215.60          -0.11476
215.80          -0.11447
216.00          -0.11467
216.20          -0.11507
216.40          -0.11556
216.60          -0.11611
216.80          -0.11669
217.00          -0.11729
217.20          -0.11789
217.40          -0.11850
217.60          -0.11911
217.80          -0.11973
218.00          -0.12034
218.20          -0.12096
218.40          -0.12157
218.60          -0.12218
218.80          -0.12280
219.00          -0.12341
219.20          -0.12402
219.40          -0.12463
219.60          -0.12524
219.80          -0.12584
220.00          -0.12645
220.20          -0.12705
220.40          -0.12765
220.60          -0.12825
220.80          -0.12885
221.00          -0.12945
221.20          -0.13004
221.40          -0.13063
221.60          -0.13123
221.80          -0.13181
222.00          -0.13240
222.20          -0.13299
222.40          -0.13357
222.60          -0.13415
222.80          -0.13473
223.00          -0.13530
223.20          -0.13588
223.40          -0.13645
223.60          -0.13702
223.80          -0.13758
224.00          -0.13815
224.20          -0.13871
224.40          -0.13927
224.60          -0.13983
224.80          -0.14038
225.00          -0.14093
