175.00          -0.047281
175.20          -0.047282
175.40          -0.047288
175.60          -0.047300
175.80          -0.047317
176.00          -0.047340
176.20          -0.047369
176.40          -0.047404
176.60          -0.047443
176.80          -0.047488
177.00          -0.047539
177.20          -0.047594
177.40          -0.047655
177.60          -0.047721
177.80          -0.047792
178.00          -0.047867
178.20          -0.047948
178.40          -0.048034
178.60          -0.048124
178.80          -0.048219
179.00          -0.048319
179.20          -0.048423
179.40          -0.048533
179.60          -0.048646
179.80          -0.048765
180.00          -0.048887
180.20          -0.049015
180.40          -0.049146
180.60          -0.049283
180.80          -0.049423
181.00          -0.049568
181.20          -0.049717
181.40          -0.049870
181.60          -0.050028
181.80          -0.050190
182.00          -0.050356
182.20          -0.050527
182.40          -0.050701
182.60          -0.050880
182.80          -0.051063
183.00          -0.051250
183.20          -0.051441
183.40          -0.051636
183.60          -0.051835
183.80          -0.052038
184.00          -0.052246
184.20          -0.052457
184.40          -0.052672
184.60          -0.052892
184.80          -0.053115
185.00          -0.053342
185.20          -0.053574
185.40          -0.053809
185.60          -0.054048
185.80          -0.054292
186.00          -0.054539
186.20          -0.054790
186.40          -0.055045
186.60          -0.055304
186.80          -0.055567
187.00          -0.055835
187.20          -0.056106
187.40          -0.056381
187.60          -0.056659
187.80          -0.056942
188.00          -0.057229
188.20          -0.057520
188.40          -0.057815
188.60          -0.058114
188.80          -0.058417
189.00          -0.058723
189.20          -0.059034
189.40          -0.059349
189.60          -0.059668
189.80          -0.059990
190.00          -0.060317
190.20          -0.060648
190.40          -0.060983
190.60          -0.061322
190.80          -0.061665
191.00          -0.062012
191.20          -0.062363
191.40          -0.062719
191.60          -0.063078
191.80          -0.063442
192.00          -0.063809
192.20          -0.064181
192.40          -0.064557
192.60          -0.064937
192.80          -0.065321
193.00          -0.065710
193.20          -0.066103
193.40          -0.066499
193.60          -0.066901
193.80          -0.067306
194.00          -0.067716
194.20          -0.068130
194.40          -0.068548
194.60          -0.068971
194.80          -0.069398
195.00          -0.069829
195.20          -0.070264
195.40          -0.070704
195.60          -0.071149
195.80          -0.071598
196.00          -0.072051
196.20          -0.072508
196.40          -0.072971
196.60          -0.073437
196.80          -0.073908
197.00          -0.074384
197.20          -0.074864
197.40          -0.075349
197.60          -0.075838
197.80          -0.076332
198.00          -0.076830
198.20          -0.077333
198.40          -0.077841
198.60          -0.078353
198.80          -0.078870
199.00          -0.079391
199.20          -0.079917
199.40          -0.080448
199.60          -0.080984
199.80          -0.081524
200.00          -0.082070
200.20          -0.082619
200.40          -0.083174
200.60          -0.083734
200.80          -0.084298
201.00          -0.084867
201.20          -0.085441
201.40          -0.086020
201.60          -0.086603
201.80          -0.087192
202.00          -0.087785
202.20          -0.088383
202.40          -0.088986
202.60          -0.089594
202.80          -0.090207
203.00          -0.090825
203.20          -0.091448
203.40          -0.092076
203.60          -0.092708
203.80          -0.093346
204.00          -0.093989
204.20          -0.094636
204.40          -0.095289
204.60          -0.095947
204.80          -0.096609
205.00          -0.097277
205.20          -0.097950
205.40          -0.098627
205.60          -0.099310
205.80          -0.099998
206.00          -0.10069
206.20          -0.10139
206.40          -0.10209
206.60          -0.10280
206.80          -0.10351
207.00          -0.10423
207.20          -0.10495
207.40          -0.10568
207.60          -0.10642
207.80          -0.10715
208.00          -0.10790
208.20          -0.10865
208.40          -0.10940
208.60          -0.11016
208.80          -0.11092
209.00          -0.11169
209.20          -0.11247
209.40          -0.11325
209.60          -0.11404
209.80          -0.11483
210.00          -0.11562
210.20          -0.11643
210.40          -0.11724
210.60          -0.11805
210.80          -0.11887
211.00          -0.11970
211.20          -0.12054
211.40          -0.12138
211.60          -0.12223
211.80          -0.12309
212.00          -0.12396
212.20          -0.12484
212.40          -0.12574
212.60          -0.12666
212.80          -0.12760
213.00          -0.12857
213.20          -0.12959
213.40          -0.13067
213.60          -0.13187
213.80          -0.13328
214.00          -0.13509
214.20          -0.13789
214.40          -0.14394
214.60          -0.16946
214.80          -2.2327
215.00          -0.17736
215.20          -0.14631
215.40          -0.14193
215.60          -0.14112
215.80          -0.14128
216.00          -0.14182
216.20          -0.14252
216.40          -0.14332
216.60          -0.14416
216.80          -0.14504
217.00          -0.14594
217.20          -0.14686
217.40          -0.14780
217.60          -0.14874
217.80          -0.14969
218.00          -0.15065
218.20          -0.15162
218.40          -0.15259
218.60          -0.15357
218.80          -0.15456
219.00          -0.15556
219.20          -0.15656
219.40          -0.15756
219.60          -0.15858
219.80          -0.15960
220.00          -0.16062
220.20          -0.16166
220.40          -0.16270
220.60          -0.16375
220.80          -0.16480
221.00          -0.16587
221.20          -0.16694
221.40          -0.16802
221.60          -0.16911
221.80          -0.17022
222.00          -0.17133
222.20          -0.17245
222.40          -0.17359
222.60          -0.17473
222.80          -0.17589
223.00          -0.17706
223.20          -0.17825
223.40          -0.17945
223.60          -0.18067
223.80          -0.18191
224.00          -0.18316
224.20          -0.18444
224.40          -0.18573
224.60          -0.18705
224.80          -0.18839
225.00          -0.18975
