175.00          -0.25685
175.20          -0.26618
175.40          -0.27591
175.60          -0.28600
175.80          -0.29644
176.00          -0.30718
176.20          -0.31817
176.40          -0.32934
176.60          -0.34059
176.80          -0.35182
177.00          -0.36289
177.20          -0.37364
177.40          -0.38390
177.60          -0.39347
177.80          -0.40214
178.00          -0.40970
178.20          -0.41593
178.40          -0.42064
178.60          -0.42364
178.80          -0.42481
179.00          -0.42405
179.20          -0.42134
179.40          -0.41669
179.60          -0.41020
179.80          -0.40200
180.00          -0.39228
180.20          -0.38126
180.40          -0.36918
180.60          -0.35627
180.80          -0.34280
181.00          -0.32897
181.20          -0.31501
181.40          -0.30109
181.60          -0.28737
181.80          -0.27397
182.00          -0.26098
182.20          -0.24849
182.40          -0.23654
182.60          -0.22517
182.80          -0.21439
183.00          -0.20421
183.20          -0.19463
183.40          -0.18562
183.60          -0.17717
183.80          -0.16926
184.00          -0.16187
184.20          -0.15496
184.40          -0.14851
184.60          -0.14249
184.80          -0.13688
185.00          -0.13165
185.20          -0.12677
185.40          -0.12222
185.60          -0.11797
185.80          -0.11401
186.00          -0.11032
186.20          -0.10688
186.40          -0.10366
186.60          -0.10065
186.80          -0.097847
187.00          -0.095224
187.20          -0.092772
187.40          -0.090478
187.60          -0.088332
187.80          -0.086324
188.00          -0.084443
188.20          -0.082681
188.40          -0.081030
188.60          -0.079482
188.80          -0.078031
189.00          -0.076670
189.20          -0.075393
189.40          -0.074195
189.60          -0.073070
189.80          -0.072015
190.00          -0.071023
190.20          -0.070092
190.40          -0.069218
190.60          -0.068396
190.80          -0.067625
191.00          -0.066900
191.20          -0.066220
191.40          -0.065581
191.60          -0.064981
191.80          -0.064418
192.00          -0.063889
192.20          -0.063393
192.40          -0.062928
192.60          -0.062493
192.80          -0.062084
193.00          -0.061702
193.20          -0.061344
193.40          -0.061010
193.60          -0.060697
193.80          -0.060406
194.00          -0.060134
194.20          -0.059881
194.40          -0.059646
194.60          -0.059428
194.80          -0.059227
195.00          -0.059040
195.20          -0.058868
195.40          -0.058710
195.60          -0.058566
195.80          -0.058434
196.00          -0.058314
196.20          -0.058205
196.40          -0.058108
196.60          -0.058021
196.80          -0.057944
197.00          -0.057877
197.20          -0.057819
197.40          -0.057771
197.60          -0.057730
197.80          -0.057698
198.00          -0.057674
198.20          -0.057658
198.40          -0.057649
198.60          -0.057648
198.80          -0.057653
199.00          -0.057666
199.20          -0.057685
199.40          -0.057711
199.60          -0.057743
199.80          -0.057781
200.00          -0.057826
200.20          -0.057877
200.40          -0.057935
200.60          -0.057999
200.80          -0.058069
201.00          -0.058147
201.20          -0.058231
201.40          -0.058322
201.60          -0.058421
201.80          -0.058528
202.00          -0.058644
202.20          -0.058769
202.40          -0.058906
202.60          -0.059054
202.80          -0.059216
203.00          -0.059394
203.20          -0.059591
203.40          -0.059810
203.60          -0.060058
203.80          -0.060342
204.00          -0.060671
204.20          -0.061062
204.40          -0.061538
204.60          -0.062135
204.80          -0.062914
205.00          -0.063985
205.20          -0.065565
205.40          -0.068132
205.60          -0.072966
205.80          -0.084680
206.00          -0.13363
206.20          -3.0646
206.40          -0.12459
206.60          -0.067772
206.80          -0.060465
207.00          -0.058691
207.20          -0.058213
207.40          -0.058148
207.60          -0.058237
207.80          -0.058386
208.00          -0.058560
208.20          -0.058741
208.40          -0.058923
208.60          -0.059102
208.80          -0.059278
209.00          -0.059450
209.20          -0.059617
209.40          -0.059781
209.60          -0.059941
209.80          -0.060098
210.00          -0.060252
210.20          -0.060403
210.40          -0.060552
210.60          -0.060699
210.80          -0.060844
211.00          -0.060987
211.20          -0.061129
211.40          -0.061270
211.60          -0.061409
211.80          -0.061547
212.00          -0.061684
212.20          -0.061820
212.40          -0.061955
212.60          -0.062090
212.80          -0.062223
213.00          -0.062356
213.20          -0.062489
213.40          -0.062620
213.60          -0.062751
213.80          -0.062882
214.00          -0.063012
214.20          -0.063141
214.40          -0.063270
214.60          -0.063399
214.80          -0.063527
215.00          -0.063654
215.20          -0.063782
215.40          -0.063908
215.60          -0.064035
215.80          -0.064161
216.00          -0.064286
216.20          -0.064412
216.40          -0.064536
216.60          -0.064661
216.80          -0.064785
217.00          -0.064908
217.20          -0.065032
217.40          -0.065155
217.60          -0.065277
217.80          -0.065399
218.00          -0.065521
218.20          -0.065642
218.40          -0.065763
218.60          -0.065884
218.80          -0.066004
219.00          -0.066124
219.20          -0.066244
219.40          -0.066363
219.60          -0.066481
219.80          -0.066600
220.00          -0.066718
220.20          -0.066835
220.40          -0.066952
220.60          -0.067069
220.80          -0.067186
221.00          -0.067302
221.20          -0.067417
221.40          -0.067533
221.60          -0.067647
221.80          -0.067762
222.00          -0.067876
222.20          -0.067990
222.40          -0.068104
222.60          -0.068217
222.80          -0.068330
223.00          -0.068442
223.20          -0.068555
223.40          -0.068667
223.60          -0.068779
223.80          -0.068891
224.00          -0.069002
224.20          -0.069114
224.40          -0.069226
224.60          -0.069338
224.80          -0.069451
225.00          -0.069564
