175.00          -0.043192
175.20          -0.043055
175.40          -0.042920
175.60          -0.042788
175.80          -0.042658
176.00          -0.042530
176.20          -0.042404
176.40          -0.042280
176.60          -0.042159
176.80          -0.042039
177.00          -0.041921
177.20          -0.041805
177.40          -0.041691
177.60          -0.041579
177.80          -0.041468
178.00          -0.041359
178.20          -0.041251
178.40          -0.041145
178.60          -0.041041
178.80          -0.040938
179.00          -0.040837
179.20          -0.040737
179.40          -0.040638
179.60          -0.040541
179.80          -0.040445
180.00          -0.040351
180.20          -0.040257
180.40          -0.040165
180.60          -0.040074
180.80          -0.039985
181.00          -0.039896
181.20          -0.039809
181.40          -0.039723
181.60          -0.039638
181.80          -0.039554
182.00          -0.039470
182.20          -0.039389
182.40          -0.039308
182.60          -0.039228
182.80          -0.039149
183.00          -0.039071
183.20          -0.038994
183.40          -0.038917
183.60          -0.038842
183.80          -0.038768
184.00          -0.038694
184.20          -0.038622
184.40          -0.038550
184.60          -0.038479
184.80          -0.038409
185.00          -0.038340
185.20          -0.038272
185.40          -0.038204
185.60          -0.038137
185.80          -0.038071
186.00          -0.038006
186.20          -0.037941
186.40          -0.037878
186.60          -0.037815
186.80          -0.037752
187.00          -0.037691
187.20          -0.037630
187.40          -0.037569
187.60          -0.037510
187.80          -0.037451
188.00          -0.037393
188.20          -0.037335
188.40          -0.037279
188.60          -0.037222
188.80          -0.037167
189.00          -0.037112
189.20          -0.037058
189.40          -0.037004
189.60          -0.036951
189.80          -0.036898
190.00          -0.036847
190.20          -0.036795
190.40          -0.036745
190.60          -0.036695
190.80          -0.036645
191.00          -0.036596
191.20          -0.036548
191.40          -0.036500
191.60          -0.036453
191.80          -0.036407
192.00          -0.036360
192.20          -0.036315
192.40          -0.036270
192.60          -0.036226
192.80          -0.036182
193.00          -0.036138
193.20          -0.036096
193.40          -0.036053
193.60          -0.036012
193.80          -0.035970
194.00          -0.035930
194.20          -0.035889
194.40          -0.035850
194.60          -0.035810
194.80          -0.035772
195.00          -0.035734
195.20          -0.035696
195.40          -0.035659
195.60          -0.035622
195.80          -0.035586
196.00          -0.035550
196.20          -0.035515
196.40          -0.035480
196.60          -0.035446
196.80          -0.035412
197.00          -0.035379
197.20          -0.035346
197.40          -0.035313
197.60          -0.035281
197.80          -0.035250
198.00          -0.035219
198.20          -0.035188
198.40          -0.035158
198.60          -0.035129
198.80          -0.035099
199.00          -0.035071
199.20          -0.035042
199.40          -0.035015
199.60          -0.034987
199.80          -0.034960
200.00          -0.034934
200.20          -0.034908
200.40          -0.034882
200.60          -0.034857
200.80          -0.034832
201.00          -0.034808
201.20          -0.034784
201.40          -0.034761
201.60          -0.034738
201.80          -0.034715
202.00          -0.034693
202.20          -0.034671
202.40          -0.034650
202.60          -0.034629
202.80          -0.034609
203.00          -0.034589
203.20          -0.034569
203.40          -0.034550
203.60          -0.034532
203.80          -0.034513
204.00          -0.034495
204.20          -0.034478
204.40          -0.034461
204.60          -0.034444
204.80          -0.034428
205.00          -0.034412
205.20          -0.034397
205.40          -0.034382
205.60          -0.034368
205.80          -0.034354
206.00          -0.034342
206.20          -0.034327
206.40          -0.034313
206.60          -0.034301
206.80          -0.034289
207.00          -0.034277
207.20          -0.034266
207.40          -0.034255
207.60          -0.034245
207.80          -0.034235
208.00          -0.034225
208.20          -0.034216
208.40          -0.034207
208.60          -0.034199
208.80          -0.034191
209.00          -0.034183
209.20          -0.034176
209.40          -0.034170
209.60          -0.034163
209.80          -0.034157
210.00          -0.034152
210.20          -0.034147
210.40          -0.034142
210.60          -0.034138
210.80          -0.034134
211.00          -0.034131
211.20          -0.034128
211.40          -0.034125
211.60          -0.034123
211.80          -0.034121
212.00          -0.034120
212.20          -0.034119
212.40          -0.034118
212.60          -0.034118
212.80          -0.034118
213.00          -0.034119
213.20          -0.034120
213.40          -0.034122
213.60          -0.034124
213.80          -0.034126
214.00          -0.034129
214.20          -0.034132
214.40          -0.034136
214.60          -0.034140
214.80          -0.034144
215.00          -0.034149
215.20          -0.034155
215.40          -0.034160
215.60          -0.034166
215.80          -0.034173
216.00          -0.034180
216.20          -0.034188
216.40          -0.034196
216.60          -0.034204
216.80          -0.034213
217.00          -0.034222
217.20          -0.034232
217.40          -0.034242
217.60          -0.034252
217.80          -0.034263
218.00          -0.034275
218.20          -0.034287
218.40          -0.034299
218.60          -0.034312
218.80          -0.034325
219.00          -0.034339
219.20          -0.034353
219.40          -0.034368
219.60          -0.034383
219.80          -0.034399
220.00          -0.034415
220.20          -0.034432
220.40          -0.034449
220.60          -0.034467
220.80          -0.034485
221.00          -0.034504
221.20          -0.034524
221.40          -0.034544
221.60          -0.034564
221.80          -0.034586
222.00          -0.034608
222.20          -0.034630
222.40          -0.034654
222.60          -0.034678
222.80          -0.034702
223.00          -0.034728
223.20          -0.034755
223.40          -0.034783
223.60          -0.034811
223.80          -0.034842
224.00          -0.034873
224.20          -0.034906
224.40          -0.034941
224.60          -0.034979
224.80          -0.035019
225.00          -0.035062
