175.00          -0.025296
175.20          -0.025338
175.40          -0.025380
175.60          -0.025423
175.80          -0.025465
176.00          -0.025508
176.20          -0.025550
176.40          -0.025593
176.60          -0.025636
176.80          -0.025679
177.00          -0.025722
177.20          -0.025765
177.40          -0.025808
177.60          -0.025852
177.80          -0.025895
178.00          -0.025938
178.20          -0.025982
178.40          -0.026026
178.60          -0.026069
178.80          -0.026113
179.00          -0.026157
179.20          -0.026201
179.40          -0.026245
179.60          -0.026289
179.80          -0.026334
180.00          -0.026378
180.20          -0.026423
180.40          -0.026467
180.60          -0.026512
180.80          -0.026557
181.00          -0.026602
181.20          -0.026647
181.40          -0.026692
181.60          -0.026737
181.80          -0.026782
182.00          -0.026828
182.20          -0.026873
182.40          -0.026919
182.60          -0.026964
182.80          -0.027010
183.00          -0.027056
183.20          -0.027102
183.40          -0.027148
183.60          -0.027194
183.80          -0.027240
184.00          -0.027287
184.20          -0.027333
184.40          -0.027380
184.60          -0.027427
184.80          -0.027473
185.00          -0.027520
185.20          -0.027567
185.40          -0.027615
185.60          -0.027662
185.80          -0.027709
186.00          -0.027757
186.20          -0.027804
186.40          -0.027852
186.60          -0.027900
186.80          -0.027948
187.00          -0.027996
187.20          -0.028044
187.40          -0.028092
187.60          -0.028140
187.80          -0.028189
188.00          -0.028237
188.20          -0.028286
188.40          -0.028335
188.60          -0.028384
188.80          -0.028433
189.00          -0.028482
189.20          -0.028532
189.40          -0.028581
189.60          -0.028631
189.80          -0.028680
190.00          -0.028730
190.20          -0.028780
190.40          -0.028830
190.60          -0.028880
190.80          -0.028931
191.00          -0.028981
191.20          -0.029032
191.40          -0.029083
191.60          -0.029134
191.80          -0.029185
192.00          -0.029236
192.20          -0.029287
192.40          -0.029339
192.60          -0.029390
192.80          -0.029442
193.00          -0.029494
193.20          -0.029546
193.40          -0.029598
193.60          -0.029651
193.80          -0.029703
194.00          -0.029756
194.20          -0.029809
194.40          -0.029862
194.60          -0.029916
194.80          -0.029969
195.00          -0.030023
195.20          -0.030076
195.40          -0.030131
195.60          -0.030185
195.80          -0.030239
196.00          -0.030294
196.20          -0.030349
196.40          -0.030404
196.60          -0.030459
196.80          -0.030515
197.00          -0.030570
197.20          -0.030626
197.40          -0.030683
197.60          -0.030739
197.80          -0.030796
198.00          -0.030853
198.20          -0.030910
198.40          -0.030968
198.60          -0.031026
198.80          -0.031084
199.00          -0.031143
199.20          -0.031202
199.40          -0.031262
199.60          -0.031322
199.80          -0.031382
200.00          -0.031443
200.20          -0.031505
200.40          -0.031567
200.60          -0.031629
200.80          -0.031693
201.00          -0.031757
201.20          -0.031822
201.40          -0.031888
201.60          -0.031954
201.80          -0.032022
202.00          -0.032092
202.20          -0.032163
202.40          -0.032235
202.60          -0.032310
202.80          -0.032387
203.00          -0.032467
203.20          -0.032551
203.40          -0.032640
203.60          -0.032734
203.80          -0.032836
204.00          -0.032949
204.20          -0.033075
204.40          -0.033223
204.60          -0.033403
204.80          -0.033635
205.00          -0.033960
205.20          -0.034473
205.40          -0.035442
205.60          -0.037946
205.80          -0.051331
206.00          -0.31799
206.20          -0.038701
206.40          -0.034109
206.60          -0.033384
206.80          -0.033232
207.00          -0.033230
207.20          -0.033278
207.40          -0.033347
207.60          -0.033423
207.80          -0.033503
208.00          -0.033584
208.20          -0.033666
208.40          -0.033748
208.60          -0.033831
208.80          -0.033913
209.00          -0.033995
209.20          -0.034077
209.40          -0.034160
209.60          -0.034243
209.80          -0.034327
210.00          -0.034411
210.20          -0.034495
210.40          -0.034581
210.60          -0.034667
210.80          -0.034755
211.00          -0.034843
211.20          -0.034933
211.40          -0.035024
211.60          -0.035117
211.80          -0.035211
212.00          -0.035308
212.20          -0.035406
212.40          -0.035506
212.60          -0.035609
212.80          -0.035714
213.00          -0.035822
213.20          -0.035933
213.40          -0.036048
213.60          -0.036166
213.80          -0.036289
214.00          -0.036416
214.20          -0.036549
214.40          -0.036687
214.60          -0.036831
214.80          -0.036983
215.00          -0.037143
215.20          -0.037312
215.40          -0.037491
215.60          -0.037682
215.80          -0.037886
216.00          -0.038106
216.20          -0.038344
216.40          -0.038602
216.60          -0.038886
216.80          -0.039198
217.00          -0.039545
217.20          -0.039933
217.40          -0.040373
217.60          -0.040874
217.80          -0.041454
218.00          -0.042131
218.20          -0.042934
218.40          -0.043900
218.60          -0.045086
218.80          -0.046570
219.00          -0.048473
219.20          -0.050987
219.40          -0.054427
219.60          -0.059344
219.80          -0.066782
220.00          -0.078914
220.20          -0.10093
220.40          -0.14796
220.60          -0.28117
220.80          -0.98246
221.00          -14.567
221.20          -0.68577
221.40          -0.21448
221.60          -0.11541
221.80          -0.079922
222.00          -0.063532
222.20          -0.054743
222.40          -0.049548
222.60          -0.046259
222.80          -0.044070
223.00          -0.042558
223.20          -0.041483
223.40          -0.040702
223.60          -0.040127
223.80          -0.039697
224.00          -0.039375
224.20          -0.039133
224.40          -0.038953
224.60          -0.038820
224.80          -0.038724
225.00          -0.038658
