175.00          -0.065191
175.20          -0.064491
175.40          -0.063819
175.60          -0.063175
175.80          -0.062558
176.00          -0.061967
176.20          -0.061401
176.40          -0.060859
176.60          -0.060340
176.80          -0.059843
177.00          -0.059368
177.20          -0.058914
177.40          -0.058480
177.60          -0.058066
177.80          -0.057671
178.00          -0.057294
178.20          -0.056934
178.40          -0.056592
178.60          -0.056266
178.80          -0.055956
179.00          -0.055662
179.20          -0.055382
179.40          -0.055117
179.60          -0.054866
179.80          -0.054629
180.00          -0.054405
180.20          -0.054194
180.40          -0.053995
180.60          -0.053808
180.80          -0.053633
181.00          -0.053469
181.20          -0.053316
181.40          -0.053174
181.60          -0.053042
181.80          -0.052920
182.00          -0.052808
182.20          -0.052706
182.40          -0.052613
182.60          -0.052528
182.80          -0.052453
183.00          -0.052386
183.20          -0.052327
183.40          -0.052276
183.60          -0.052233
183.80          -0.052198
184.00          -0.052170
184.20          -0.052149
184.40          -0.052136
184.60          -0.052129
184.80          -0.052129
185.00          -0.052135
185.20          -0.052148
185.40          -0.052167
185.60          -0.052192
185.80          -0.052224
186.00          -0.052260
186.20          -0.052303
186.40          -0.052351
186.60          -0.052405
186.80          -0.052463
187.00          -0.052527
187.20          -0.052596
187.40          -0.052670
187.60          -0.052749
187.80          -0.052832
188.00          -0.052920
188.20          -0.053013
188.40          -0.053110
188.60          -0.053211
188.80          -0.053317
189.00          -0.053427
189.20          -0.053541
189.40          -0.053659
189.60          -0.053781
189.80          -0.053907
190.00          -0.054036
190.20          -0.054170
190.40          -0.054307
190.60          -0.054447
190.80          -0.054591
191.00          -0.054739
191.20          -0.054890
191.40          -0.055044
191.60          -0.055202
191.80          -0.055363
192.00          -0.055527
192.20          -0.055694
192.40          -0.055865
192.60          -0.056038
192.80          -0.056215
193.00          -0.056394
193.20          -0.056577
193.40          -0.056762
193.60          -0.056950
193.80          -0.057141
194.00          -0.057335
194.20          -0.057531
194.40          -0.057730
194.60          -0.057932
194.80          -0.058137
195.00          -0.058344
195.20          -0.058554
195.40          -0.058766
195.60          -0.058981
195.80          -0.059199
196.00          -0.059419
196.20          -0.059642
196.40          -0.059867
196.60          -0.060095
196.80          -0.060325
197.00          -0.060558
197.20          -0.060793
197.40          -0.061031
197.60          -0.061272
197.80          -0.061515
198.00          -0.061760
198.20          -0.062009
198.40          -0.062259
198.60          -0.062513
198.80          -0.062770
199.00          -0.063029
199.20          -0.063291
199.40          -0.063556
199.60          -0.063824
199.80          -0.064096
200.00          -0.064371
200.20          -0.064649
200.40          -0.064932
200.60          -0.065218
200.80          -0.065509
201.00          -0.065804
201.20          -0.066104
201.40          -0.066410
201.60          -0.066723
201.80          -0.067042
202.00          -0.067368
202.20          -0.067704
202.40          -0.068050
202.60          -0.068407
202.80          -0.068778
203.00          -0.069166
203.20          -0.069574
203.40          -0.070007
203.60          -0.070471
203.80          -0.070976
204.00          -0.071532
204.20          -0.072160
204.40          -0.072886
204.60          -0.073757
204.80          -0.074847
205.00          -0.076294
205.20          -0.078374
205.40          -0.081715
205.60          -0.088066
205.80          -0.10418
206.00          -0.18268
206.20          -7.1087
206.40          -0.12384
206.60          -0.080285
206.80          -0.073652
207.00          -0.072032
207.20          -0.071685
207.40          -0.071764
207.60          -0.072008
207.80          -0.072321
208.00          -0.072661
208.20          -0.073013
208.40          -0.073366
208.60          -0.073718
208.80          -0.074066
209.00          -0.074410
209.20          -0.074750
209.40          -0.075086
209.60          -0.075417
209.80          -0.075745
210.00          -0.076069
210.20          -0.076390
210.40          -0.076708
210.60          -0.077023
210.80          -0.077336
211.00          -0.077646
211.20          -0.077954
211.40          -0.078259
211.60          -0.078563
211.80          -0.078864
212.00          -0.079164
212.20          -0.079462
212.40          -0.079758
212.60          -0.080052
212.80          -0.080344
213.00          -0.080635
213.20          -0.080924
213.40          -0.081212
213.60          -0.081498
213.80          -0.081782
214.00          -0.082064
214.20          -0.082345
214.40          -0.082624
214.60          -0.082901
214.80          -0.083177
215.00          -0.083451
215.20          -0.083723
215.40          -0.083993
215.60          -0.084261
215.80          -0.084527
216.00          -0.084792
216.20          -0.085054
216.40          -0.085314
216.60          -0.085572
216.80          -0.085828
217.00          -0.086082
217.20          -0.086334
217.40          -0.086583
217.60          -0.086830
217.80          -0.087074
218.00          -0.087316
218.20          -0.087555
218.40          -0.087792
218.60          -0.088026
218.80          -0.088257
219.00          -0.088485
219.20          -0.088711
219.40          -0.088933
219.60          -0.089153
219.80          -0.089369
220.00          -0.089582
220.20          -0.089792
220.40          -0.089999
220.60          -0.090202
220.80          -0.090401
221.00          -0.090597
221.20          -0.090789
221.40          -0.090977
221.60          -0.091162
221.80          -0.091342
222.00          -0.091519
222.20          -0.091691
222.40          -0.091859
222.60          -0.092023
222.80          -0.092182
223.00          -0.092337
223.20          -0.092487
223.40          -0.092633
223.60          -0.092774
223.80          -0.092911
224.00          -0.093042
224.20          -0.093170
224.40          -0.093293
224.60          -0.093411
224.80          -0.093525
225.00          -0.093636
