175.00          -0.029566
175.20          -0.029627
175.40          -0.029688
175.60          -0.029749
175.80          -0.029810
176.00          -0.029871
176.20          -0.029933
176.40          -0.029995
176.60          -0.030057
176.80          -0.030119
177.00          -0.030181
177.20          -0.030243
177.40          -0.030306
177.60          -0.030369
177.80          -0.030432
178.00          -0.030495
178.20          -0.030558
178.40          -0.030621
178.60          -0.030685
178.80          -0.030749
179.00          -0.030813
179.20          -0.030877
179.40          -0.030942
179.60          -0.031006
179.80          -0.031071
180.00          -0.031136
180.20          -0.031201
180.40          -0.031266
180.60          -0.031332
180.80          -0.031398
181.00          -0.031463
181.20          -0.031530
181.40          -0.031596
181.60          -0.031662
181.80          -0.031729
182.00          -0.031796
182.20          -0.031863
182.40          -0.031930
182.60          -0.031998
182.80          -0.032065
183.00          -0.032133
183.20          -0.032201
183.40          -0.032270
183.60          -0.032338
183.80          -0.032407
184.00          -0.032476
184.20          -0.032545
184.40          -0.032614
184.60          -0.032684
184.80          -0.032753
185.00          -0.032823
185.20          -0.032893
185.40          -0.032964
185.60          -0.033034
185.80          -0.033105
186.00          -0.033176
186.20          -0.033248
186.40          -0.033319
186.60          -0.033391
186.80          -0.033463
187.00          -0.033535
187.20          -0.033607
187.40          -0.033680
187.60          -0.033753
187.80          -0.033826
188.00          -0.033899
188.20          -0.033973
188.40          -0.034046
188.60          -0.034120
188.80          -0.034195
189.00          -0.034269
189.20          -0.034344
189.40          -0.034419
189.60          -0.034494
189.80          -0.034570
190.00          -0.034645
190.20          -0.034722
190.40          -0.034798
190.60          -0.034874
190.80          -0.034951
191.00          -0.035028
191.20          -0.035105
191.40          -0.035183
191.60          -0.035261
191.80          -0.035339
192.00          -0.035417
192.20          -0.035496
192.40          -0.035575
192.60          -0.035654
192.80          -0.035734
193.00          -0.035813
193.20          -0.035893
193.40          -0.035974
193.60          -0.036054
193.80          -0.036135
194.00          -0.036217
194.20          -0.036298
194.40          -0.036380
194.60          -0.036462
194.80          -0.036545
195.00          -0.036627
195.20          -0.036710
195.40          -0.036794
195.60          -0.036878
195.80          -0.036962
196.00          -0.037046
196.20          -0.037131
196.40          -0.037216
196.60          -0.037301
196.80          -0.037387
197.00          -0.037473
197.20          -0.037559
197.40          -0.037646
197.60          -0.037733
197.80          -0.037820
198.00          -0.037908
198.20          -0.037996
198.40          -0.038085
198.60          -0.038173
198.80          -0.038263
199.00          -0.038352
199.20          -0.038442
199.40          -0.038533
199.60          -0.038624
199.80          -0.038715
200.00          -0.038806
200.20          -0.038898
200.40          -0.038991
200.60          -0.039084
200.80          -0.039177
201.00          -0.039271
201.20          -0.039365
201.40          -0.039459
201.60          -0.039554
201.80          -0.039650
202.00          -0.039746
202.20          -0.039842
202.40          -0.039939
202.60          -0.040036
202.80          -0.040134
203.00          -0.040233
203.20          -0.040331
203.40          -0.040431
203.60          -0.040531
203.80          -0.040631
204.00          -0.040732
204.20          -0.040833
204.40          -0.040935
204.60          -0.041038
204.80          -0.041141
205.00          -0.041244
205.20          -0.041348
205.40          -0.041453
205.60          -0.041559
205.80          -0.041665
206.00          -0.041771
206.20          -0.041878
206.40          -0.041986
206.60          -0.042095
206.80          -0.042204
207.00          -0.042314
207.20          -0.042424
207.40          -0.042536
207.60          -0.042647
207.80          -0.042760
208.00          -0.042873
208.20          -0.042988
208.40          -0.043102
208.60          -0.043218
208.80          -0.043335
209.00          -0.043452
209.20          -0.043570
209.40          -0.043689
209.60          -0.043808
209.80          -0.043929
210.00          -0.044051
210.20          -0.044173
210.40          -0.044296
210.60          -0.044421
210.80          -0.044546
211.00          -0.044672
211.20          -0.044799
211.40          -0.044928
211.60          -0.045057
211.80          -0.045187
212.00          -0.045319
212.20          -0.045451
212.40          -0.045585
212.60          -0.045720
212.80          -0.045856
213.00          -0.045994
213.20          -0.046132
213.40          -0.046272
213.60          -0.046414
213.80          -0.046556
214.00          -0.046701
214.20          -0.046846
214.40          -0.046993
214.60          -0.047142
214.80          -0.047292
215.00          -0.047443
215.20          -0.047597
215.40          -0.047752
215.60          -0.047909
215.80          -0.048067
216.00          -0.048228
216.20          -0.048390
216.40          -0.048554
216.60          -0.048720
216.80          -0.048889
217.00          -0.049059
217.20          -0.049232
217.40          -0.049407
217.60          -0.049584
217.80          -0.049764
218.00          -0.049946
218.20          -0.050131
218.40          -0.050318
218.60          -0.050509
218.80          -0.050702
219.00          -0.050898
219.20          -0.051097
219.40          -0.051299
219.60          -0.051505
219.80          -0.051714
220.00          -0.051926
220.20          -0.052143
220.40          -0.052363
220.60          -0.052587
220.80          -0.052815
221.00          -0.053047
221.20          -0.053284
221.40          -0.053525
221.60          -0.053771
221.80          -0.054023
222.00          -0.054279
222.20          -0.054541
222.40          -0.054809
222.60          -0.055083
222.80          -0.055363
223.00          -0.055649
223.20          -0.055943
223.40          -0.056243
223.60          -0.056551
223.80          -0.056867
224.00          -0.057191
224.20          -0.057524
224.40          -0.057866
224.60          -0.058217
224.80          -0.058579
225.00          -0.058951
