175.00          -0.067599
175.20          -0.068071
175.40          -0.068551
175.60          -0.069039
175.80          -0.069533
176.00          -0.070035
176.20          -0.070545
176.40          -0.071063
176.60          -0.071589
176.80          -0.072124
177.00          -0.072667
177.20          -0.073219
177.40          -0.073780
177.60          -0.074350
177.80          -0.074929
178.00          -0.075519
178.20          -0.076118
178.40          -0.076727
178.60          -0.077347
178.80          -0.077978
179.00          -0.078620
179.20          -0.079273
179.40          -0.079938
179.60          -0.080615
179.80          -0.081305
180.00          -0.082007
180.20          -0.082722
180.40          -0.083450
180.60          -0.084192
180.80          -0.084948
181.00          -0.085719
181.20          -0.086505
181.40          -0.087306
181.60          -0.088123
181.80          -0.088957
182.00          -0.089807
182.20          -0.090674
182.40          -0.091560
182.60          -0.092464
182.80          -0.093386
183.00          -0.094328
183.20          -0.095291
183.40          -0.096274
183.60          -0.097278
183.80          -0.098305
184.00          -0.099354
184.20          -0.10043
184.40          -0.10152
184.60          -0.10265
184.80          -0.10379
185.00          -0.10497
185.20          -0.10617
185.40          -0.10740
185.60          -0.10866
185.80          -0.10995
186.00          -0.11127
186.20          -0.11263
186.40          -0.11401
186.60          -0.11544
186.80          -0.11689
187.00          -0.11839
187.20          -0.11992
187.40          -0.12150
187.60          -0.12311
187.80          -0.12477
188.00          -0.12647
188.20          -0.12822
188.40          -0.13001
188.60          -0.13185
188.80          -0.13374
189.00          -0.13569
189.20          -0.13769
189.40          -0.13974
189.60          -0.14186
189.80          -0.14403
190.00          -0.14626
190.20          -0.14856
190.40          -0.15093
190.60          -0.15336
190.80          -0.15587
191.00          -0.15845
191.20          -0.16110
191.40          -0.16383
191.60          -0.16665
191.80          -0.16954
192.00          -0.17253
192.20          -0.17560
192.40          -0.17876
192.60          -0.18202
192.80          -0.18537
193.00          -0.18882
193.20          -0.19237
193.40          -0.19602
193.60          -0.19978
193.80          -0.20365
194.00          -0.20763
194.20          -0.21172
194.40          -0.21591
194.60          -0.22023
194.80          -0.22465
195.00          -0.22919
195.20          -0.23384
195.40          -0.23859
195.60          -0.24346
195.80          -0.24843
196.00          -0.25350
196.20          -0.25867
196.40          -0.26393
196.60          -0.26926
196.80          -0.27467
197.00          -0.28013
197.20          -0.28564
197.40          -0.29118
197.60          -0.29674
197.80          -0.30229
198.00          -0.30780
198.20          -0.31327
198.40          -0.31866
198.60          -0.32394
198.80          -0.32907
199.00          -0.33404
199.20          -0.33880
199.40          -0.34331
199.60          -0.34754
199.80          -0.35145
200.00          -0.35499
200.20          -0.35814
200.40          -0.36086
200.60          -0.36310
200.80          -0.36484
201.00          -0.36604
201.20          -0.36670
201.40          -0.36677
201.60          -0.36626
201.80          -0.36515
202.00          -0.36344
202.20          -0.36114
202.40          -0.35826
202.60          -0.35482
202.80          -0.35084
203.00          -0.34635
203.20          -0.34139
203.40          -0.33599
203.60          -0.33020
203.80          -0.32407
204.00          -0.31763
204.20          -0.31094
204.40          -0.30403
204.60          -0.29697
204.80          -0.28978
205.00          -0.28251
205.20          -0.27520
205.40          -0.26789
205.60          -0.26060
205.80          -0.25338
206.00          -0.24624
206.20          -0.23920
206.40          -0.23230
206.60          -0.22553
206.80          -0.21893
207.00          -0.21250
207.20          -0.20624
207.40          -0.20018
207.60          -0.19430
207.80          -0.18862
208.00          -0.18313
208.20          -0.17784
208.40          -0.17274
208.60          -0.16784
208.80          -0.16312
209.00          -0.15860
209.20          -0.15425
209.40          -0.15009
209.60          -0.14610
209.80          -0.14227
210.00          -0.13861
210.20          -0.13511
210.40          -0.13175
210.60          -0.12855
210.80          -0.12548
211.00          -0.12255
211.20          -0.11975
211.40          -0.11708
211.60          -0.11452
211.80          -0.11208
212.00          -0.10975
212.20          -0.10753
212.40          -0.10540
212.60          -0.10337
212.80          -0.10143
213.00          -0.099585
213.20          -0.097820
213.40          -0.096135
213.60          -0.094527
213.80          -0.092991
214.00          -0.091526
214.20          -0.090128
214.40          -0.088794
214.60          -0.087520
214.80          -0.086306
215.00          -0.085146
215.20          -0.084040
215.40          -0.082986
215.60          -0.081979
215.80          -0.081020
216.00          -0.080104
216.20          -0.079232
216.40          -0.078400
216.60          -0.077607
216.80          -0.076852
217.00          -0.076132
217.20          -0.075446
217.40          -0.074793
217.60          -0.074172
217.80          -0.073580
218.00          -0.073018
218.20          -0.072483
218.40          -0.071974
218.60          -0.071491
218.80          -0.071032
219.00          -0.070597
219.20          -0.070184
219.40          -0.069793
219.60          -0.069422
219.80          -0.069071
220.00          -0.068739
220.20          -0.068426
220.40          -0.068130
220.60          -0.067852
220.80          -0.067589
221.00          -0.067342
221.20          -0.067111
221.40          -0.066894
221.60          -0.066691
221.80          -0.066501
222.00          -0.066324
222.20          -0.066160
222.40          -0.066008
222.60          -0.065868
222.80          -0.065739
223.00          -0.065621
223.20          -0.065513
223.40          -0.065415
223.60          -0.065328
223.80          -0.065249
224.00          -0.065180
224.20          -0.065119
224.40          -0.065067
224.60          -0.065023
224.80          -0.064987
225.00          -0.064959
