175.00          -0.025546
175.20          -0.025585
175.40          -0.025624
175.60          -0.025663
175.80          -0.025702
176.00          -0.025741
176.20          -0.025780
176.40          -0.025819
176.60          -0.025859
176.80          -0.025898
177.00          -0.025937
177.20          -0.025977
177.40          -0.026016
177.60          -0.026056
177.80          -0.026095
178.00          -0.026135
178.20          -0.026175
178.40          -0.026215
178.60          -0.026255
178.80          -0.026295
179.00          -0.026335
179.20          -0.026375
179.40          -0.026415
179.60          -0.026455
179.80          -0.026495
180.00          -0.026536
180.20          -0.026576
180.40          -0.026616
180.60          -0.026657
180.80          -0.026697
181.00          -0.026738
181.20          -0.026779
181.40          -0.026820
181.60          -0.026860
181.80          -0.026901
182.00          -0.026942
182.20          -0.026983
182.40          -0.027024
182.60          -0.027066
182.80          -0.027107
183.00          -0.027148
183.20          -0.027190
183.40          -0.027231
183.60          -0.027273
183.80          -0.027314
184.00          -0.027356
184.20          -0.027397
184.40          -0.027439
184.60          -0.027481
184.80          -0.027523
185.00          -0.027565
185.20          -0.027607
185.40          -0.027649
185.60          -0.027692
185.80          -0.027734
186.00          -0.027776
186.20          -0.027819
186.40          -0.027861
186.60          -0.027904
186.80          -0.027947
187.00          -0.027989
187.20          -0.028032
187.40          -0.028075
187.60          -0.028118
187.80          -0.028161
188.00          -0.028204
188.20          -0.028248
188.40          -0.028291
188.60          -0.028335
188.80          -0.028378
189.00          -0.028422
189.20          -0.028465
189.40          -0.028509
189.60          -0.028553
189.80          -0.028597
190.00          -0.028641
190.20          -0.028685
190.40          -0.028729
190.60          -0.028774
190.80          -0.028818
191.00          -0.028863
191.20          -0.028907
191.40          -0.028952
191.60          -0.028997
191.80          -0.029042
192.00          -0.029087
192.20          -0.029132
192.40          -0.029178
192.60          -0.029223
192.80          -0.029269
193.00          -0.029314
193.20          -0.029360
193.40          -0.029406
193.60          -0.029452
193.80          -0.029498
194.00          -0.029544
194.20          -0.029591
194.40          -0.029637
194.60          -0.029684
194.80          -0.029731
195.00          -0.029778
195.20          -0.029825
195.40          -0.029873
195.60          -0.029920
195.80          -0.029968
196.00          -0.030016
196.20          -0.030064
196.40          -0.030112
196.60          -0.030160
196.80          -0.030209
197.00          -0.030258
197.20          -0.030307
197.40          -0.030356
197.60          -0.030406
197.80          -0.030456
198.00          -0.030506
198.20          -0.030556
198.40          -0.030607
198.60          -0.030658
198.80          -0.030709
199.00          -0.030761
199.20          -0.030813
199.40          -0.030866
199.60          -0.030919
199.80          -0.030972
200.00          -0.031026
200.20          -0.031081
200.40          -0.031136
200.60          -0.031191
200.80          -0.031248
201.00          -0.031305
201.20          -0.031364
201.40          -0.031423
201.60          -0.031483
201.80          -0.031545
202.00          -0.031608
202.20          -0.031673
202.40          -0.031740
202.60          -0.031810
202.80          -0.031882
203.00          -0.031958
203.20          -0.032038
203.40          -0.032123
203.60          -0.032216
203.80          -0.032318
204.00          -0.032432
204.20          -0.032563
204.40          -0.032719
204.60          -0.032914
204.80          -0.033171
205.00          -0.033540
205.20          -0.034131
205.40          -0.035260
205.60          -0.038168
205.80          -0.053009
206.00          -0.56603
206.20          -0.040479
206.40          -0.033842
206.60          -0.032787
206.80          -0.032532
207.00          -0.032486
207.20          -0.032510
207.40          -0.032563
207.60          -0.032628
207.80          -0.032698
208.00          -0.032771
208.20          -0.032844
208.40          -0.032918
208.60          -0.032993
208.80          -0.033067
209.00          -0.033142
209.20          -0.033216
209.40          -0.033291
209.60          -0.033367
209.80          -0.033442
210.00          -0.033519
210.20          -0.033596
210.40          -0.033674
210.60          -0.033752
210.80          -0.033832
211.00          -0.033913
211.20          -0.033996
211.40          -0.034080
211.60          -0.034165
211.80          -0.034253
212.00          -0.034342
212.20          -0.034434
212.40          -0.034528
212.60          -0.034624
212.80          -0.034724
213.00          -0.034826
213.20          -0.034933
213.40          -0.035043
213.60          -0.035157
213.80          -0.035276
214.00          -0.035401
214.20          -0.035531
214.40          -0.035668
214.60          -0.035813
214.80          -0.035965
215.00          -0.036128
215.20          -0.036300
215.40          -0.036485
215.60          -0.036684
215.80          -0.036899
216.00          -0.037132
216.20          -0.037386
216.40          -0.037666
216.60          -0.037974
216.80          -0.038318
217.00          -0.038704
217.20          -0.039141
217.40          -0.039639
217.60          -0.040214
217.80          -0.040885
218.00          -0.041676
218.20          -0.042624
218.40          -0.043778
218.60          -0.045207
218.80          -0.047016
219.00          -0.049362
219.20          -0.052496
219.40          -0.056840
219.60          -0.063138
219.80          -0.072823
220.00          -0.088944
220.20          -0.11900
220.40          -0.18579
220.60          -0.38847
220.80          -1.6386
221.00          -6.5298
221.20          -0.64257
221.40          -0.22704
221.60          -0.12556
221.80          -0.086733
222.00          -0.068073
222.20          -0.057782
222.40          -0.051559
222.60          -0.047540
222.80          -0.044814
223.00          -0.042894
223.20          -0.041503
223.40          -0.040470
223.60          -0.039690
223.80          -0.039091
224.00          -0.038627
224.20          -0.038265
224.40          -0.037980
224.60          -0.037757
224.80          -0.037581
225.00          -0.037444
