175.00          -0.035506
175.20          -0.035596
175.40          -0.035687
175.60          -0.035779
175.80          -0.035871
176.00          -0.035965
176.20          -0.036059
176.40          -0.036154
176.60          -0.036251
176.80          -0.036348
177.00          -0.036446
177.20          -0.036545
177.40          -0.036646
177.60          -0.036747
177.80          -0.036850
178.00          -0.036953
178.20          -0.037058
178.40          -0.037164
178.60          -0.037272
178.80          -0.037380
179.00          -0.037490
179.20          -0.037602
179.40          -0.037715
179.60          -0.037829
179.80          -0.037945
180.00          -0.038063
180.20          -0.038182
180.40          -0.038303
180.60          -0.038425
180.80          -0.038550
181.00          -0.038676
181.20          -0.038805
181.40          -0.038935
181.60          -0.039067
181.80          -0.039202
182.00          -0.039339
182.20          -0.039478
182.40          -0.039620
182.60          -0.039764
182.80          -0.039911
183.00          -0.040061
183.20          -0.040213
183.40          -0.040369
183.60          -0.040527
183.80          -0.040689
184.00          -0.040854
184.20          -0.041023
184.40          -0.041195
184.60          -0.041371
184.80          -0.041551
185.00          -0.041735
185.20          -0.041924
185.40          -0.042117
185.60          -0.042315
185.80          -0.042518
186.00          -0.042726
186.20          -0.042939
186.40          -0.043158
186.60          -0.043384
186.80          -0.043615
187.00          -0.043854
187.20          -0.044099
187.40          -0.044351
187.60          -0.044612
187.80          -0.044880
188.00          -0.045157
188.20          -0.045444
188.40          -0.045739
188.60          -0.046045
188.80          -0.046362
189.00          -0.046691
189.20          -0.047031
189.40          -0.047384
189.60          -0.047751
189.80          -0.048132
190.00          -0.048529
190.20          -0.048942
190.40          -0.049373
190.60          -0.049823
190.80          -0.050293
191.00          -0.050784
191.20          -0.051298
191.40          -0.051837
191.60          -0.052403
191.80          -0.052997
192.00          -0.053623
192.20          -0.054281
192.40          -0.054976
192.60          -0.055710
192.80          -0.056487
193.00          -0.057309
193.20          -0.058182
193.40          -0.059110
193.60          -0.060098
193.80          -0.061152
194.00          -0.062279
194.20          -0.063485
194.40          -0.064779
194.60          -0.066170
194.80          -0.067669
195.00          -0.069289
195.20          -0.071043
195.40          -0.072948
195.60          -0.075022
195.80          -0.077286
196.00          -0.079767
196.20          -0.082492
196.40          -0.085498
196.60          -0.088824
196.80          -0.092521
197.00          -0.096646
197.20          -0.10127
197.40          -0.10648
197.60          -0.11237
197.80          -0.11908
198.00          -0.12676
198.20          -0.13562
198.40          -0.14590
198.60          -0.15791
198.80          -0.17207
199.00          -0.18891
199.20          -0.20912
199.40          -0.23361
199.60          -0.26361
199.80          -0.30074
200.00          -0.34718
200.20          -0.40581
200.40          -0.48028
200.60          -0.57490
200.80          -0.69368
201.00          -0.83764
201.20          -0.99890
201.40          -1.1522
201.60          -1.2531
201.80          -1.2586
202.00          -1.1639
202.20          -1.0079
202.40          -0.83849
202.60          -0.68577
202.80          -0.56009
203.00          -0.46097
203.20          -0.38404
203.40          -0.32449
203.60          -0.27821
203.80          -0.24199
204.00          -0.21345
204.20          -0.19083
204.40          -0.17286
204.60          -0.15866
204.80          -0.14761
205.00          -0.13936
205.20          -0.13384
205.40          -0.13139
205.60          -0.13302
205.80          -0.14149
206.00          -0.16466
206.20          -0.23196
206.40          -0.53145
206.60          -2.4298
206.80          -0.35441
207.00          -0.12794
207.20          -0.083589
207.40          -0.068499
207.60          -0.061563
207.80          -0.057674
208.00          -0.055162
208.20          -0.053365
208.40          -0.051981
208.60          -0.050860
208.80          -0.049919
209.00          -0.049109
209.20          -0.048399
209.40          -0.047769
209.60          -0.047206
209.80          -0.046698
210.00          -0.046238
210.20          -0.045820
210.40          -0.045439
210.60          -0.045091
210.80          -0.044772
211.00          -0.044480
211.20          -0.044211
211.40          -0.043965
211.60          -0.043739
211.80          -0.043530
212.00          -0.043339
212.20          -0.043163
212.40          -0.043001
212.60          -0.042852
212.80          -0.042715
213.00          -0.042589
213.20          -0.042474
213.40          -0.042368
213.60          -0.042271
213.80          -0.042183
214.00          -0.042102
214.20          -0.042029
214.40          -0.041962
214.60          -0.041902
214.80          -0.041847
215.00          -0.041798
215.20          -0.041754
215.40          -0.041715
215.60          -0.041681
215.80          -0.041651
216.00          -0.041625
216.20          -0.041603
216.40          -0.041584
216.60          -0.041569
216.80          -0.041556
217.00          -0.041547
217.20          -0.041541
217.40          -0.041537
217.60          -0.041536
217.80          -0.041537
218.00          -0.041541
218.20          -0.041546
218.40          -0.041554
218.60          -0.041564
218.80          -0.041575
219.00          -0.041588
219.20          -0.041603
219.40          -0.041619
219.60          -0.041637
219.80          -0.041656
220.00          -0.041677
220.20          -0.041699
220.40          -0.041722
220.60          -0.041747
220.80          -0.041772
221.00          -0.041799
221.20          -0.041826
221.40          -0.041855
221.60          -0.041884
221.80          -0.041915
222.00          -0.041946
222.20          -0.041978
222.40          -0.042011
222.60          -0.042045
222.80          -0.042080
223.00          -0.042115
223.20          -0.042151
223.40          -0.042187
223.60          -0.042225
223.80          -0.042263
224.00          -0.042301
224.20          -0.042340
224.40          -0.042380
224.60          -0.042420
224.80          -0.042461
225.00          -0.042503
