175.00          -0.056959
175.20          -0.057009
175.40          -0.057060
175.60          -0.057109
175.80          -0.057159
176.00          -0.057208
176.20          -0.057258
176.40          -0.057306
176.60          -0.057355
176.80          -0.057403
177.00          -0.057451
177.20          -0.057498
177.40          -0.057545
177.60          -0.057592
177.80          -0.057638
178.00          -0.057684
178.20          -0.057730
178.40          -0.057775
178.60          -0.057820
178.80          -0.057864
179.00          -0.057908
179.20          -0.057952
179.40          -0.057995
179.60          -0.058038
179.80          -0.058080
180.00          -0.058122
180.20          -0.058164
180.40          -0.058205
180.60          -0.058245
180.80          -0.058286
181.00          -0.058326
181.20          -0.058365
181.40          -0.058404
181.60          -0.058443
181.80          -0.058481
182.00          -0.058519
182.20          -0.058556
182.40          -0.058593
182.60          -0.058630
182.80          -0.058666
183.00          -0.058702
183.20          -0.058737
183.40          -0.058772
183.60          -0.058807
183.80          -0.058841
184.00          -0.058875
184.20          -0.058908
184.40          -0.058941
184.60          -0.058974
184.80          -0.059006
185.00          -0.059038
185.20          -0.059070
185.40          -0.059101
185.60          -0.059132
185.80          -0.059163
186.00          -0.059193
186.20          -0.059223
186.40          -0.059253
186.60          -0.059282
186.80          -0.059311
187.00          -0.059340
187.20          -0.059369
187.40          -0.059397
187.60          -0.059425
187.80          -0.059453
188.00          -0.059480
188.20          -0.059508
188.40          -0.059535
188.60          -0.059562
188.80          -0.059588
189.00          -0.059615
189.20          -0.059641
189.40          -0.059667
189.60          -0.059693
189.80          -0.059719
190.00          -0.059744
190.20          -0.059770
190.40          -0.059795
190.60          -0.059821
190.80          -0.059846
191.00          -0.059871
191.20          -0.059896
191.40          -0.059921
191.60          -0.059946
191.80          -0.059971
192.00          -0.059996
192.20          -0.060020
192.40          -0.060045
192.60          -0.060070
192.80          -0.060095
193.00          -0.060120
193.20          -0.060145
193.40          -0.060170
193.60          -0.060195
193.80          -0.060220
194.00          -0.060246
194.20          -0.060271
194.40          -0.060297
194.60          -0.060323
194.80          -0.060349
195.00          -0.060375
195.20          -0.060401
195.40          -0.060428
195.60          -0.060455
195.80          -0.060482
196.00          -0.060509
196.20          -0.060537
196.40          -0.060565
196.60          -0.060594
196.80          -0.060623
197.00          -0.060652
197.20          -0.060682
197.40          -0.060712
197.60          -0.060743
197.80          -0.060774
198.00          -0.060805
198.20          -0.060838
198.40          -0.060871
198.60          -0.060905
198.80          -0.060939
199.00          -0.060974
199.20          -0.061010
199.40          -0.061047
199.60          -0.061085
199.80          -0.061124
200.00          -0.061164
200.20          -0.061205
200.40          -0.061248
200.60          -0.061292
200.80          -0.061338
201.00          -0.061385
201.20          -0.061435
201.40          -0.061486
201.60          -0.061541
201.80          -0.061597
202.00          -0.061657
202.20          -0.061721
202.40          -0.061789
202.60          -0.061862
202.80          -0.061940
203.00          -0.062026
203.20          -0.062120
203.40          -0.062224
203.60          -0.062342
203.80          -0.062476
204.00          -0.062633
204.20          -0.062820
204.40          -0.063050
204.60          -0.063341
204.80          -0.063728
205.00          -0.064274
205.20          -0.065108
205.40          -0.066545
205.60          -0.069540
205.80          -0.078529
206.00          -0.15547
206.20          -0.16670
206.40          -0.067262
206.60          -0.062146
206.80          -0.061259
207.00          -0.061103
207.20          -0.061134
207.40          -0.061223
207.60          -0.061327
207.80          -0.061433
208.00          -0.061538
208.20          -0.061638
208.40          -0.061735
208.60          -0.061827
208.80          -0.061917
209.00          -0.062003
209.20          -0.062088
209.40          -0.062170
209.60          -0.062250
209.80          -0.062330
210.00          -0.062408
210.20          -0.062486
210.40          -0.062563
210.60          -0.062639
210.80          -0.062715
211.00          -0.062792
211.20          -0.062868
211.40          -0.062944
211.60          -0.063020
211.80          -0.063097
212.00          -0.063174
212.20          -0.063252
212.40          -0.063330
212.60          -0.063409
212.80          -0.063488
213.00          -0.063568
213.20          -0.063649
213.40          -0.063731
213.60          -0.063813
213.80          -0.063897
214.00          -0.063981
214.20          -0.064067
214.40          -0.064154
214.60          -0.064241
214.80          -0.064330
215.00          -0.064421
215.20          -0.064512
215.40          -0.064605
215.60          -0.064700
215.80          -0.064796
216.00          -0.064894
216.20          -0.064993
216.40          -0.065094
216.60          -0.065197
216.80          -0.065302
217.00          -0.065409
217.20          -0.065518
217.40          -0.065630
217.60          -0.065743
217.80          -0.065860
218.00          -0.065979
218.20          -0.066101
218.40          -0.066226
218.60          -0.066354
218.80          -0.066486
219.00          -0.066621
219.20          -0.066761
219.40          -0.066904
219.60          -0.067053
219.80          -0.067206
220.00          -0.067364
220.20          -0.067529
220.40          -0.067700
220.60          -0.067877
220.80          -0.068062
221.00          -0.068255
221.20          -0.068458
221.40          -0.068670
221.60          -0.068893
221.80          -0.069129
222.00          -0.069378
222.20          -0.069642
222.40          -0.069924
222.60          -0.070225
222.80          -0.070548
223.00          -0.070896
223.20          -0.071272
223.40          -0.071682
223.60          -0.072131
223.80          -0.072624
224.00          -0.073171
224.20          -0.073782
224.40          -0.074468
224.60          -0.075248
224.80          -0.076142
225.00          -0.077178
