175.00          -0.10980
175.20          -0.11227
175.40          -0.11487
175.60          -0.11763
175.80          -0.12055
176.00          -0.12365
176.20          -0.12694
176.40          -0.13044
176.60          -0.13417
176.80          -0.13815
177.00          -0.14240
177.20          -0.14695
177.40          -0.15183
177.60          -0.15707
177.80          -0.16270
178.00          -0.16877
178.20          -0.17533
178.40          -0.18241
178.60          -0.19010
178.80          -0.19844
179.00          -0.20751
179.20          -0.21739
179.40          -0.22819
179.60          -0.23999
179.80          -0.25292
180.00          -0.26710
180.20          -0.28267
180.40          -0.29980
180.60          -0.31863
180.80          -0.33933
181.00          -0.36208
181.20          -0.38702
181.40          -0.41428
181.60          -0.44391
181.80          -0.47589
182.00          -0.51003
182.20          -0.54596
182.40          -0.58300
182.60          -0.62015
182.80          -0.65600
183.00          -0.68877
183.20          -0.71637
183.40          -0.73665
183.60          -0.74768
183.80          -0.74814
184.00          -0.73758
184.20          -0.71658
184.40          -0.68661
184.60          -0.64982
184.80          -0.60857
185.00          -0.56513
185.20          -0.52143
185.40          -0.47894
185.60          -0.43868
185.80          -0.40126
186.00          -0.36696
186.20          -0.33585
186.40          -0.30783
186.60          -0.28274
186.80          -0.26033
187.00          -0.24035
187.20          -0.22256
187.40          -0.20673
187.60          -0.19262
187.80          -0.18004
188.00          -0.16881
188.20          -0.15877
188.40          -0.14978
188.60          -0.14171
188.80          -0.13447
189.00          -0.12795
189.20          -0.12207
189.40          -0.11676
189.60          -0.11196
189.80          -0.10760
190.00          -0.10365
190.20          -0.10006
190.40          -0.096797
190.60          -0.093819
190.80          -0.091101
191.00          -0.088618
191.20          -0.086347
191.40          -0.084267
191.60          -0.082361
191.80          -0.080612
192.00          -0.079007
192.20          -0.077533
192.40          -0.076177
192.60          -0.074931
192.80          -0.073784
193.00          -0.072729
193.20          -0.071757
193.40          -0.070862
193.60          -0.070039
193.80          -0.069281
194.00          -0.068583
194.20          -0.067941
194.40          -0.067351
194.60          -0.066809
194.80          -0.066311
195.00          -0.065854
195.20          -0.065436
195.40          -0.065054
195.60          -0.064704
195.80          -0.064386
196.00          -0.064097
196.20          -0.063836
196.40          -0.063599
196.60          -0.063387
196.80          -0.063197
197.00          -0.063028
197.20          -0.062878
197.40          -0.062748
197.60          -0.062635
197.80          -0.062538
198.00          -0.062458
198.20          -0.062392
198.40          -0.062341
198.60          -0.062303
198.80          -0.062277
199.00          -0.062264
199.20          -0.062263
199.40          -0.062273
199.60          -0.062294
199.80          -0.062325
200.00          -0.062366
200.20          -0.062417
200.40          -0.062478
200.60          -0.062548
200.80          -0.062628
201.00          -0.062717
201.20          -0.062815
201.40          -0.062922
201.60          -0.063040
201.80          -0.063167
202.00          -0.063305
202.20          -0.063453
202.40          -0.063614
202.60          -0.063788
202.80          -0.063976
203.00          -0.064181
203.20          -0.064406
203.40          -0.064652
203.60          -0.064927
203.80          -0.065235
204.00          -0.065586
204.20          -0.065994
204.40          -0.066479
204.60          -0.067074
204.80          -0.067831
205.00          -0.068843
205.20          -0.070292
205.40          -0.072568
205.60          -0.076677
205.80          -0.086020
206.00          -0.12005
206.20          -0.86122
206.40          -0.15895
206.60          -0.074651
206.80          -0.066189
207.00          -0.064351
207.20          -0.063932
207.40          -0.063941
207.60          -0.064102
207.80          -0.064320
208.00          -0.064559
208.20          -0.064804
208.40          -0.065048
208.60          -0.065289
208.80          -0.065526
209.00          -0.065758
209.20          -0.065986
209.40          -0.066210
209.60          -0.066430
209.80          -0.066648
210.00          -0.066863
210.20          -0.067075
210.40          -0.067285
210.60          -0.067494
210.80          -0.067701
211.00          -0.067906
211.20          -0.068111
211.40          -0.068314
211.60          -0.068516
211.80          -0.068718
212.00          -0.068919
212.20          -0.069119
212.40          -0.069319
212.60          -0.069518
212.80          -0.069716
213.00          -0.069915
213.20          -0.070113
213.40          -0.070311
213.60          -0.070508
213.80          -0.070706
214.00          -0.070903
214.20          -0.071100
214.40          -0.071296
214.60          -0.071493
214.80          -0.071689
215.00          -0.071886
215.20          -0.072082
215.40          -0.072278
215.60          -0.072474
215.80          -0.072670
216.00          -0.072866
216.20          -0.073062
216.40          -0.073258
216.60          -0.073454
216.80          -0.073650
217.00          -0.073845
217.20          -0.074041
217.40          -0.074237
217.60          -0.074432
217.80          -0.074628
218.00          -0.074823
218.20          -0.075018
218.40          -0.075214
218.60          -0.075409
218.80          -0.075604
219.00          -0.075799
219.20          -0.075995
219.40          -0.076190
219.60          -0.076385
219.80          -0.076580
220.00          -0.076775
220.20          -0.076970
220.40          -0.077165
220.60          -0.077359
220.80          -0.077554
221.00          -0.077749
221.20          -0.077944
221.40          -0.078138
221.60          -0.078333
221.80          -0.078528
222.00          -0.078722
222.20          -0.078917
222.40          -0.079111
222.60          -0.079306
222.80          -0.079501
223.00          -0.079695
223.20          -0.079890
223.40          -0.080085
223.60          -0.080280
223.80          -0.080475
224.00          -0.080670
224.20          -0.080866
224.40          -0.081061
224.60          -0.081257
224.80          -0.081454
225.00          -0.081651
