175.00          -0.39072
175.20          -0.40798
175.40          -0.42562
175.60          -0.44345
175.80          -0.46122
176.00          -0.47862
176.20          -0.49528
176.40          -0.51078
176.60          -0.52465
176.80          -0.53642
177.00          -0.54560
177.20          -0.55177
177.40          -0.55459
177.60          -0.55382
177.80          -0.54937
178.00          -0.54133
178.20          -0.52990
178.40          -0.51547
178.60          -0.49849
178.80          -0.47948
179.00          -0.45900
179.20          -0.43757
179.40          -0.41570
179.60          -0.39380
179.80          -0.37222
180.00          -0.35125
180.20          -0.33110
180.40          -0.31191
180.60          -0.29377
180.80          -0.27673
181.00          -0.26080
181.20          -0.24596
181.40          -0.23220
181.60          -0.21945
181.80          -0.20767
182.00          -0.19680
182.20          -0.18677
182.40          -0.17754
182.60          -0.16903
182.80          -0.16120
183.00          -0.15398
183.20          -0.14734
183.40          -0.14122
183.60          -0.13557
183.80          -0.13037
184.00          -0.12556
184.20          -0.12113
184.40          -0.11704
184.60          -0.11325
184.80          -0.10975
185.00          -0.10651
185.20          -0.10351
185.40          -0.10073
185.60          -0.098157
185.80          -0.095768
186.00          -0.093551
186.20          -0.091493
186.40          -0.089582
186.60          -0.087806
186.80          -0.086156
187.00          -0.084622
187.20          -0.083195
187.40          -0.081868
187.60          -0.080634
187.80          -0.079486
188.00          -0.078417
188.20          -0.077424
188.40          -0.076499
188.60          -0.075640
188.80          -0.074840
189.00          -0.074097
189.20          -0.073407
189.40          -0.072766
189.60          -0.072172
189.80          -0.071620
190.00          -0.071109
190.20          -0.070637
190.40          -0.070200
190.60          -0.069796
190.80          -0.069425
191.00          -0.069083
191.20          -0.068769
191.40          -0.068482
191.60          -0.068219
191.80          -0.067980
192.00          -0.067764
192.20          -0.067568
192.40          -0.067392
192.60          -0.067235
192.80          -0.067096
193.00          -0.066973
193.20          -0.066867
193.40          -0.066776
193.60          -0.066699
193.80          -0.066636
194.00          -0.066586
194.20          -0.066549
194.40          -0.066523
194.60          -0.066508
194.80          -0.066504
195.00          -0.066510
195.20          -0.066526
195.40          -0.066551
195.60          -0.066586
195.80          -0.066628
196.00          -0.066679
196.20          -0.066737
196.40          -0.066803
196.60          -0.066876
196.80          -0.066956
197.00          -0.067043
197.20          -0.067136
197.40          -0.067235
197.60          -0.067340
197.80          -0.067451
198.00          -0.067567
198.20          -0.067688
198.40          -0.067815
198.60          -0.067947
198.80          -0.068084
199.00          -0.068226
199.20          -0.068372
199.40          -0.068523
199.60          -0.068679
199.80          -0.068840
200.00          -0.069005
200.20          -0.069174
200.40          -0.069349
200.60          -0.069528
200.80          -0.069712
201.00          -0.069901
201.20          -0.070096
201.40          -0.070296
201.60          -0.070502
201.80          -0.070714
202.00          -0.070933
202.20          -0.071160
202.40          -0.071395
202.60          -0.071640
202.80          -0.071896
203.00          -0.072165
203.20          -0.072450
203.40          -0.072754
203.60          -0.073081
203.80          -0.073437
204.00          -0.073831
204.20          -0.074277
204.40          -0.074792
204.60          -0.075408
204.80          -0.076174
205.00          -0.077182
205.20          -0.078606
205.40          -0.080836
205.60          -0.084899
205.80          -0.094433
206.00          -0.13250
206.20          -1.8139
206.40          -0.13428
206.60          -0.081498
206.80          -0.075199
207.00          -0.073797
207.20          -0.073514
207.40          -0.073581
207.60          -0.073776
207.80          -0.074021
208.00          -0.074284
208.20          -0.074552
208.40          -0.074820
208.60          -0.075085
208.80          -0.075346
209.00          -0.075603
209.20          -0.075856
209.40          -0.076105
209.60          -0.076350
209.80          -0.076593
210.00          -0.076832
210.20          -0.077069
210.40          -0.077304
210.60          -0.077536
210.80          -0.077767
211.00          -0.077995
211.20          -0.078222
211.40          -0.078448
211.60          -0.078672
211.80          -0.078895
212.00          -0.079116
212.20          -0.079337
212.40          -0.079556
212.60          -0.079774
212.80          -0.079991
213.00          -0.080207
213.20          -0.080423
213.40          -0.080637
213.60          -0.080851
213.80          -0.081064
214.00          -0.081276
214.20          -0.081487
214.40          -0.081697
214.60          -0.081906
214.80          -0.082115
215.00          -0.082323
215.20          -0.082530
215.40          -0.082737
215.60          -0.082942
215.80          -0.083147
216.00          -0.083351
216.20          -0.083554
216.40          -0.083757
216.60          -0.083959
216.80          -0.084160
217.00          -0.084360
217.20          -0.084559
217.40          -0.084758
217.60          -0.084955
217.80          -0.085152
218.00          -0.085348
218.20          -0.085543
218.40          -0.085738
218.60          -0.085931
218.80          -0.086124
219.00          -0.086316
219.20          -0.086507
219.40          -0.086697
219.60          -0.086886
219.80          -0.087074
220.00          -0.087261
220.20          -0.087447
220.40          -0.087633
220.60          -0.087817
220.80          -0.088001
221.00          -0.088183
221.20          -0.088365
221.40          -0.088545
221.60          -0.088725
221.80          -0.088903
222.00          -0.089081
222.20          -0.089257
222.40          -0.089433
222.60          -0.089608
222.80          -0.089781
223.00          -0.089954
223.20          -0.090126
223.40          -0.090296
223.60          -0.090466
223.80          -0.090635
224.00          -0.090803
224.20          -0.090971
224.40          -0.091138
224.60          -0.091304
224.80          -0.091469
225.00          -0.091635
