175.00          -0.056014
175.20          -0.057120
175.40          -0.058273
175.60          -0.059476
175.80          -0.060733
176.00          -0.062045
176.20          -0.063417
176.40          -0.064852
176.60          -0.066355
176.80          -0.067929
177.00          -0.069580
177.20          -0.071311
177.40          -0.073130
177.60          -0.075041
177.80          -0.077050
178.00          -0.079165
178.20          -0.081394
178.40          -0.083743
178.60          -0.086222
178.80          -0.088841
179.00          -0.091609
179.20          -0.094538
179.40          -0.097640
179.60          -0.10093
179.80          -0.10442
180.00          -0.10812
180.20          -0.11206
180.40          -0.11625
180.60          -0.12071
180.80          -0.12547
181.00          -0.13054
181.20          -0.13596
181.40          -0.14174
181.60          -0.14793
181.80          -0.15455
182.00          -0.16164
182.20          -0.16923
182.40          -0.17736
182.60          -0.18607
182.80          -0.19539
183.00          -0.20538
183.20          -0.21606
183.40          -0.22747
183.60          -0.23964
183.80          -0.25259
184.00          -0.26633
184.20          -0.28084
184.40          -0.29610
184.60          -0.31203
184.80          -0.32854
185.00          -0.34547
185.20          -0.36262
185.40          -0.37973
185.60          -0.39646
185.80          -0.41243
186.00          -0.42719
186.20          -0.44026
186.40          -0.45115
186.60          -0.45940
186.80          -0.46462
187.00          -0.46650
187.20          -0.46492
187.40          -0.45986
187.60          -0.45150
187.80          -0.44015
188.00          -0.42623
188.20          -0.41023
188.40          -0.39268
188.60          -0.37409
188.80          -0.35493
189.00          -0.33562
189.20          -0.31651
189.40          -0.29786
189.60          -0.27987
189.80          -0.26271
190.00          -0.24644
190.20          -0.23113
190.40          -0.21679
190.60          -0.20340
190.80          -0.19095
191.00          -0.17940
191.20          -0.16870
191.40          -0.15880
191.60          -0.14964
191.80          -0.14118
192.00          -0.13336
192.20          -0.12613
192.40          -0.11945
192.60          -0.11327
192.80          -0.10755
193.00          -0.10225
193.20          -0.097342
193.40          -0.092790
193.60          -0.088565
193.80          -0.084640
194.00          -0.080990
194.20          -0.077592
194.40          -0.074428
194.60          -0.071476
194.80          -0.068722
195.00          -0.066149
195.20          -0.063743
195.40          -0.061492
195.60          -0.059383
195.80          -0.057406
196.00          -0.055550
196.20          -0.053808
196.40          -0.052171
196.60          -0.050631
196.80          -0.049182
197.00          -0.047816
197.20          -0.046529
197.40          -0.045315
197.60          -0.044169
197.80          -0.043086
198.00          -0.042063
198.20          -0.041096
198.40          -0.040180
198.60          -0.039313
198.80          -0.038491
199.00          -0.037713
199.20          -0.036974
199.40          -0.036274
199.60          -0.035609
199.80          -0.034977
200.00          -0.034377
200.20          -0.033807
200.40          -0.033265
200.60          -0.032749
200.80          -0.032259
201.00          -0.031793
201.20          -0.031349
201.40          -0.030929
201.60          -0.030537
201.80          -0.030142
202.00          -0.029777
202.20          -0.029430
202.40          -0.029099
202.60          -0.028785
202.80          -0.028487
203.00          -0.028204
203.20          -0.027935
203.40          -0.027681
203.60          -0.027441
203.80          -0.027215
204.00          -0.027004
204.20          -0.026808
204.40          -0.026630
204.60          -0.026471
204.80          -0.026336
205.00          -0.026234
205.20          -0.026183
205.40          -0.026219
205.60          -0.026443
205.80          -0.027208
206.00          -0.030785
206.20          -0.23720
206.40          -0.028680
206.60          -0.024793
206.80          -0.024252
207.00          -0.024056
207.20          -0.023934
207.40          -0.023837
207.60          -0.023748
207.80          -0.023665
208.00          -0.023585
208.20          -0.023509
208.40          -0.023435
208.60          -0.023364
208.80          -0.023296
209.00          -0.023231
209.20          -0.023169
209.40          -0.023110
209.60          -0.023053
209.80          -0.022999
210.00          -0.022948
210.20          -0.022899
210.40          -0.022853
210.60          -0.022810
210.80          -0.022769
211.00          -0.022730
211.20          -0.022694
211.40          -0.022660
211.60          -0.022628
211.80          -0.022599
212.00          -0.022571
212.20          -0.022546
212.40          -0.022522
212.60          -0.022501
212.80          -0.022481
213.00          -0.022464
213.20          -0.022448
213.40          -0.022434
213.60          -0.022421
213.80          -0.022410
214.00          -0.022401
214.20          -0.022393
214.40          -0.022387
214.60          -0.022383
214.80          -0.022380
215.00          -0.022378
215.20          -0.022378
215.40          -0.022379
215.60          -0.022381
215.80          -0.022385
216.00          -0.022390
216.20          -0.022396
216.40          -0.022403
216.60          -0.022412
216.80          -0.022421
217.00          -0.022432
217.20          -0.022444
217.40          -0.022457
217.60          -0.022471
217.80          -0.022486
218.00          -0.022503
218.20          -0.022520
218.40          -0.022538
218.60          -0.022557
218.80          -0.022578
219.00          -0.022599
219.20          -0.022621
219.40          -0.022644
219.60          -0.022668
219.80          -0.022693
220.00          -0.022719
220.20          -0.022745
220.40          -0.022773
220.60          -0.022801
220.80          -0.022831
221.00          -0.022861
221.20          -0.022892
221.40          -0.022924
221.60          -0.022957
221.80          -0.022990
222.00          -0.023025
222.20          -0.023060
222.40          -0.023097
222.60          -0.023134
222.80          -0.023172
223.00          -0.023211
223.20          -0.023251
223.40          -0.023292
223.60          -0.023333
223.80          -0.023376
224.00          -0.023419
224.20          -0.023464
224.40          -0.023509
224.60          -0.023556
224.80          -0.023603
225.00          -0.023652
