175.00          -0.035943
175.20          -0.035805
175.40          -0.035673
175.60          -0.035545
175.80          -0.035422
176.00          -0.035304
176.20          -0.035190
176.40          -0.035081
176.60          -0.034977
176.80          -0.034876
177.00          -0.034780
177.20          -0.034688
177.40          -0.034601
177.60          -0.034517
177.80          -0.034437
178.00          -0.034361
178.20          -0.034288
178.40          -0.034220
178.60          -0.034155
178.80          -0.034094
179.00          -0.034036
179.20          -0.033982
179.40          -0.033931
179.60          -0.033884
179.80          -0.033839
180.00          -0.033799
180.20          -0.033761
180.40          -0.033726
180.60          -0.033695
180.80          -0.033667
181.00          -0.033642
181.20          -0.033619
181.40          -0.033600
181.60          -0.033583
181.80          -0.033570
182.00          -0.033559
182.20          -0.033551
182.40          -0.033546
182.60          -0.033544
182.80          -0.033544
183.00          -0.033547
183.20          -0.033552
183.40          -0.033560
183.60          -0.033571
183.80          -0.033584
184.00          -0.033600
184.20          -0.033618
184.40          -0.033639
184.60          -0.033662
184.80          -0.033688
185.00          -0.033716
185.20          -0.033746
185.40          -0.033779
185.60          -0.033814
185.80          -0.033851
186.00          -0.033891
186.20          -0.033933
186.40          -0.033977
186.60          -0.034023
186.80          -0.034072
187.00          -0.034122
187.20          -0.034175
187.40          -0.034231
187.60          -0.034288
187.80          -0.034347
188.00          -0.034409
188.20          -0.034473
188.40          -0.034539
188.60          -0.034607
188.80          -0.034677
189.00          -0.034749
189.20          -0.034823
189.40          -0.034899
189.60          -0.034978
189.80          -0.035058
190.00          -0.035140
190.20          -0.035225
190.40          -0.035311
190.60          -0.035400
190.80          -0.035490
191.00          -0.035582
191.20          -0.035677
191.40          -0.035773
191.60          -0.035872
191.80          -0.035972
192.00          -0.036074
192.20          -0.036179
192.40          -0.036285
192.60          -0.036393
192.80          -0.036504
193.00          -0.036616
193.20          -0.036730
193.40          -0.036846
193.60          -0.036964
193.80          -0.037084
194.00          -0.037206
194.20          -0.037329
194.40          -0.037455
194.60          -0.037583
194.80          -0.037712
195.00          -0.037844
195.20          -0.037977
195.40          -0.038113
195.60          -0.038250
195.80          -0.038390
196.00          -0.038531
196.20          -0.038674
196.40          -0.038819
196.60          -0.038966
196.80          -0.039115
197.00          -0.039266
197.20          -0.039418
197.40          -0.039573
197.60          -0.039730
197.80          -0.039888
198.00          -0.040049
198.20          -0.040211
198.40          -0.040376
198.60          -0.040542
198.80          -0.040710
199.00          -0.040881
199.20          -0.041053
199.40          -0.041227
199.60          -0.041403
199.80          -0.041581
200.00          -0.041761
200.20          -0.041943
200.40          -0.042127
200.60          -0.042313
200.80          -0.042501
201.00          -0.042691
201.20          -0.042883
201.40          -0.043077
201.60          -0.043273
201.80          -0.043471
202.00          -0.043671
202.20          -0.043874
202.40          -0.044078
202.60          -0.044285
202.80          -0.044494
203.00          -0.044705
203.20          -0.044919
203.40          -0.045135
203.60          -0.045353
203.80          -0.045575
204.00          -0.045800
204.20          -0.046029
204.40          -0.046261
204.60          -0.046500
204.80          -0.046745
205.00          -0.047000
205.20          -0.047272
205.40          -0.047573
205.60          -0.047939
205.80          -0.048495
206.00          -0.050055
206.20          -0.13353
206.40          -0.049876
206.60          -0.048829
206.80          -0.048922
207.00          -0.049136
207.20          -0.049378
207.40          -0.049628
207.60          -0.049883
207.80          -0.050139
208.00          -0.050397
208.20          -0.050657
208.40          -0.050918
208.60          -0.051180
208.80          -0.051443
209.00          -0.051709
209.20          -0.051975
209.40          -0.052243
209.60          -0.052512
209.80          -0.052783
210.00          -0.053056
210.20          -0.053330
210.40          -0.053605
210.60          -0.053882
210.80          -0.054160
211.00          -0.054440
211.20          -0.054721
211.40          -0.055004
211.60          -0.055288
211.80          -0.055574
212.00          -0.055861
212.20          -0.056150
212.40          -0.056440
212.60          -0.056731
212.80          -0.057023
213.00          -0.057317
213.20          -0.057613
213.40          -0.057909
213.60          -0.058207
213.80          -0.058506
214.00          -0.058807
214.20          -0.059108
214.40          -0.059411
214.60          -0.059715
214.80          -0.060020
215.00          -0.060327
215.20          -0.060634
215.40          -0.060943
215.60          -0.061252
215.80          -0.061563
216.00          -0.061874
216.20          -0.062187
216.40          -0.062500
216.60          -0.062815
216.80          -0.063130
217.00          -0.063446
217.20          -0.063763
217.40          -0.064081
217.60          -0.064400
217.80          -0.064719
218.00          -0.065039
218.20          -0.065360
218.40          -0.065682
218.60          -0.066004
218.80          -0.066327
219.00          -0.066650
219.20          -0.066974
219.40          -0.067298
219.60          -0.067623
219.80          -0.067948
220.00          -0.068274
220.20          -0.068600
220.40          -0.068927
220.60          -0.069253
220.80          -0.069580
221.00          -0.069907
221.20          -0.070234
221.40          -0.070562
221.60          -0.070889
221.80          -0.071216
222.00          -0.071543
222.20          -0.071870
222.40          -0.072197
222.60          -0.072524
222.80          -0.072850
223.00          -0.073175
223.20          -0.073500
223.40          -0.073824
223.60          -0.074148
223.80          -0.074470
224.00          -0.074791
224.20          -0.075111
224.40          -0.075429
224.60          -0.075746
224.80          -0.076061
225.00          -0.076374
