175.00          -0.028240
175.20          -0.028326
175.40          -0.028412
175.60          -0.028499
175.80          -0.028586
176.00          -0.028675
176.20          -0.028764
176.40          -0.028854
176.60          -0.028945
176.80          -0.029036
177.00          -0.029128
177.20          -0.029222
177.40          -0.029316
177.60          -0.029411
177.80          -0.029507
178.00          -0.029603
178.20          -0.029701
178.40          -0.029800
178.60          -0.029900
178.80          -0.030000
179.00          -0.030102
179.20          -0.030205
179.40          -0.030309
179.60          -0.030413
179.80          -0.030519
180.00          -0.030627
180.20          -0.030735
180.40          -0.030844
180.60          -0.030955
180.80          -0.031067
181.00          -0.031180
181.20          -0.031294
181.40          -0.031410
181.60          -0.031527
181.80          -0.031646
182.00          -0.031765
182.20          -0.031887
182.40          -0.032009
182.60          -0.032134
182.80          -0.032260
183.00          -0.032387
183.20          -0.032516
183.40          -0.032647
183.60          -0.032779
183.80          -0.032913
184.00          -0.033049
184.20          -0.033187
184.40          -0.033326
184.60          -0.033468
184.80          -0.033612
185.00          -0.033757
185.20          -0.033905
185.40          -0.034055
185.60          -0.034207
185.80          -0.034361
186.00          -0.034518
186.20          -0.034677
186.40          -0.034838
186.60          -0.035002
186.80          -0.035169
187.00          -0.035338
187.20          -0.035510
187.40          -0.035685
187.60          -0.035863
187.80          -0.036044
188.00          -0.036228
188.20          -0.036415
188.40          -0.036606
188.60          -0.036800
188.80          -0.036998
189.00          -0.037199
189.20          -0.037404
189.40          -0.037613
189.60          -0.037826
189.80          -0.038043
190.00          -0.038264
190.20          -0.038490
190.40          -0.038721
190.60          -0.038957
190.80          -0.039197
191.00          -0.039443
191.20          -0.039694
191.40          -0.039950
191.60          -0.040213
191.80          -0.040481
192.00          -0.040756
192.20          -0.041037
192.40          -0.041325
192.60          -0.041620
192.80          -0.041922
193.00          -0.042233
193.20          -0.042551
193.40          -0.042877
193.60          -0.043213
193.80          -0.043557
194.00          -0.043911
194.20          -0.044275
194.40          -0.044650
194.60          -0.045035
194.80          -0.045433
195.00          -0.045842
195.20          -0.046264
195.40          -0.046700
195.60          -0.047150
195.80          -0.047615
196.00          -0.048096
196.20          -0.048594
196.40          -0.049109
196.60          -0.049643
196.80          -0.050197
197.00          -0.050773
197.20          -0.051371
197.40          -0.051993
197.60          -0.052641
197.80          -0.053317
198.00          -0.054023
198.20          -0.054760
198.40          -0.055532
198.60          -0.056340
198.80          -0.057189
199.00          -0.058082
199.20          -0.059022
199.40          -0.060015
199.60          -0.061064
199.80          -0.062176
200.00          -0.063359
200.20          -0.064618
200.40          -0.065965
200.60          -0.067409
200.80          -0.068963
201.00          -0.070644
201.20          -0.072470
201.40          -0.074465
201.60          -0.076658
201.80          -0.079086
202.00          -0.081799
202.20          -0.084861
202.40          -0.088356
202.60          -0.092405
202.80          -0.097179
203.00          -0.10293
203.20          -0.11004
203.40          -0.11915
203.60          -0.13134
203.80          -0.14865
204.00          -0.17535
204.20          -0.22185
204.40          -0.32021
204.60          -0.61885
204.80          -2.8085
205.00          -1.9671
205.20          -0.27433
205.40          -0.11565
205.60          -0.082704
205.80          -0.075261
206.00          -0.075463
206.20          -0.078544
206.40          -0.082925
206.60          -0.088021
206.80          -0.093614
207.00          -0.099636
207.20          -0.10609
207.40          -0.11302
207.60          -0.12048
207.80          -0.12855
208.00          -0.13733
208.20          -0.14693
208.40          -0.15747
208.60          -0.16909
208.80          -0.18196
209.00          -0.19624
209.20          -0.21215
209.40          -0.22990
209.60          -0.24971
209.80          -0.27183
210.00          -0.29647
210.20          -0.32379
210.40          -0.35386
210.60          -0.38654
210.80          -0.42145
211.00          -0.45776
211.20          -0.49413
211.40          -0.52859
211.60          -0.55863
211.80          -0.58140
212.00          -0.59425
212.20          -0.59533
212.40          -0.58414
212.60          -0.56169
212.80          -0.53028
213.00          -0.49288
213.20          -0.45249
213.40          -0.41163
213.60          -0.37218
213.80          -0.33531
214.00          -0.30167
214.20          -0.27144
214.40          -0.24460
214.60          -0.22092
214.80          -0.20012
215.00          -0.18189
215.20          -0.16592
215.40          -0.15193
215.60          -0.13966
215.80          -0.12888
216.00          -0.11939
216.20          -0.11101
216.40          -0.10359
216.60          -0.097020
216.80          -0.091175
217.00          -0.085967
217.20          -0.081313
217.40          -0.077146
217.60          -0.073406
217.80          -0.070042
218.00          -0.067010
218.20          -0.064271
218.40          -0.061794
218.60          -0.059549
218.80          -0.057511
219.00          -0.055658
219.20          -0.053971
219.40          -0.052433
219.60          -0.051029
219.80          -0.049747
220.00          -0.048575
220.20          -0.047503
220.40          -0.046521
220.60          -0.045621
220.80          -0.044797
221.00          -0.044041
221.20          -0.043349
221.40          -0.042716
221.60          -0.042136
221.80          -0.041605
222.00          -0.041121
222.20          -0.040680
222.40          -0.040279
222.60          -0.039916
222.80          -0.039588
223.00          -0.039295
223.20          -0.039034
223.40          -0.038804
223.60          -0.038606
223.80          -0.038438
224.00          -0.038301
224.20          -0.038197
224.40          -0.038126
224.60          -0.038094
224.80          -0.038104
225.00          -0.038165
