175.00          -0.023853
175.20          -0.023890
175.40          -0.023927
175.60          -0.023964
175.80          -0.024001
176.00          -0.024038
176.20          -0.024075
176.40          -0.024113
176.60          -0.024150
176.80          -0.024187
177.00          -0.024225
177.20          -0.024262
177.40          -0.024300
177.60          -0.024338
177.80          -0.024375
178.00          -0.024413
178.20          -0.024451
178.40          -0.024489
178.60          -0.024527
178.80          -0.024565
179.00          -0.024603
179.20          -0.024641
179.40          -0.024680
179.60          -0.024718
179.80          -0.024756
180.00          -0.024795
180.20          -0.024833
180.40          -0.024872
180.60          -0.024911
180.80          -0.024950
181.00          -0.024988
181.20          -0.025027
181.40          -0.025066
181.60          -0.025105
181.80          -0.025144
182.00          -0.025184
182.20          -0.025223
182.40          -0.025262
182.60          -0.025302
182.80          -0.025341
183.00          -0.025381
183.20          -0.025420
183.40          -0.025460
183.60          -0.025500
183.80          -0.025539
184.00          -0.025579
184.20          -0.025619
184.40          -0.025659
184.60          -0.025700
184.80          -0.025740
185.00          -0.025780
185.20          -0.025820
185.40          -0.025861
185.60          -0.025901
185.80          -0.025942
186.00          -0.025982
186.20          -0.026023
186.40          -0.026064
186.60          -0.026105
186.80          -0.026146
187.00          -0.026187
187.20          -0.026228
187.40          -0.026269
187.60          -0.026310
187.80          -0.026351
188.00          -0.026393
188.20          -0.026434
188.40          -0.026475
188.60          -0.026517
188.80          -0.026559
189.00          -0.026600
189.20          -0.026642
189.40          -0.026684
189.60          -0.026726
189.80          -0.026768
190.00          -0.026810
190.20          -0.026852
190.40          -0.026894
190.60          -0.026937
190.80          -0.026979
191.00          -0.027022
191.20          -0.027064
191.40          -0.027107
191.60          -0.027149
191.80          -0.027192
192.00          -0.027235
192.20          -0.027278
192.40          -0.027321
192.60          -0.027364
192.80          -0.027407
193.00          -0.027450
193.20          -0.027494
193.40          -0.027537
193.60          -0.027581
193.80          -0.027624
194.00          -0.027668
194.20          -0.027711
194.40          -0.027755
194.60          -0.027799
194.80          -0.027843
195.00          -0.027887
195.20          -0.027931
195.40          -0.027975
195.60          -0.028019
195.80          -0.028064
196.00          -0.028108
196.20          -0.028152
196.40          -0.028197
196.60          -0.028242
196.80          -0.028286
197.00          -0.028331
197.20          -0.028376
197.40          -0.028421
197.60          -0.028466
197.80          -0.028511
198.00          -0.028556
198.20          -0.028601
198.40          -0.028647
198.60          -0.028692
198.80          -0.028737
199.00          -0.028783
199.20          -0.028829
199.40          -0.028874
199.60          -0.028920
199.80          -0.028966
200.00          -0.029012
200.20          -0.029058
200.40          -0.029104
200.60          -0.029150
200.80          -0.029197
201.00          -0.029243
201.20          -0.029289
201.40          -0.029336
201.60          -0.029383
201.80          -0.029429
202.00          -0.029476
202.20          -0.029523
202.40          -0.029570
202.60          -0.029617
202.80          -0.029664
203.00          -0.029711
203.20          -0.029758
203.40          -0.029806
203.60          -0.029853
203.80          -0.029901
204.00          -0.029948
204.20          -0.029996
204.40          -0.030044
204.60          -0.030091
204.80          -0.030139
205.00          -0.030187
205.20          -0.030235
205.40          -0.030284
205.60          -0.030332
205.80          -0.030380
206.00          -0.030429
206.20          -0.030477
206.40          -0.030526
206.60          -0.030574
206.80          -0.030623
207.00          -0.030672
207.20          -0.030721
207.40          -0.030770
207.60          -0.030819
207.80          -0.030868
208.00          -0.030918
208.20          -0.030967
208.40          -0.031016
208.60          -0.031066
208.80          -0.031116
209.00          -0.031165
209.20          -0.031215
209.40          -0.031265
209.60          -0.031315
209.80          -0.031365
210.00          -0.031415
210.20          -0.031465
210.40          -0.031516
210.60          -0.031566
210.80          -0.031616
211.00          -0.031667
211.20          -0.031718
211.40          -0.031768
211.60          -0.031819
211.80          -0.031870
212.00          -0.031921
212.20          -0.031972
212.40          -0.032024
212.60          -0.032075
212.80          -0.032126
213.00          -0.032178
213.20          -0.032229
213.40          -0.032281
213.60          -0.032333
213.80          -0.032384
214.00          -0.032436
214.20          -0.032488
214.40          -0.032540
214.60          -0.032593
214.80          -0.032645
215.00          -0.032697
215.20          -0.032750
215.40          -0.032802
215.60          -0.032855
215.80          -0.032908
216.00          -0.032960
216.20          -0.033013
216.40          -0.033066
216.60          -0.033119
216.80          -0.033173
217.00          -0.033226
217.20          -0.033279
217.40          -0.033333
217.60          -0.033386
217.80          -0.033440
218.00          -0.033494
218.20          -0.033548
218.40          -0.033602
218.60          -0.033656
218.80          -0.033710
219.00          -0.033764
219.20          -0.033818
219.40          -0.033873
219.60          -0.033927
219.80          -0.033982
220.00          -0.034036
220.20          -0.034091
220.40          -0.034146
220.60          -0.034201
220.80          -0.034256
221.00          -0.034311
221.20          -0.034367
221.40          -0.034422
221.60          -0.034478
221.80          -0.034533
222.00          -0.034589
222.20          -0.034645
222.40          -0.034700
222.60          -0.034756
222.80          -0.034812
223.00          -0.034869
223.20          -0.034925
223.40          -0.034981
223.60          -0.035038
223.80          -0.035094
224.00          -0.035151
224.20          -0.035208
224.40          -0.035265
224.60          -0.035322
224.80          -0.035379
225.00          -0.035436
