175.00          -0.041471
175.20          -0.041609
175.40          -0.041747
175.60          -0.041887
175.80          -0.042027
176.00          -0.042168
176.20          -0.042310
176.40          -0.042453
176.60          -0.042597
176.80          -0.042741
177.00          -0.042887
177.20          -0.043033
177.40          -0.043181
177.60          -0.043329
177.80          -0.043478
178.00          -0.043629
178.20          -0.043780
178.40          -0.043932
178.60          -0.044085
178.80          -0.044239
179.00          -0.044394
179.20          -0.044551
179.40          -0.044708
179.60          -0.044866
179.80          -0.045026
180.00          -0.045186
180.20          -0.045348
180.40          -0.045511
180.60          -0.045674
180.80          -0.045839
181.00          -0.046006
181.20          -0.046173
181.40          -0.046341
181.60          -0.046511
181.80          -0.046682
182.00          -0.046854
182.20          -0.047028
182.40          -0.047203
182.60          -0.047379
182.80          -0.047556
183.00          -0.047735
183.20          -0.047915
183.40          -0.048096
183.60          -0.048279
183.80          -0.048463
184.00          -0.048649
184.20          -0.048836
184.40          -0.049024
184.60          -0.049214
184.80          -0.049406
185.00          -0.049599
185.20          -0.049794
185.40          -0.049990
185.60          -0.050188
185.80          -0.050387
186.00          -0.050588
186.20          -0.050791
186.40          -0.050996
186.60          -0.051202
186.80          -0.051410
187.00          -0.051620
187.20          -0.051832
187.40          -0.052046
187.60          -0.052261
187.80          -0.052478
188.00          -0.052698
188.20          -0.052919
188.40          -0.053143
188.60          -0.053368
188.80          -0.053596
189.00          -0.053826
189.20          -0.054057
189.40          -0.054292
189.60          -0.054528
189.80          -0.054767
190.00          -0.055008
190.20          -0.055251
190.40          -0.055497
190.60          -0.055745
190.80          -0.055996
191.00          -0.056249
191.20          -0.056505
191.40          -0.056764
191.60          -0.057025
191.80          -0.057290
192.00          -0.057557
192.20          -0.057826
192.40          -0.058099
192.60          -0.058375
192.80          -0.058654
193.00          -0.058936
193.20          -0.059221
193.40          -0.059510
193.60          -0.059801
193.80          -0.060096
194.00          -0.060395
194.20          -0.060697
194.40          -0.061003
194.60          -0.061313
194.80          -0.061626
195.00          -0.061943
195.20          -0.062264
195.40          -0.062589
195.60          -0.062918
195.80          -0.063252
196.00          -0.063590
196.20          -0.063932
196.40          -0.064278
196.60          -0.064630
196.80          -0.064986
197.00          -0.065347
197.20          -0.065713
197.40          -0.066084
197.60          -0.066460
197.80          -0.066842
198.00          -0.067229
198.20          -0.067621
198.40          -0.068020
198.60          -0.068424
198.80          -0.068835
199.00          -0.069252
199.20          -0.069675
199.40          -0.070104
199.60          -0.070541
199.80          -0.070984
200.00          -0.071434
200.20          -0.071892
200.40          -0.072357
200.60          -0.072830
200.80          -0.073311
201.00          -0.073800
201.20          -0.074297
201.40          -0.074803
201.60          -0.075318
201.80          -0.075842
202.00          -0.076376
202.20          -0.076919
202.40          -0.077472
202.60          -0.078036
202.80          -0.078610
203.00          -0.079195
203.20          -0.079791
203.40          -0.080399
203.60          -0.081019
203.80          -0.081651
204.00          -0.082296
204.20          -0.082955
204.40          -0.083627
204.60          -0.084313
204.80          -0.085014
205.00          -0.085729
205.20          -0.086461
205.40          -0.087208
205.60          -0.087973
205.80          -0.088754
206.00          -0.089554
206.20          -0.090372
206.40          -0.091209
206.60          -0.092066
206.80          -0.092944
207.00          -0.093843
207.20          -0.094765
207.40          -0.095709
207.60          -0.096678
207.80          -0.097672
208.00          -0.098691
208.20          -0.099737
208.40          -0.10081
208.60          -0.10192
208.80          -0.10305
209.00          -0.10421
209.20          -0.10541
209.40          -0.10665
209.60          -0.10791
209.80          -0.10922
210.00          -0.11056
210.20          -0.11195
210.40          -0.11338
210.60          -0.11485
210.80          -0.11637
211.00          -0.11793
211.20          -0.11955
211.40          -0.12122
211.60          -0.12294
211.80          -0.12472
212.00          -0.12657
212.20          -0.12848
212.40          -0.13045
212.60          -0.13249
212.80          -0.13461
213.00          -0.13680
213.20          -0.13908
213.40          -0.14144
213.60          -0.14389
213.80          -0.14643
214.00          -0.14908
214.20          -0.15182
214.40          -0.15468
214.60          -0.15765
214.80          -0.16074
215.00          -0.16396
215.20          -0.16732
215.40          -0.17081
215.60          -0.17446
215.80          -0.17826
216.00          -0.18223
216.20          -0.18638
216.40          -0.19071
216.60          -0.19523
216.80          -0.19995
217.00          -0.20489
217.20          -0.21006
217.40          -0.21546
217.60          -0.22111
217.80          -0.22703
218.00          -0.23321
218.20          -0.23968
218.40          -0.24644
218.60          -0.25351
218.80          -0.26090
219.00          -0.26862
219.20          -0.27667
219.40          -0.28507
219.60          -0.29381
219.80          -0.30290
220.00          -0.31234
220.20          -0.32211
220.40          -0.33221
220.60          -0.34261
220.80          -0.35329
221.00          -0.36421
221.20          -0.37531
221.40          -0.38655
221.60          -0.39784
221.80          -0.40909
222.00          -0.42021
222.20          -0.43107
222.40          -0.44154
222.60          -0.45146
222.80          -0.46070
223.00          -0.46907
223.20          -0.47640
223.40          -0.48255
223.60          -0.48734
223.80          -0.49064
224.00          -0.49234
224.20          -0.49235
224.40          -0.49064
224.60          -0.48718
224.80          -0.48202
225.00          -0.47523
