175.00          -0.10115
175.20          -0.099695
175.40          -0.098274
175.60          -0.096886
175.80          -0.095532
176.00          -0.094210
176.20          -0.092921
176.40          -0.091662
176.60          -0.090435
176.80          -0.089237
177.00          -0.088069
177.20          -0.086930
177.40          -0.085819
177.60          -0.084736
177.80          -0.083680
178.00          -0.082650
178.20          -0.081647
178.40          -0.080669
178.60          -0.079716
178.80          -0.078787
179.00          -0.077882
179.20          -0.077001
179.40          -0.076142
179.60          -0.075305
179.80          -0.074491
180.00          -0.073697
180.20          -0.072925
180.40          -0.072172
180.60          -0.071440
180.80          -0.070727
181.00          -0.070033
181.20          -0.069358
181.40          -0.068701
181.60          -0.068062
181.80          -0.067440
182.00          -0.066835
182.20          -0.066247
182.40          -0.065675
182.60          -0.065119
182.80          -0.064578
183.00          -0.064053
183.20          -0.063542
183.40          -0.063046
183.60          -0.062564
183.80          -0.062096
184.00          -0.061642
184.20          -0.061201
184.40          -0.060772
184.60          -0.060357
184.80          -0.059954
185.00          -0.059563
185.20          -0.059185
185.40          -0.058818
185.60          -0.058462
185.80          -0.058117
186.00          -0.057784
186.20          -0.057461
186.40          -0.057149
186.60          -0.056846
186.80          -0.056554
187.00          -0.056272
187.20          -0.056000
187.40          -0.055737
187.60          -0.055483
187.80          -0.055239
188.00          -0.055003
188.20          -0.054776
188.40          -0.054558
188.60          -0.054348
188.80          -0.054146
189.00          -0.053952
189.20          -0.053767
189.40          -0.053589
189.60          -0.053419
189.80          -0.053256
190.00          -0.053101
190.20          -0.052953
190.40          -0.052812
190.60          -0.052678
190.80          -0.052550
191.00          -0.052430
191.20          -0.052316
191.40          -0.052209
191.60          -0.052108
191.80          -0.052013
192.00          -0.051925
192.20          -0.051843
192.40          -0.051766
192.60          -0.051696
192.80          -0.051631
193.00          -0.051572
193.20          -0.051519
193.40          -0.051471
193.60          -0.051428
193.80          -0.051391
194.00          -0.051359
194.20          -0.051333
194.40          -0.051311
194.60          -0.051295
194.80          -0.051283
195.00          -0.051277
195.20          -0.051275
195.40          -0.051278
195.60          -0.051285
195.80          -0.051298
196.00          -0.051315
196.20          -0.051336
196.40          -0.051362
196.60          -0.051392
196.80          -0.051427
197.00          -0.051466
197.20          -0.051509
197.40          -0.051556
197.60          -0.051608
197.80          -0.051664
198.00          -0.051723
198.20          -0.051787
198.40          -0.051854
198.60          -0.051926
198.80          -0.052001
199.00          -0.052080
199.20          -0.052163
199.40          -0.052250
199.60          -0.052340
199.80          -0.052435
200.00          -0.052532
200.20          -0.052634
200.40          -0.052738
200.60          -0.052847
200.80          -0.052959
201.00          -0.053074
201.20          -0.053193
201.40          -0.053315
201.60          -0.053441
201.80          -0.053570
202.00          -0.053702
202.20          -0.053838
202.40          -0.053977
202.60          -0.054119
202.80          -0.054264
203.00          -0.054412
203.20          -0.054564
203.40          -0.054719
203.60          -0.054877
203.80          -0.055038
204.00          -0.055202
204.20          -0.055369
204.40          -0.055540
204.60          -0.055713
204.80          -0.055889
205.00          -0.056068
205.20          -0.056251
205.40          -0.056436
205.60          -0.056624
205.80          -0.056815
206.00          -0.057009
206.20          -0.057206
206.40          -0.057405
206.60          -0.057608
206.80          -0.057813
207.00          -0.058021
207.20          -0.058232
207.40          -0.058446
207.60          -0.058663
207.80          -0.058882
208.00          -0.059104
208.20          -0.059329
208.40          -0.059557
208.60          -0.059787
208.80          -0.060020
209.00          -0.060256
209.20          -0.060494
209.40          -0.060735
209.60          -0.060979
209.80          -0.061226
210.00          -0.061475
210.20          -0.061726
210.40          -0.061981
210.60          -0.062238
210.80          -0.062497
211.00          -0.062759
211.20          -0.063024
211.40          -0.063291
211.60          -0.063561
211.80          -0.063834
212.00          -0.064109
212.20          -0.064386
212.40          -0.064666
212.60          -0.064949
212.80          -0.065234
213.00          -0.065522
213.20          -0.065812
213.40          -0.066105
213.60          -0.066400
213.80          -0.066698
214.00          -0.066998
214.20          -0.067300
214.40          -0.067605
214.60          -0.067913
214.80          -0.068223
215.00          -0.068535
215.20          -0.068850
215.40          -0.069167
215.60          -0.069487
215.80          -0.069809
216.00          -0.070133
216.20          -0.070460
216.40          -0.070789
216.60          -0.071121
216.80          -0.071455
217.00          -0.071791
217.20          -0.072130
217.40          -0.072471
217.60          -0.072814
217.80          -0.073160
218.00          -0.073508
218.20          -0.073858
218.40          -0.074210
218.60          -0.074565
218.80          -0.074922
219.00          -0.075282
219.20          -0.075644
219.40          -0.076007
219.60          -0.076374
219.80          -0.076742
220.00          -0.077113
220.20          -0.077485
220.40          -0.077860
220.60          -0.078238
220.80          -0.078617
221.00          -0.078999
221.20          -0.079382
221.40          -0.079768
221.60          -0.080156
221.80          -0.080546
222.00          -0.080939
222.20          -0.081333
222.40          -0.081730
222.60          -0.082128
222.80          -0.082529
223.00          -0.082931
223.20          -0.083336
223.40          -0.083743
223.60          -0.084151
223.80          -0.084562
224.00          -0.084975
224.20          -0.085389
224.40          -0.085806
224.60          -0.086225
224.80          -0.086645
225.00          -0.087067
