175.00          -0.024495
175.20          -0.024534
175.40          -0.024573
175.60          -0.024613
175.80          -0.024652
176.00          -0.024692
176.20          -0.024731
176.40          -0.024771
176.60          -0.024811
176.80          -0.024851
177.00          -0.024891
177.20          -0.024931
177.40          -0.024971
177.60          -0.025011
177.80          -0.025051
178.00          -0.025092
178.20          -0.025132
178.40          -0.025172
178.60          -0.025213
178.80          -0.025254
179.00          -0.025294
179.20          -0.025335
179.40          -0.025376
179.60          -0.025417
179.80          -0.025458
180.00          -0.025499
180.20          -0.025540
180.40          -0.025581
180.60          -0.025623
180.80          -0.025664
181.00          -0.025706
181.20          -0.025747
181.40          -0.025789
181.60          -0.025831
181.80          -0.025872
182.00          -0.025914
182.20          -0.025956
182.40          -0.025998
182.60          -0.026040
182.80          -0.026083
183.00          -0.026125
183.20          -0.026167
183.40          -0.026210
183.60          -0.026252
183.80          -0.026295
184.00          -0.026338
184.20          -0.026380
184.40          -0.026423
184.60          -0.026466
184.80          -0.026509
185.00          -0.026552
185.20          -0.026596
185.40          -0.026639
185.60          -0.026682
185.80          -0.026726
186.00          -0.026769
186.20          -0.026813
186.40          -0.026857
186.60          -0.026900
186.80          -0.026944
187.00          -0.026988
187.20          -0.027032
187.40          -0.027076
187.60          -0.027121
187.80          -0.027165
188.00          -0.027209
188.20          -0.027254
188.40          -0.027298
188.60          -0.027343
188.80          -0.027388
189.00          -0.027433
189.20          -0.027478
189.40          -0.027523
189.60          -0.027568
189.80          -0.027613
190.00          -0.027658
190.20          -0.027703
190.40          -0.027749
190.60          -0.027794
190.80          -0.027840
191.00          -0.027886
191.20          -0.027932
191.40          -0.027977
191.60          -0.028023
191.80          -0.028069
192.00          -0.028116
192.20          -0.028162
192.40          -0.028208
192.60          -0.028255
192.80          -0.028301
193.00          -0.028348
193.20          -0.028395
193.40          -0.028441
193.60          -0.028488
193.80          -0.028535
194.00          -0.028582
194.20          -0.028629
194.40          -0.028677
194.60          -0.028724
194.80          -0.028772
195.00          -0.028819
195.20          -0.028867
195.40          -0.028915
195.60          -0.028962
195.80          -0.029010
196.00          -0.029058
196.20          -0.029107
196.40          -0.029155
196.60          -0.029203
196.80          -0.029252
197.00          -0.029300
197.20          -0.029349
197.40          -0.029397
197.60          -0.029446
197.80          -0.029495
198.00          -0.029544
198.20          -0.029593
198.40          -0.029643
198.60          -0.029692
198.80          -0.029741
199.00          -0.029791
199.20          -0.029841
199.40          -0.029890
199.60          -0.029940
199.80          -0.029990
200.00          -0.030040
200.20          -0.030090
200.40          -0.030141
200.60          -0.030191
200.80          -0.030242
201.00          -0.030292
201.20          -0.030343
201.40          -0.030394
201.60          -0.030445
201.80          -0.030496
202.00          -0.030547
202.20          -0.030598
202.40          -0.030650
202.60          -0.030701
202.80          -0.030753
203.00          -0.030805
203.20          -0.030856
203.40          -0.030908
203.60          -0.030961
203.80          -0.031013
204.00          -0.031065
204.20          -0.031118
204.40          -0.031170
204.60          -0.031223
204.80          -0.031276
205.00          -0.031329
205.20          -0.031382
205.40          -0.031435
205.60          -0.031489
205.80          -0.031542
206.00          -0.031596
206.20          -0.031650
206.40          -0.031703
206.60          -0.031758
206.80          -0.031812
207.00          -0.031866
207.20          -0.031921
207.40          -0.031975
207.60          -0.032030
207.80          -0.032085
208.00          -0.032140
208.20          -0.032195
208.40          -0.032251
208.60          -0.032307
208.80          -0.032362
209.00          -0.032418
209.20          -0.032474
209.40          -0.032531
209.60          -0.032587
209.80          -0.032644
210.00          -0.032701
210.20          -0.032758
210.40          -0.032815
210.60          -0.032873
210.80          -0.032931
211.00          -0.032989
211.20          -0.033047
211.40          -0.033105
211.60          -0.033164
211.80          -0.033223
212.00          -0.033282
212.20          -0.033342
212.40          -0.033402
212.60          -0.033462
212.80          -0.033523
213.00          -0.033584
213.20          -0.033645
213.40          -0.033707
213.60          -0.033770
213.80          -0.033833
214.00          -0.033896
214.20          -0.033960
214.40          -0.034025
214.60          -0.034090
214.80          -0.034157
215.00          -0.034224
215.20          -0.034292
215.40          -0.034362
215.60          -0.034433
215.80          -0.034506
216.00          -0.034581
216.20          -0.034659
216.40          -0.034740
216.60          -0.034825
216.80          -0.034914
217.00          -0.035011
217.20          -0.035116
217.40          -0.035234
217.60          -0.035370
217.80          -0.035534
218.00          -0.035743
218.20          -0.036034
218.40          -0.036490
218.60          -0.037345
218.80          -0.039536
219.00          -0.050861
219.20          -0.33648
219.40          -0.041320
219.60          -0.036522
219.80          -0.035747
220.00          -0.035568
220.20          -0.035547
220.40          -0.035580
220.60          -0.035637
220.80          -0.035703
221.00          -0.035774
221.20          -0.035848
221.40          -0.035922
221.60          -0.035997
221.80          -0.036072
222.00          -0.036147
222.20          -0.036223
222.40          -0.036298
222.60          -0.036374
222.80          -0.036449
223.00          -0.036525
223.20          -0.036601
223.40          -0.036678
223.60          -0.036754
223.80          -0.036831
224.00          -0.036909
224.20          -0.036987
224.40          -0.037066
224.60          -0.037145
224.80          -0.037224
225.00          -0.037305
