175.00          -0.066517
175.20          -0.067085
175.40          -0.067665
175.60          -0.068257
175.80          -0.068862
176.00          -0.069481
176.20          -0.070113
176.40          -0.070760
176.60          -0.071421
176.80          -0.072098
177.00          -0.072791
177.20          -0.073500
177.40          -0.074227
177.60          -0.074971
177.80          -0.075733
178.00          -0.076515
178.20          -0.077317
178.40          -0.078140
178.60          -0.078984
178.80          -0.079850
179.00          -0.080740
179.20          -0.081653
179.40          -0.082593
179.60          -0.083558
179.80          -0.084551
180.00          -0.085572
180.20          -0.086624
180.40          -0.087706
180.60          -0.088821
180.80          -0.089970
181.00          -0.091154
181.20          -0.092376
181.40          -0.093636
181.60          -0.094937
181.80          -0.096281
182.00          -0.097670
182.20          -0.099105
182.40          -0.10059
182.60          -0.10213
182.80          -0.10372
183.00          -0.10536
183.20          -0.10707
183.40          -0.10884
183.60          -0.11067
183.80          -0.11258
184.00          -0.11456
184.20          -0.11662
184.40          -0.11875
184.60          -0.12098
184.80          -0.12329
185.00          -0.12571
185.20          -0.12822
185.40          -0.13084
185.60          -0.13358
185.80          -0.13643
186.00          -0.13942
186.20          -0.14254
186.40          -0.14580
186.60          -0.14922
186.80          -0.15279
187.00          -0.15654
187.20          -0.16048
187.40          -0.16460
187.60          -0.16894
187.80          -0.17349
188.00          -0.17828
188.20          -0.18331
188.40          -0.18861
188.60          -0.19419
188.80          -0.20006
189.00          -0.20625
189.20          -0.21278
189.40          -0.21966
189.60          -0.22692
189.80          -0.23457
190.00          -0.24264
190.20          -0.25114
190.40          -0.26011
190.60          -0.26955
190.80          -0.27948
191.00          -0.28993
191.20          -0.30089
191.40          -0.31237
191.60          -0.32438
191.80          -0.33689
192.00          -0.34988
192.20          -0.36332
192.40          -0.37715
192.60          -0.39129
192.80          -0.40564
193.00          -0.42008
193.20          -0.43446
193.40          -0.44857
193.60          -0.46221
193.80          -0.47514
194.00          -0.48707
194.20          -0.49774
194.40          -0.50684
194.60          -0.51410
194.80          -0.51926
195.00          -0.52211
195.20          -0.52249
195.40          -0.52031
195.60          -0.51557
195.80          -0.50835
196.00          -0.49879
196.20          -0.48712
196.40          -0.47362
196.60          -0.45858
196.80          -0.44235
197.00          -0.42525
197.20          -0.40760
197.40          -0.38967
197.60          -0.37173
197.80          -0.35400
198.00          -0.33664
198.20          -0.31981
198.40          -0.30360
198.60          -0.28809
198.80          -0.27333
199.00          -0.25935
199.20          -0.24615
199.40          -0.23372
199.60          -0.22206
199.80          -0.21114
200.00          -0.20092
200.20          -0.19138
200.40          -0.18248
200.60          -0.17418
200.80          -0.16644
201.00          -0.15924
201.20          -0.15252
201.40          -0.14627
201.60          -0.14045
201.80          -0.13502
202.00          -0.12997
202.20          -0.12526
202.40          -0.12087
202.60          -0.11677
202.80          -0.11295
203.00          -0.10938
203.20          -0.10605
203.40          -0.10294
203.60          -0.10004
203.80          -0.097318
204.00          -0.094776
204.20          -0.092397
204.40          -0.090171
204.60          -0.088086
204.80          -0.086133
205.00          -0.084303
205.20          -0.082588
205.40          -0.080979
205.60          -0.079471
205.80          -0.078057
206.00          -0.076729
206.20          -0.075484
206.40          -0.074315
206.60          -0.073219
206.80          -0.072189
207.00          -0.071223
207.20          -0.070317
207.40          -0.069467
207.60          -0.068669
207.80          -0.067921
208.00          -0.067220
208.20          -0.066563
208.40          -0.065947
208.60          -0.065371
208.80          -0.064833
209.00          -0.064329
209.20          -0.063859
209.40          -0.063421
209.60          -0.063012
209.80          -0.062633
210.00          -0.062280
210.20          -0.061953
210.40          -0.061651
210.60          -0.061373
210.80          -0.061117
211.00          -0.060882
211.20          -0.060669
211.40          -0.060475
211.60          -0.060300
211.80          -0.060144
212.00          -0.060005
212.20          -0.059884
212.40          -0.059780
212.60          -0.059692
212.80          -0.059620
213.00          -0.059563
213.20          -0.059523
213.40          -0.059497
213.60          -0.059487
213.80          -0.059493
214.00          -0.059514
214.20          -0.059551
214.40          -0.059604
214.60          -0.059675
214.80          -0.059763
215.00          -0.059870
215.20          -0.059997
215.40          -0.060146
215.60          -0.060319
215.80          -0.060519
216.00          -0.060749
216.20          -0.061015
216.40          -0.061322
216.60          -0.061679
216.80          -0.062096
217.00          -0.062589
217.20          -0.063178
217.40          -0.063893
217.60          -0.064781
217.80          -0.065910
218.00          -0.067394
218.20          -0.069431
218.40          -0.072387
218.60          -0.077032
218.80          -0.085220
219.00          -0.10260
219.20          -0.15497
219.40          -0.56623
219.60          -1.0322
219.80          -0.11533
220.00          -0.069307
220.20          -0.059850
220.40          -0.057044
220.60          -0.056150
220.80          -0.055945
221.00          -0.056020
221.20          -0.056216
221.40          -0.056465
221.60          -0.056735
221.80          -0.057011
222.00          -0.057286
222.20          -0.057556
222.40          -0.057821
222.60          -0.058080
222.80          -0.058332
223.00          -0.058579
223.20          -0.058820
223.40          -0.059057
223.60          -0.059290
223.80          -0.059519
224.00          -0.059744
224.20          -0.059967
224.40          -0.060188
224.60          -0.060406
224.80          -0.060622
225.00          -0.060837
