175.00          -0.058392
175.20          -0.058890
175.40          -0.059402
175.60          -0.059929
175.80          -0.060470
176.00          -0.061027
176.20          -0.061601
176.40          -0.062192
176.60          -0.062802
176.80          -0.063431
177.00          -0.064080
177.20          -0.064750
177.40          -0.065443
177.60          -0.066159
177.80          -0.066901
178.00          -0.067669
178.20          -0.068465
178.40          -0.069291
178.60          -0.070148
178.80          -0.071038
179.00          -0.071964
179.20          -0.072927
179.40          -0.073930
179.60          -0.074976
179.80          -0.076067
180.00          -0.077207
180.20          -0.078398
180.40          -0.079644
180.60          -0.080950
180.80          -0.082320
181.00          -0.083757
181.20          -0.085269
181.40          -0.086859
181.60          -0.088535
181.80          -0.090303
182.00          -0.092171
182.20          -0.094146
182.40          -0.096240
182.60          -0.098461
182.80          -0.10082
183.00          -0.10333
183.20          -0.10601
183.40          -0.10887
183.60          -0.11193
183.80          -0.11521
184.00          -0.11874
184.20          -0.12253
184.40          -0.12662
184.60          -0.13104
184.80          -0.13584
185.00          -0.14104
185.20          -0.14671
185.40          -0.15290
185.60          -0.15967
185.80          -0.16711
186.00          -0.17530
186.20          -0.18435
186.40          -0.19438
186.60          -0.20552
186.80          -0.21796
187.00          -0.23189
187.20          -0.24753
187.40          -0.26516
187.60          -0.28511
187.80          -0.30774
188.00          -0.33348
188.20          -0.36283
188.40          -0.39633
188.60          -0.43455
188.80          -0.47806
189.00          -0.52732
189.20          -0.58255
189.40          -0.64347
189.60          -0.70897
189.80          -0.77666
190.00          -0.84251
190.20          -0.90069
190.40          -0.94416
190.60          -0.96613
190.80          -0.96213
191.00          -0.93177
191.20          -0.87905
191.40          -0.81090
191.60          -0.73502
191.80          -0.65802
192.00          -0.58454
192.20          -0.51728
192.40          -0.45739
192.60          -0.40499
192.80          -0.35965
193.00          -0.32067
193.20          -0.28723
193.40          -0.25858
193.60          -0.23400
193.80          -0.21287
194.00          -0.19466
194.20          -0.17890
194.40          -0.16524
194.60          -0.15334
194.80          -0.14294
195.00          -0.13383
195.20          -0.12582
195.40          -0.11875
195.60          -0.11249
195.80          -0.10693
196.00          -0.10199
196.20          -0.097577
196.40          -0.093630
196.60          -0.090092
196.80          -0.086913
197.00          -0.084052
197.20          -0.081471
197.40          -0.079140
197.60          -0.077031
197.80          -0.075121
198.00          -0.073389
198.20          -0.071816
198.40          -0.070387
198.60          -0.069088
198.80          -0.067906
199.00          -0.066831
199.20          -0.065853
199.40          -0.064963
199.60          -0.064154
199.80          -0.063419
200.00          -0.062752
200.20          -0.062147
200.40          -0.061601
200.60          -0.061108
200.80          -0.060666
201.00          -0.060270
201.20          -0.059919
201.40          -0.059609
201.60          -0.059340
201.80          -0.059108
202.00          -0.058914
202.20          -0.058756
202.40          -0.058634
202.60          -0.058548
202.80          -0.058500
203.00          -0.058491
203.20          -0.058523
203.40          -0.058602
203.60          -0.058733
203.80          -0.058925
204.00          -0.059191
204.20          -0.059549
204.40          -0.060029
204.60          -0.060675
204.80          -0.061560
205.00          -0.062811
205.20          -0.064667
205.40          -0.067630
205.60          -0.072920
205.80          -0.084319
206.00          -0.11979
206.20          -0.44596
206.40          -0.45763
206.60          -0.080615
206.80          -0.058682
207.00          -0.054269
207.20          -0.053086
207.40          -0.052811
207.60          -0.052849
207.80          -0.053004
208.00          -0.053204
208.20          -0.053418
208.40          -0.053633
208.60          -0.053846
208.80          -0.054053
209.00          -0.054255
209.20          -0.054450
209.40          -0.054641
209.60          -0.054828
209.80          -0.055010
210.00          -0.055190
210.20          -0.055366
210.40          -0.055541
210.60          -0.055713
210.80          -0.055884
211.00          -0.056054
211.20          -0.056222
211.40          -0.056390
211.60          -0.056557
211.80          -0.056724
212.00          -0.056891
212.20          -0.057057
212.40          -0.057223
212.60          -0.057389
212.80          -0.057555
213.00          -0.057722
213.20          -0.057888
213.40          -0.058055
213.60          -0.058222
213.80          -0.058389
214.00          -0.058557
214.20          -0.058725
214.40          -0.058894
214.60          -0.059063
214.80          -0.059232
215.00          -0.059402
215.20          -0.059572
215.40          -0.059743
215.60          -0.059914
215.80          -0.060085
216.00          -0.060258
216.20          -0.060430
216.40          -0.060603
216.60          -0.060777
216.80          -0.060951
217.00          -0.061126
217.20          -0.061301
217.40          -0.061476
217.60          -0.061653
217.80          -0.061829
218.00          -0.062006
218.20          -0.062184
218.40          -0.062362
218.60          -0.062541
218.80          -0.062720
219.00          -0.062900
219.20          -0.063080
219.40          -0.063261
219.60          -0.063442
219.80          -0.063624
220.00          -0.063807
220.20          -0.063990
220.40          -0.064173
220.60          -0.064357
220.80          -0.064542
221.00          -0.064727
221.20          -0.064913
221.40          -0.065099
221.60          -0.065286
221.80          -0.065474
222.00          -0.065662
222.20          -0.065851
222.40          -0.066040
222.60          -0.066230
222.80          -0.066421
223.00          -0.066612
223.20          -0.066804
223.40          -0.066997
223.60          -0.067191
223.80          -0.067385
224.00          -0.067580
224.20          -0.067776
224.40          -0.067973
224.60          -0.068170
224.80          -0.068369
225.00          -0.068568
