175.00          -0.052656
175.20          -0.052870
175.40          -0.053086
175.60          -0.053305
175.80          -0.053528
176.00          -0.053753
176.20          -0.053981
176.40          -0.054212
176.60          -0.054446
176.80          -0.054682
177.00          -0.054922
177.20          -0.055164
177.40          -0.055409
177.60          -0.055656
177.80          -0.055906
178.00          -0.056159
178.20          -0.056415
178.40          -0.056674
178.60          -0.056935
178.80          -0.057198
179.00          -0.057464
179.20          -0.057733
179.40          -0.058005
179.60          -0.058279
179.80          -0.058555
180.00          -0.058834
180.20          -0.059116
180.40          -0.059400
180.60          -0.059686
180.80          -0.059975
181.00          -0.060267
181.20          -0.060560
181.40          -0.060857
181.60          -0.061155
181.80          -0.061456
182.00          -0.061759
182.20          -0.062065
182.40          -0.062373
182.60          -0.062683
182.80          -0.062995
183.00          -0.063309
183.20          -0.063626
183.40          -0.063945
183.60          -0.064266
183.80          -0.064589
184.00          -0.064914
184.20          -0.065242
184.40          -0.065571
184.60          -0.065902
184.80          -0.066236
185.00          -0.066571
185.20          -0.066908
185.40          -0.067247
185.60          -0.067588
185.80          -0.067931
186.00          -0.068276
186.20          -0.068623
186.40          -0.068971
186.60          -0.069321
186.80          -0.069673
187.00          -0.070026
187.20          -0.070381
187.40          -0.070738
187.60          -0.071096
187.80          -0.071456
188.00          -0.071817
188.20          -0.072180
188.40          -0.072544
188.60          -0.072909
188.80          -0.073276
189.00          -0.073644
189.20          -0.074014
189.40          -0.074385
189.60          -0.074756
189.80          -0.075129
190.00          -0.075503
190.20          -0.075878
190.40          -0.076255
190.60          -0.076632
190.80          -0.077010
191.00          -0.077389
191.20          -0.077768
191.40          -0.078149
191.60          -0.078530
191.80          -0.078912
192.00          -0.079294
192.20          -0.079677
192.40          -0.080061
192.60          -0.080445
192.80          -0.080829
193.00          -0.081214
193.20          -0.081599
193.40          -0.081985
193.60          -0.082370
193.80          -0.082756
194.00          -0.083141
194.20          -0.083527
194.40          -0.083913
194.60          -0.084299
194.80          -0.084684
195.00          -0.085069
195.20          -0.085454
195.40          -0.085839
195.60          -0.086223
195.80          -0.086606
196.00          -0.086990
196.20          -0.087372
196.40          -0.087754
196.60          -0.088135
196.80          -0.088515
197.00          -0.088895
197.20          -0.089273
197.40          -0.089651
197.60          -0.090027
197.80          -0.090403
198.00          -0.090777
198.20          -0.091150
198.40          -0.091521
198.60          -0.091891
198.80          -0.092260
199.00          -0.092627
199.20          -0.092992
199.40          -0.093356
199.60          -0.093719
199.80          -0.094079
200.00          -0.094437
200.20          -0.094794
200.40          -0.095149
200.60          -0.095502
200.80          -0.095852
201.00          -0.096201
201.20          -0.096547
201.40          -0.096892
201.60          -0.097234
201.80          -0.097574
202.00          -0.097912
202.20          -0.098247
202.40          -0.098581
202.60          -0.098913
202.80          -0.099242
203.00          -0.099570
203.20          -0.099897
203.40          -0.10022
203.60          -0.10055
203.80          -0.10087
204.00          -0.10120
204.20          -0.10153
204.40          -0.10187
204.60          -0.10222
204.80          -0.10260
205.00          -0.10301
205.20          -0.10351
205.40          -0.10418
205.60          -0.10534
205.80          -0.10831
206.00          -0.12741
206.20          -0.31263
206.40          -0.11281
206.60          -0.10709
206.80          -0.10600
207.00          -0.10575
207.20          -0.10576
207.40          -0.10587
207.60          -0.10603
207.80          -0.10621
208.00          -0.10640
208.20          -0.10660
208.40          -0.10680
208.60          -0.10700
208.80          -0.10720
209.00          -0.10740
209.20          -0.10759
209.40          -0.10779
209.60          -0.10797
209.80          -0.10816
210.00          -0.10834
210.20          -0.10851
210.40          -0.10869
210.60          -0.10886
210.80          -0.10902
211.00          -0.10918
211.20          -0.10933
211.40          -0.10949
211.60          -0.10963
211.80          -0.10978
212.00          -0.10992
212.20          -0.11005
212.40          -0.11018
212.60          -0.11031
212.80          -0.11043
213.00          -0.11055
213.20          -0.11066
213.40          -0.11077
213.60          -0.11088
213.80          -0.11098
214.00          -0.11108
214.20          -0.11118
214.40          -0.11127
214.60          -0.11136
214.80          -0.11144
215.00          -0.11152
215.20          -0.11160
215.40          -0.11168
215.60          -0.11175
215.80          -0.11182
216.00          -0.11189
216.20          -0.11195
216.40          -0.11201
216.60          -0.11207
216.80          -0.11213
217.00          -0.11218
217.20          -0.11224
217.40          -0.11229
217.60          -0.11234
217.80          -0.11239
218.00          -0.11244
218.20          -0.11249
218.40          -0.11253
218.60          -0.11258
218.80          -0.11263
219.00          -0.11268
219.20          -0.11272
219.40          -0.11277
219.60          -0.11282
219.80          -0.11288
220.00          -0.11293
220.20          -0.11299
220.40          -0.11305
220.60          -0.11311
220.80          -0.11318
221.00          -0.11325
221.20          -0.11333
221.40          -0.11341
221.60          -0.11350
221.80          -0.11360
222.00          -0.11371
222.20          -0.11383
222.40          -0.11395
222.60          -0.11409
222.80          -0.11424
223.00          -0.11441
223.20          -0.11460
223.40          -0.11480
223.60          -0.11503
223.80          -0.11527
224.00          -0.11555
224.20          -0.11586
224.40          -0.11621
224.60          -0.11660
224.80          -0.11704
225.00          -0.11754
