175.00          -0.028713
175.20          -0.028769
175.40          -0.028825
175.60          -0.028882
175.80          -0.028938
176.00          -0.028995
176.20          -0.029052
176.40          -0.029109
176.60          -0.029166
176.80          -0.029224
177.00          -0.029282
177.20          -0.029340
177.40          -0.029398
177.60          -0.029456
177.80          -0.029514
178.00          -0.029573
178.20          -0.029632
178.40          -0.029691
178.60          -0.029750
178.80          -0.029809
179.00          -0.029869
179.20          -0.029929
179.40          -0.029989
179.60          -0.030049
179.80          -0.030110
180.00          -0.030170
180.20          -0.030231
180.40          -0.030292
180.60          -0.030354
180.80          -0.030415
181.00          -0.030477
181.20          -0.030539
181.40          -0.030601
181.60          -0.030664
181.80          -0.030726
182.00          -0.030789
182.20          -0.030853
182.40          -0.030916
182.60          -0.030980
182.80          -0.031044
183.00          -0.031108
183.20          -0.031173
183.40          -0.031238
183.60          -0.031303
183.80          -0.031368
184.00          -0.031434
184.20          -0.031500
184.40          -0.031566
184.60          -0.031632
184.80          -0.031699
185.00          -0.031766
185.20          -0.031834
185.40          -0.031902
185.60          -0.031970
185.80          -0.032038
186.00          -0.032107
186.20          -0.032176
186.40          -0.032246
186.60          -0.032315
186.80          -0.032386
187.00          -0.032456
187.20          -0.032527
187.40          -0.032599
187.60          -0.032670
187.80          -0.032743
188.00          -0.032815
188.20          -0.032888
188.40          -0.032962
188.60          -0.033036
188.80          -0.033110
189.00          -0.033185
189.20          -0.033261
189.40          -0.033336
189.60          -0.033413
189.80          -0.033490
190.00          -0.033567
190.20          -0.033645
190.40          -0.033724
190.60          -0.033803
190.80          -0.033883
191.00          -0.033963
191.20          -0.034045
191.40          -0.034126
191.60          -0.034209
191.80          -0.034292
192.00          -0.034376
192.20          -0.034460
192.40          -0.034546
192.60          -0.034632
192.80          -0.034719
193.00          -0.034807
193.20          -0.034896
193.40          -0.034986
193.60          -0.035076
193.80          -0.035168
194.00          -0.035261
194.20          -0.035355
194.40          -0.035450
194.60          -0.035546
194.80          -0.035644
195.00          -0.035742
195.20          -0.035842
195.40          -0.035944
195.60          -0.036047
195.80          -0.036151
196.00          -0.036258
196.20          -0.036365
196.40          -0.036475
196.60          -0.036587
196.80          -0.036700
197.00          -0.036816
197.20          -0.036934
197.40          -0.037054
197.60          -0.037177
197.80          -0.037302
198.00          -0.037431
198.20          -0.037562
198.40          -0.037697
198.60          -0.037835
198.80          -0.037977
199.00          -0.038123
199.20          -0.038273
199.40          -0.038428
199.60          -0.038588
199.80          -0.038754
200.00          -0.038925
200.20          -0.039104
200.40          -0.039290
200.60          -0.039484
200.80          -0.039687
201.00          -0.039900
201.20          -0.040124
201.40          -0.040362
201.60          -0.040614
201.80          -0.040883
202.00          -0.041171
202.20          -0.041482
202.40          -0.041820
202.60          -0.042190
202.80          -0.042598
203.00          -0.043054
203.20          -0.043569
203.40          -0.044160
203.60          -0.044849
203.80          -0.045670
204.00          -0.046672
204.20          -0.047937
204.40          -0.049595
204.60          -0.051887
204.80          -0.055281
205.00          -0.060820
205.20          -0.071289
205.40          -0.096679
205.60          -0.20120
205.80          -3.7380
206.00          -0.20645
206.20          -0.066628
206.40          -0.047933
206.60          -0.043132
206.80          -0.041696
207.00          -0.041389
207.20          -0.041541
207.40          -0.041908
207.60          -0.042389
207.80          -0.042941
208.00          -0.043545
208.20          -0.044195
208.40          -0.044890
208.60          -0.045635
208.80          -0.046435
209.00          -0.047300
209.20          -0.048241
209.40          -0.049271
209.60          -0.050408
209.80          -0.051673
210.00          -0.053091
210.20          -0.054694
210.40          -0.056524
210.60          -0.058633
210.80          -0.061091
211.00          -0.063987
211.20          -0.067445
211.40          -0.071633
211.60          -0.076788
211.80          -0.083252
212.00          -0.091534
212.20          -0.10242
212.40          -0.11716
212.60          -0.13788
212.80          -0.16839
213.00          -0.21602
213.20          -0.29645
213.40          -0.44742
213.60          -0.77506
213.80          -1.6167
214.00          -3.4124
214.20          -2.6074
214.40          -1.1081
214.60          -0.54882
214.80          -0.32406
215.00          -0.21705
215.20          -0.15904
215.40          -0.12451
215.60          -0.10246
215.80          -0.087626
216.00          -0.077220
216.20          -0.069676
216.40          -0.064057
216.60          -0.059779
216.80          -0.056460
217.00          -0.053845
217.20          -0.051757
217.40          -0.050071
217.60          -0.048697
217.80          -0.047567
218.00          -0.046633
218.20          -0.045855
218.40          -0.045204
218.60          -0.044658
218.80          -0.044199
219.00          -0.043812
219.20          -0.043485
219.40          -0.043210
219.60          -0.042978
219.80          -0.042783
220.00          -0.042621
220.20          -0.042486
220.40          -0.042375
220.60          -0.042285
220.80          -0.042213
221.00          -0.042157
221.20          -0.042115
221.40          -0.042086
221.60          -0.042068
221.80          -0.042060
222.00          -0.042060
222.20          -0.042069
222.40          -0.042084
222.60          -0.042106
222.80          -0.042134
223.00          -0.042167
223.20          -0.042205
223.40          -0.042247
223.60          -0.042294
223.80          -0.042344
224.00          -0.042397
224.20          -0.042454
224.40          -0.042514
224.60          -0.042576
224.80          -0.042641
225.00          -0.042709
