175.00          -0.030963
175.20          -0.031029
175.40          -0.031095
175.60          -0.031161
175.80          -0.031227
176.00          -0.031294
176.20          -0.031361
176.40          -0.031428
176.60          -0.031496
176.80          -0.031563
177.00          -0.031631
177.20          -0.031699
177.40          -0.031768
177.60          -0.031836
177.80          -0.031905
178.00          -0.031974
178.20          -0.032043
178.40          -0.032113
178.60          -0.032183
178.80          -0.032253
179.00          -0.032323
179.20          -0.032393
179.40          -0.032464
179.60          -0.032535
179.80          -0.032607
180.00          -0.032678
180.20          -0.032750
180.40          -0.032822
180.60          -0.032895
180.80          -0.032968
181.00          -0.033041
181.20          -0.033114
181.40          -0.033188
181.60          -0.033261
181.80          -0.033336
182.00          -0.033410
182.20          -0.033485
182.40          -0.033560
182.60          -0.033636
182.80          -0.033712
183.00          -0.033788
183.20          -0.033865
183.40          -0.033942
183.60          -0.034019
183.80          -0.034097
184.00          -0.034175
184.20          -0.034254
184.40          -0.034332
184.60          -0.034412
184.80          -0.034492
185.00          -0.034572
185.20          -0.034652
185.40          -0.034733
185.60          -0.034815
185.80          -0.034897
186.00          -0.034979
186.20          -0.035062
186.40          -0.035146
186.60          -0.035230
186.80          -0.035314
187.00          -0.035399
187.20          -0.035485
187.40          -0.035571
187.60          -0.035658
187.80          -0.035746
188.00          -0.035834
188.20          -0.035923
188.40          -0.036012
188.60          -0.036102
188.80          -0.036193
189.00          -0.036285
189.20          -0.036377
189.40          -0.036470
189.60          -0.036564
189.80          -0.036659
190.00          -0.036755
190.20          -0.036852
190.40          -0.036950
190.60          -0.037048
190.80          -0.037148
191.00          -0.037249
191.20          -0.037351
191.40          -0.037454
191.60          -0.037559
191.80          -0.037664
192.00          -0.037772
192.20          -0.037880
192.40          -0.037990
192.60          -0.038102
192.80          -0.038215
193.00          -0.038330
193.20          -0.038447
193.40          -0.038566
193.60          -0.038687
193.80          -0.038810
194.00          -0.038935
194.20          -0.039063
194.40          -0.039193
194.60          -0.039326
194.80          -0.039462
195.00          -0.039601
195.20          -0.039744
195.40          -0.039890
195.60          -0.040040
195.80          -0.040193
196.00          -0.040351
196.20          -0.040514
196.40          -0.040682
196.60          -0.040856
196.80          -0.041035
197.00          -0.041221
197.20          -0.041413
197.40          -0.041614
197.60          -0.041822
197.80          -0.042040
198.00          -0.042268
198.20          -0.042507
198.40          -0.042758
198.60          -0.043023
198.80          -0.043303
199.00          -0.043599
199.20          -0.043915
199.40          -0.044252
199.60          -0.044612
199.80          -0.045001
200.00          -0.045420
200.20          -0.045875
200.40          -0.046372
200.60          -0.046917
200.80          -0.047519
201.00          -0.048188
201.20          -0.048937
201.40          -0.049781
201.60          -0.050743
201.80          -0.051849
202.00          -0.053135
202.20          -0.054648
202.40          -0.056457
202.60          -0.058654
202.80          -0.061375
203.00          -0.064824
203.20          -0.069319
203.40          -0.075380
203.60          -0.083912
203.80          -0.096608
204.00          -0.11698
204.20          -0.15335
204.40          -0.22993
204.60          -0.44476
204.80          -1.5724
205.00          -10.450
205.20          -0.78157
205.40          -0.24357
205.60          -0.12612
205.80          -0.084875
206.00          -0.066827
206.20          -0.058118
206.40          -0.054008
206.60          -0.052666
206.80          -0.053477
207.00          -0.056586
207.20          -0.063010
207.40          -0.075526
207.60          -0.10189
207.80          -0.16895
208.00          -0.41999
208.20          -2.7546
208.40          -1.6483
208.60          -0.36443
208.80          -0.17321
209.00          -0.11301
209.20          -0.086587
209.40          -0.072659
209.60          -0.064416
209.80          -0.059136
210.00          -0.055556
210.20          -0.053023
210.40          -0.051172
210.60          -0.049785
210.80          -0.048724
211.00          -0.047900
211.20          -0.047253
211.40          -0.046740
211.60          -0.046331
211.80          -0.046003
212.00          -0.045741
212.20          -0.045532
212.40          -0.045365
212.60          -0.045234
212.80          -0.045132
213.00          -0.045055
213.20          -0.045000
213.40          -0.044961
213.60          -0.044939
213.80          -0.044929
214.00          -0.044930
214.20          -0.044942
214.40          -0.044962
214.60          -0.044989
214.80          -0.045024
215.00          -0.045064
215.20          -0.045109
215.40          -0.045160
215.60          -0.045214
215.80          -0.045272
216.00          -0.045333
216.20          -0.045397
216.40          -0.045464
216.60          -0.045534
216.80          -0.045606
217.00          -0.045680
217.20          -0.045755
217.40          -0.045833
217.60          -0.045912
217.80          -0.045992
218.00          -0.046074
218.20          -0.046157
218.40          -0.046241
218.60          -0.046326
218.80          -0.046412
219.00          -0.046499
219.20          -0.046587
219.40          -0.046676
219.60          -0.046765
219.80          -0.046855
220.00          -0.046946
220.20          -0.047038
220.40          -0.047130
220.60          -0.047222
220.80          -0.047315
221.00          -0.047409
221.20          -0.047503
221.40          -0.047597
221.60          -0.047692
221.80          -0.047788
222.00          -0.047883
222.20          -0.047980
222.40          -0.048076
222.60          -0.048173
222.80          -0.048270
223.00          -0.048368
223.20          -0.048466
223.40          -0.048564
223.60          -0.048663
223.80          -0.048762
224.00          -0.048861
224.20          -0.048961
224.40          -0.049061
224.60          -0.049161
224.80          -0.049262
225.00          -0.049363
