175.00          -0.032505
175.20          -0.032594
175.40          -0.032683
175.60          -0.032773
175.80          -0.032864
176.00          -0.032955
176.20          -0.033047
176.40          -0.033139
176.60          -0.033232
176.80          -0.033326
177.00          -0.033420
177.20          -0.033515
177.40          -0.033610
177.60          -0.033707
177.80          -0.033804
178.00          -0.033901
178.20          -0.034000
178.40          -0.034099
178.60          -0.034199
178.80          -0.034299
179.00          -0.034401
179.20          -0.034503
179.40          -0.034606
179.60          -0.034710
179.80          -0.034814
180.00          -0.034920
180.20          -0.035026
180.40          -0.035134
180.60          -0.035242
180.80          -0.035351
181.00          -0.035461
181.20          -0.035572
181.40          -0.035684
181.60          -0.035797
181.80          -0.035911
182.00          -0.036027
182.20          -0.036143
182.40          -0.036260
182.60          -0.036379
182.80          -0.036498
183.00          -0.036619
183.20          -0.036741
183.40          -0.036865
183.60          -0.036989
183.80          -0.037115
184.00          -0.037242
184.20          -0.037371
184.40          -0.037501
184.60          -0.037632
184.80          -0.037765
185.00          -0.037900
185.20          -0.038036
185.40          -0.038174
185.60          -0.038313
185.80          -0.038454
186.00          -0.038597
186.20          -0.038742
186.40          -0.038888
186.60          -0.039037
186.80          -0.039187
187.00          -0.039340
187.20          -0.039495
187.40          -0.039651
187.60          -0.039810
187.80          -0.039972
188.00          -0.040135
188.20          -0.040302
188.40          -0.040470
188.60          -0.040642
188.80          -0.040816
189.00          -0.040993
189.20          -0.041173
189.40          -0.041356
189.60          -0.041542
189.80          -0.041731
190.00          -0.041924
190.20          -0.042120
190.40          -0.042320
190.60          -0.042523
190.80          -0.042731
191.00          -0.042943
191.20          -0.043159
191.40          -0.043379
191.60          -0.043604
191.80          -0.043834
192.00          -0.044069
192.20          -0.044309
192.40          -0.044555
192.60          -0.044806
192.80          -0.045064
193.00          -0.045328
193.20          -0.045598
193.40          -0.045876
193.60          -0.046160
193.80          -0.046453
194.00          -0.046753
194.20          -0.047062
194.40          -0.047380
194.60          -0.047708
194.80          -0.048045
195.00          -0.048393
195.20          -0.048752
195.40          -0.049123
195.60          -0.049506
195.80          -0.049903
196.00          -0.050314
196.20          -0.050740
196.40          -0.051182
196.60          -0.051641
196.80          -0.052119
197.00          -0.052616
197.20          -0.053134
197.40          -0.053675
197.60          -0.054241
197.80          -0.054833
198.00          -0.055453
198.20          -0.056104
198.40          -0.056789
198.60          -0.057510
198.80          -0.058271
199.00          -0.059075
199.20          -0.059927
199.40          -0.060832
199.60          -0.061795
199.80          -0.062823
200.00          -0.063922
200.20          -0.065101
200.40          -0.066371
200.60          -0.067742
200.80          -0.069228
201.00          -0.070845
201.20          -0.072614
201.40          -0.074557
201.60          -0.076703
201.80          -0.079088
202.00          -0.081756
202.20          -0.084765
202.40          -0.088186
202.60          -0.092116
202.80          -0.096682
203.00          -0.10206
203.20          -0.10849
203.40          -0.11632
203.60          -0.12608
203.80          -0.13859
204.00          -0.15518
204.20          -0.17818
204.40          -0.21198
204.60          -0.26583
204.80          -0.36213
205.00          -0.56855
205.20          -1.1743
205.40          -4.2967
205.60          -3.4490
205.80          -0.66700
206.00          -0.24258
206.20          -0.13062
206.40          -0.092189
206.60          -0.078340
206.80          -0.074797
207.00          -0.076453
207.20          -0.081276
207.40          -0.088473
207.60          -0.097846
207.80          -0.10955
208.00          -0.12404
208.20          -0.14206
208.40          -0.16474
208.60          -0.19376
208.80          -0.23164
209.00          -0.28210
209.20          -0.35076
209.40          -0.44581
209.60          -0.57822
209.80          -0.75851
210.00          -0.98242
210.20          -1.1970
210.40          -1.2870
210.60          -1.1813
210.80          -0.95735
211.00          -0.73070
211.20          -0.55151
211.40          -0.42188
211.60          -0.33013
211.80          -0.26480
212.00          -0.21752
212.20          -0.18261
212.40          -0.15634
212.60          -0.13619
212.80          -0.12047
213.00          -0.10803
213.20          -0.098052
213.40          -0.089949
213.60          -0.083300
213.80          -0.077793
214.00          -0.073192
214.20          -0.069319
214.40          -0.066039
214.60          -0.063242
214.80          -0.060846
215.00          -0.058784
215.20          -0.057000
215.40          -0.055453
215.60          -0.054107
215.80          -0.052931
216.00          -0.051903
216.20          -0.051001
216.40          -0.050210
216.60          -0.049515
216.80          -0.048903
217.00          -0.048365
217.20          -0.047892
217.40          -0.047477
217.60          -0.047112
217.80          -0.046793
218.00          -0.046513
218.20          -0.046270
218.40          -0.046060
218.60          -0.045878
218.80          -0.045723
219.00          -0.045592
219.20          -0.045482
219.40          -0.045392
219.60          -0.045320
219.80          -0.045263
220.00          -0.045222
220.20          -0.045194
220.40          -0.045179
220.60          -0.045175
220.80          -0.045182
221.00          -0.045199
221.20          -0.045224
221.40          -0.045258
221.60          -0.045300
221.80          -0.045349
222.00          -0.045405
222.20          -0.045467
222.40          -0.045536
222.60          -0.045610
222.80          -0.045689
223.00          -0.045774
223.20          -0.045863
223.40          -0.045957
223.60          -0.046056
223.80          -0.046160
224.00          -0.046267
224.20          -0.046380
224.40          -0.046496
224.60          -0.046617
224.80          -0.046743
225.00          -0.046874
