175.00          -0.021657
175.20          -0.021704
175.40          -0.021752
175.60          -0.021799
175.80          -0.021848
176.00          -0.021896
176.20          -0.021945
176.40          -0.021994
176.60          -0.022044
176.80          -0.022093
177.00          -0.022144
177.20          -0.022194
177.40          -0.022245
177.60          -0.022297
177.80          -0.022348
178.00          -0.022400
178.20          -0.022453
178.40          -0.022506
178.60          -0.022559
178.80          -0.022613
179.00          -0.022667
179.20          -0.022722
179.40          -0.022777
179.60          -0.022833
179.80          -0.022889
180.00          -0.022945
180.20          -0.023002
180.40          -0.023060
180.60          -0.023118
180.80          -0.023177
181.00          -0.023236
181.20          -0.023296
181.40          -0.023356
181.60          -0.023417
181.80          -0.023478
182.00          -0.023540
182.20          -0.023603
182.40          -0.023666
182.60          -0.023730
182.80          -0.023795
183.00          -0.023860
183.20          -0.023926
183.40          -0.023993
183.60          -0.024061
183.80          -0.024129
184.00          -0.024198
184.20          -0.024268
184.40          -0.024339
184.60          -0.024410
184.80          -0.024483
185.00          -0.024556
185.20          -0.024631
185.40          -0.024706
185.60          -0.024782
185.80          -0.024859
186.00          -0.024938
186.20          -0.025017
186.40          -0.025098
186.60          -0.025179
186.80          -0.025262
187.00          -0.025346
187.20          -0.025432
187.40          -0.025519
187.60          -0.025607
187.80          -0.025696
188.00          -0.025787
188.20          -0.025879
188.40          -0.025973
188.60          -0.026069
188.80          -0.026166
189.00          -0.026265
189.20          -0.026366
189.40          -0.026469
189.60          -0.026573
189.80          -0.026680
190.00          -0.026789
190.20          -0.026900
190.40          -0.027013
190.60          -0.027128
190.80          -0.027246
191.00          -0.027367
191.20          -0.027490
191.40          -0.027616
191.60          -0.027745
191.80          -0.027878
192.00          -0.028013
192.20          -0.028151
192.40          -0.028294
192.60          -0.028439
192.80          -0.028589
193.00          -0.028743
193.20          -0.028901
193.40          -0.029063
193.60          -0.029230
193.80          -0.029402
194.00          -0.029580
194.20          -0.029763
194.40          -0.029951
194.60          -0.030146
194.80          -0.030347
195.00          -0.030556
195.20          -0.030771
195.40          -0.030994
195.60          -0.031226
195.80          -0.031466
196.00          -0.031716
196.20          -0.031975
196.40          -0.032245
196.60          -0.032527
196.80          -0.032821
197.00          -0.033128
197.20          -0.033448
197.40          -0.033784
197.60          -0.034136
197.80          -0.034506
198.00          -0.034895
198.20          -0.035304
198.40          -0.035736
198.60          -0.036192
198.80          -0.036674
199.00          -0.037185
199.20          -0.037729
199.40          -0.038307
199.60          -0.038923
199.80          -0.039583
200.00          -0.040289
200.20          -0.041048
200.40          -0.041866
200.60          -0.042749
200.80          -0.043707
201.00          -0.044749
201.20          -0.045886
201.40          -0.047133
201.60          -0.048506
201.80          -0.050025
202.00          -0.051715
202.20          -0.053606
202.40          -0.055736
202.60          -0.058154
202.80          -0.060923
203.00          -0.064123
203.20          -0.067864
203.40          -0.072298
203.60          -0.077636
203.80          -0.084186
204.00          -0.092416
204.20          -0.10307
204.40          -0.11739
204.60          -0.13763
204.80          -0.16831
205.00          -0.21973
205.20          -0.32044
205.40          -0.57917
205.60          -1.7534
205.80          -7.6640
206.00          -0.70042
206.20          -0.19441
206.40          -0.10372
206.60          -0.085042
206.80          -0.088964
207.00          -0.10466
207.20          -0.13062
207.40          -0.16946
207.60          -0.22775
207.80          -0.31840
208.00          -0.46591
208.20          -0.71432
208.40          -1.1173
208.60          -1.5950
208.80          -1.6875
209.00          -1.2726
209.20          -0.83676
209.40          -0.55332
209.60          -0.38366
209.80          -0.27983
210.00          -0.21336
210.20          -0.16885
210.40          -0.13783
210.60          -0.11547
210.80          -0.098879
211.00          -0.086268
211.20          -0.076482
211.40          -0.068753
211.60          -0.062553
211.80          -0.057515
212.00          -0.053371
212.20          -0.049930
212.40          -0.047044
212.60          -0.044606
212.80          -0.042532
213.00          -0.040755
213.20          -0.039224
213.40          -0.037899
213.60          -0.036746
213.80          -0.035739
214.00          -0.034857
214.20          -0.034081
214.40          -0.033396
214.60          -0.032791
214.80          -0.032255
215.00          -0.031779
215.20          -0.031355
215.40          -0.030978
215.60          -0.030642
215.80          -0.030342
216.00          -0.030074
216.20          -0.029835
216.40          -0.029622
216.60          -0.029432
216.80          -0.029262
217.00          -0.029111
217.20          -0.028977
217.40          -0.028858
217.60          -0.028753
217.80          -0.028661
218.00          -0.028580
218.20          -0.028510
218.40          -0.028449
218.60          -0.028397
218.80          -0.028352
219.00          -0.028316
219.20          -0.028286
219.40          -0.028262
219.60          -0.028244
219.80          -0.028232
220.00          -0.028224
220.20          -0.028221
220.40          -0.028223
220.60          -0.028228
220.80          -0.028237
221.00          -0.028250
221.20          -0.028265
221.40          -0.028284
221.60          -0.028306
221.80          -0.028330
222.00          -0.028357
222.20          -0.028386
222.40          -0.028418
222.60          -0.028452
222.80          -0.028487
223.00          -0.028525
223.20          -0.028564
223.40          -0.028606
223.60          -0.028648
223.80          -0.028693
224.00          -0.028739
224.20          -0.028787
224.40          -0.028836
224.60          -0.028886
224.80          -0.028938
225.00          -0.028992
