175.00          -0.12296
175.20          -0.11950
175.40          -0.11618
175.60          -0.11300
175.80          -0.10994
176.00          -0.10701
176.20          -0.10420
176.40          -0.10151
176.60          -0.098920
176.80          -0.096442
177.00          -0.094065
177.20          -0.091787
177.40          -0.089602
177.60          -0.087507
177.80          -0.085498
178.00          -0.083572
178.20          -0.081725
178.40          -0.079953
178.60          -0.078254
178.80          -0.076624
179.00          -0.075061
179.20          -0.073561
179.40          -0.072122
179.60          -0.070741
179.80          -0.069416
180.00          -0.068145
180.20          -0.066924
180.40          -0.065752
180.60          -0.064627
180.80          -0.063547
181.00          -0.062510
181.20          -0.061514
181.40          -0.060557
181.60          -0.059639
181.80          -0.058756
182.00          -0.057909
182.20          -0.057095
182.40          -0.056313
182.60          -0.055561
182.80          -0.054839
183.00          -0.054146
183.20          -0.053480
183.40          -0.052839
183.60          -0.052224
183.80          -0.051633
184.00          -0.051066
184.20          -0.050520
184.40          -0.049996
184.60          -0.049493
184.80          -0.049010
185.00          -0.048546
185.20          -0.048100
185.40          -0.047672
185.60          -0.047261
185.80          -0.046867
186.00          -0.046488
186.20          -0.046125
186.40          -0.045777
186.60          -0.045443
186.80          -0.045123
187.00          -0.044816
187.20          -0.044522
187.40          -0.044240
187.60          -0.043971
187.80          -0.043713
188.00          -0.043466
188.20          -0.043230
188.40          -0.043005
188.60          -0.042789
188.80          -0.042584
189.00          -0.042388
189.20          -0.042201
189.40          -0.042024
189.60          -0.041854
189.80          -0.041694
190.00          -0.041541
190.20          -0.041397
190.40          -0.041260
190.60          -0.041130
190.80          -0.041008
191.00          -0.040892
191.20          -0.040784
191.40          -0.040682
191.60          -0.040586
191.80          -0.040497
192.00          -0.040414
192.20          -0.040337
192.40          -0.040265
192.60          -0.040199
192.80          -0.040139
193.00          -0.040084
193.20          -0.040034
193.40          -0.039989
193.60          -0.039949
193.80          -0.039914
194.00          -0.039884
194.20          -0.039858
194.40          -0.039837
194.60          -0.039820
194.80          -0.039807
195.00          -0.039799
195.20          -0.039795
195.40          -0.039794
195.60          -0.039798
195.80          -0.039806
196.00          -0.039817
196.20          -0.039832
196.40          -0.039850
196.60          -0.039873
196.80          -0.039898
197.00          -0.039928
197.20          -0.039960
197.40          -0.039997
197.60          -0.040036
197.80          -0.040079
198.00          -0.040125
198.20          -0.040174
198.40          -0.040227
198.60          -0.040282
198.80          -0.040341
199.00          -0.040404
199.20          -0.040469
199.40          -0.040538
199.60          -0.040610
199.80          -0.040685
200.00          -0.040764
200.20          -0.040846
200.40          -0.040932
200.60          -0.041021
200.80          -0.041114
201.00          -0.041212
201.20          -0.041313
201.40          -0.041419
201.60          -0.041529
201.80          -0.041645
202.00          -0.041766
202.20          -0.041893
202.40          -0.042027
202.60          -0.042169
202.80          -0.042320
203.00          -0.042481
203.20          -0.042654
203.40          -0.042842
203.60          -0.043048
203.80          -0.043278
204.00          -0.043536
204.20          -0.043834
204.40          -0.044186
204.60          -0.044615
204.80          -0.045160
205.00          -0.045890
205.20          -0.046941
205.40          -0.048618
205.60          -0.051734
205.80          -0.059250
206.00          -0.091216
206.20          -2.6146
206.40          -0.077693
206.60          -0.047478
206.80          -0.043607
207.00          -0.042754
207.20          -0.042602
207.40          -0.042669
207.60          -0.042814
207.80          -0.042987
208.00          -0.043169
208.20          -0.043354
208.40          -0.043537
208.60          -0.043717
208.80          -0.043895
209.00          -0.044069
209.20          -0.044241
209.40          -0.044410
209.60          -0.044577
209.80          -0.044743
210.00          -0.044907
210.20          -0.045069
210.40          -0.045231
210.60          -0.045391
210.80          -0.045551
211.00          -0.045711
211.20          -0.045869
211.40          -0.046028
211.60          -0.046186
211.80          -0.046344
212.00          -0.046502
212.20          -0.046659
212.40          -0.046817
212.60          -0.046974
212.80          -0.047132
213.00          -0.047290
213.20          -0.047448
213.40          -0.047605
213.60          -0.047763
213.80          -0.047922
214.00          -0.048080
214.20          -0.048238
214.40          -0.048397
214.60          -0.048556
214.80          -0.048715
215.00          -0.048874
215.20          -0.049033
215.40          -0.049193
215.60          -0.049352
215.80          -0.049512
216.00          -0.049672
216.20          -0.049832
216.40          -0.049992
216.60          -0.050152
216.80          -0.050313
217.00          -0.050473
217.20          -0.050633
217.40          -0.050794
217.60          -0.050955
217.80          -0.051115
218.00          -0.051276
218.20          -0.051437
218.40          -0.051597
218.60          -0.051758
218.80          -0.051918
219.00          -0.052079
219.20          -0.052239
219.40          -0.052399
219.60          -0.052560
219.80          -0.052719
220.00          -0.052879
220.20          -0.053039
220.40          -0.053198
220.60          -0.053357
220.80          -0.053516
221.00          -0.053674
221.20          -0.053833
221.40          -0.053990
221.60          -0.054148
221.80          -0.054305
222.00          -0.054461
222.20          -0.054618
222.40          -0.054773
222.60          -0.054928
222.80          -0.055083
223.00          -0.055237
223.20          -0.055390
223.40          -0.055543
223.60          -0.055695
223.80          -0.055847
224.00          -0.055997
224.20          -0.056148
224.40          -0.056297
224.60          -0.056445
224.80          -0.056593
225.00          -0.056740
