175.00          -0.10570
175.20          -0.10300
175.40          -0.10041
175.60          -0.097923
175.80          -0.095535
176.00          -0.093243
176.20          -0.091043
176.40          -0.088932
176.60          -0.086906
176.80          -0.084961
177.00          -0.083094
177.20          -0.081302
177.40          -0.079582
177.60          -0.077931
177.80          -0.076345
178.00          -0.074823
178.20          -0.073361
178.40          -0.071957
178.60          -0.070609
178.80          -0.069314
179.00          -0.068070
179.20          -0.066875
179.40          -0.065727
179.60          -0.064624
179.80          -0.063564
180.00          -0.062545
180.20          -0.061566
180.40          -0.060625
180.60          -0.059721
180.80          -0.058852
181.00          -0.058016
181.20          -0.057213
181.40          -0.056441
181.60          -0.055698
181.80          -0.054984
182.00          -0.054298
182.20          -0.053638
182.40          -0.053004
182.60          -0.052394
182.80          -0.051808
183.00          -0.051244
183.20          -0.050702
183.40          -0.050181
183.60          -0.049681
183.80          -0.049199
184.00          -0.048737
184.20          -0.048293
184.40          -0.047866
184.60          -0.047456
184.80          -0.047062
185.00          -0.046684
185.20          -0.046320
185.40          -0.045972
185.60          -0.045637
185.80          -0.045317
186.00          -0.045009
186.20          -0.044714
186.40          -0.044431
186.60          -0.044160
186.80          -0.043901
187.00          -0.043653
187.20          -0.043415
187.40          -0.043188
187.60          -0.042971
187.80          -0.042764
188.00          -0.042566
188.20          -0.042377
188.40          -0.042198
188.60          -0.042026
188.80          -0.041864
189.00          -0.041709
189.20          -0.041562
189.40          -0.041423
189.60          -0.041291
189.80          -0.041166
190.00          -0.041049
190.20          -0.040938
190.40          -0.040834
190.60          -0.040736
190.80          -0.040645
191.00          -0.040559
191.20          -0.040480
191.40          -0.040406
191.60          -0.040338
191.80          -0.040275
192.00          -0.040218
192.20          -0.040166
192.40          -0.040119
192.60          -0.040077
192.80          -0.040039
193.00          -0.040007
193.20          -0.039979
193.40          -0.039955
193.60          -0.039936
193.80          -0.039921
194.00          -0.039911
194.20          -0.039904
194.40          -0.039902
194.60          -0.039903
194.80          -0.039908
195.00          -0.039917
195.20          -0.039930
195.40          -0.039946
195.60          -0.039966
195.80          -0.039990
196.00          -0.040017
196.20          -0.040047
196.40          -0.040080
196.60          -0.040117
196.80          -0.040157
197.00          -0.040201
197.20          -0.040247
197.40          -0.040297
197.60          -0.040349
197.80          -0.040405
198.00          -0.040464
198.20          -0.040526
198.40          -0.040591
198.60          -0.040658
198.80          -0.040729
199.00          -0.040803
199.20          -0.040880
199.40          -0.040960
199.60          -0.041043
199.80          -0.041129
200.00          -0.041219
200.20          -0.041311
200.40          -0.041407
200.60          -0.041507
200.80          -0.041610
201.00          -0.041717
201.20          -0.041828
201.40          -0.041943
201.60          -0.042063
201.80          -0.042187
202.00          -0.042317
202.20          -0.042453
202.40          -0.042596
202.60          -0.042746
202.80          -0.042904
203.00          -0.043073
203.20          -0.043254
203.40          -0.043449
203.60          -0.043662
203.80          -0.043897
204.00          -0.044161
204.20          -0.044464
204.40          -0.044819
204.60          -0.045250
204.80          -0.045794
205.00          -0.046520
205.20          -0.047562
205.40          -0.049218
205.60          -0.052289
205.80          -0.059697
206.00          -0.091312
206.20          -2.6819
206.40          -0.077385
206.60          -0.048144
206.80          -0.044384
207.00          -0.043560
207.20          -0.043421
207.40          -0.043496
207.60          -0.043647
207.80          -0.043826
208.00          -0.044015
208.20          -0.044205
208.40          -0.044394
208.60          -0.044580
208.80          -0.044763
209.00          -0.044944
209.20          -0.045122
209.40          -0.045297
209.60          -0.045470
209.80          -0.045642
210.00          -0.045812
210.20          -0.045981
210.40          -0.046149
210.60          -0.046315
210.80          -0.046481
211.00          -0.046647
211.20          -0.046812
211.40          -0.046976
211.60          -0.047140
211.80          -0.047304
212.00          -0.047468
212.20          -0.047631
212.40          -0.047795
212.60          -0.047958
212.80          -0.048122
213.00          -0.048285
213.20          -0.048449
213.40          -0.048612
213.60          -0.048776
213.80          -0.048939
214.00          -0.049103
214.20          -0.049267
214.40          -0.049430
214.60          -0.049594
214.80          -0.049758
215.00          -0.049923
215.20          -0.050087
215.40          -0.050251
215.60          -0.050415
215.80          -0.050580
216.00          -0.050744
216.20          -0.050909
216.40          -0.051073
216.60          -0.051237
216.80          -0.051402
217.00          -0.051566
217.20          -0.051731
217.40          -0.051895
217.60          -0.052059
217.80          -0.052223
218.00          -0.052387
218.20          -0.052551
218.40          -0.052715
218.60          -0.052879
218.80          -0.053042
219.00          -0.053205
219.20          -0.053368
219.40          -0.053530
219.60          -0.053693
219.80          -0.053854
220.00          -0.054016
220.20          -0.054177
220.40          -0.054338
220.60          -0.054498
220.80          -0.054658
221.00          -0.054817
221.20          -0.054976
221.40          -0.055134
221.60          -0.055292
221.80          -0.055448
222.00          -0.055605
222.20          -0.055760
222.40          -0.055915
222.60          -0.056069
222.80          -0.056222
223.00          -0.056374
223.20          -0.056525
223.40          -0.056676
223.60          -0.056825
223.80          -0.056974
224.00          -0.057121
224.20          -0.057268
224.40          -0.057413
224.60          -0.057557
224.80          -0.057700
225.00          -0.057842
