175.00          -0.055595
175.20          -0.055582
175.40          -0.055570
175.60          -0.055560
175.80          -0.055552
176.00          -0.055546
176.20          -0.055541
176.40          -0.055537
176.60          -0.055535
176.80          -0.055535
177.00          -0.055535
177.20          -0.055538
177.40          -0.055541
177.60          -0.055545
177.80          -0.055551
178.00          -0.055558
178.20          -0.055566
178.40          -0.055574
178.60          -0.055584
178.80          -0.055595
179.00          -0.055606
179.20          -0.055619
179.40          -0.055632
179.60          -0.055646
179.80          -0.055660
180.00          -0.055676
180.20          -0.055692
180.40          -0.055708
180.60          -0.055725
180.80          -0.055743
181.00          -0.055761
181.20          -0.055780
181.40          -0.055799
181.60          -0.055818
181.80          -0.055838
182.00          -0.055858
182.20          -0.055879
182.40          -0.055900
182.60          -0.055921
182.80          -0.055942
183.00          -0.055964
183.20          -0.055985
183.40          -0.056007
183.60          -0.056029
183.80          -0.056051
184.00          -0.056074
184.20          -0.056096
184.40          -0.056118
184.60          -0.056141
184.80          -0.056163
185.00          -0.056185
185.20          -0.056208
185.40          -0.056230
185.60          -0.056252
185.80          -0.056275
186.00          -0.056297
186.20          -0.056319
186.40          -0.056341
186.60          -0.056362
186.80          -0.056384
187.00          -0.056405
187.20          -0.056426
187.40          -0.056447
187.60          -0.056468
187.80          -0.056489
188.00          -0.056509
188.20          -0.056529
188.40          -0.056549
188.60          -0.056569
188.80          -0.056588
189.00          -0.056607
189.20          -0.056626
189.40          -0.056644
189.60          -0.056662
189.80          -0.056680
190.00          -0.056697
190.20          -0.056714
190.40          -0.056731
190.60          -0.056748
190.80          -0.056764
191.00          -0.056779
191.20          -0.056795
191.40          -0.056810
191.60          -0.056824
191.80          -0.056838
192.00          -0.056852
192.20          -0.056865
192.40          -0.056878
192.60          -0.056891
192.80          -0.056903
193.00          -0.056915
193.20          -0.056926
193.40          -0.056937
193.60          -0.056947
193.80          -0.056957
194.00          -0.056967
194.20          -0.056976
194.40          -0.056985
194.60          -0.056993
194.80          -0.057001
195.00          -0.057008
195.20          -0.057015
195.40          -0.057021
195.60          -0.057027
195.80          -0.057033
196.00          -0.057038
196.20          -0.057043
196.40          -0.057047
196.60          -0.057051
196.80          -0.057054
197.00          -0.057057
197.20          -0.057060
197.40          -0.057062
197.60          -0.057063
197.80          -0.057064
198.00          -0.057065
198.20          -0.057065
198.40          -0.057065
198.60          -0.057064
198.80          -0.057063
199.00          -0.057062
199.20          -0.057060
199.40          -0.057057
199.60          -0.057054
199.80          -0.057051
200.00          -0.057047
200.20          -0.057043
200.40          -0.057039
200.60          -0.057034
200.80          -0.057028
201.00          -0.057022
201.20          -0.057016
201.40          -0.057010
201.60          -0.057002
201.80          -0.056995
202.00          -0.056987
202.20          -0.056979
202.40          -0.056970
202.60          -0.056961
202.80          -0.056951
203.00          -0.056942
203.20          -0.056931
203.40          -0.056921
203.60          -0.056910
203.80          -0.056899
204.00          -0.056888
204.20          -0.056877
204.40          -0.056865
204.60          -0.056854
204.80          -0.056844
205.00          -0.056837
205.20          -0.056833
205.40          -0.056840
205.60          -0.056879
205.80          -0.057046
206.00          -0.058551
206.20          -0.067189
206.40          -0.057380
206.60          -0.056931
206.80          -0.056804
207.00          -0.056742
207.20          -0.056702
207.40          -0.056671
207.60          -0.056644
207.80          -0.056619
208.00          -0.056596
208.20          -0.056574
208.40          -0.056552
208.60          -0.056530
208.80          -0.056508
209.00          -0.056486
209.20          -0.056464
209.40          -0.056442
209.60          -0.056420
209.80          -0.056397
210.00          -0.056374
210.20          -0.056351
210.40          -0.056328
210.60          -0.056305
210.80          -0.056281
211.00          -0.056257
211.20          -0.056233
211.40          -0.056209
211.60          -0.056184
211.80          -0.056159
212.00          -0.056134
212.20          -0.056108
212.40          -0.056082
212.60          -0.056056
212.80          -0.056030
213.00          -0.056004
213.20          -0.055977
213.40          -0.055950
213.60          -0.055923
213.80          -0.055896
214.00          -0.055868
214.20          -0.055840
214.40          -0.055812
214.60          -0.055784
214.80          -0.055755
215.00          -0.055727
215.20          -0.055698
215.40          -0.055669
215.60          -0.055640
215.80          -0.055610
216.00          -0.055581
216.20          -0.055551
216.40          -0.055521
216.60          -0.055492
216.80          -0.055462
217.00          -0.055432
217.20          -0.055402
217.40          -0.055372
217.60          -0.055341
217.80          -0.055311
218.00          -0.055281
218.20          -0.055251
218.40          -0.055221
218.60          -0.055192
218.80          -0.055162
219.00          -0.055133
219.20          -0.055104
219.40          -0.055076
219.60          -0.055048
219.80          -0.055020
220.00          -0.054993
220.20          -0.054967
220.40          -0.054941
220.60          -0.054917
220.80          -0.054894
221.00          -0.054872
221.20          -0.054851
221.40          -0.054833
221.60          -0.054816
221.80          -0.054801
222.00          -0.054790
222.20          -0.054781
222.40          -0.054776
222.60          -0.054775
222.80          -0.054779
223.00          -0.054789
223.20          -0.054805
223.40          -0.054829
223.60          -0.054862
223.80          -0.054907
224.00          -0.054965
224.20          -0.055039
224.40          -0.055132
224.60          -0.055250
224.80          -0.055398
225.00          -0.055584
