175.00          -0.055493
175.20          -0.055501
175.40          -0.055511
175.60          -0.055522
175.80          -0.055534
176.00          -0.055547
176.20          -0.055561
176.40          -0.055577
176.60          -0.055593
176.80          -0.055610
177.00          -0.055629
177.20          -0.055648
177.40          -0.055668
177.60          -0.055689
177.80          -0.055711
178.00          -0.055734
178.20          -0.055757
178.40          -0.055781
178.60          -0.055805
178.80          -0.055830
179.00          -0.055856
179.20          -0.055882
179.40          -0.055908
179.60          -0.055936
179.80          -0.055963
180.00          -0.055991
180.20          -0.056019
180.40          -0.056048
180.60          -0.056076
180.80          -0.056106
181.00          -0.056135
181.20          -0.056164
181.40          -0.056194
181.60          -0.056224
181.80          -0.056254
182.00          -0.056284
182.20          -0.056314
182.40          -0.056345
182.60          -0.056375
182.80          -0.056405
183.00          -0.056436
183.20          -0.056466
183.40          -0.056496
183.60          -0.056527
183.80          -0.056557
184.00          -0.056587
184.20          -0.056617
184.40          -0.056647
184.60          -0.056676
184.80          -0.056706
185.00          -0.056735
185.20          -0.056764
185.40          -0.056793
185.60          -0.056822
185.80          -0.056850
186.00          -0.056878
186.20          -0.056906
186.40          -0.056934
186.60          -0.056961
186.80          -0.056988
187.00          -0.057015
187.20          -0.057041
187.40          -0.057067
187.60          -0.057093
187.80          -0.057118
188.00          -0.057143
188.20          -0.057168
188.40          -0.057192
188.60          -0.057216
188.80          -0.057239
189.00          -0.057262
189.20          -0.057285
189.40          -0.057307
189.60          -0.057328
189.80          -0.057350
190.00          -0.057371
190.20          -0.057391
190.40          -0.057411
190.60          -0.057430
190.80          -0.057450
191.00          -0.057468
191.20          -0.057486
191.40          -0.057504
191.60          -0.057521
191.80          -0.057538
192.00          -0.057554
192.20          -0.057569
192.40          -0.057585
192.60          -0.057599
192.80          -0.057614
193.00          -0.057627
193.20          -0.057640
193.40          -0.057653
193.60          -0.057665
193.80          -0.057677
194.00          -0.057688
194.20          -0.057699
194.40          -0.057709
194.60          -0.057719
194.80          -0.057728
195.00          -0.057737
195.20          -0.057745
195.40          -0.057753
195.60          -0.057760
195.80          -0.057767
196.00          -0.057773
196.20          -0.057778
196.40          -0.057783
196.60          -0.057788
196.80          -0.057792
197.00          -0.057796
197.20          -0.057799
197.40          -0.057802
197.60          -0.057804
197.80          -0.057806
198.00          -0.057807
198.20          -0.057808
198.40          -0.057808
198.60          -0.057807
198.80          -0.057807
199.00          -0.057805
199.20          -0.057804
199.40          -0.057802
199.60          -0.057799
199.80          -0.057796
200.00          -0.057792
200.20          -0.057788
200.40          -0.057784
200.60          -0.057779
200.80          -0.057773
201.00          -0.057767
201.20          -0.057761
201.40          -0.057754
201.60          -0.057747
201.80          -0.057739
202.00          -0.057731
202.20          -0.057722
202.40          -0.057713
202.60          -0.057704
202.80          -0.057694
203.00          -0.057684
203.20          -0.057673
203.40          -0.057661
203.60          -0.057650
203.80          -0.057637
204.00          -0.057625
204.20          -0.057612
204.40          -0.057598
204.60          -0.057584
204.80          -0.057569
205.00          -0.057554
205.20          -0.057539
205.40          -0.057525
205.60          -0.057516
205.80          -0.057533
206.00          -0.057910
206.20          -0.060738
206.40          -0.057741
206.60          -0.057560
206.80          -0.057496
207.00          -0.057458
207.20          -0.057428
207.40          -0.057403
207.60          -0.057380
207.80          -0.057357
208.00          -0.057336
208.20          -0.057314
208.40          -0.057293
208.60          -0.057271
208.80          -0.057250
209.00          -0.057228
209.20          -0.057206
209.40          -0.057184
209.60          -0.057162
209.80          -0.057140
210.00          -0.057117
210.20          -0.057094
210.40          -0.057071
210.60          -0.057047
210.80          -0.057024
211.00          -0.057000
211.20          -0.056976
211.40          -0.056952
211.60          -0.056927
211.80          -0.056902
212.00          -0.056877
212.20          -0.056852
212.40          -0.056827
212.60          -0.056801
212.80          -0.056775
213.00          -0.056749
213.20          -0.056722
213.40          -0.056696
213.60          -0.056669
213.80          -0.056642
214.00          -0.056615
214.20          -0.056588
214.40          -0.056560
214.60          -0.056532
214.80          -0.056504
215.00          -0.056476
215.20          -0.056448
215.40          -0.056420
215.60          -0.056392
215.80          -0.056363
216.00          -0.056335
216.20          -0.056306
216.40          -0.056277
216.60          -0.056248
216.80          -0.056219
217.00          -0.056191
217.20          -0.056162
217.40          -0.056133
217.60          -0.056104
217.80          -0.056076
218.00          -0.056047
218.20          -0.056019
218.40          -0.055991
218.60          -0.055963
218.80          -0.055936
219.00          -0.055909
219.20          -0.055882
219.40          -0.055856
219.60          -0.055830
219.80          -0.055805
220.00          -0.055781
220.20          -0.055758
220.40          -0.055736
220.60          -0.055715
220.80          -0.055696
221.00          -0.055678
221.20          -0.055662
221.40          -0.055648
221.60          -0.055636
221.80          -0.055628
222.00          -0.055622
222.20          -0.055620
222.40          -0.055622
222.60          -0.055629
222.80          -0.055641
223.00          -0.055660
223.20          -0.055687
223.40          -0.055723
223.60          -0.055770
223.80          -0.055829
224.00          -0.055903
224.20          -0.055996
224.40          -0.056111
224.60          -0.056254
224.80          -0.056431
225.00          -0.056651
