175.00          -0.032704
175.20          -0.032791
175.40          -0.032879
175.60          -0.032967
175.80          -0.033056
176.00          -0.033146
176.20          -0.033236
176.40          -0.033327
176.60          -0.033419
176.80          -0.033511
177.00          -0.033603
177.20          -0.033697
177.40          -0.033791
177.60          -0.033886
177.80          -0.033981
178.00          -0.034077
178.20          -0.034174
178.40          -0.034271
178.60          -0.034370
178.80          -0.034469
179.00          -0.034569
179.20          -0.034669
179.40          -0.034771
179.60          -0.034873
179.80          -0.034976
180.00          -0.035080
180.20          -0.035185
180.40          -0.035291
180.60          -0.035398
180.80          -0.035506
181.00          -0.035615
181.20          -0.035724
181.40          -0.035835
181.60          -0.035947
181.80          -0.036060
182.00          -0.036174
182.20          -0.036289
182.40          -0.036405
182.60          -0.036523
182.80          -0.036642
183.00          -0.036762
183.20          -0.036883
183.40          -0.037006
183.60          -0.037130
183.80          -0.037255
184.00          -0.037382
184.20          -0.037511
184.40          -0.037641
184.60          -0.037772
184.80          -0.037906
185.00          -0.038041
185.20          -0.038177
185.40          -0.038316
185.60          -0.038456
185.80          -0.038599
186.00          -0.038743
186.20          -0.038890
186.40          -0.039038
186.60          -0.039189
186.80          -0.039342
187.00          -0.039498
187.20          -0.039656
187.40          -0.039816
187.60          -0.039980
187.80          -0.040146
188.00          -0.040314
188.20          -0.040486
188.40          -0.040661
188.60          -0.040839
188.80          -0.041021
189.00          -0.041206
189.20          -0.041395
189.40          -0.041588
189.60          -0.041784
189.80          -0.041985
190.00          -0.042190
190.20          -0.042400
190.40          -0.042614
190.60          -0.042834
190.80          -0.043059
191.00          -0.043289
191.20          -0.043525
191.40          -0.043768
191.60          -0.044016
191.80          -0.044272
192.00          -0.044535
192.20          -0.044805
192.40          -0.045083
192.60          -0.045370
192.80          -0.045665
193.00          -0.045970
193.20          -0.046285
193.40          -0.046611
193.60          -0.046948
193.80          -0.047297
194.00          -0.047659
194.20          -0.048035
194.40          -0.048426
194.60          -0.048832
194.80          -0.049255
195.00          -0.049696
195.20          -0.050157
195.40          -0.050639
195.60          -0.051144
195.80          -0.051673
196.00          -0.052229
196.20          -0.052814
196.40          -0.053430
196.60          -0.054081
196.80          -0.054769
197.00          -0.055499
197.20          -0.056274
197.40          -0.057099
197.60          -0.057979
197.80          -0.058921
198.00          -0.059931
198.20          -0.061018
198.40          -0.062190
198.60          -0.063459
198.80          -0.064837
199.00          -0.066340
199.20          -0.067984
199.40          -0.069793
199.60          -0.071790
199.80          -0.074008
200.00          -0.076485
200.20          -0.079268
200.40          -0.082416
200.60          -0.086006
200.80          -0.090133
201.00          -0.094925
201.20          -0.10055
201.40          -0.10723
201.60          -0.11529
201.80          -0.12518
202.00          -0.13754
202.20          -0.15338
202.40          -0.17427
202.60          -0.20284
202.80          -0.24373
203.00          -0.30587
203.20          -0.40829
203.40          -0.59759
203.60          -1.0119
203.80          -2.1708
204.00          -5.4614
204.20          -3.1492
204.40          -1.0102
204.60          -0.43062
204.80          -0.23070
205.00          -0.14685
205.20          -0.10811
205.40          -0.090600
205.60          -0.085098
205.80          -0.088079
206.00          -0.098888
206.20          -0.11908
206.40          -0.15299
206.60          -0.20993
206.80          -0.30945
207.00          -0.49279
207.20          -0.83262
207.40          -1.3170
207.60          -1.4406
207.80          -1.0252
208.00          -0.64272
208.20          -0.41984
208.40          -0.29439
208.60          -0.22001
208.80          -0.17314
209.00          -0.14197
209.20          -0.12030
209.40          -0.10467
209.60          -0.093060
209.80          -0.084215
210.00          -0.077336
210.20          -0.071891
210.40          -0.067517
210.60          -0.063959
210.80          -0.061032
211.00          -0.058602
211.20          -0.056568
211.40          -0.054854
211.60          -0.053401
211.80          -0.052162
212.00          -0.051102
212.20          -0.050191
212.40          -0.049406
212.60          -0.048728
212.80          -0.048142
213.00          -0.047634
213.20          -0.047194
213.40          -0.046813
213.60          -0.046483
213.80          -0.046198
214.00          -0.045953
214.20          -0.045743
214.40          -0.045563
214.60          -0.045411
214.80          -0.045284
215.00          -0.045178
215.20          -0.045092
215.40          -0.045023
215.60          -0.044970
215.80          -0.044931
216.00          -0.044906
216.20          -0.044892
216.40          -0.044889
216.60          -0.044895
216.80          -0.044911
217.00          -0.044934
217.20          -0.044965
217.40          -0.045003
217.60          -0.045047
217.80          -0.045096
218.00          -0.045151
218.20          -0.045211
218.40          -0.045276
218.60          -0.045345
218.80          -0.045417
219.00          -0.045494
219.20          -0.045574
219.40          -0.045657
219.60          -0.045743
219.80          -0.045832
220.00          -0.045923
220.20          -0.046017
220.40          -0.046113
220.60          -0.046212
220.80          -0.046313
221.00          -0.046415
221.20          -0.046520
221.40          -0.046626
221.60          -0.046734
221.80          -0.046844
222.00          -0.046956
222.20          -0.047069
222.40          -0.047184
222.60          -0.047300
222.80          -0.047418
223.00          -0.047537
223.20          -0.047657
223.40          -0.047779
223.60          -0.047903
223.80          -0.048028
224.00          -0.048155
224.20          -0.048283
224.40          -0.048413
224.60          -0.048545
224.80          -0.048679
225.00          -0.048816
