175.00          -0.36333
175.20          -0.37435
175.40          -0.38531
175.60          -0.39611
175.80          -0.40663
176.00          -0.41672
176.20          -0.42626
176.40          -0.43507
176.60          -0.44299
176.80          -0.44987
177.00          -0.45554
177.20          -0.45986
177.40          -0.46269
177.60          -0.46394
177.80          -0.46353
178.00          -0.46143
178.20          -0.45764
178.40          -0.45220
178.60          -0.44521
178.80          -0.43677
179.00          -0.42703
179.20          -0.41616
179.40          -0.40434
179.60          -0.39176
179.80          -0.37861
180.00          -0.36507
180.20          -0.35129
180.40          -0.33745
180.60          -0.32367
180.80          -0.31006
181.00          -0.29673
181.20          -0.28375
181.40          -0.27118
181.60          -0.25907
181.80          -0.24745
182.00          -0.23634
182.20          -0.22575
182.40          -0.21569
182.60          -0.20614
182.80          -0.19711
183.00          -0.18857
183.20          -0.18051
183.40          -0.17291
183.60          -0.16575
183.80          -0.15901
184.00          -0.15268
184.20          -0.14672
184.40          -0.14112
184.60          -0.13585
184.80          -0.13090
185.00          -0.12625
185.20          -0.12188
185.40          -0.11778
185.60          -0.11392
185.80          -0.11029
186.00          -0.10688
186.20          -0.10368
186.40          -0.10066
186.60          -0.097822
186.80          -0.095152
187.00          -0.092639
187.20          -0.090273
187.40          -0.088045
187.60          -0.085947
187.80          -0.083970
188.00          -0.082107
188.20          -0.080352
188.40          -0.078697
188.60          -0.077137
188.80          -0.075666
189.00          -0.074279
189.20          -0.072971
189.40          -0.071737
189.60          -0.070573
189.80          -0.069476
190.00          -0.068440
190.20          -0.067464
190.40          -0.066543
190.60          -0.065674
190.80          -0.064856
191.00          -0.064084
191.20          -0.063357
191.40          -0.062672
191.60          -0.062026
191.80          -0.061419
192.00          -0.060848
192.20          -0.060311
192.40          -0.059806
192.60          -0.059332
192.80          -0.058888
193.00          -0.058471
193.20          -0.058081
193.40          -0.057717
193.60          -0.057376
193.80          -0.057059
194.00          -0.056764
194.20          -0.056489
194.40          -0.056235
194.60          -0.056000
194.80          -0.055784
195.00          -0.055585
195.20          -0.055404
195.40          -0.055239
195.60          -0.055089
195.80          -0.054954
196.00          -0.054834
196.20          -0.054729
196.40          -0.054636
196.60          -0.054557
196.80          -0.054490
197.00          -0.054436
197.20          -0.054394
197.40          -0.054364
197.60          -0.054345
197.80          -0.054337
198.00          -0.054340
198.20          -0.054354
198.40          -0.054379
198.60          -0.054414
198.80          -0.054460
199.00          -0.054516
199.20          -0.054583
199.40          -0.054661
199.60          -0.054750
199.80          -0.054850
200.00          -0.054961
200.20          -0.055085
200.40          -0.055221
200.60          -0.055371
200.80          -0.055535
201.00          -0.055715
201.20          -0.055913
201.40          -0.056130
201.60          -0.056368
201.80          -0.056632
202.00          -0.056925
202.20          -0.057252
202.40          -0.057621
202.60          -0.058043
202.80          -0.058529
203.00          -0.059100
203.20          -0.059784
203.40          -0.060624
203.60          -0.061687
203.80          -0.063088
204.00          -0.065033
204.20          -0.067926
204.40          -0.072680
204.60          -0.081774
204.80          -0.10441
205.00          -0.20602
205.20          -13.525
205.40          -0.14545
205.60          -0.067959
205.80          -0.057142
206.00          -0.054518
206.20          -0.053861
206.40          -0.053831
206.60          -0.054030
206.80          -0.054317
207.00          -0.054635
207.20          -0.054961
207.40          -0.055285
207.60          -0.055602
207.80          -0.055912
208.00          -0.056213
208.20          -0.056507
208.40          -0.056793
208.60          -0.057074
208.80          -0.057350
209.00          -0.057621
209.20          -0.057887
209.40          -0.058151
209.60          -0.058411
209.80          -0.058669
210.00          -0.058925
210.20          -0.059178
210.40          -0.059431
210.60          -0.059682
210.80          -0.059932
211.00          -0.060181
211.20          -0.060430
211.40          -0.060678
211.60          -0.060926
211.80          -0.061174
212.00          -0.061421
212.20          -0.061669
212.40          -0.061916
212.60          -0.062164
212.80          -0.062412
213.00          -0.062660
213.20          -0.062909
213.40          -0.063158
213.60          -0.063408
213.80          -0.063658
214.00          -0.063908
214.20          -0.064159
214.40          -0.064411
214.60          -0.064663
214.80          -0.064916
215.00          -0.065170
215.20          -0.065424
215.40          -0.065679
215.60          -0.065935
215.80          -0.066192
216.00          -0.066449
216.20          -0.066707
216.40          -0.066966
216.60          -0.067226
216.80          -0.067486
217.00          -0.067747
217.20          -0.068010
217.40          -0.068273
217.60          -0.068537
217.80          -0.068802
218.00          -0.069067
218.20          -0.069334
218.40          -0.069602
218.60          -0.069870
218.80          -0.070140
219.00          -0.070410
219.20          -0.070681
219.40          -0.070954
219.60          -0.071227
219.80          -0.071501
220.00          -0.071777
220.20          -0.072053
220.40          -0.072331
220.60          -0.072609
220.80          -0.072889
221.00          -0.073170
221.20          -0.073452
221.40          -0.073735
221.60          -0.074019
221.80          -0.074304
222.00          -0.074591
222.20          -0.074879
222.40          -0.075168
222.60          -0.075459
222.80          -0.075751
223.00          -0.076044
223.20          -0.076339
223.40          -0.076635
223.60          -0.076933
223.80          -0.077233
224.00          -0.077534
224.20          -0.077837
224.40          -0.078142
224.60          -0.078449
224.80          -0.078757
225.00          -0.079068
