175.00          -0.023711
175.20          -0.023748
175.40          -0.023785
175.60          -0.023821
175.80          -0.023858
176.00          -0.023895
176.20          -0.023932
176.40          -0.023969
176.60          -0.024006
176.80          -0.024044
177.00          -0.024081
177.20          -0.024118
177.40          -0.024156
177.60          -0.024193
177.80          -0.024231
178.00          -0.024269
178.20          -0.024307
178.40          -0.024345
178.60          -0.024383
178.80          -0.024421
179.00          -0.024459
179.20          -0.024497
179.40          -0.024535
179.60          -0.024574
179.80          -0.024612
180.00          -0.024651
180.20          -0.024690
180.40          -0.024729
180.60          -0.024768
180.80          -0.024807
181.00          -0.024846
181.20          -0.024885
181.40          -0.024925
181.60          -0.024965
181.80          -0.025004
182.00          -0.025045
182.20          -0.025085
182.40          -0.025125
182.60          -0.025166
182.80          -0.025207
183.00          -0.025249
183.20          -0.025291
183.40          -0.025334
183.60          -0.025377
183.80          -0.025422
184.00          -0.025468
184.20          -0.025517
184.40          -0.025571
184.60          -0.025633
184.80          -0.025711
185.00          -0.025838
185.20          -0.026166
185.40          -0.030121
185.60          -0.026998
185.80          -0.025874
186.00          -0.025823
186.20          -0.025846
186.40          -0.025884
186.60          -0.025925
186.80          -0.025967
187.00          -0.026009
187.20          -0.026052
187.40          -0.026095
187.60          -0.026138
187.80          -0.026180
188.00          -0.026223
188.20          -0.026266
188.40          -0.026308
188.60          -0.026351
188.80          -0.026394
189.00          -0.026436
189.20          -0.026479
189.40          -0.026522
189.60          -0.026565
189.80          -0.026608
190.00          -0.026651
190.20          -0.026695
190.40          -0.026738
190.60          -0.026781
190.80          -0.026825
191.00          -0.026869
191.20          -0.026912
191.40          -0.026956
191.60          -0.027000
191.80          -0.027044
192.00          -0.027089
192.20          -0.027133
192.40          -0.027178
192.60          -0.027222
192.80          -0.027267
193.00          -0.027312
193.20          -0.027358
193.40          -0.027403
193.60          -0.027449
193.80          -0.027494
194.00          -0.027540
194.20          -0.027587
194.40          -0.027633
194.60          -0.027680
194.80          -0.027727
195.00          -0.027774
195.20          -0.027821
195.40          -0.027869
195.60          -0.027917
195.80          -0.027966
196.00          -0.028015
196.20          -0.028064
196.40          -0.028114
196.60          -0.028164
196.80          -0.028215
197.00          -0.028266
197.20          -0.028318
197.40          -0.028370
197.60          -0.028424
197.80          -0.028478
198.00          -0.028533
198.20          -0.028590
198.40          -0.028647
198.60          -0.028706
198.80          -0.028767
199.00          -0.028829
199.20          -0.028894
199.40          -0.028961
199.60          -0.029031
199.80          -0.029105
200.00          -0.029184
200.20          -0.029268
200.40          -0.029358
200.60          -0.029457
200.80          -0.029567
201.00          -0.029692
201.20          -0.029836
201.40          -0.030008
201.60          -0.030217
201.80          -0.030484
202.00          -0.030841
202.20          -0.031347
202.40          -0.032124
202.60          -0.033449
202.80          -0.036099
203.00          -0.042988
203.20          -0.074286
203.40          -1.4248
203.60          -0.087606
203.80          -0.041632
204.00          -0.034319
204.20          -0.032007
204.40          -0.031038
204.60          -0.030569
204.80          -0.030325
205.00          -0.030196
205.20          -0.030131
205.40          -0.030103
205.60          -0.030099
205.80          -0.030111
206.00          -0.030134
206.20          -0.030164
206.40          -0.030199
206.60          -0.030237
206.80          -0.030279
207.00          -0.030323
207.20          -0.030368
207.40          -0.030415
207.60          -0.030462
207.80          -0.030511
208.00          -0.030560
208.20          -0.030609
208.40          -0.030660
208.60          -0.030710
208.80          -0.030762
209.00          -0.030814
209.20          -0.030868
209.40          -0.030935
209.60          -0.031446
209.80          -0.031108
210.00          -0.031090
210.20          -0.031133
210.40          -0.031183
210.60          -0.031234
210.80          -0.031287
211.00          -0.031340
211.20          -0.031394
211.40          -0.031448
211.60          -0.031502
211.80          -0.031557
212.00          -0.031613
212.20          -0.031669
212.40          -0.031726
212.60          -0.031783
212.80          -0.031841
213.00          -0.031900
213.20          -0.031960
213.40          -0.032021
213.60          -0.032084
213.80          -0.032148
214.00          -0.032215
214.20          -0.032284
214.40          -0.032357
214.60          -0.032435
214.80          -0.032518
215.00          -0.032611
215.20          -0.032715
215.40          -0.032837
215.60          -0.032988
215.80          -0.033186
216.00          -0.033472
216.20          -0.033941
216.40          -0.034880
216.60          -0.037523
216.80          -0.054564
217.00          -0.26627
217.20          -0.039354
217.40          -0.034495
217.60          -0.033541
217.80          -0.033253
218.00          -0.033160
218.20          -0.033142
218.40          -0.033158
218.60          -0.033191
218.80          -0.033234
219.00          -0.033282
219.20          -0.033333
219.40          -0.033386
219.60          -0.033440
219.80          -0.033495
220.00          -0.033550
220.20          -0.033606
220.40          -0.033662
220.60          -0.033718
220.80          -0.033775
221.00          -0.033831
221.20          -0.033887
221.40          -0.033944
221.60          -0.034001
221.80          -0.034057
222.00          -0.034114
222.20          -0.034171
222.40          -0.034227
222.60          -0.034284
222.80          -0.034341
223.00          -0.034398
223.20          -0.034454
223.40          -0.034511
223.60          -0.034568
223.80          -0.034625
224.00          -0.034682
224.20          -0.034740
224.40          -0.034797
224.60          -0.034854
224.80          -0.034911
225.00          -0.034969
