175.00          -0.77827
175.20          -0.73021
175.40          -0.67496
175.60          -0.61664
175.80          -0.55862
176.00          -0.50328
176.20          -0.45206
176.40          -0.40564
176.60          -0.36418
176.80          -0.32751
177.00          -0.29529
177.20          -0.26707
177.40          -0.24240
177.60          -0.22084
177.80          -0.20199
178.00          -0.18549
178.20          -0.17101
178.40          -0.15829
178.60          -0.14708
178.80          -0.13718
179.00          -0.12842
179.20          -0.12065
179.40          -0.11374
179.60          -0.10759
179.80          -0.10209
180.00          -0.097181
180.20          -0.092779
180.40          -0.088831
180.60          -0.085286
180.80          -0.082100
181.00          -0.079235
181.20          -0.076660
181.40          -0.074346
181.60          -0.072270
181.80          -0.070412
182.00          -0.068754
182.20          -0.067284
182.40          -0.065991
182.60          -0.064868
182.80          -0.063910
183.00          -0.063120
183.20          -0.062502
183.40          -0.062070
183.60          -0.061846
183.80          -0.061869
184.00          -0.062203
184.20          -0.062955
184.40          -0.064312
184.60          -0.066627
184.80          -0.070629
185.00          -0.078061
185.20          -0.094136
185.40          -0.14207
185.60          -0.49896
185.80          -0.91023
186.00          -0.087179
186.20          -0.050582
186.40          -0.043839
186.60          -0.042103
186.80          -0.041672
187.00          -0.041653
187.20          -0.041772
187.40          -0.041933
187.60          -0.042101
187.80          -0.042262
188.00          -0.042414
188.20          -0.042556
188.40          -0.042690
188.60          -0.042816
188.80          -0.042936
189.00          -0.043052
189.20          -0.043166
189.40          -0.043277
189.60          -0.043387
189.80          -0.043498
190.00          -0.043608
190.20          -0.043719
190.40          -0.043832
190.60          -0.043945
190.80          -0.044061
191.00          -0.044179
191.20          -0.044298
191.40          -0.044420
191.60          -0.044544
191.80          -0.044670
192.00          -0.044799
192.20          -0.044930
192.40          -0.045063
192.60          -0.045199
192.80          -0.045337
193.00          -0.045478
193.20          -0.045620
193.40          -0.045766
193.60          -0.045913
193.80          -0.046063
194.00          -0.046215
194.20          -0.046369
194.40          -0.046526
194.60          -0.046684
194.80          -0.046845
195.00          -0.047008
195.20          -0.047173
195.40          -0.047340
195.60          -0.047509
195.80          -0.047680
196.00          -0.047853
196.20          -0.048028
196.40          -0.048205
196.60          -0.048384
196.80          -0.048565
197.00          -0.048748
197.20          -0.048933
197.40          -0.049120
197.60          -0.049308
197.80          -0.049499
198.00          -0.049691
198.20          -0.049886
198.40          -0.050082
198.60          -0.050280
198.80          -0.050480
199.00          -0.050682
199.20          -0.050886
199.40          -0.051092
199.60          -0.051300
199.80          -0.051510
200.00          -0.051722
200.20          -0.051936
200.40          -0.052153
200.60          -0.052371
200.80          -0.052591
201.00          -0.052814
201.20          -0.053039
201.40          -0.053267
201.60          -0.053497
201.80          -0.053729
202.00          -0.053964
202.20          -0.054201
202.40          -0.054442
202.60          -0.054685
202.80          -0.054930
203.00          -0.055179
203.20          -0.055432
203.40          -0.055687
203.60          -0.055946
203.80          -0.056208
204.00          -0.056474
204.20          -0.056745
204.40          -0.057019
204.60          -0.057298
204.80          -0.057582
205.00          -0.057870
205.20          -0.058164
205.40          -0.058464
205.60          -0.058771
205.80          -0.059084
206.00          -0.059404
206.20          -0.059732
206.40          -0.060070
206.60          -0.060417
206.80          -0.060776
207.00          -0.061147
207.20          -0.061533
207.40          -0.061936
207.60          -0.062360
207.80          -0.062811
208.00          -0.063295
208.20          -0.063827
208.40          -0.064429
208.60          -0.065148
208.80          -0.066092
209.00          -0.067569
209.20          -0.070848
209.40          -0.087167
209.60          -0.62020
209.80          -0.077316
210.00          -0.070450
210.20          -0.069736
210.40          -0.070061
210.60          -0.070747
210.80          -0.071641
211.00          -0.072708
211.20          -0.073955
211.40          -0.075417
211.60          -0.077148
211.80          -0.079233
212.00          -0.081801
212.20          -0.085053
212.40          -0.089312
212.60          -0.095125
212.80          -0.10345
213.00          -0.11605
213.20          -0.13577
213.40          -0.16321
213.60          -0.17100
213.80          -0.11696
214.00          -0.071145
214.20          -0.055038
214.40          -0.050833
214.60          -0.050432
214.80          -0.051232
215.00          -0.052382
215.20          -0.053586
215.40          -0.054744
215.60          -0.055825
215.80          -0.056823
216.00          -0.057744
216.20          -0.058597
216.40          -0.059389
216.60          -0.060129
216.80          -0.060825
217.00          -0.061481
217.20          -0.062104
217.40          -0.062698
217.60          -0.063266
217.80          -0.063812
218.00          -0.064338
218.20          -0.064848
218.40          -0.065343
218.60          -0.065825
218.80          -0.066295
219.00          -0.066755
219.20          -0.067206
219.40          -0.067649
219.60          -0.068085
219.80          -0.068515
220.00          -0.068939
220.20          -0.069359
220.40          -0.069775
220.60          -0.070187
220.80          -0.070596
221.00          -0.071003
221.20          -0.071407
221.40          -0.071810
221.60          -0.072211
221.80          -0.072611
222.00          -0.073011
222.20          -0.073410
222.40          -0.073808
222.60          -0.074207
222.80          -0.074606
223.00          -0.075006
223.20          -0.075407
223.40          -0.075808
223.60          -0.076211
223.80          -0.076615
224.00          -0.077021
224.20          -0.077429
224.40          -0.077839
224.60          -0.078251
224.80          -0.078665
225.00          -0.079083
