175.00          -0.051560
175.20          -0.051373
175.40          -0.051197
175.60          -0.051033
175.80          -0.050880
176.00          -0.050738
176.20          -0.050607
176.40          -0.050486
176.60          -0.050374
176.80          -0.050273
177.00          -0.050181
177.20          -0.050098
177.40          -0.050025
177.60          -0.049960
177.80          -0.049904
178.00          -0.049856
178.20          -0.049816
178.40          -0.049784
178.60          -0.049760
178.80          -0.049744
179.00          -0.049734
179.20          -0.049733
179.40          -0.049738
179.60          -0.049750
179.80          -0.049769
180.00          -0.049795
180.20          -0.049827
180.40          -0.049865
180.60          -0.049910
180.80          -0.049960
181.00          -0.050017
181.20          -0.050080
181.40          -0.050148
181.60          -0.050222
181.80          -0.050302
182.00          -0.050387
182.20          -0.050477
182.40          -0.050572
182.60          -0.050673
182.80          -0.050779
183.00          -0.050890
183.20          -0.051005
183.40          -0.051126
183.60          -0.051251
183.80          -0.051381
184.00          -0.051515
184.20          -0.051655
184.40          -0.051798
184.60          -0.051946
184.80          -0.052098
185.00          -0.052255
185.20          -0.052416
185.40          -0.052581
185.60          -0.052750
185.80          -0.052923
186.00          -0.053101
186.20          -0.053282
186.40          -0.053467
186.60          -0.053657
186.80          -0.053850
187.00          -0.054046
187.20          -0.054247
187.40          -0.054452
187.60          -0.054660
187.80          -0.054872
188.00          -0.055087
188.20          -0.055306
188.40          -0.055529
188.60          -0.055756
188.80          -0.055986
189.00          -0.056219
189.20          -0.056456
189.40          -0.056697
189.60          -0.056941
189.80          -0.057188
190.00          -0.057439
190.20          -0.057693
190.40          -0.057951
190.60          -0.058212
190.80          -0.058477
191.00          -0.058745
191.20          -0.059017
191.40          -0.059292
191.60          -0.059570
191.80          -0.059852
192.00          -0.060138
192.20          -0.060427
192.40          -0.060719
192.60          -0.061015
192.80          -0.061314
193.00          -0.061617
193.20          -0.061924
193.40          -0.062235
193.60          -0.062549
193.80          -0.062867
194.00          -0.063189
194.20          -0.063515
194.40          -0.063845
194.60          -0.064180
194.80          -0.064518
195.00          -0.064862
195.20          -0.065210
195.40          -0.065563
195.60          -0.065922
195.80          -0.066286
196.00          -0.066656
196.20          -0.067032
196.40          -0.067416
196.60          -0.067807
196.80          -0.068206
197.00          -0.068615
197.20          -0.069034
197.40          -0.069466
197.60          -0.069911
197.80          -0.070372
198.00          -0.070852
198.20          -0.071356
198.40          -0.071887
198.60          -0.072454
198.80          -0.073066
199.00          -0.073738
199.20          -0.074490
199.40          -0.075356
199.60          -0.076388
199.80          -0.077677
200.00          -0.079393
200.20          -0.081890
200.40          -0.086014
200.60          -0.094332
200.80          -0.11845
201.00          -0.30258
201.20          -0.56962
201.40          -0.10014
201.60          -0.079599
201.80          -0.075826
202.00          -0.075011
202.20          -0.075023
202.40          -0.075324
202.60          -0.075737
202.80          -0.076195
203.00          -0.076671
203.20          -0.077152
203.40          -0.077632
203.60          -0.078110
203.80          -0.078584
204.00          -0.079053
204.20          -0.079519
204.40          -0.079981
204.60          -0.080440
204.80          -0.080896
205.00          -0.081350
205.20          -0.081801
205.40          -0.082250
205.60          -0.082697
205.80          -0.083143
206.00          -0.083587
206.20          -0.084030
206.40          -0.084472
206.60          -0.084913
206.80          -0.085352
207.00          -0.085791
207.20          -0.086229
207.40          -0.086666
207.60          -0.087103
207.80          -0.087538
208.00          -0.087973
208.20          -0.088407
208.40          -0.088840
208.60          -0.089272
208.80          -0.089703
209.00          -0.090134
209.20          -0.090563
209.40          -0.090992
209.60          -0.091419
209.80          -0.091845
210.00          -0.092270
210.20          -0.092694
210.40          -0.093117
210.60          -0.093538
210.80          -0.093957
211.00          -0.094375
211.20          -0.094791
211.40          -0.095206
211.60          -0.095618
211.80          -0.096029
212.00          -0.096437
212.20          -0.096844
212.40          -0.097248
212.60          -0.097649
212.80          -0.098048
213.00          -0.098444
213.20          -0.098838
213.40          -0.099228
213.60          -0.099615
213.80          -0.10000
214.00          -0.10038
214.20          -0.10076
214.40          -0.10113
214.60          -0.10150
214.80          -0.10187
215.00          -0.10223
215.20          -0.10258
215.40          -0.10294
215.60          -0.10328
215.80          -0.10363
216.00          -0.10396
216.20          -0.10429
216.40          -0.10462
216.60          -0.10494
216.80          -0.10525
217.00          -0.10556
217.20          -0.10586
217.40          -0.10616
217.60          -0.10645
217.80          -0.10673
218.00          -0.10700
218.20          -0.10726
218.40          -0.10752
218.60          -0.10777
218.80          -0.10801
219.00          -0.10824
219.20          -0.10847
219.40          -0.10868
219.60          -0.10889
219.80          -0.10908
220.00          -0.10927
220.20          -0.10945
220.40          -0.10962
220.60          -0.10978
220.80          -0.10994
221.00          -0.11009
221.20          -0.11024
221.40          -0.11039
221.60          -0.11056
221.80          -0.11075
222.00          -0.11098
222.20          -0.11131
222.40          -0.11182
222.60          -0.11274
222.80          -0.11473
223.00          -0.12069
223.20          -0.16214
223.40          -0.34629
223.60          -0.11806
223.80          -0.11015
224.00          -0.10834
224.20          -0.10753
224.40          -0.10698
224.60          -0.10649
224.80          -0.10599
225.00          -0.10546
