175.00          -0.065929
175.20          -0.066204
175.40          -0.066481
175.60          -0.066761
175.80          -0.067042
176.00          -0.067327
176.20          -0.067613
176.40          -0.067902
176.60          -0.068194
176.80          -0.068488
177.00          -0.068785
177.20          -0.069084
177.40          -0.069387
177.60          -0.069692
177.80          -0.070000
178.00          -0.070311
178.20          -0.070625
178.40          -0.070943
178.60          -0.071263
178.80          -0.071587
179.00          -0.071914
179.20          -0.072245
179.40          -0.072579
179.60          -0.072917
179.80          -0.073259
180.00          -0.073604
180.20          -0.073954
180.40          -0.074308
180.60          -0.074665
180.80          -0.075027
181.00          -0.075394
181.20          -0.075765
181.40          -0.076141
181.60          -0.076522
181.80          -0.076907
182.00          -0.077298
182.20          -0.077694
182.40          -0.078096
182.60          -0.078503
182.80          -0.078916
183.00          -0.079335
183.20          -0.079761
183.40          -0.080193
183.60          -0.080631
183.80          -0.081076
184.00          -0.081529
184.20          -0.081989
184.40          -0.082456
184.60          -0.082931
184.80          -0.083415
185.00          -0.083907
185.20          -0.084407
185.40          -0.084917
185.60          -0.085437
185.80          -0.085966
186.00          -0.086505
186.20          -0.087055
186.40          -0.087616
186.60          -0.088189
186.80          -0.088773
187.00          -0.089370
187.20          -0.089980
187.40          -0.090604
187.60          -0.091241
187.80          -0.091893
188.00          -0.092561
188.20          -0.093244
188.40          -0.093944
188.60          -0.094662
188.80          -0.095398
189.00          -0.096154
189.20          -0.096929
189.40          -0.097725
189.60          -0.098543
189.80          -0.099385
190.00          -0.10025
190.20          -0.10114
190.40          -0.10206
190.60          -0.10301
190.80          -0.10398
191.00          -0.10499
191.20          -0.10603
191.40          -0.10710
191.60          -0.10822
191.80          -0.10937
192.00          -0.11056
192.20          -0.11179
192.40          -0.11307
192.60          -0.11440
192.80          -0.11578
193.00          -0.11722
193.20          -0.11871
193.40          -0.12027
193.60          -0.12189
193.80          -0.12358
194.00          -0.12535
194.20          -0.12719
194.40          -0.12912
194.60          -0.13115
194.80          -0.13327
195.00          -0.13549
195.20          -0.13783
195.40          -0.14029
195.60          -0.14288
195.80          -0.14561
196.00          -0.14849
196.20          -0.15153
196.40          -0.15475
196.60          -0.15816
196.80          -0.16178
197.00          -0.16562
197.20          -0.16971
197.40          -0.17406
197.60          -0.17871
197.80          -0.18366
198.00          -0.18897
198.20          -0.19465
198.40          -0.20075
198.60          -0.20730
198.80          -0.21435
199.00          -0.22195
199.20          -0.23016
199.40          -0.23903
199.60          -0.24863
199.80          -0.25904
200.00          -0.27034
200.20          -0.28263
200.40          -0.29599
200.60          -0.31055
200.80          -0.32640
201.00          -0.34367
201.20          -0.36247
201.40          -0.38293
201.60          -0.40515
201.80          -0.42921
202.00          -0.45516
202.20          -0.48300
202.40          -0.51261
202.60          -0.54381
202.80          -0.57621
203.00          -0.60927
203.20          -0.64220
203.40          -0.67397
203.60          -0.70335
203.80          -0.72892
204.00          -0.74920
204.20          -0.76283
204.40          -0.76874
204.60          -0.76635
204.80          -0.75564
205.00          -0.73720
205.20          -0.71210
205.40          -0.68178
205.60          -0.64781
205.80          -0.61170
206.00          -0.57480
206.20          -0.53823
206.40          -0.50281
206.60          -0.46911
206.80          -0.43750
207.00          -0.40815
207.20          -0.38113
207.40          -0.35639
207.60          -0.33383
207.80          -0.31334
208.00          -0.29475
208.20          -0.27791
208.40          -0.26265
208.60          -0.24884
208.80          -0.23632
209.00          -0.22497
209.20          -0.21468
209.40          -0.20532
209.60          -0.19682
209.80          -0.18907
210.00          -0.18201
210.20          -0.17556
210.40          -0.16966
210.60          -0.16426
210.80          -0.15931
211.00          -0.15476
211.20          -0.15058
211.40          -0.14673
211.60          -0.14318
211.80          -0.13991
212.00          -0.13688
212.20          -0.13408
212.40          -0.13149
212.60          -0.12908
212.80          -0.12685
213.00          -0.12478
213.20          -0.12285
213.40          -0.12106
213.60          -0.11939
213.80          -0.11783
214.00          -0.11638
214.20          -0.11502
214.40          -0.11375
214.60          -0.11256
214.80          -0.11145
215.00          -0.11041
215.20          -0.10944
215.40          -0.10853
215.60          -0.10767
215.80          -0.10687
216.00          -0.10611
216.20          -0.10541
216.40          -0.10474
216.60          -0.10412
216.80          -0.10353
217.00          -0.10298
217.20          -0.10246
217.40          -0.10197
217.60          -0.10151
217.80          -0.10108
218.00          -0.10067
218.20          -0.10029
218.40          -0.099930
218.60          -0.099591
218.80          -0.099272
219.00          -0.098972
219.20          -0.098690
219.40          -0.098424
219.60          -0.098174
219.80          -0.097940
220.00          -0.097719
220.20          -0.097511
220.40          -0.097317
220.60          -0.097134
220.80          -0.096962
221.00          -0.096801
221.20          -0.096650
221.40          -0.096509
221.60          -0.096377
221.80          -0.096253
222.00          -0.096138
222.20          -0.096030
222.40          -0.095929
222.60          -0.095836
222.80          -0.095749
223.00          -0.095668
223.20          -0.095594
223.40          -0.095524
223.60          -0.095461
223.80          -0.095402
224.00          -0.095348
224.20          -0.095299
224.40          -0.095254
224.60          -0.095213
224.80          -0.095176
225.00          -0.095143
