175.00          -0.033715
175.20          -0.033799
175.40          -0.033883
175.60          -0.033967
175.80          -0.034052
176.00          -0.034137
176.20          -0.034222
176.40          -0.034308
176.60          -0.034394
176.80          -0.034480
177.00          -0.034566
177.20          -0.034653
177.40          -0.034741
177.60          -0.034828
177.80          -0.034916
178.00          -0.035005
178.20          -0.035094
178.40          -0.035183
178.60          -0.035272
178.80          -0.035362
179.00          -0.035452
179.20          -0.035543
179.40          -0.035634
179.60          -0.035725
179.80          -0.035817
180.00          -0.035909
180.20          -0.036002
180.40          -0.036095
180.60          -0.036188
180.80          -0.036282
181.00          -0.036376
181.20          -0.036470
181.40          -0.036565
181.60          -0.036661
181.80          -0.036756
182.00          -0.036853
182.20          -0.036949
182.40          -0.037046
182.60          -0.037144
182.80          -0.037242
183.00          -0.037340
183.20          -0.037439
183.40          -0.037539
183.60          -0.037638
183.80          -0.037739
184.00          -0.037839
184.20          -0.037940
184.40          -0.038042
184.60          -0.038144
184.80          -0.038247
185.00          -0.038350
185.20          -0.038454
185.40          -0.038558
185.60          -0.038662
185.80          -0.038767
186.00          -0.038873
186.20          -0.038979
186.40          -0.039086
186.60          -0.039193
186.80          -0.039301
187.00          -0.039409
187.20          -0.039518
187.40          -0.039628
187.60          -0.039738
187.80          -0.039848
188.00          -0.039960
188.20          -0.040071
188.40          -0.040184
188.60          -0.040297
188.80          -0.040410
189.00          -0.040524
189.20          -0.040639
189.40          -0.040755
189.60          -0.040871
189.80          -0.040987
190.00          -0.041105
190.20          -0.041223
190.40          -0.041342
190.60          -0.041461
190.80          -0.041581
191.00          -0.041702
191.20          -0.041823
191.40          -0.041946
191.60          -0.042069
191.80          -0.042192
192.00          -0.042317
192.20          -0.042442
192.40          -0.042568
192.60          -0.042695
192.80          -0.042822
193.00          -0.042950
193.20          -0.043080
193.40          -0.043210
193.60          -0.043340
193.80          -0.043472
194.00          -0.043605
194.20          -0.043738
194.40          -0.043872
194.60          -0.044007
194.80          -0.044144
195.00          -0.044281
195.20          -0.044419
195.40          -0.044558
195.60          -0.044698
195.80          -0.044839
196.00          -0.044980
196.20          -0.045123
196.40          -0.045268
196.60          -0.045413
196.80          -0.045559
197.00          -0.045706
197.20          -0.045854
197.40          -0.046004
197.60          -0.046155
197.80          -0.046307
198.00          -0.046460
198.20          -0.046614
198.40          -0.046770
198.60          -0.046926
198.80          -0.047084
199.00          -0.047244
199.20          -0.047405
199.40          -0.047567
199.60          -0.047730
199.80          -0.047895
200.00          -0.048062
200.20          -0.048230
200.40          -0.048399
200.60          -0.048570
200.80          -0.048742
201.00          -0.048916
201.20          -0.049092
201.40          -0.049270
201.60          -0.049449
201.80          -0.049630
202.00          -0.049812
202.20          -0.049997
202.40          -0.050183
202.60          -0.050371
202.80          -0.050561
203.00          -0.050754
203.20          -0.050948
203.40          -0.051144
203.60          -0.051342
203.80          -0.051543
204.00          -0.051746
204.20          -0.051951
204.40          -0.052158
204.60          -0.052368
204.80          -0.052580
205.00          -0.052795
205.20          -0.053013
205.40          -0.053233
205.60          -0.053455
205.80          -0.053681
206.00          -0.053909
206.20          -0.054140
206.40          -0.054375
206.60          -0.054612
206.80          -0.054853
207.00          -0.055097
207.20          -0.055344
207.40          -0.055595
207.60          -0.055849
207.80          -0.056107
208.00          -0.056368
208.20          -0.056634
208.40          -0.056903
208.60          -0.057177
208.80          -0.057454
209.00          -0.057737
209.20          -0.058023
209.40          -0.058314
209.60          -0.058610
209.80          -0.058911
210.00          -0.059217
210.20          -0.059529
210.40          -0.059845
210.60          -0.060167
210.80          -0.060496
211.00          -0.060830
211.20          -0.061170
211.40          -0.061516
211.60          -0.061870
211.80          -0.062230
212.00          -0.062597
212.20          -0.062971
212.40          -0.063354
212.60          -0.063744
212.80          -0.064142
213.00          -0.064549
213.20          -0.064965
213.40          -0.065389
213.60          -0.065824
213.80          -0.066268
214.00          -0.066723
214.20          -0.067189
214.40          -0.067665
214.60          -0.068154
214.80          -0.068655
215.00          -0.069168
215.20          -0.069695
215.40          -0.070235
215.60          -0.070790
215.80          -0.071360
216.00          -0.071946
216.20          -0.072548
216.40          -0.073168
216.60          -0.073806
216.80          -0.074463
217.00          -0.075140
217.20          -0.075837
217.40          -0.076557
217.60          -0.077300
217.80          -0.078068
218.00          -0.078861
218.20          -0.079681
218.40          -0.080529
218.60          -0.081408
218.80          -0.082318
219.00          -0.083262
219.20          -0.084242
219.40          -0.085259
219.60          -0.086316
219.80          -0.087415
220.00          -0.088559
220.20          -0.089750
220.40          -0.090992
220.60          -0.092289
220.80          -0.093643
221.00          -0.095058
221.20          -0.096539
221.40          -0.098090
221.60          -0.099716
221.80          -0.10142
222.00          -0.10322
222.20          -0.10510
222.40          -0.10709
222.60          -0.10919
222.80          -0.11140
223.00          -0.11373
223.20          -0.11621
223.40          -0.11883
223.60          -0.12161
223.80          -0.12457
224.00          -0.12772
224.20          -0.13108
224.40          -0.13467
224.60          -0.13850
224.80          -0.14261
225.00          -0.14703
