175.00          -0.032741
175.20          -0.032817
175.40          -0.032892
175.60          -0.032968
175.80          -0.033044
176.00          -0.033121
176.20          -0.033197
176.40          -0.033274
176.60          -0.033351
176.80          -0.033429
177.00          -0.033506
177.20          -0.033584
177.40          -0.033662
177.60          -0.033741
177.80          -0.033819
178.00          -0.033898
178.20          -0.033977
178.40          -0.034056
178.60          -0.034136
178.80          -0.034216
179.00          -0.034296
179.20          -0.034376
179.40          -0.034457
179.60          -0.034538
179.80          -0.034619
180.00          -0.034700
180.20          -0.034782
180.40          -0.034864
180.60          -0.034946
180.80          -0.035028
181.00          -0.035111
181.20          -0.035194
181.40          -0.035277
181.60          -0.035361
181.80          -0.035445
182.00          -0.035529
182.20          -0.035613
182.40          -0.035698
182.60          -0.035783
182.80          -0.035868
183.00          -0.035953
183.20          -0.036039
183.40          -0.036125
183.60          -0.036211
183.80          -0.036298
184.00          -0.036385
184.20          -0.036472
184.40          -0.036560
184.60          -0.036647
184.80          -0.036735
185.00          -0.036824
185.20          -0.036912
185.40          -0.037001
185.60          -0.037091
185.80          -0.037180
186.00          -0.037270
186.20          -0.037360
186.40          -0.037451
186.60          -0.037542
186.80          -0.037633
187.00          -0.037724
187.20          -0.037816
187.40          -0.037908
187.60          -0.038001
187.80          -0.038093
188.00          -0.038186
188.20          -0.038280
188.40          -0.038373
188.60          -0.038468
188.80          -0.038562
189.00          -0.038657
189.20          -0.038752
189.40          -0.038847
189.60          -0.038943
189.80          -0.039039
190.00          -0.039135
190.20          -0.039232
190.40          -0.039329
190.60          -0.039427
190.80          -0.039525
191.00          -0.039623
191.20          -0.039721
191.40          -0.039820
191.60          -0.039920
191.80          -0.040019
192.00          -0.040119
192.20          -0.040220
192.40          -0.040320
192.60          -0.040422
192.80          -0.040523
193.00          -0.040625
193.20          -0.040727
193.40          -0.040830
193.60          -0.040933
193.80          -0.041037
194.00          -0.041141
194.20          -0.041245
194.40          -0.041350
194.60          -0.041455
194.80          -0.041560
195.00          -0.041666
195.20          -0.041772
195.40          -0.041879
195.60          -0.041986
195.80          -0.042094
196.00          -0.042202
196.20          -0.042311
196.40          -0.042420
196.60          -0.042529
196.80          -0.042639
197.00          -0.042749
197.20          -0.042860
197.40          -0.042971
197.60          -0.043083
197.80          -0.043195
198.00          -0.043307
198.20          -0.043420
198.40          -0.043534
198.60          -0.043648
198.80          -0.043762
199.00          -0.043877
199.20          -0.043993
199.40          -0.044109
199.60          -0.044225
199.80          -0.044342
200.00          -0.044460
200.20          -0.044578
200.40          -0.044697
200.60          -0.044816
200.80          -0.044935
201.00          -0.045055
201.20          -0.045176
201.40          -0.045297
201.60          -0.045419
201.80          -0.045542
202.00          -0.045665
202.20          -0.045788
202.40          -0.045912
202.60          -0.046037
202.80          -0.046162
203.00          -0.046288
203.20          -0.046414
203.40          -0.046541
203.60          -0.046669
203.80          -0.046797
204.00          -0.046926
204.20          -0.047056
204.40          -0.047186
204.60          -0.047317
204.80          -0.047448
205.00          -0.047581
205.20          -0.047713
205.40          -0.047847
205.60          -0.047981
205.80          -0.048116
206.00          -0.048252
206.20          -0.048388
206.40          -0.048525
206.60          -0.048663
206.80          -0.048801
207.00          -0.048941
207.20          -0.049081
207.40          -0.049221
207.60          -0.049363
207.80          -0.049505
208.00          -0.049648
208.20          -0.049792
208.40          -0.049937
208.60          -0.050083
208.80          -0.050229
209.00          -0.050376
209.20          -0.050524
209.40          -0.050673
209.60          -0.050823
209.80          -0.050974
210.00          -0.051126
210.20          -0.051278
210.40          -0.051432
210.60          -0.051586
210.80          -0.051742
211.00          -0.051898
211.20          -0.052055
211.40          -0.052214
211.60          -0.052373
211.80          -0.052534
212.00          -0.052695
212.20          -0.052858
212.40          -0.053021
212.60          -0.053186
212.80          -0.053352
213.00          -0.053519
213.20          -0.053687
213.40          -0.053856
213.60          -0.054026
213.80          -0.054198
214.00          -0.054371
214.20          -0.054545
214.40          -0.054720
214.60          -0.054897
214.80          -0.055075
215.00          -0.055254
215.20          -0.055435
215.40          -0.055616
215.60          -0.055800
215.80          -0.055985
216.00          -0.056171
216.20          -0.056358
216.40          -0.056548
216.60          -0.056738
216.80          -0.056930
217.00          -0.057124
217.20          -0.057320
217.40          -0.057517
217.60          -0.057715
217.80          -0.057916
218.00          -0.058118
218.20          -0.058322
218.40          -0.058527
218.60          -0.058735
218.80          -0.058944
219.00          -0.059156
219.20          -0.059369
219.40          -0.059584
219.60          -0.059801
219.80          -0.060020
220.00          -0.060242
220.20          -0.060465
220.40          -0.060691
220.60          -0.060919
220.80          -0.061149
221.00          -0.061382
221.20          -0.061616
221.40          -0.061854
221.60          -0.062094
221.80          -0.062336
222.00          -0.062581
222.20          -0.062829
222.40          -0.063079
222.60          -0.063332
222.80          -0.063588
223.00          -0.063847
223.20          -0.064109
223.40          -0.064374
223.60          -0.064642
223.80          -0.064914
224.00          -0.065188
224.20          -0.065466
224.40          -0.065748
224.60          -0.066033
224.80          -0.066321
225.00          -0.066613
