175.00          -0.051275
175.20          -0.052014
175.40          -0.052797
175.60          -0.053629
175.80          -0.054515
176.00          -0.055463
176.20          -0.056481
176.40          -0.057578
176.60          -0.058766
176.80          -0.060059
177.00          -0.061474
177.20          -0.063035
177.40          -0.064770
177.60          -0.066715
177.80          -0.068922
178.00          -0.071458
178.20          -0.074420
178.40          -0.077946
178.60          -0.082247
178.80          -0.087659
179.00          -0.094744
179.20          -0.10452
179.40          -0.11905
179.60          -0.14302
179.80          -0.18971
180.00          -0.31198
180.20          -0.95170
180.40          -6.1467
180.60          -0.27377
180.80          -0.093051
181.00          -0.064788
181.20          -0.059660
181.40          -0.060510
181.60          -0.063408
181.80          -0.067194
182.00          -0.071492
182.20          -0.076196
182.40          -0.081309
182.60          -0.086887
182.80          -0.093020
183.00          -0.099828
183.20          -0.10746
183.40          -0.11611
183.60          -0.12600
183.80          -0.13746
184.00          -0.15085
184.20          -0.16669
184.40          -0.18566
184.60          -0.20865
184.80          -0.23689
185.00          -0.27205
185.20          -0.31643
185.40          -0.37319
185.60          -0.44656
185.80          -0.54185
186.00          -0.66462
186.20          -0.81737
186.40          -0.99111
186.60          -1.1516
186.80          -1.2370
187.00          -1.1968
187.20          -1.0472
187.40          -0.85445
187.60          -0.67372
187.80          -0.52696
188.00          -0.41501
188.20          -0.33143
188.40          -0.26913
188.60          -0.22231
188.80          -0.18670
189.00          -0.15925
189.20          -0.13780
189.40          -0.12083
189.60          -0.10724
189.80          -0.096240
190.00          -0.087243
190.20          -0.079821
190.40          -0.073648
190.60          -0.068476
190.80          -0.064114
191.00          -0.060413
191.20          -0.057257
191.40          -0.054552
191.60          -0.052225
191.80          -0.050214
192.00          -0.048472
192.20          -0.046959
192.40          -0.045640
192.60          -0.044490
192.80          -0.043484
193.00          -0.042604
193.20          -0.041834
193.40          -0.041159
193.60          -0.040568
193.80          -0.040051
194.00          -0.039600
194.20          -0.039207
194.40          -0.038866
194.60          -0.038570
194.80          -0.038316
195.00          -0.038099
195.20          -0.037915
195.40          -0.037761
195.60          -0.037634
195.80          -0.037532
196.00          -0.037452
196.20          -0.037393
196.40          -0.037353
196.60          -0.037329
196.80          -0.037322
197.00          -0.037329
197.20          -0.037350
197.40          -0.037383
197.60          -0.037428
197.80          -0.037483
198.00          -0.037549
198.20          -0.037625
198.40          -0.037710
198.60          -0.037803
198.80          -0.037905
199.00          -0.038014
199.20          -0.038132
199.40          -0.038256
199.60          -0.038388
199.80          -0.038527
200.00          -0.038673
200.20          -0.038825
200.40          -0.038985
200.60          -0.039151
200.80          -0.039325
201.00          -0.039505
201.20          -0.039693
201.40          -0.039889
201.60          -0.040092
201.80          -0.040304
202.00          -0.040525
202.20          -0.040754
202.40          -0.040994
202.60          -0.041245
202.80          -0.041508
203.00          -0.041784
203.20          -0.042075
203.40          -0.042383
203.60          -0.042711
203.80          -0.043065
204.00          -0.043450
204.20          -0.043881
204.40          -0.044384
204.60          -0.045029
204.80          -0.046053
205.00          -0.048838
205.20          -0.092675
205.40          -0.062645
205.60          -0.049910
205.80          -0.049093
206.00          -0.049457
206.20          -0.050211
206.40          -0.051217
206.60          -0.052468
206.80          -0.054006
207.00          -0.055918
207.20          -0.058342
207.40          -0.061505
207.60          -0.065786
207.80          -0.071862
208.00          -0.081040
208.20          -0.096093
208.40          -0.12372
208.60          -0.18238
208.80          -0.31924
209.00          -0.43714
209.20          -0.22367
209.40          -0.10505
209.60          -0.066093
209.80          -0.051429
210.00          -0.045102
210.20          -0.042142
210.40          -0.040720
210.60          -0.040067
210.80          -0.039825
211.00          -0.039812
211.20          -0.039933
211.40          -0.040133
211.60          -0.040379
211.80          -0.040652
212.00          -0.040942
212.20          -0.041240
212.40          -0.041542
212.60          -0.041846
212.80          -0.042149
213.00          -0.042450
213.20          -0.042749
213.40          -0.043046
213.60          -0.043340
213.80          -0.043631
214.00          -0.043920
214.20          -0.044207
214.40          -0.044492
214.60          -0.044774
214.80          -0.045056
215.00          -0.045335
215.20          -0.045614
215.40          -0.045892
215.60          -0.046169
215.80          -0.046445
216.00          -0.046721
216.20          -0.046998
216.40          -0.047274
216.60          -0.047550
216.80          -0.047827
217.00          -0.048105
217.20          -0.048384
217.40          -0.048663
217.60          -0.048944
217.80          -0.049226
218.00          -0.049509
218.20          -0.049795
218.40          -0.050082
218.60          -0.050371
218.80          -0.050662
219.00          -0.050956
219.20          -0.051252
219.40          -0.051550
219.60          -0.051852
219.80          -0.052156
220.00          -0.052464
220.20          -0.052775
220.40          -0.053089
220.60          -0.053407
220.80          -0.053729
221.00          -0.054055
221.20          -0.054385
221.40          -0.054720
221.60          -0.055060
221.80          -0.055404
222.00          -0.055754
222.20          -0.056109
222.40          -0.056470
222.60          -0.056836
222.80          -0.057209
223.00          -0.057589
223.20          -0.057975
223.40          -0.058369
223.60          -0.058770
223.80          -0.059178
224.00          -0.059595
224.20          -0.060021
224.40          -0.060456
224.60          -0.060901
224.80          -0.061355
225.00          -0.061820
