175.00          -0.082530
175.20          -0.085244
175.40          -0.088213
175.60          -0.091476
175.80          -0.095078
176.00          -0.099073
176.20          -0.10353
176.40          -0.10853
176.60          -0.11418
176.80          -0.12061
177.00          -0.12799
177.20          -0.13655
177.40          -0.14658
177.60          -0.15850
177.80          -0.17289
178.00          -0.19057
178.20          -0.21278
178.40          -0.24146
178.60          -0.27978
178.80          -0.33326
179.00          -0.41228
179.20          -0.53841
179.40          -0.76232
179.60          -1.2215
179.80          -2.3006
180.00          -3.6352
180.20          -1.7625
180.40          -0.61261
180.60          -0.26735
180.80          -0.15670
181.00          -0.12456
181.20          -0.12590
181.40          -0.14625
181.60          -0.18154
181.80          -0.23218
182.00          -0.30119
182.20          -0.39291
182.40          -0.51079
182.60          -0.65152
182.80          -0.79471
183.00          -0.89697
183.20          -0.91332
183.40          -0.83967
183.60          -0.71603
183.80          -0.58618
184.00          -0.47321
184.20          -0.38282
184.40          -0.31286
184.60          -0.25920
184.80          -0.21790
185.00          -0.18583
185.20          -0.16066
185.40          -0.14065
185.60          -0.12458
185.80          -0.11153
186.00          -0.10082
186.20          -0.091946
186.40          -0.084540
186.60          -0.078309
186.80          -0.073031
187.00          -0.068531
187.20          -0.064673
187.40          -0.061349
187.60          -0.058472
187.80          -0.055972
188.00          -0.053791
188.20          -0.051882
188.40          -0.050207
188.60          -0.048732
188.80          -0.047432
189.00          -0.046284
189.20          -0.045268
189.40          -0.044367
189.60          -0.043569
189.80          -0.042861
190.00          -0.042233
190.20          -0.041676
190.40          -0.041182
190.60          -0.040745
190.80          -0.040358
191.00          -0.040017
191.20          -0.039718
191.40          -0.039455
191.60          -0.039226
191.80          -0.039027
192.00          -0.038856
192.20          -0.038710
192.40          -0.038587
192.60          -0.038486
192.80          -0.038404
193.00          -0.038339
193.20          -0.038291
193.40          -0.038258
193.60          -0.038240
193.80          -0.038234
194.00          -0.038240
194.20          -0.038257
194.40          -0.038285
194.60          -0.038322
194.80          -0.038369
195.00          -0.038424
195.20          -0.038487
195.40          -0.038558
195.60          -0.038636
195.80          -0.038721
196.00          -0.038812
196.20          -0.038910
196.40          -0.039013
196.60          -0.039122
196.80          -0.039237
197.00          -0.039356
197.20          -0.039481
197.40          -0.039611
197.60          -0.039746
197.80          -0.039885
198.00          -0.040029
198.20          -0.040178
198.40          -0.040331
198.60          -0.040489
198.80          -0.040651
199.00          -0.040818
199.20          -0.040990
199.40          -0.041166
199.60          -0.041347
199.80          -0.041533
200.00          -0.041725
200.20          -0.041921
200.40          -0.042123
200.60          -0.042331
200.80          -0.042545
201.00          -0.042765
201.20          -0.042992
201.40          -0.043226
201.60          -0.043468
201.80          -0.043718
202.00          -0.043977
202.20          -0.044247
202.40          -0.044528
202.60          -0.044821
202.80          -0.045128
203.00          -0.045452
203.20          -0.045794
203.40          -0.046159
203.60          -0.046552
203.80          -0.046981
204.00          -0.047458
204.20          -0.048010
204.40          -0.048689
204.60          -0.049629
204.80          -0.051298
205.00          -0.056432
205.20          -0.15144
205.40          -0.074833
205.60          -0.055485
205.80          -0.053961
206.00          -0.054238
206.20          -0.055084
206.40          -0.056283
206.60          -0.057817
206.80          -0.059755
207.00          -0.062230
207.20          -0.065478
207.40          -0.069900
207.60          -0.076227
207.80          -0.085893
208.00          -0.10201
208.20          -0.13221
208.40          -0.19639
208.60          -0.31598
208.80          -0.27882
209.00          -0.12783
209.20          -0.071271
209.40          -0.052508
209.60          -0.045484
209.80          -0.042663
210.00          -0.041565
210.20          -0.041245
210.40          -0.041301
210.60          -0.041544
210.80          -0.041882
211.00          -0.042266
211.20          -0.042669
211.40          -0.043079
211.60          -0.043487
211.80          -0.043889
212.00          -0.044283
212.20          -0.044669
212.40          -0.045046
212.60          -0.045415
212.80          -0.045776
213.00          -0.046130
213.20          -0.046476
213.40          -0.046817
213.60          -0.047152
213.80          -0.047483
214.00          -0.047809
214.20          -0.048131
214.40          -0.048450
214.60          -0.048765
214.80          -0.049079
215.00          -0.049390
215.20          -0.049699
215.40          -0.050007
215.60          -0.050314
215.80          -0.050620
216.00          -0.050926
216.20          -0.051231
216.40          -0.051537
216.60          -0.051842
216.80          -0.052148
217.00          -0.052455
217.20          -0.052762
217.40          -0.053071
217.60          -0.053381
217.80          -0.053692
218.00          -0.054005
218.20          -0.054320
218.40          -0.054637
218.60          -0.054956
218.80          -0.055278
219.00          -0.055602
219.20          -0.055929
219.40          -0.056259
219.60          -0.056592
219.80          -0.056928
220.00          -0.057268
220.20          -0.057612
220.40          -0.057960
220.60          -0.058311
220.80          -0.058667
221.00          -0.059028
221.20          -0.059394
221.40          -0.059765
221.60          -0.060140
221.80          -0.060522
222.00          -0.060909
222.20          -0.061303
222.40          -0.061703
222.60          -0.062109
222.80          -0.062523
223.00          -0.062944
223.20          -0.063373
223.40          -0.063810
223.60          -0.064255
223.80          -0.064710
224.00          -0.065173
224.20          -0.065647
224.40          -0.066131
224.60          -0.066626
224.80          -0.067132
225.00          -0.067650
