175.00          -0.084422
175.20          -0.082338
175.40          -0.080380
175.60          -0.078540
175.80          -0.076810
176.00          -0.075184
176.20          -0.073655
176.40          -0.072216
176.60          -0.070862
176.80          -0.069588
177.00          -0.068388
177.20          -0.067258
177.40          -0.066194
177.60          -0.065191
177.80          -0.064246
178.00          -0.063356
178.20          -0.062517
178.40          -0.061726
178.60          -0.060981
178.80          -0.060278
179.00          -0.059616
179.20          -0.058991
179.40          -0.058403
179.60          -0.057849
179.80          -0.057326
180.00          -0.056834
180.20          -0.056371
180.40          -0.055935
180.60          -0.055524
180.80          -0.055138
181.00          -0.054775
181.20          -0.054434
181.40          -0.054115
181.60          -0.053815
181.80          -0.053533
182.00          -0.053270
182.20          -0.053025
182.40          -0.052795
182.60          -0.052582
182.80          -0.052383
183.00          -0.052199
183.20          -0.052028
183.40          -0.051871
183.60          -0.051727
183.80          -0.051595
184.00          -0.051475
184.20          -0.051366
184.40          -0.051269
184.60          -0.051183
184.80          -0.051107
185.00          -0.051042
185.20          -0.050987
185.40          -0.050943
185.60          -0.050909
185.80          -0.050885
186.00          -0.050872
186.20          -0.050870
186.40          -0.050879
186.60          -0.050900
186.80          -0.050933
187.00          -0.050980
187.20          -0.051041
187.40          -0.051118
187.60          -0.051214
187.80          -0.051332
188.00          -0.051474
188.20          -0.051647
188.40          -0.051858
188.60          -0.052116
188.80          -0.052438
189.00          -0.052846
189.20          -0.053376
189.40          -0.054087
189.60          -0.055088
189.80          -0.056588
190.00          -0.059048
190.20          -0.063695
190.40          -0.074914
190.60          -0.12128
190.80          -2.9728
191.00          -0.10680
191.20          -0.055945
191.40          -0.049731
191.60          -0.048331
191.80          -0.048012
192.00          -0.048018
192.20          -0.048135
192.40          -0.048288
192.60          -0.048452
192.80          -0.048613
193.00          -0.048770
193.20          -0.048921
193.40          -0.049064
193.60          -0.049202
193.80          -0.049334
194.00          -0.049462
194.20          -0.049585
194.40          -0.049705
194.60          -0.049821
194.80          -0.049935
195.00          -0.050046
195.20          -0.050156
195.40          -0.050263
195.60          -0.050369
195.80          -0.050474
196.00          -0.050578
196.20          -0.050680
196.40          -0.050782
196.60          -0.050883
196.80          -0.050983
197.00          -0.051082
197.20          -0.051181
197.40          -0.051280
197.60          -0.051378
197.80          -0.051476
198.00          -0.051573
198.20          -0.051671
198.40          -0.051768
198.60          -0.051864
198.80          -0.051961
199.00          -0.052057
199.20          -0.052153
199.40          -0.052249
199.60          -0.052345
199.80          -0.052441
200.00          -0.052537
200.20          -0.052632
200.40          -0.052728
200.60          -0.052823
200.80          -0.052918
201.00          -0.053013
201.20          -0.053108
201.40          -0.053203
201.60          -0.053298
201.80          -0.053392
202.00          -0.053487
202.20          -0.053581
202.40          -0.053676
202.60          -0.053770
202.80          -0.053864
203.00          -0.053958
203.20          -0.054052
203.40          -0.054146
203.60          -0.054240
203.80          -0.054333
204.00          -0.054427
204.20          -0.054520
204.40          -0.054614
204.60          -0.054707
204.80          -0.054800
205.00          -0.054894
205.20          -0.054987
205.40          -0.055080
205.60          -0.055173
205.80          -0.055265
206.00          -0.055358
206.20          -0.055451
206.40          -0.055544
206.60          -0.055637
206.80          -0.055730
207.00          -0.055822
207.20          -0.055915
207.40          -0.056008
207.60          -0.056102
207.80          -0.056195
208.00          -0.056288
208.20          -0.056382
208.40          -0.056476
208.60          -0.056571
208.80          -0.056666
209.00          -0.056762
209.20          -0.056858
209.40          -0.056955
209.60          -0.057053
209.80          -0.057153
210.00          -0.057254
210.20          -0.057356
210.40          -0.057461
210.60          -0.057568
210.80          -0.057679
211.00          -0.057794
211.20          -0.057913
211.40          -0.058039
211.60          -0.058174
211.80          -0.058319
212.00          -0.058479
212.20          -0.058660
212.40          -0.058870
212.60          -0.059124
212.80          -0.059448
213.00          -0.059890
213.20          -0.060549
213.40          -0.061669
213.60          -0.063985
213.80          -0.070778
214.00          -0.11889
214.20          -0.33771
214.40          -0.071927
214.60          -0.062169
214.80          -0.060127
215.00          -0.059480
215.20          -0.059253
215.40          -0.059189
215.60          -0.059199
215.80          -0.059247
216.00          -0.059315
216.20          -0.059396
216.40          -0.059484
216.60          -0.059576
216.80          -0.059670
217.00          -0.059765
217.20          -0.059856
217.40          -0.059941
217.60          -0.060013
217.80          -0.060059
218.00          -0.060059
218.20          -0.059971
218.40          -0.059723
218.60          -0.059177
218.80          -0.058111
219.00          -0.056312
219.20          -0.054037
219.40          -0.052434
219.60          -0.052327
219.80          -0.053190
220.00          -0.054262
220.20          -0.055213
220.40          -0.055980
220.60          -0.056587
220.80          -0.057069
221.00          -0.057458
221.20          -0.057778
221.40          -0.058046
221.60          -0.058274
221.80          -0.058470
222.00          -0.058641
222.20          -0.058792
222.40          -0.058927
222.60          -0.059048
222.80          -0.059158
223.00          -0.059258
223.20          -0.059350
223.40          -0.059435
223.60          -0.059513
223.80          -0.059585
224.00          -0.059652
224.20          -0.059715
224.40          -0.059774
224.60          -0.059828
224.80          -0.059879
225.00          -0.059927
