175.00          -0.027993
175.20          -0.028046
175.40          -0.028098
175.60          -0.028151
175.80          -0.028204
176.00          -0.028257
176.20          -0.028311
176.40          -0.028364
176.60          -0.028417
176.80          -0.028471
177.00          -0.028525
177.20          -0.028579
177.40          -0.028633
177.60          -0.028687
177.80          -0.028741
178.00          -0.028795
178.20          -0.028850
178.40          -0.028904
178.60          -0.028959
178.80          -0.029014
179.00          -0.029069
179.20          -0.029124
179.40          -0.029179
179.60          -0.029234
179.80          -0.029290
180.00          -0.029345
180.20          -0.029401
180.40          -0.029457
180.60          -0.029513
180.80          -0.029569
181.00          -0.029625
181.20          -0.029681
181.40          -0.029738
181.60          -0.029794
181.80          -0.029851
182.00          -0.029908
182.20          -0.029965
182.40          -0.030022
182.60          -0.030079
182.80          -0.030136
183.00          -0.030194
183.20          -0.030251
183.40          -0.030309
183.60          -0.030367
183.80          -0.030425
184.00          -0.030483
184.20          -0.030541
184.40          -0.030600
184.60          -0.030658
184.80          -0.030717
185.00          -0.030776
185.20          -0.030835
185.40          -0.030894
185.60          -0.030953
185.80          -0.031012
186.00          -0.031072
186.20          -0.031131
186.40          -0.031191
186.60          -0.031251
186.80          -0.031311
187.00          -0.031371
187.20          -0.031431
187.40          -0.031492
187.60          -0.031552
187.80          -0.031613
188.00          -0.031674
188.20          -0.031735
188.40          -0.031796
188.60          -0.031857
188.80          -0.031918
189.00          -0.031980
189.20          -0.032041
189.40          -0.032103
189.60          -0.032165
189.80          -0.032227
190.00          -0.032289
190.20          -0.032352
190.40          -0.032414
190.60          -0.032477
190.80          -0.032540
191.00          -0.032602
191.20          -0.032666
191.40          -0.032729
191.60          -0.032792
191.80          -0.032856
192.00          -0.032919
192.20          -0.032983
192.40          -0.033047
192.60          -0.033111
192.80          -0.033175
193.00          -0.033240
193.20          -0.033304
193.40          -0.033369
193.60          -0.033434
193.80          -0.033499
194.00          -0.033564
194.20          -0.033629
194.40          -0.033694
194.60          -0.033760
194.80          -0.033826
195.00          -0.033891
195.20          -0.033957
195.40          -0.034024
195.60          -0.034090
195.80          -0.034156
196.00          -0.034223
196.20          -0.034290
196.40          -0.034357
196.60          -0.034424
196.80          -0.034491
197.00          -0.034558
197.20          -0.034626
197.40          -0.034694
197.60          -0.034762
197.80          -0.034830
198.00          -0.034898
198.20          -0.034966
198.40          -0.035035
198.60          -0.035103
198.80          -0.035172
199.00          -0.035241
199.20          -0.035310
199.40          -0.035380
199.60          -0.035449
199.80          -0.035519
200.00          -0.035588
200.20          -0.035658
200.40          -0.035729
200.60          -0.035799
200.80          -0.035869
201.00          -0.035940
201.20          -0.036011
201.40          -0.036082
201.60          -0.036153
201.80          -0.036224
202.00          -0.036296
202.20          -0.036367
202.40          -0.036439
202.60          -0.036511
202.80          -0.036583
203.00          -0.036655
203.20          -0.036728
203.40          -0.036801
203.60          -0.036873
203.80          -0.036946
204.00          -0.037020
204.20          -0.037093
204.40          -0.037166
204.60          -0.037240
204.80          -0.037314
205.00          -0.037388
205.20          -0.037462
205.40          -0.037537
205.60          -0.037611
205.80          -0.037686
206.00          -0.037761
206.20          -0.037836
206.40          -0.037912
206.60          -0.037987
206.80          -0.038063
207.00          -0.038139
207.20          -0.038215
207.40          -0.038291
207.60          -0.038368
207.80          -0.038444
208.00          -0.038521
208.20          -0.038598
208.40          -0.038675
208.60          -0.038753
208.80          -0.038830
209.00          -0.038908
209.20          -0.038986
209.40          -0.039064
209.60          -0.039143
209.80          -0.039221
210.00          -0.039300
210.20          -0.039379
210.40          -0.039458
210.60          -0.039537
210.80          -0.039617
211.00          -0.039697
211.20          -0.039777
211.40          -0.039857
211.60          -0.039937
211.80          -0.040018
212.00          -0.040099
212.20          -0.040180
212.40          -0.040261
212.60          -0.040342
212.80          -0.040424
213.00          -0.040506
213.20          -0.040588
213.40          -0.040670
213.60          -0.040753
213.80          -0.040836
214.00          -0.040918
214.20          -0.041002
214.40          -0.041085
214.60          -0.041169
214.80          -0.041252
215.00          -0.041337
215.20          -0.041421
215.40          -0.041505
215.60          -0.041590
215.80          -0.041675
216.00          -0.041760
216.20          -0.041846
216.40          -0.041931
216.60          -0.042017
216.80          -0.042103
217.00          -0.042190
217.20          -0.042276
217.40          -0.042363
217.60          -0.042450
217.80          -0.042538
218.00          -0.042625
218.20          -0.042713
218.40          -0.042801
218.60          -0.042890
218.80          -0.042978
219.00          -0.043067
219.20          -0.043156
219.40          -0.043246
219.60          -0.043335
219.80          -0.043425
220.00          -0.043515
220.20          -0.043606
220.40          -0.043696
220.60          -0.043787
220.80          -0.043878
221.00          -0.043970
221.20          -0.044062
221.40          -0.044154
221.60          -0.044246
221.80          -0.044339
222.00          -0.044432
222.20          -0.044525
222.40          -0.044618
222.60          -0.044712
222.80          -0.044806
223.00          -0.044900
223.20          -0.044995
223.40          -0.045090
223.60          -0.045185
223.80          -0.045281
224.00          -0.045377
224.20          -0.045473
224.40          -0.045569
224.60          -0.045666
224.80          -0.045763
225.00          -0.045861
