175.00          -0.039679
175.20          -0.039797
175.40          -0.039915
175.60          -0.040034
175.80          -0.040153
176.00          -0.040273
176.20          -0.040394
176.40          -0.040514
176.60          -0.040636
176.80          -0.040758
177.00          -0.040881
177.20          -0.041004
177.40          -0.041128
177.60          -0.041252
177.80          -0.041377
178.00          -0.041503
178.20          -0.041629
178.40          -0.041756
178.60          -0.041883
178.80          -0.042011
179.00          -0.042140
179.20          -0.042269
179.40          -0.042399
179.60          -0.042530
179.80          -0.042661
180.00          -0.042793
180.20          -0.042925
180.40          -0.043058
180.60          -0.043192
180.80          -0.043327
181.00          -0.043462
181.20          -0.043598
181.40          -0.043734
181.60          -0.043872
181.80          -0.044010
182.00          -0.044148
182.20          -0.044288
182.40          -0.044428
182.60          -0.044568
182.80          -0.044710
183.00          -0.044852
183.20          -0.044995
183.40          -0.045139
183.60          -0.045284
183.80          -0.045429
184.00          -0.045575
184.20          -0.045722
184.40          -0.045870
184.60          -0.046018
184.80          -0.046167
185.00          -0.046317
185.20          -0.046468
185.40          -0.046620
185.60          -0.046772
185.80          -0.046926
186.00          -0.047080
186.20          -0.047235
186.40          -0.047391
186.60          -0.047548
186.80          -0.047706
187.00          -0.047865
187.20          -0.048024
187.40          -0.048185
187.60          -0.048346
187.80          -0.048508
188.00          -0.048672
188.20          -0.048836
188.40          -0.049001
188.60          -0.049167
188.80          -0.049335
189.00          -0.049503
189.20          -0.049672
189.40          -0.049842
189.60          -0.050014
189.80          -0.050186
190.00          -0.050359
190.20          -0.050534
190.40          -0.050709
190.60          -0.050886
190.80          -0.051064
191.00          -0.051242
191.20          -0.051422
191.40          -0.051604
191.60          -0.051786
191.80          -0.051969
192.00          -0.052154
192.20          -0.052340
192.40          -0.052527
192.60          -0.052715
192.80          -0.052905
193.00          -0.053095
193.20          -0.053288
193.40          -0.053481
193.60          -0.053676
193.80          -0.053872
194.00          -0.054069
194.20          -0.054268
194.40          -0.054468
194.60          -0.054669
194.80          -0.054872
195.00          -0.055077
195.20          -0.055283
195.40          -0.055490
195.60          -0.055699
195.80          -0.055909
196.00          -0.056121
196.20          -0.056334
196.40          -0.056549
196.60          -0.056766
196.80          -0.056984
197.00          -0.057204
197.20          -0.057425
197.40          -0.057649
197.60          -0.057874
197.80          -0.058100
198.00          -0.058329
198.20          -0.058559
198.40          -0.058791
198.60          -0.059025
198.80          -0.059261
199.00          -0.059498
199.20          -0.059738
199.40          -0.059980
199.60          -0.060223
199.80          -0.060469
200.00          -0.060717
200.20          -0.060966
200.40          -0.061218
200.60          -0.061472
200.80          -0.061729
201.00          -0.061987
201.20          -0.062248
201.40          -0.062511
201.60          -0.062776
201.80          -0.063044
202.00          -0.063314
202.20          -0.063587
202.40          -0.063862
202.60          -0.064140
202.80          -0.064420
203.00          -0.064703
203.20          -0.064988
203.40          -0.065277
203.60          -0.065568
203.80          -0.065862
204.00          -0.066158
204.20          -0.066458
204.40          -0.066761
204.60          -0.067067
204.80          -0.067375
205.00          -0.067687
205.20          -0.068002
205.40          -0.068321
205.60          -0.068643
205.80          -0.068968
206.00          -0.069296
206.20          -0.069628
206.40          -0.069964
206.60          -0.070303
206.80          -0.070646
207.00          -0.070993
207.20          -0.071344
207.40          -0.071699
207.60          -0.072058
207.80          -0.072420
208.00          -0.072788
208.20          -0.073159
208.40          -0.073535
208.60          -0.073915
208.80          -0.074300
209.00          -0.074689
209.20          -0.075084
209.40          -0.075483
209.60          -0.075887
209.80          -0.076296
210.00          -0.076711
210.20          -0.077130
210.40          -0.077556
210.60          -0.077986
210.80          -0.078423
211.00          -0.078865
211.20          -0.079313
211.40          -0.079768
211.60          -0.080228
211.80          -0.080695
212.00          -0.081168
212.20          -0.081649
212.40          -0.082136
212.60          -0.082630
212.80          -0.083131
213.00          -0.083639
213.20          -0.084155
213.40          -0.084679
213.60          -0.085211
213.80          -0.085751
214.00          -0.086299
214.20          -0.086856
214.40          -0.087421
214.60          -0.087996
214.80          -0.088580
215.00          -0.089173
215.20          -0.089776
215.40          -0.090389
215.60          -0.091012
215.80          -0.091646
216.00          -0.092291
216.20          -0.092947
216.40          -0.093614
216.60          -0.094293
216.80          -0.094985
217.00          -0.095688
217.20          -0.096405
217.40          -0.097135
217.60          -0.097878
217.80          -0.098635
218.00          -0.099407
218.20          -0.10019
218.40          -0.10099
218.60          -0.10181
218.80          -0.10265
219.00          -0.10350
219.20          -0.10436
219.40          -0.10525
219.60          -0.10615
219.80          -0.10708
220.00          -0.10802
220.20          -0.10898
220.40          -0.10996
220.60          -0.11097
220.80          -0.11199
221.00          -0.11304
221.20          -0.11412
221.40          -0.11521
221.60          -0.11634
221.80          -0.11749
222.00          -0.11866
222.20          -0.11987
222.40          -0.12110
222.60          -0.12236
222.80          -0.12366
223.00          -0.12498
223.20          -0.12634
223.40          -0.12774
223.60          -0.12917
223.80          -0.13063
224.00          -0.13214
224.20          -0.13368
224.40          -0.13527
224.60          -0.13690
224.80          -0.13857
225.00          -0.14029
