175.00          -0.11916
175.20          -0.12026
175.40          -0.12137
175.60          -0.12249
175.80          -0.12363
176.00          -0.12479
176.20          -0.12595
176.40          -0.12714
176.60          -0.12834
176.80          -0.12955
177.00          -0.13078
177.20          -0.13202
177.40          -0.13328
177.60          -0.13456
177.80          -0.13585
178.00          -0.13716
178.20          -0.13848
178.40          -0.13982
178.60          -0.14117
178.80          -0.14255
179.00          -0.14393
179.20          -0.14533
179.40          -0.14675
179.60          -0.14819
179.80          -0.14964
180.00          -0.15110
180.20          -0.15258
180.40          -0.15408
180.60          -0.15559
180.80          -0.15712
181.00          -0.15866
181.20          -0.16021
181.40          -0.16178
181.60          -0.16337
181.80          -0.16496
182.00          -0.16657
182.20          -0.16819
182.40          -0.16983
182.60          -0.17147
182.80          -0.17313
183.00          -0.17480
183.20          -0.17647
183.40          -0.17816
183.60          -0.17985
183.80          -0.18155
184.00          -0.18326
184.20          -0.18497
184.40          -0.18668
184.60          -0.18840
184.80          -0.19012
185.00          -0.19184
185.20          -0.19356
185.40          -0.19527
185.60          -0.19699
185.80          -0.19870
186.00          -0.20040
186.20          -0.20209
186.40          -0.20377
186.60          -0.20544
186.80          -0.20709
187.00          -0.20873
187.20          -0.21035
187.40          -0.21195
187.60          -0.21353
187.80          -0.21508
188.00          -0.21660
188.20          -0.21810
188.40          -0.21956
188.60          -0.22098
188.80          -0.22237
189.00          -0.22372
189.20          -0.22502
189.40          -0.22628
189.60          -0.22750
189.80          -0.22866
190.00          -0.22976
190.20          -0.23081
190.40          -0.23181
190.60          -0.23274
190.80          -0.23360
191.00          -0.23441
191.20          -0.23514
191.40          -0.23580
191.60          -0.23639
191.80          -0.23690
192.00          -0.23733
192.20          -0.23769
192.40          -0.23796
192.60          -0.23815
192.80          -0.23826
193.00          -0.23828
193.20          -0.23822
193.40          -0.23807
193.60          -0.23783
193.80          -0.23751
194.00          -0.23709
194.20          -0.23659
194.40          -0.23600
194.60          -0.23533
194.80          -0.23456
195.00          -0.23372
195.20          -0.23278
195.40          -0.23177
195.60          -0.23067
195.80          -0.22949
196.00          -0.22824
196.20          -0.22691
196.40          -0.22551
196.60          -0.22403
196.80          -0.22249
197.00          -0.22088
197.20          -0.21922
197.40          -0.21749
197.60          -0.21570
197.80          -0.21386
198.00          -0.21197
198.20          -0.21004
198.40          -0.20806
198.60          -0.20604
198.80          -0.20399
199.00          -0.20190
199.20          -0.19978
199.40          -0.19764
199.60          -0.19547
199.80          -0.19328
200.00          -0.19107
200.20          -0.18885
200.40          -0.18662
200.60          -0.18438
200.80          -0.18214
201.00          -0.17989
201.20          -0.17764
201.40          -0.17540
201.60          -0.17316
201.80          -0.17093
202.00          -0.16870
202.20          -0.16649
202.40          -0.16429
202.60          -0.16211
202.80          -0.15994
203.00          -0.15779
203.20          -0.15566
203.40          -0.15356
203.60          -0.15147
203.80          -0.14941
204.00          -0.14738
204.20          -0.14537
204.40          -0.14338
204.60          -0.14143
204.80          -0.13950
205.00          -0.13760
205.20          -0.13573
205.40          -0.13389
205.60          -0.13208
205.80          -0.13030
206.00          -0.12855
206.20          -0.12684
206.40          -0.12515
206.60          -0.12350
206.80          -0.12187
207.00          -0.12028
207.20          -0.11872
207.40          -0.11719
207.60          -0.11570
207.80          -0.11423
208.00          -0.11279
208.20          -0.11139
208.40          -0.11001
208.60          -0.10867
208.80          -0.10735
209.00          -0.10606
209.20          -0.10481
209.40          -0.10358
209.60          -0.10238
209.80          -0.10121
210.00          -0.10006
210.20          -0.098947
210.40          -0.097857
210.60          -0.096794
210.80          -0.095757
211.00          -0.094745
211.20          -0.093759
211.40          -0.092797
211.60          -0.091860
211.80          -0.090947
212.00          -0.090057
212.20          -0.089191
212.40          -0.088347
212.60          -0.087525
212.80          -0.086726
213.00          -0.085948
213.20          -0.085190
213.40          -0.084454
213.60          -0.083738
213.80          -0.083041
214.00          -0.082365
214.20          -0.081707
214.40          -0.081068
214.60          -0.080447
214.80          -0.079844
215.00          -0.079258
215.20          -0.078690
215.40          -0.078139
215.60          -0.077604
215.80          -0.077086
216.00          -0.076583
216.20          -0.076096
216.40          -0.075624
216.60          -0.075166
216.80          -0.074724
217.00          -0.074295
217.20          -0.073881
217.40          -0.073480
217.60          -0.073092
217.80          -0.072718
218.00          -0.072356
218.20          -0.072007
218.40          -0.071670
218.60          -0.071346
218.80          -0.071032
219.00          -0.070731
219.20          -0.070441
219.40          -0.070161
219.60          -0.069893
219.80          -0.069635
220.00          -0.069387
220.20          -0.069150
220.40          -0.068922
220.60          -0.068704
220.80          -0.068496
221.00          -0.068297
221.20          -0.068107
221.40          -0.067926
221.60          -0.067753
221.80          -0.067590
222.00          -0.067434
222.20          -0.067287
222.40          -0.067148
222.60          -0.067017
222.80          -0.066893
223.00          -0.066777
223.20          -0.066669
223.40          -0.066567
223.60          -0.066473
223.80          -0.066386
224.00          -0.066305
224.20          -0.066232
224.40          -0.066164
224.60          -0.066104
224.80          -0.066049
225.00          -0.066001
