175.00          -0.022767
175.20          -0.022814
175.40          -0.022861
175.60          -0.022908
175.80          -0.022955
176.00          -0.023003
176.20          -0.023051
176.40          -0.023099
176.60          -0.023148
176.80          -0.023196
177.00          -0.023245
177.20          -0.023294
177.40          -0.023344
177.60          -0.023394
177.80          -0.023443
178.00          -0.023494
178.20          -0.023544
178.40          -0.023595
178.60          -0.023646
178.80          -0.023697
179.00          -0.023749
179.20          -0.023800
179.40          -0.023852
179.60          -0.023905
179.80          -0.023957
180.00          -0.024010
180.20          -0.024064
180.40          -0.024117
180.60          -0.024171
180.80          -0.024225
181.00          -0.024280
181.20          -0.024335
181.40          -0.024390
181.60          -0.024445
181.80          -0.024501
182.00          -0.024557
182.20          -0.024614
182.40          -0.024671
182.60          -0.024728
182.80          -0.024785
183.00          -0.024843
183.20          -0.024902
183.40          -0.024960
183.60          -0.025019
183.80          -0.025079
184.00          -0.025139
184.20          -0.025199
184.40          -0.025260
184.60          -0.025321
184.80          -0.025382
185.00          -0.025444
185.20          -0.025506
185.40          -0.025569
185.60          -0.025633
185.80          -0.025696
186.00          -0.025760
186.20          -0.025825
186.40          -0.025890
186.60          -0.025956
186.80          -0.026022
187.00          -0.026089
187.20          -0.026156
187.40          -0.026224
187.60          -0.026292
187.80          -0.026361
188.00          -0.026430
188.20          -0.026500
188.40          -0.026571
188.60          -0.026642
188.80          -0.026714
189.00          -0.026787
189.20          -0.026860
189.40          -0.026934
189.60          -0.027008
189.80          -0.027083
190.00          -0.027159
190.20          -0.027236
190.40          -0.027313
190.60          -0.027391
190.80          -0.027470
191.00          -0.027550
191.20          -0.027630
191.40          -0.027712
191.60          -0.027794
191.80          -0.027877
192.00          -0.027961
192.20          -0.028046
192.40          -0.028132
192.60          -0.028219
192.80          -0.028307
193.00          -0.028396
193.20          -0.028486
193.40          -0.028578
193.60          -0.028670
193.80          -0.028764
194.00          -0.028859
194.20          -0.028955
194.40          -0.029052
194.60          -0.029151
194.80          -0.029251
195.00          -0.029353
195.20          -0.029457
195.40          -0.029562
195.60          -0.029668
195.80          -0.029776
196.00          -0.029887
196.20          -0.029998
196.40          -0.030112
196.60          -0.030228
196.80          -0.030347
197.00          -0.030467
197.20          -0.030590
197.40          -0.030715
197.60          -0.030843
197.80          -0.030974
198.00          -0.031107
198.20          -0.031244
198.40          -0.031384
198.60          -0.031528
198.80          -0.031676
199.00          -0.031827
199.20          -0.031983
199.40          -0.032144
199.60          -0.032310
199.80          -0.032481
200.00          -0.032659
200.20          -0.032843
200.40          -0.033035
200.60          -0.033236
200.80          -0.033446
201.00          -0.033666
201.20          -0.033898
201.40          -0.034145
201.60          -0.034408
201.80          -0.034690
202.00          -0.034995
202.20          -0.035329
202.40          -0.035697
202.60          -0.036108
202.80          -0.036577
203.00          -0.037121
203.20          -0.037769
203.40          -0.038565
203.60          -0.039585
203.80          -0.040965
204.00          -0.042971
204.20          -0.046210
204.40          -0.052344
204.60          -0.067681
204.80          -0.13982
205.00          -4.2418
205.20          -0.078932
205.40          -0.040979
205.60          -0.035684
205.80          -0.034610
206.00          -0.034547
206.20          -0.034799
206.40          -0.035163
206.60          -0.035568
206.80          -0.035989
207.00          -0.036415
207.20          -0.036844
207.40          -0.037276
207.60          -0.037711
207.80          -0.038151
208.00          -0.038599
208.20          -0.039055
208.40          -0.039521
208.60          -0.040000
208.80          -0.040493
209.00          -0.041003
209.20          -0.041532
209.40          -0.042081
209.60          -0.042653
209.80          -0.043251
210.00          -0.043877
210.20          -0.044534
210.40          -0.045225
210.60          -0.045955
210.80          -0.046726
211.00          -0.047543
211.20          -0.048412
211.40          -0.049337
211.60          -0.050326
211.80          -0.051385
212.00          -0.052522
212.20          -0.053746
212.40          -0.055070
212.60          -0.056504
212.80          -0.058064
213.00          -0.059767
213.20          -0.061632
213.40          -0.063684
213.60          -0.065951
213.80          -0.068467
214.00          -0.071273
214.20          -0.074419
214.40          -0.077968
214.60          -0.081995
214.80          -0.086596
215.00          -0.091894
215.20          -0.098044
215.40          -0.10525
215.60          -0.11378
215.80          -0.12398
216.00          -0.13636
216.20          -0.15158
216.40          -0.17061
216.60          -0.19487
216.80          -0.22648
217.00          -0.26872
217.20          -0.32688
217.40          -0.40972
217.60          -0.53240
217.80          -0.72148
218.00          -1.0216
218.20          -1.4881
218.40          -2.0776
218.60          -2.3610
218.80          -1.9472
219.00          -1.3160
219.20          -0.85617
219.40          -0.57452
219.60          -0.40392
219.80          -0.29706
220.00          -0.22728
220.20          -0.17989
220.40          -0.14657
220.60          -0.12243
220.80          -0.10451
221.00          -0.090904
221.20          -0.080389
221.40          -0.072132
221.60          -0.065558
221.80          -0.060263
222.00          -0.055953
222.20          -0.052415
222.40          -0.049489
222.60          -0.047052
222.80          -0.045013
223.00          -0.043300
223.20          -0.041855
223.40          -0.040636
223.60          -0.039605
223.80          -0.038737
224.00          -0.038007
224.20          -0.037399
224.40          -0.036899
224.60          -0.036497
224.80          -0.036186
225.00          -0.035964
