175.00          -0.042398
175.20          -0.042601
175.40          -0.042806
175.60          -0.043015
175.80          -0.043226
176.00          -0.043440
176.20          -0.043657
176.40          -0.043877
176.60          -0.044100
176.80          -0.044326
177.00          -0.044555
177.20          -0.044788
177.40          -0.045025
177.60          -0.045264
177.80          -0.045508
178.00          -0.045755
178.20          -0.046006
178.40          -0.046261
178.60          -0.046520
178.80          -0.046783
179.00          -0.047051
179.20          -0.047323
179.40          -0.047599
179.60          -0.047881
179.80          -0.048167
180.00          -0.048458
180.20          -0.048754
180.40          -0.049055
180.60          -0.049362
180.80          -0.049674
181.00          -0.049993
181.20          -0.050317
181.40          -0.050647
181.60          -0.050984
181.80          -0.051327
182.00          -0.051677
182.20          -0.052035
182.40          -0.052399
182.60          -0.052771
182.80          -0.053151
183.00          -0.053539
183.20          -0.053935
183.40          -0.054340
183.60          -0.054754
183.80          -0.055177
184.00          -0.055609
184.20          -0.056052
184.40          -0.056505
184.60          -0.056969
184.80          -0.057445
185.00          -0.057931
185.20          -0.058430
185.40          -0.058942
185.60          -0.059467
185.80          -0.060005
186.00          -0.060558
186.20          -0.061126
186.40          -0.061709
186.60          -0.062308
186.80          -0.062924
187.00          -0.063558
187.20          -0.064211
187.40          -0.064882
187.60          -0.065574
187.80          -0.066287
188.00          -0.067022
188.20          -0.067781
188.40          -0.068564
188.60          -0.069372
188.80          -0.070207
189.00          -0.071071
189.20          -0.071964
189.40          -0.072889
189.60          -0.073847
189.80          -0.074839
190.00          -0.075868
190.20          -0.076936
190.40          -0.078045
190.60          -0.079197
190.80          -0.080395
191.00          -0.081642
191.20          -0.082940
191.40          -0.084293
191.60          -0.085704
191.80          -0.087177
192.00          -0.088715
192.20          -0.090324
192.40          -0.092008
192.60          -0.093771
192.80          -0.095620
193.00          -0.097560
193.20          -0.099598
193.40          -0.10174
193.60          -0.10400
193.80          -0.10638
194.00          -0.10888
194.20          -0.11153
194.40          -0.11434
194.60          -0.11730
194.80          -0.12045
195.00          -0.12379
195.20          -0.12734
195.40          -0.13112
195.60          -0.13515
195.80          -0.13945
196.00          -0.14405
196.20          -0.14897
196.40          -0.15426
196.60          -0.15994
196.80          -0.16605
197.00          -0.17265
197.20          -0.17977
197.40          -0.18748
197.60          -0.19584
197.80          -0.20492
198.00          -0.21480
198.20          -0.22558
198.40          -0.23736
198.60          -0.25024
198.80          -0.26437
199.00          -0.27988
199.20          -0.29693
199.40          -0.31569
199.60          -0.33635
199.80          -0.35909
200.00          -0.38410
200.20          -0.41157
200.40          -0.44164
200.60          -0.47439
200.80          -0.50982
201.00          -0.54773
201.20          -0.58774
201.40          -0.62913
201.60          -0.67078
201.80          -0.71116
202.00          -0.74825
202.20          -0.77972
202.40          -0.80309
202.60          -0.81617
202.80          -0.81740
203.00          -0.80626
203.20          -0.78341
203.40          -0.75056
203.60          -0.71018
203.80          -0.66502
204.00          -0.61772
204.20          -0.57054
204.40          -0.52524
204.60          -0.48310
204.80          -0.44502
205.00          -0.41165
205.20          -0.38360
205.40          -0.36168
205.60          -0.34734
205.80          -0.34332
206.00          -0.35521
206.20          -0.39405
206.40          -0.47703
206.60          -0.59541
206.80          -0.61751
207.00          -0.48218
207.20          -0.34738
207.40          -0.26355
207.60          -0.21339
207.80          -0.18143
208.00          -0.15948
208.20          -0.14342
208.40          -0.13105
208.60          -0.12115
208.80          -0.11300
209.00          -0.10614
209.20          -0.10025
209.40          -0.095145
209.60          -0.090662
209.80          -0.086696
210.00          -0.083162
210.20          -0.079996
210.40          -0.077146
210.60          -0.074571
210.80          -0.072236
211.00          -0.070112
211.20          -0.068177
211.40          -0.066409
211.60          -0.064790
211.80          -0.063306
212.00          -0.061944
212.20          -0.060692
212.40          -0.059539
212.60          -0.058478
212.80          -0.057499
213.00          -0.056596
213.20          -0.055762
213.40          -0.054993
213.60          -0.054282
213.80          -0.053625
214.00          -0.053019
214.20          -0.052458
214.40          -0.051941
214.60          -0.051463
214.80          -0.051022
215.00          -0.050615
215.20          -0.050241
215.40          -0.049896
215.60          -0.049579
215.80          -0.049288
216.00          -0.049021
216.20          -0.048778
216.40          -0.048555
216.60          -0.048353
216.80          -0.048170
217.00          -0.048004
217.20          -0.047856
217.40          -0.047723
217.60          -0.047605
217.80          -0.047501
218.00          -0.047411
218.20          -0.047333
218.40          -0.047267
218.60          -0.047213
218.80          -0.047169
219.00          -0.047136
219.20          -0.047113
219.40          -0.047099
219.60          -0.047094
219.80          -0.047098
220.00          -0.047110
220.20          -0.047130
220.40          -0.047157
220.60          -0.047192
220.80          -0.047234
221.00          -0.047283
221.20          -0.047338
221.40          -0.047400
221.60          -0.047469
221.80          -0.047543
222.00          -0.047624
222.20          -0.047710
222.40          -0.047803
222.60          -0.047902
222.80          -0.048006
223.00          -0.048116
223.20          -0.048233
223.40          -0.048355
223.60          -0.048484
223.80          -0.048620
224.00          -0.048762
224.20          -0.048912
224.40          -0.049070
224.60          -0.049237
224.80          -0.049413
225.00          -0.049600
