175.00          -0.078928
175.20          -0.079599
175.40          -0.080281
175.60          -0.080976
175.80          -0.081683
176.00          -0.082403
176.20          -0.083136
176.40          -0.083882
176.60          -0.084643
176.80          -0.085418
177.00          -0.086207
177.20          -0.087012
177.40          -0.087833
177.60          -0.088669
177.80          -0.089521
178.00          -0.090391
178.20          -0.091278
178.40          -0.092183
178.60          -0.093106
178.80          -0.094049
179.00          -0.095011
179.20          -0.095992
179.40          -0.096995
179.60          -0.098019
179.80          -0.099065
180.00          -0.10013
180.20          -0.10123
180.40          -0.10234
180.60          -0.10348
180.80          -0.10465
181.00          -0.10584
181.20          -0.10706
181.40          -0.10831
181.60          -0.10959
181.80          -0.11089
182.00          -0.11223
182.20          -0.11360
182.40          -0.11500
182.60          -0.11644
182.80          -0.11791
183.00          -0.11941
183.20          -0.12096
183.40          -0.12254
183.60          -0.12416
183.80          -0.12583
184.00          -0.12753
184.20          -0.12928
184.40          -0.13108
184.60          -0.13292
184.80          -0.13481
185.00          -0.13674
185.20          -0.13873
185.40          -0.14078
185.60          -0.14287
185.80          -0.14503
186.00          -0.14724
186.20          -0.14951
186.40          -0.15185
186.60          -0.15424
186.80          -0.15671
187.00          -0.15924
187.20          -0.16184
187.40          -0.16451
187.60          -0.16726
187.80          -0.17008
188.00          -0.17298
188.20          -0.17595
188.40          -0.17901
188.60          -0.18216
188.80          -0.18539
189.00          -0.18870
189.20          -0.19211
189.40          -0.19560
189.60          -0.19918
189.80          -0.20286
190.00          -0.20663
190.20          -0.21050
190.40          -0.21445
190.60          -0.21850
190.80          -0.22265
191.00          -0.22689
191.20          -0.23121
191.40          -0.23563
191.60          -0.24013
191.80          -0.24471
192.00          -0.24937
192.20          -0.25410
192.40          -0.25889
192.60          -0.26374
192.80          -0.26863
193.00          -0.27356
193.20          -0.27852
193.40          -0.28348
193.60          -0.28844
193.80          -0.29338
194.00          -0.29827
194.20          -0.30311
194.40          -0.30786
194.60          -0.31251
194.80          -0.31702
195.00          -0.32137
195.20          -0.32554
195.40          -0.32949
195.60          -0.33319
195.80          -0.33662
196.00          -0.33974
196.20          -0.34252
196.40          -0.34493
196.60          -0.34696
196.80          -0.34856
197.00          -0.34973
197.20          -0.35043
197.40          -0.35066
197.60          -0.35039
197.80          -0.34963
198.00          -0.34837
198.20          -0.34661
198.40          -0.34435
198.60          -0.34162
198.80          -0.33842
199.00          -0.33477
199.20          -0.33070
199.40          -0.32624
199.60          -0.32141
199.80          -0.31625
200.00          -0.31080
200.20          -0.30508
200.40          -0.29914
200.60          -0.29302
200.80          -0.28674
201.00          -0.28035
201.20          -0.27387
201.40          -0.26734
201.60          -0.26078
201.80          -0.25424
202.00          -0.24772
202.20          -0.24125
202.40          -0.23486
202.60          -0.22856
202.80          -0.22237
203.00          -0.21630
203.20          -0.21036
203.40          -0.20457
203.60          -0.19892
203.80          -0.19343
204.00          -0.18809
204.20          -0.18292
204.40          -0.17792
204.60          -0.17307
204.80          -0.16840
205.00          -0.16388
205.20          -0.15953
205.40          -0.15534
205.60          -0.15131
205.80          -0.14743
206.00          -0.14370
206.20          -0.14012
206.40          -0.13668
206.60          -0.13337
206.80          -0.13020
207.00          -0.12717
207.20          -0.12425
207.40          -0.12146
207.60          -0.11878
207.80          -0.11622
208.00          -0.11376
208.20          -0.11141
208.40          -0.10916
208.60          -0.10700
208.80          -0.10494
209.00          -0.10296
209.20          -0.10107
209.40          -0.099264
209.60          -0.097533
209.80          -0.095876
210.00          -0.094292
210.20          -0.092776
210.40          -0.091326
210.60          -0.089940
210.80          -0.088614
211.00          -0.087346
211.20          -0.086133
211.40          -0.084974
211.60          -0.083865
211.80          -0.082806
212.00          -0.081793
212.20          -0.080825
212.40          -0.079901
212.60          -0.079017
212.80          -0.078173
213.00          -0.077367
213.20          -0.076598
213.40          -0.075863
213.60          -0.075162
213.80          -0.074493
214.00          -0.073855
214.20          -0.073247
214.40          -0.072667
214.60          -0.072114
214.80          -0.071588
215.00          -0.071087
215.20          -0.070610
215.40          -0.070156
215.60          -0.069725
215.80          -0.069315
216.00          -0.068926
216.20          -0.068557
216.40          -0.068207
216.60          -0.067876
216.80          -0.067562
217.00          -0.067266
217.20          -0.066986
217.40          -0.066722
217.60          -0.066473
217.80          -0.066239
218.00          -0.066019
218.20          -0.065813
218.40          -0.065620
218.60          -0.065440
218.80          -0.065272
219.00          -0.065117
219.20          -0.064972
219.40          -0.064839
219.60          -0.064717
219.80          -0.064604
220.00          -0.064502
220.20          -0.064410
220.40          -0.064327
220.60          -0.064253
220.80          -0.064188
221.00          -0.064131
221.20          -0.064082
221.40          -0.064042
221.60          -0.064009
221.80          -0.063983
222.00          -0.063965
222.20          -0.063954
222.40          -0.063950
222.60          -0.063952
222.80          -0.063961
223.00          -0.063975
223.20          -0.063996
223.40          -0.064023
223.60          -0.064055
223.80          -0.064093
224.00          -0.064136
224.20          -0.064185
224.40          -0.064238
224.60          -0.064297
224.80          -0.064360
225.00          -0.064428
