175.00          -0.10516
175.20          -0.10348
175.40          -0.10184
175.60          -0.10025
175.80          -0.098700
176.00          -0.097190
176.20          -0.095721
176.40          -0.094291
176.60          -0.092900
176.80          -0.091547
177.00          -0.090231
177.20          -0.088951
177.40          -0.087707
177.60          -0.086497
177.80          -0.085320
178.00          -0.084177
178.20          -0.083065
178.40          -0.081985
178.60          -0.080936
178.80          -0.079916
179.00          -0.078925
179.20          -0.077962
179.40          -0.077027
179.60          -0.076119
179.80          -0.075237
180.00          -0.074381
180.20          -0.073550
180.40          -0.072743
180.60          -0.071960
180.80          -0.071199
181.00          -0.070462
181.20          -0.069746
181.40          -0.069052
181.60          -0.068378
181.80          -0.067725
182.00          -0.067092
182.20          -0.066478
182.40          -0.065883
182.60          -0.065306
182.80          -0.064747
183.00          -0.064206
183.20          -0.063681
183.40          -0.063174
183.60          -0.062682
183.80          -0.062206
184.00          -0.061746
184.20          -0.061301
184.40          -0.060870
184.60          -0.060454
184.80          -0.060052
185.00          -0.059664
185.20          -0.059289
185.40          -0.058926
185.60          -0.058577
185.80          -0.058240
186.00          -0.057915
186.20          -0.057602
186.40          -0.057301
186.60          -0.057011
186.80          -0.056732
187.00          -0.056464
187.20          -0.056206
187.40          -0.055959
187.60          -0.055722
187.80          -0.055494
188.00          -0.055277
188.20          -0.055068
188.40          -0.054870
188.60          -0.054680
188.80          -0.054499
189.00          -0.054326
189.20          -0.054163
189.40          -0.054007
189.60          -0.053860
189.80          -0.053721
190.00          -0.053589
190.20          -0.053465
190.40          -0.053349
190.60          -0.053240
190.80          -0.053139
191.00          -0.053044
191.20          -0.052956
191.40          -0.052876
191.60          -0.052802
191.80          -0.052734
192.00          -0.052673
192.20          -0.052618
192.40          -0.052570
192.60          -0.052527
192.80          -0.052491
193.00          -0.052461
193.20          -0.052436
193.40          -0.052417
193.60          -0.052403
193.80          -0.052396
194.00          -0.052393
194.20          -0.052396
194.40          -0.052404
194.60          -0.052417
194.80          -0.052436
195.00          -0.052459
195.20          -0.052487
195.40          -0.052520
195.60          -0.052558
195.80          -0.052601
196.00          -0.052648
196.20          -0.052700
196.40          -0.052756
196.60          -0.052817
196.80          -0.052882
197.00          -0.052951
197.20          -0.053025
197.40          -0.053103
197.60          -0.053185
197.80          -0.053271
198.00          -0.053361
198.20          -0.053455
198.40          -0.053553
198.60          -0.053655
198.80          -0.053761
199.00          -0.053871
199.20          -0.053984
199.40          -0.054101
199.60          -0.054222
199.80          -0.054346
200.00          -0.054474
200.20          -0.054606
200.40          -0.054741
200.60          -0.054879
200.80          -0.055021
201.00          -0.055166
201.20          -0.055315
201.40          -0.055467
201.60          -0.055622
201.80          -0.055780
202.00          -0.055942
202.20          -0.056107
202.40          -0.056275
202.60          -0.056446
202.80          -0.056621
203.00          -0.056798
203.20          -0.056978
203.40          -0.057162
203.60          -0.057348
203.80          -0.057538
204.00          -0.057730
204.20          -0.057926
204.40          -0.058124
204.60          -0.058325
204.80          -0.058529
205.00          -0.058736
205.20          -0.058946
205.40          -0.059158
205.60          -0.059373
205.80          -0.059591
206.00          -0.059812
206.20          -0.060035
206.40          -0.060262
206.60          -0.060490
206.80          -0.060722
207.00          -0.060956
207.20          -0.061193
207.40          -0.061432
207.60          -0.061674
207.80          -0.061918
208.00          -0.062165
208.20          -0.062415
208.40          -0.062667
208.60          -0.062921
208.80          -0.063178
209.00          -0.063438
209.20          -0.063700
209.40          -0.063964
209.60          -0.064231
209.80          -0.064500
210.00          -0.064771
210.20          -0.065045
210.40          -0.065322
210.60          -0.065600
210.80          -0.065881
211.00          -0.066164
211.20          -0.066450
211.40          -0.066738
211.60          -0.067028
211.80          -0.067320
212.00          -0.067615
212.20          -0.067912
212.40          -0.068211
212.60          -0.068512
212.80          -0.068815
213.00          -0.069121
213.20          -0.069429
213.40          -0.069739
213.60          -0.070051
213.80          -0.070365
214.00          -0.070681
214.20          -0.070999
214.40          -0.071320
214.60          -0.071642
214.80          -0.071966
215.00          -0.072293
215.20          -0.072621
215.40          -0.072952
215.60          -0.073284
215.80          -0.073619
216.00          -0.073955
216.20          -0.074293
216.40          -0.074633
216.60          -0.074975
216.80          -0.075319
217.00          -0.075665
217.20          -0.076013
217.40          -0.076362
217.60          -0.076713
217.80          -0.077066
218.00          -0.077421
218.20          -0.077778
218.40          -0.078136
218.60          -0.078496
218.80          -0.078858
219.00          -0.079221
219.20          -0.079587
219.40          -0.079953
219.60          -0.080322
219.80          -0.080692
220.00          -0.081063
220.20          -0.081436
220.40          -0.081811
220.60          -0.082187
220.80          -0.082565
221.00          -0.082944
221.20          -0.083325
221.40          -0.083707
221.60          -0.084090
221.80          -0.084475
222.00          -0.084861
222.20          -0.085249
222.40          -0.085638
222.60          -0.086028
222.80          -0.086420
223.00          -0.086812
223.20          -0.087206
223.40          -0.087601
223.60          -0.087998
223.80          -0.088395
224.00          -0.088794
224.20          -0.089194
224.40          -0.089594
224.60          -0.089996
224.80          -0.090399
225.00          -0.090803
