175.00          -0.094942
175.20          -0.093530
175.40          -0.092156
175.60          -0.090819
175.80          -0.089519
176.00          -0.088255
176.20          -0.087025
176.40          -0.085829
176.60          -0.084666
176.80          -0.083535
177.00          -0.082436
177.20          -0.081367
177.40          -0.080329
177.60          -0.079320
177.80          -0.078339
178.00          -0.077386
178.20          -0.076460
178.40          -0.075561
178.60          -0.074687
178.80          -0.073839
179.00          -0.073015
179.20          -0.072215
179.40          -0.071439
179.60          -0.070685
179.80          -0.069953
180.00          -0.069243
180.20          -0.068554
180.40          -0.067885
180.60          -0.067237
180.80          -0.066607
181.00          -0.065997
181.20          -0.065406
181.40          -0.064833
181.60          -0.064277
181.80          -0.063738
182.00          -0.063216
182.20          -0.062711
182.40          -0.062222
182.60          -0.061748
182.80          -0.061289
183.00          -0.060846
183.20          -0.060416
183.40          -0.060001
183.60          -0.059600
183.80          -0.059212
184.00          -0.058838
184.20          -0.058476
184.40          -0.058127
184.60          -0.057790
184.80          -0.057465
185.00          -0.057152
185.20          -0.056850
185.40          -0.056559
185.60          -0.056280
185.80          -0.056011
186.00          -0.055752
186.20          -0.055504
186.40          -0.055266
186.60          -0.055037
186.80          -0.054818
187.00          -0.054609
187.20          -0.054409
187.40          -0.054217
187.60          -0.054035
187.80          -0.053861
188.00          -0.053695
188.20          -0.053538
188.40          -0.053389
188.60          -0.053247
188.80          -0.053114
189.00          -0.052988
189.20          -0.052870
189.40          -0.052759
189.60          -0.052655
189.80          -0.052558
190.00          -0.052468
190.20          -0.052385
190.40          -0.052308
190.60          -0.052238
190.80          -0.052175
191.00          -0.052118
191.20          -0.052067
191.40          -0.052022
191.60          -0.051983
191.80          -0.051950
192.00          -0.051922
192.20          -0.051901
192.40          -0.051885
192.60          -0.051874
192.80          -0.051869
193.00          -0.051869
193.20          -0.051875
193.40          -0.051885
193.60          -0.051901
193.80          -0.051922
194.00          -0.051947
194.20          -0.051978
194.40          -0.052013
194.60          -0.052053
194.80          -0.052097
195.00          -0.052146
195.20          -0.052200
195.40          -0.052258
195.60          -0.052321
195.80          -0.052387
196.00          -0.052458
196.20          -0.052534
196.40          -0.052613
196.60          -0.052697
196.80          -0.052784
197.00          -0.052876
197.20          -0.052972
197.40          -0.053071
197.60          -0.053175
197.80          -0.053282
198.00          -0.053393
198.20          -0.053508
198.40          -0.053626
198.60          -0.053748
198.80          -0.053874
199.00          -0.054003
199.20          -0.054136
199.40          -0.054272
199.60          -0.054412
199.80          -0.054555
200.00          -0.054702
200.20          -0.054852
200.40          -0.055005
200.60          -0.055162
200.80          -0.055322
201.00          -0.055485
201.20          -0.055652
201.40          -0.055821
201.60          -0.055994
201.80          -0.056170
202.00          -0.056349
202.20          -0.056531
202.40          -0.056716
202.60          -0.056905
202.80          -0.057096
203.00          -0.057290
203.20          -0.057487
203.40          -0.057688
203.60          -0.057891
203.80          -0.058097
204.00          -0.058306
204.20          -0.058517
204.40          -0.058732
204.60          -0.058949
204.80          -0.059170
205.00          -0.059393
205.20          -0.059618
205.40          -0.059847
205.60          -0.060078
205.80          -0.060312
206.00          -0.060549
206.20          -0.060788
206.40          -0.061030
206.60          -0.061275
206.80          -0.061522
207.00          -0.061772
207.20          -0.062025
207.40          -0.062280
207.60          -0.062538
207.80          -0.062798
208.00          -0.063061
208.20          -0.063327
208.40          -0.063595
208.60          -0.063865
208.80          -0.064138
209.00          -0.064413
209.20          -0.064691
209.40          -0.064972
209.60          -0.065254
209.80          -0.065540
210.00          -0.065827
210.20          -0.066117
210.40          -0.066410
210.60          -0.066704
210.80          -0.067002
211.00          -0.067301
211.20          -0.067603
211.40          -0.067907
211.60          -0.068214
211.80          -0.068522
212.00          -0.068833
212.20          -0.069147
212.40          -0.069462
212.60          -0.069780
212.80          -0.070100
213.00          -0.070423
213.20          -0.070747
213.40          -0.071074
213.60          -0.071403
213.80          -0.071734
214.00          -0.072067
214.20          -0.072402
214.40          -0.072740
214.60          -0.073079
214.80          -0.073421
215.00          -0.073765
215.20          -0.074111
215.40          -0.074459
215.60          -0.074809
215.80          -0.075161
216.00          -0.075515
216.20          -0.075871
216.40          -0.076229
216.60          -0.076589
216.80          -0.076950
217.00          -0.077314
217.20          -0.077680
217.40          -0.078048
217.60          -0.078417
217.80          -0.078789
218.00          -0.079162
218.20          -0.079537
218.40          -0.079914
218.60          -0.080293
218.80          -0.080673
219.00          -0.081055
219.20          -0.081439
219.40          -0.081825
219.60          -0.082212
219.80          -0.082601
220.00          -0.082992
220.20          -0.083385
220.40          -0.083779
220.60          -0.084174
220.80          -0.084571
221.00          -0.084970
221.20          -0.085370
221.40          -0.085772
221.60          -0.086175
221.80          -0.086580
222.00          -0.086986
222.20          -0.087394
222.40          -0.087803
222.60          -0.088213
222.80          -0.088625
223.00          -0.089038
223.20          -0.089452
223.40          -0.089868
223.60          -0.090285
223.80          -0.090703
224.00          -0.091122
224.20          -0.091542
224.40          -0.091964
224.60          -0.092387
224.80          -0.092810
225.00          -0.093235
