175.00          -0.060599
175.20          -0.060104
175.40          -0.059625
175.60          -0.059159
175.80          -0.058708
176.00          -0.058271
176.20          -0.057848
176.40          -0.057437
176.60          -0.057040
176.80          -0.056655
177.00          -0.056282
177.20          -0.055922
177.40          -0.055573
177.60          -0.055236
177.80          -0.054910
178.00          -0.054595
178.20          -0.054291
178.40          -0.053997
178.60          -0.053714
178.80          -0.053440
179.00          -0.053177
179.20          -0.052923
179.40          -0.052679
179.60          -0.052444
179.80          -0.052218
180.00          -0.052001
180.20          -0.051793
180.40          -0.051593
180.60          -0.051401
180.80          -0.051218
181.00          -0.051043
181.20          -0.050875
181.40          -0.050716
181.60          -0.050564
181.80          -0.050419
182.00          -0.050282
182.20          -0.050152
182.40          -0.050029
182.60          -0.049913
182.80          -0.049803
183.00          -0.049701
183.20          -0.049604
183.40          -0.049515
183.60          -0.049431
183.80          -0.049354
184.00          -0.049283
184.20          -0.049218
184.40          -0.049159
184.60          -0.049106
184.80          -0.049058
185.00          -0.049017
185.20          -0.048980
185.40          -0.048949
185.60          -0.048924
185.80          -0.048904
186.00          -0.048889
186.20          -0.048879
186.40          -0.048875
186.60          -0.048875
186.80          -0.048881
187.00          -0.048891
187.20          -0.048906
187.40          -0.048926
187.60          -0.048950
187.80          -0.048980
188.00          -0.049013
188.20          -0.049052
188.40          -0.049095
188.60          -0.049142
188.80          -0.049194
189.00          -0.049249
189.20          -0.049310
189.40          -0.049374
189.60          -0.049443
189.80          -0.049516
190.00          -0.049593
190.20          -0.049674
190.40          -0.049759
190.60          -0.049848
190.80          -0.049940
191.00          -0.050037
191.20          -0.050138
191.40          -0.050243
191.60          -0.050351
191.80          -0.050463
192.00          -0.050579
192.20          -0.050699
192.40          -0.050822
192.60          -0.050949
192.80          -0.051080
193.00          -0.051214
193.20          -0.051352
193.40          -0.051493
193.60          -0.051638
193.80          -0.051787
194.00          -0.051939
194.20          -0.052095
194.40          -0.052254
194.60          -0.052416
194.80          -0.052582
195.00          -0.052751
195.20          -0.052924
195.40          -0.053100
195.60          -0.053279
195.80          -0.053462
196.00          -0.053648
196.20          -0.053837
196.40          -0.054030
196.60          -0.054226
196.80          -0.054425
197.00          -0.054628
197.20          -0.054834
197.40          -0.055043
197.60          -0.055255
197.80          -0.055470
198.00          -0.055689
198.20          -0.055911
198.40          -0.056136
198.60          -0.056365
198.80          -0.056596
199.00          -0.056831
199.20          -0.057069
199.40          -0.057310
199.60          -0.057554
199.80          -0.057801
200.00          -0.058052
200.20          -0.058306
200.40          -0.058563
200.60          -0.058823
200.80          -0.059086
201.00          -0.059352
201.20          -0.059621
201.40          -0.059894
201.60          -0.060170
201.80          -0.060448
202.00          -0.060730
202.20          -0.061015
202.40          -0.061304
202.60          -0.061595
202.80          -0.061889
203.00          -0.062187
203.20          -0.062487
203.40          -0.062791
203.60          -0.063098
203.80          -0.063408
204.00          -0.063721
204.20          -0.064038
204.40          -0.064357
204.60          -0.064679
204.80          -0.065005
205.00          -0.065334
205.20          -0.065666
205.40          -0.066001
205.60          -0.066339
205.80          -0.066680
206.00          -0.067024
206.20          -0.067372
206.40          -0.067723
206.60          -0.068076
206.80          -0.068433
207.00          -0.068793
207.20          -0.069156
207.40          -0.069523
207.60          -0.069892
207.80          -0.070265
208.00          -0.070641
208.20          -0.071020
208.40          -0.071402
208.60          -0.071787
208.80          -0.072175
209.00          -0.072567
209.20          -0.072961
209.40          -0.073359
209.60          -0.073760
209.80          -0.074164
210.00          -0.074572
210.20          -0.074982
210.40          -0.075396
210.60          -0.075813
210.80          -0.076233
211.00          -0.076656
211.20          -0.077082
211.40          -0.077511
211.60          -0.077944
211.80          -0.078380
212.00          -0.078819
212.20          -0.079261
212.40          -0.079706
212.60          -0.080155
212.80          -0.080606
213.00          -0.081061
213.20          -0.081519
213.40          -0.081980
213.60          -0.082444
213.80          -0.082911
214.00          -0.083382
214.20          -0.083855
214.40          -0.084332
214.60          -0.084812
214.80          -0.085295
215.00          -0.085781
215.20          -0.086270
215.40          -0.086763
215.60          -0.087258
215.80          -0.087757
216.00          -0.088258
216.20          -0.088763
216.40          -0.089271
216.60          -0.089782
216.80          -0.090296
217.00          -0.090813
217.20          -0.091333
217.40          -0.091856
217.60          -0.092382
217.80          -0.092911
218.00          -0.093443
218.20          -0.093979
218.40          -0.094517
218.60          -0.095058
218.80          -0.095602
219.00          -0.096149
219.20          -0.096699
219.40          -0.097252
219.60          -0.097808
219.80          -0.098366
220.00          -0.098928
220.20          -0.099492
220.40          -0.10006
220.60          -0.10063
220.80          -0.10120
221.00          -0.10178
221.20          -0.10236
221.40          -0.10294
221.60          -0.10352
221.80          -0.10411
222.00          -0.10470
222.20          -0.10529
222.40          -0.10588
222.60          -0.10648
222.80          -0.10708
223.00          -0.10768
223.20          -0.10829
223.40          -0.10890
223.60          -0.10951
223.80          -0.11012
224.00          -0.11073
224.20          -0.11135
224.40          -0.11197
224.60          -0.11259
224.80          -0.11322
225.00          -0.11384
