175.00          -0.018409
175.20          -0.018443
175.40          -0.018477
175.60          -0.018511
175.80          -0.018545
176.00          -0.018580
176.20          -0.018615
176.40          -0.018650
176.60          -0.018685
176.80          -0.018721
177.00          -0.018757
177.20          -0.018793
177.40          -0.018829
177.60          -0.018866
177.80          -0.018902
178.00          -0.018939
178.20          -0.018977
178.40          -0.019014
178.60          -0.019052
178.80          -0.019090
179.00          -0.019129
179.20          -0.019167
179.40          -0.019206
179.60          -0.019246
179.80          -0.019285
180.00          -0.019325
180.20          -0.019366
180.40          -0.019406
180.60          -0.019447
180.80          -0.019488
181.00          -0.019530
181.20          -0.019572
181.40          -0.019614
181.60          -0.019657
181.80          -0.019700
182.00          -0.019744
182.20          -0.019788
182.40          -0.019832
182.60          -0.019877
182.80          -0.019922
183.00          -0.019967
183.20          -0.020013
183.40          -0.020060
183.60          -0.020107
183.80          -0.020154
184.00          -0.020202
184.20          -0.020251
184.40          -0.020300
184.60          -0.020349
184.80          -0.020399
185.00          -0.020450
185.20          -0.020501
185.40          -0.020553
185.60          -0.020606
185.80          -0.020659
186.00          -0.020712
186.20          -0.020767
186.40          -0.020822
186.60          -0.020878
186.80          -0.020934
187.00          -0.020991
187.20          -0.021049
187.40          -0.021108
187.60          -0.021168
187.80          -0.021228
188.00          -0.021290
188.20          -0.021352
188.40          -0.021415
188.60          -0.021479
188.80          -0.021544
189.00          -0.021611
189.20          -0.021678
189.40          -0.021746
189.60          -0.021816
189.80          -0.021886
190.00          -0.021958
190.20          -0.022031
190.40          -0.022106
190.60          -0.022182
190.80          -0.022259
191.00          -0.022338
191.20          -0.022418
191.40          -0.022500
191.60          -0.022583
191.80          -0.022668
192.00          -0.022755
192.20          -0.022844
192.40          -0.022935
192.60          -0.023028
192.80          -0.023123
193.00          -0.023220
193.20          -0.023320
193.40          -0.023422
193.60          -0.023526
193.80          -0.023633
194.00          -0.023743
194.20          -0.023856
194.40          -0.023972
194.60          -0.024091
194.80          -0.024213
195.00          -0.024339
195.20          -0.024469
195.40          -0.024603
195.60          -0.024740
195.80          -0.024883
196.00          -0.025029
196.20          -0.025181
196.40          -0.025338
196.60          -0.025501
196.80          -0.025669
197.00          -0.025844
197.20          -0.026025
197.40          -0.026213
197.60          -0.026409
197.80          -0.026613
198.00          -0.026826
198.20          -0.027047
198.40          -0.027279
198.60          -0.027521
198.80          -0.027775
199.00          -0.028041
199.20          -0.028320
199.40          -0.028614
199.60          -0.028924
199.80          -0.029251
200.00          -0.029596
200.20          -0.029962
200.40          -0.030350
200.60          -0.030762
200.80          -0.031202
201.00          -0.031672
201.20          -0.032176
201.40          -0.032716
201.60          -0.033299
201.80          -0.033929
202.00          -0.034613
202.20          -0.035358
202.40          -0.036173
202.60          -0.037070
202.80          -0.038063
203.00          -0.039169
203.20          -0.040411
203.40          -0.041817
203.60          -0.043428
203.80          -0.045295
204.00          -0.047495
204.20          -0.050139
204.40          -0.053399
204.60          -0.057554
204.80          -0.063093
205.00          -0.070960
205.20          -0.083220
205.40          -0.10532
205.60          -0.15665
205.80          -0.36340
206.00          -9.4689
206.20          -0.25965
206.40          -0.074990
206.60          -0.055294
206.80          -0.054728
207.00          -0.059141
207.20          -0.065884
207.40          -0.074505
207.60          -0.085242
207.80          -0.098737
208.00          -0.11605
208.20          -0.13887
208.40          -0.16991
208.60          -0.21370
208.80          -0.27817
209.00          -0.37798
209.20          -0.54128
209.40          -0.82201
209.60          -1.3015
209.80          -1.9329
210.00          -2.0926
210.20          -1.5179
210.40          -0.94339
210.60          -0.59579
210.80          -0.39891
211.00          -0.28308
211.20          -0.21107
211.40          -0.16392
211.60          -0.13164
211.80          -0.10872
212.00          -0.091933
212.20          -0.079309
212.40          -0.069608
212.60          -0.062010
212.80          -0.055963
213.00          -0.051082
213.20          -0.047093
213.40          -0.043798
213.60          -0.041051
213.80          -0.038739
214.00          -0.036780
214.20          -0.035109
214.40          -0.033674
214.60          -0.032435
214.80          -0.031361
215.00          -0.030425
215.20          -0.029605
215.40          -0.028886
215.60          -0.028253
215.80          -0.027693
216.00          -0.027198
216.20          -0.026758
216.40          -0.026366
216.60          -0.026018
216.80          -0.025707
217.00          -0.025429
217.20          -0.025180
217.40          -0.024958
217.60          -0.024759
217.80          -0.024580
218.00          -0.024421
218.20          -0.024278
218.40          -0.024151
218.60          -0.024037
218.80          -0.023936
219.00          -0.023845
219.20          -0.023765
219.40          -0.023695
219.60          -0.023633
219.80          -0.023578
220.00          -0.023531
220.20          -0.023491
220.40          -0.023456
220.60          -0.023427
220.80          -0.023403
221.00          -0.023383
221.20          -0.023369
221.40          -0.023358
221.60          -0.023351
221.80          -0.023347
222.00          -0.023347
222.20          -0.023349
222.40          -0.023355
222.60          -0.023363
222.80          -0.023374
223.00          -0.023387
223.20          -0.023402
223.40          -0.023419
223.60          -0.023439
223.80          -0.023460
224.00          -0.023483
224.20          -0.023507
224.40          -0.023534
224.60          -0.023562
224.80          -0.023591
225.00          -0.023622
