175.00          -0.019935
175.20          -0.019981
175.40          -0.020027
175.60          -0.020074
175.80          -0.020121
176.00          -0.020169
176.20          -0.020217
176.40          -0.020265
176.60          -0.020314
176.80          -0.020363
177.00          -0.020413
177.20          -0.020463
177.40          -0.020514
177.60          -0.020565
177.80          -0.020617
178.00          -0.020669
178.20          -0.020722
178.40          -0.020775
178.60          -0.020829
178.80          -0.020883
179.00          -0.020938
179.20          -0.020994
179.40          -0.021050
179.60          -0.021106
179.80          -0.021164
180.00          -0.021222
180.20          -0.021281
180.40          -0.021340
180.60          -0.021400
180.80          -0.021461
181.00          -0.021522
181.20          -0.021584
181.40          -0.021647
181.60          -0.021711
181.80          -0.021776
182.00          -0.021841
182.20          -0.021908
182.40          -0.021975
182.60          -0.022043
182.80          -0.022112
183.00          -0.022182
183.20          -0.022253
183.40          -0.022325
183.60          -0.022398
183.80          -0.022472
184.00          -0.022548
184.20          -0.022624
184.40          -0.022702
184.60          -0.022780
184.80          -0.022860
185.00          -0.022942
185.20          -0.023025
185.40          -0.023109
185.60          -0.023194
185.80          -0.023281
186.00          -0.023370
186.20          -0.023460
186.40          -0.023552
186.60          -0.023646
186.80          -0.023741
187.00          -0.023838
187.20          -0.023937
187.40          -0.024038
187.60          -0.024141
187.80          -0.024246
188.00          -0.024354
188.20          -0.024464
188.40          -0.024576
188.60          -0.024690
188.80          -0.024808
189.00          -0.024927
189.20          -0.025050
189.40          -0.025176
189.60          -0.025304
189.80          -0.025436
190.00          -0.025571
190.20          -0.025710
190.40          -0.025852
190.60          -0.025999
190.80          -0.026149
191.00          -0.026303
191.20          -0.026462
191.40          -0.026625
191.60          -0.026793
191.80          -0.026966
192.00          -0.027145
192.20          -0.027329
192.40          -0.027519
192.60          -0.027715
192.80          -0.027918
193.00          -0.028128
193.20          -0.028345
193.40          -0.028570
193.60          -0.028803
193.80          -0.029044
194.00          -0.029295
194.20          -0.029556
194.40          -0.029827
194.60          -0.030110
194.80          -0.030404
195.00          -0.030711
195.20          -0.031031
195.40          -0.031365
195.60          -0.031715
195.80          -0.032082
196.00          -0.032466
196.20          -0.032869
196.40          -0.033293
196.60          -0.033739
196.80          -0.034210
197.00          -0.034706
197.20          -0.035230
197.40          -0.035785
197.60          -0.036373
197.80          -0.036997
198.00          -0.037661
198.20          -0.038369
198.40          -0.039125
198.60          -0.039933
198.80          -0.040800
199.00          -0.041731
199.20          -0.042733
199.40          -0.043816
199.60          -0.044988
199.80          -0.046260
200.00          -0.047645
200.20          -0.049158
200.40          -0.050817
200.60          -0.052641
200.80          -0.054656
201.00          -0.056890
201.20          -0.059380
201.40          -0.062169
201.60          -0.065309
201.80          -0.068865
202.00          -0.072921
202.20          -0.077580
202.40          -0.082975
202.60          -0.089280
202.80          -0.096726
203.00          -0.10562
203.20          -0.11640
203.40          -0.12966
203.60          -0.14629
203.80          -0.16762
204.00          -0.19570
204.20          -0.23398
204.40          -0.28841
204.60          -0.37024
204.80          -0.50274
205.00          -0.74014
205.20          -1.2264
205.40          -2.3386
205.60          -3.6703
205.80          -1.9450
206.00          -0.73199
206.20          -0.35103
206.40          -0.25990
206.60          -0.31438
206.80          -0.51693
207.00          -0.91813
207.20          -1.3538
207.40          -1.3000
207.60          -0.92296
207.80          -0.61801
208.00          -0.42860
208.20          -0.31241
208.40          -0.23814
208.60          -0.18837
208.80          -0.15357
209.00          -0.12835
209.20          -0.10951
209.40          -0.095094
209.60          -0.083820
209.80          -0.074848
210.00          -0.067596
210.20          -0.061656
210.40          -0.056736
210.60          -0.052618
210.80          -0.049140
211.00          -0.046181
211.20          -0.043644
211.40          -0.041456
211.60          -0.039557
211.80          -0.037902
212.00          -0.036452
212.20          -0.035176
212.40          -0.034049
212.60          -0.033050
212.80          -0.032162
213.00          -0.031370
213.20          -0.030663
213.40          -0.030028
213.60          -0.029459
213.80          -0.028947
214.00          -0.028485
214.20          -0.028069
214.40          -0.027692
214.60          -0.027351
214.80          -0.027043
215.00          -0.026763
215.20          -0.026510
215.40          -0.026280
215.60          -0.026071
215.80          -0.025882
216.00          -0.025710
216.20          -0.025555
216.40          -0.025414
216.60          -0.025286
216.80          -0.025171
217.00          -0.025067
217.20          -0.024973
217.40          -0.024889
217.60          -0.024813
217.80          -0.024746
218.00          -0.024686
218.20          -0.024633
218.40          -0.024587
218.60          -0.024546
218.80          -0.024511
219.00          -0.024482
219.20          -0.024457
219.40          -0.024436
219.60          -0.024420
219.80          -0.024408
220.00          -0.024399
220.20          -0.024394
220.40          -0.024393
220.60          -0.024394
220.80          -0.024398
221.00          -0.024405
221.20          -0.024414
221.40          -0.024426
221.60          -0.024440
221.80          -0.024457
222.00          -0.024475
222.20          -0.024495
222.40          -0.024518
222.60          -0.024542
222.80          -0.024567
223.00          -0.024595
223.20          -0.024624
223.40          -0.024654
223.60          -0.024686
223.80          -0.024720
224.00          -0.024754
224.20          -0.024790
224.40          -0.024828
224.60          -0.024866
224.80          -0.024906
225.00          -0.024948
