175.00          -0.047854
175.20          -0.047415
175.40          -0.046991
175.60          -0.046581
175.80          -0.046184
176.00          -0.045801
176.20          -0.045431
176.40          -0.045073
176.60          -0.044727
176.80          -0.044392
177.00          -0.044070
177.20          -0.043758
177.40          -0.043457
177.60          -0.043166
177.80          -0.042885
178.00          -0.042615
178.20          -0.042354
178.40          -0.042102
178.60          -0.041859
178.80          -0.041625
179.00          -0.041399
179.20          -0.041182
179.40          -0.040973
179.60          -0.040772
179.80          -0.040579
180.00          -0.040393
180.20          -0.040214
180.40          -0.040042
180.60          -0.039878
180.80          -0.039720
181.00          -0.039569
181.20          -0.039424
181.40          -0.039285
181.60          -0.039153
181.80          -0.039026
182.00          -0.038905
182.20          -0.038790
182.40          -0.038681
182.60          -0.038577
182.80          -0.038478
183.00          -0.038385
183.20          -0.038296
183.40          -0.038213
183.60          -0.038134
183.80          -0.038060
184.00          -0.037991
184.20          -0.037927
184.40          -0.037866
184.60          -0.037811
184.80          -0.037759
185.00          -0.037712
185.20          -0.037668
185.40          -0.037629
185.60          -0.037594
185.80          -0.037562
186.00          -0.037535
186.20          -0.037511
186.40          -0.037490
186.60          -0.037474
186.80          -0.037460
187.00          -0.037451
187.20          -0.037444
187.40          -0.037441
187.60          -0.037441
187.80          -0.037445
188.00          -0.037452
188.20          -0.037461
188.40          -0.037474
188.60          -0.037490
188.80          -0.037509
189.00          -0.037530
189.20          -0.037555
189.40          -0.037582
189.60          -0.037612
189.80          -0.037645
190.00          -0.037681
190.20          -0.037719
190.40          -0.037760
190.60          -0.037804
190.80          -0.037850
191.00          -0.037898
191.20          -0.037949
191.40          -0.038003
191.60          -0.038059
191.80          -0.038117
192.00          -0.038178
192.20          -0.038241
192.40          -0.038306
192.60          -0.038374
192.80          -0.038443
193.00          -0.038516
193.20          -0.038590
193.40          -0.038666
193.60          -0.038745
193.80          -0.038825
194.00          -0.038908
194.20          -0.038993
194.40          -0.039080
194.60          -0.039169
194.80          -0.039260
195.00          -0.039353
195.20          -0.039448
195.40          -0.039545
195.60          -0.039644
195.80          -0.039745
196.00          -0.039848
196.20          -0.039953
196.40          -0.040059
196.60          -0.040168
196.80          -0.040278
197.00          -0.040391
197.20          -0.040505
197.40          -0.040621
197.60          -0.040739
197.80          -0.040859
198.00          -0.040980
198.20          -0.041104
198.40          -0.041229
198.60          -0.041356
198.80          -0.041486
199.00          -0.041617
199.20          -0.041750
199.40          -0.041884
199.60          -0.042021
199.80          -0.042160
200.00          -0.042301
200.20          -0.042444
200.40          -0.042589
200.60          -0.042736
200.80          -0.042885
201.00          -0.043037
201.20          -0.043191
201.40          -0.043348
201.60          -0.043507
201.80          -0.043670
202.00          -0.043835
202.20          -0.044004
202.40          -0.044177
202.60          -0.044354
202.80          -0.044537
203.00          -0.044724
203.20          -0.044919
203.40          -0.045121
203.60          -0.045333
203.80          -0.045557
204.00          -0.045797
204.20          -0.046057
204.40          -0.046346
204.60          -0.046674
204.80          -0.047063
205.00          -0.047548
205.20          -0.048200
205.40          -0.049176
205.60          -0.050901
205.80          -0.054925
206.00          -0.071898
206.20          -1.5528
206.40          -0.063844
206.60          -0.049122
206.80          -0.047311
207.00          -0.047000
207.20          -0.047039
207.40          -0.047187
207.60          -0.047374
207.80          -0.047575
208.00          -0.047781
208.20          -0.047987
208.40          -0.048193
208.60          -0.048397
208.80          -0.048600
209.00          -0.048801
209.20          -0.049000
209.40          -0.049199
209.60          -0.049396
209.80          -0.049592
210.00          -0.049788
210.20          -0.049982
210.40          -0.050176
210.60          -0.050370
210.80          -0.050563
211.00          -0.050755
211.20          -0.050947
211.40          -0.051138
211.60          -0.051329
211.80          -0.051520
212.00          -0.051710
212.20          -0.051900
212.40          -0.052089
212.60          -0.052278
212.80          -0.052467
213.00          -0.052655
213.20          -0.052843
213.40          -0.053030
213.60          -0.053217
213.80          -0.053403
214.00          -0.053589
214.20          -0.053774
214.40          -0.053958
214.60          -0.054142
214.80          -0.054324
215.00          -0.054507
215.20          -0.054688
215.40          -0.054868
215.60          -0.055048
215.80          -0.055226
216.00          -0.055404
216.20          -0.055580
216.40          -0.055756
216.60          -0.055930
216.80          -0.056103
217.00          -0.056274
217.20          -0.056445
217.40          -0.056613
217.60          -0.056780
217.80          -0.056946
218.00          -0.057110
218.20          -0.057272
218.40          -0.057433
218.60          -0.057591
218.80          -0.057748
219.00          -0.057902
219.20          -0.058054
219.40          -0.058204
219.60          -0.058352
219.80          -0.058497
220.00          -0.058640
220.20          -0.058780
220.40          -0.058917
220.60          -0.059052
220.80          -0.059183
221.00          -0.059311
221.20          -0.059437
221.40          -0.059558
221.60          -0.059677
221.80          -0.059792
222.00          -0.059903
222.20          -0.060010
222.40          -0.060113
222.60          -0.060212
222.80          -0.060307
223.00          -0.060398
223.20          -0.060483
223.40          -0.060564
223.60          -0.060641
223.80          -0.060712
224.00          -0.060778
224.20          -0.060838
224.40          -0.060893
224.60          -0.060942
224.80          -0.060986
225.00          -0.061024
