175.00          -0.039648
175.20          -0.039515
175.40          -0.039388
175.60          -0.039267
175.80          -0.039152
176.00          -0.039043
176.20          -0.038938
176.40          -0.038840
176.60          -0.038746
176.80          -0.038658
177.00          -0.038574
177.20          -0.038496
177.40          -0.038422
177.60          -0.038353
177.80          -0.038289
178.00          -0.038229
178.20          -0.038174
178.40          -0.038123
178.60          -0.038077
178.80          -0.038035
179.00          -0.037997
179.20          -0.037963
179.40          -0.037933
179.60          -0.037907
179.80          -0.037885
180.00          -0.037867
180.20          -0.037853
180.40          -0.037842
180.60          -0.037835
180.80          -0.037832
181.00          -0.037833
181.20          -0.037837
181.40          -0.037844
181.60          -0.037855
181.80          -0.037869
182.00          -0.037886
182.20          -0.037907
182.40          -0.037931
182.60          -0.037959
182.80          -0.037989
183.00          -0.038023
183.20          -0.038059
183.40          -0.038099
183.60          -0.038142
183.80          -0.038188
184.00          -0.038236
184.20          -0.038288
184.40          -0.038343
184.60          -0.038400
184.80          -0.038461
185.00          -0.038524
185.20          -0.038590
185.40          -0.038658
185.60          -0.038730
185.80          -0.038804
186.00          -0.038881
186.20          -0.038961
186.40          -0.039043
186.60          -0.039128
186.80          -0.039215
187.00          -0.039305
187.20          -0.039398
187.40          -0.039493
187.60          -0.039591
187.80          -0.039691
188.00          -0.039794
188.20          -0.039900
188.40          -0.040007
188.60          -0.040118
188.80          -0.040231
189.00          -0.040346
189.20          -0.040463
189.40          -0.040584
189.60          -0.040706
189.80          -0.040831
190.00          -0.040958
190.20          -0.041088
190.40          -0.041220
190.60          -0.041354
190.80          -0.041491
191.00          -0.041630
191.20          -0.041772
191.40          -0.041915
191.60          -0.042062
191.80          -0.042210
192.00          -0.042361
192.20          -0.042514
192.40          -0.042669
192.60          -0.042827
192.80          -0.042987
193.00          -0.043149
193.20          -0.043313
193.40          -0.043480
193.60          -0.043649
193.80          -0.043821
194.00          -0.043994
194.20          -0.044170
194.40          -0.044348
194.60          -0.044528
194.80          -0.044711
195.00          -0.044896
195.20          -0.045083
195.40          -0.045272
195.60          -0.045464
195.80          -0.045658
196.00          -0.045854
196.20          -0.046052
196.40          -0.046253
196.60          -0.046456
196.80          -0.046661
197.00          -0.046868
197.20          -0.047078
197.40          -0.047290
197.60          -0.047504
197.80          -0.047721
198.00          -0.047939
198.20          -0.048160
198.40          -0.048384
198.60          -0.048609
198.80          -0.048837
199.00          -0.049068
199.20          -0.049300
199.40          -0.049535
199.60          -0.049773
199.80          -0.050013
200.00          -0.050255
200.20          -0.050500
200.40          -0.050748
200.60          -0.050998
200.80          -0.051250
201.00          -0.051506
201.20          -0.051764
201.40          -0.052025
201.60          -0.052289
201.80          -0.052557
202.00          -0.052828
202.20          -0.053102
202.40          -0.053380
202.60          -0.053663
202.80          -0.053950
203.00          -0.054243
203.20          -0.054541
203.40          -0.054846
203.60          -0.055160
203.80          -0.055484
204.00          -0.055821
204.20          -0.056174
204.40          -0.056550
204.60          -0.056958
204.80          -0.057412
205.00          -0.057942
205.20          -0.058601
205.40          -0.059514
205.60          -0.061013
205.80          -0.064331
206.00          -0.078070
206.20          -1.3812
206.40          -0.072091
206.60          -0.060724
206.80          -0.059403
207.00          -0.059287
207.20          -0.059462
207.40          -0.059730
207.60          -0.060034
207.80          -0.060352
208.00          -0.060677
208.20          -0.061005
208.40          -0.061333
208.60          -0.061662
208.80          -0.061991
209.00          -0.062320
209.20          -0.062649
209.40          -0.062978
209.60          -0.063307
209.80          -0.063637
210.00          -0.063966
210.20          -0.064296
210.40          -0.064626
210.60          -0.064956
210.80          -0.065286
211.00          -0.065617
211.20          -0.065948
211.40          -0.066280
211.60          -0.066612
211.80          -0.066944
212.00          -0.067276
212.20          -0.067609
212.40          -0.067942
212.60          -0.068275
212.80          -0.068608
213.00          -0.068941
213.20          -0.069275
213.40          -0.069608
213.60          -0.069942
213.80          -0.070275
214.00          -0.070608
214.20          -0.070941
214.40          -0.071274
214.60          -0.071607
214.80          -0.071939
215.00          -0.072271
215.20          -0.072602
215.40          -0.072933
215.60          -0.073263
215.80          -0.073593
216.00          -0.073922
216.20          -0.074250
216.40          -0.074577
216.60          -0.074904
216.80          -0.075229
217.00          -0.075553
217.20          -0.075876
217.40          -0.076198
217.60          -0.076518
217.80          -0.076837
218.00          -0.077155
218.20          -0.077470
218.40          -0.077785
218.60          -0.078097
218.80          -0.078407
219.00          -0.078716
219.20          -0.079022
219.40          -0.079326
219.60          -0.079628
219.80          -0.079928
220.00          -0.080225
220.20          -0.080519
220.40          -0.080810
220.60          -0.081099
220.80          -0.081385
221.00          -0.081667
221.20          -0.081947
221.40          -0.082223
221.60          -0.082495
221.80          -0.082764
222.00          -0.083029
222.20          -0.083290
222.40          -0.083546
222.60          -0.083799
222.80          -0.084047
223.00          -0.084290
223.20          -0.084529
223.40          -0.084763
223.60          -0.084991
223.80          -0.085214
224.00          -0.085432
224.20          -0.085645
224.40          -0.085852
224.60          -0.086053
224.80          -0.086248
225.00          -0.086438
