175.00          -0.070294
175.20          -0.072850
175.40          -0.075626
175.60          -0.078648
175.80          -0.081945
176.00          -0.085553
176.20          -0.089513
176.40          -0.093871
176.60          -0.098684
176.80          -0.10402
177.00          -0.10995
177.20          -0.11656
177.40          -0.12397
177.60          -0.13231
177.80          -0.14173
178.00          -0.15243
178.20          -0.16462
178.40          -0.17859
178.60          -0.19467
178.80          -0.21329
179.00          -0.23494
179.20          -0.26025
179.40          -0.28994
179.60          -0.32490
179.80          -0.36613
180.00          -0.41471
180.20          -0.47165
180.40          -0.53766
180.60          -0.61256
180.80          -0.69448
181.00          -0.77881
181.20          -0.85730
181.40          -0.91842
181.60          -0.95014
181.80          -0.94471
182.00          -0.90270
182.20          -0.83277
182.40          -0.74749
182.60          -0.65845
182.80          -0.57365
183.00          -0.49736
183.20          -0.43102
183.40          -0.37449
183.60          -0.32682
183.80          -0.28679
184.00          -0.25320
184.20          -0.22495
184.40          -0.20111
184.60          -0.18090
184.80          -0.16370
185.00          -0.14896
185.20          -0.13629
185.40          -0.12533
185.60          -0.11581
185.80          -0.10749
186.00          -0.10020
186.20          -0.093775
186.40          -0.088096
186.60          -0.083054
186.80          -0.078562
187.00          -0.074547
187.20          -0.070945
187.40          -0.067705
187.60          -0.064782
187.80          -0.062137
188.00          -0.059738
188.20          -0.057557
188.40          -0.055569
188.60          -0.053754
188.80          -0.052092
189.00          -0.050568
189.20          -0.049168
189.40          -0.047879
189.60          -0.046691
189.80          -0.045594
190.00          -0.044579
190.20          -0.043640
190.40          -0.042768
190.60          -0.041959
190.80          -0.041207
191.00          -0.040507
191.20          -0.039854
191.40          -0.039246
191.60          -0.038677
191.80          -0.038146
192.00          -0.037649
192.20          -0.037184
192.40          -0.036748
192.60          -0.036339
192.80          -0.035956
193.00          -0.035595
193.20          -0.035257
193.40          -0.034939
193.60          -0.034639
193.80          -0.034357
194.00          -0.034092
194.20          -0.033842
194.40          -0.033606
194.60          -0.033384
194.80          -0.033174
195.00          -0.032977
195.20          -0.032790
195.40          -0.032614
195.60          -0.032447
195.80          -0.032290
196.00          -0.032141
196.20          -0.032001
196.40          -0.031868
196.60          -0.031743
196.80          -0.031624
197.00          -0.031512
197.20          -0.031407
197.40          -0.031306
197.60          -0.031212
197.80          -0.031123
198.00          -0.031038
198.20          -0.030958
198.40          -0.030883
198.60          -0.030812
198.80          -0.030745
199.00          -0.030682
199.20          -0.030622
199.40          -0.030566
199.60          -0.030513
199.80          -0.030463
200.00          -0.030416
200.20          -0.030371
200.40          -0.030330
200.60          -0.030291
200.80          -0.030254
201.00          -0.030220
201.20          -0.030188
201.40          -0.030158
201.60          -0.030130
201.80          -0.030104
202.00          -0.030080
202.20          -0.030057
202.40          -0.030036
202.60          -0.030017
202.80          -0.029999
203.00          -0.029983
203.20          -0.029968
203.40          -0.029954
203.60          -0.029942
203.80          -0.029930
204.00          -0.029920
204.20          -0.029911
204.40          -0.029903
204.60          -0.029897
204.80          -0.029891
205.00          -0.029886
205.20          -0.029882
205.40          -0.029879
205.60          -0.029878
205.80          -0.029880
206.00          -0.029893
206.20          -0.030698
206.40          -0.029879
206.60          -0.029869
206.80          -0.029869
207.00          -0.029871
207.20          -0.029873
207.40          -0.029876
207.60          -0.029879
207.80          -0.029883
208.00          -0.029887
208.20          -0.029892
208.40          -0.029897
208.60          -0.029902
208.80          -0.029908
209.00          -0.029914
209.20          -0.029920
209.40          -0.029927
209.60          -0.029934
209.80          -0.029941
210.00          -0.029948
210.20          -0.029956
210.40          -0.029964
210.60          -0.029972
210.80          -0.029980
211.00          -0.029988
211.20          -0.029997
211.40          -0.030005
211.60          -0.030014
211.80          -0.030023
212.00          -0.030032
212.20          -0.030041
212.40          -0.030050
212.60          -0.030059
212.80          -0.030069
213.00          -0.030078
213.20          -0.030087
213.40          -0.030097
213.60          -0.030106
213.80          -0.030116
214.00          -0.030126
214.20          -0.030135
214.40          -0.030145
214.60          -0.030154
214.80          -0.030164
215.00          -0.030173
215.20          -0.030183
215.40          -0.030192
215.60          -0.030202
215.80          -0.030211
216.00          -0.030221
216.20          -0.030230
216.40          -0.030239
216.60          -0.030248
216.80          -0.030257
217.00          -0.030266
217.20          -0.030275
217.40          -0.030284
217.60          -0.030293
217.80          -0.030302
218.00          -0.030310
218.20          -0.030319
218.40          -0.030327
218.60          -0.030336
218.80          -0.030344
219.00          -0.030352
219.20          -0.030360
219.40          -0.030368
219.60          -0.030375
219.80          -0.030383
220.00          -0.030390
220.20          -0.030398
220.40          -0.030405
220.60          -0.030412
220.80          -0.030419
221.00          -0.030426
221.20          -0.030432
221.40          -0.030439
221.60          -0.030445
221.80          -0.030451
222.00          -0.030457
222.20          -0.030463
222.40          -0.030469
222.60          -0.030474
222.80          -0.030479
223.00          -0.030485
223.20          -0.030490
223.40          -0.030494
223.60          -0.030499
223.80          -0.030503
224.00          -0.030508
224.20          -0.030512
224.40          -0.030516
224.60          -0.030520
224.80          -0.030523
225.00          -0.030526
