175.00          -0.030083
175.20          -0.030148
175.40          -0.030213
175.60          -0.030277
175.80          -0.030343
176.00          -0.030408
176.20          -0.030474
176.40          -0.030540
176.60          -0.030606
176.80          -0.030672
177.00          -0.030739
177.20          -0.030806
177.40          -0.030873
177.60          -0.030940
177.80          -0.031008
178.00          -0.031076
178.20          -0.031144
178.40          -0.031213
178.60          -0.031281
178.80          -0.031350
179.00          -0.031420
179.20          -0.031489
179.40          -0.031559
179.60          -0.031630
179.80          -0.031700
180.00          -0.031771
180.20          -0.031842
180.40          -0.031914
180.60          -0.031986
180.80          -0.032058
181.00          -0.032130
181.20          -0.032203
181.40          -0.032276
181.60          -0.032350
181.80          -0.032424
182.00          -0.032498
182.20          -0.032573
182.40          -0.032648
182.60          -0.032723
182.80          -0.032799
183.00          -0.032875
183.20          -0.032952
183.40          -0.033029
183.60          -0.033106
183.80          -0.033184
184.00          -0.033263
184.20          -0.033342
184.40          -0.033421
184.60          -0.033501
184.80          -0.033581
185.00          -0.033662
185.20          -0.033743
185.40          -0.033824
185.60          -0.033907
185.80          -0.033990
186.00          -0.034073
186.20          -0.034157
186.40          -0.034241
186.60          -0.034327
186.80          -0.034412
187.00          -0.034499
187.20          -0.034586
187.40          -0.034673
187.60          -0.034762
187.80          -0.034851
188.00          -0.034941
188.20          -0.035031
188.40          -0.035123
188.60          -0.035215
188.80          -0.035308
189.00          -0.035401
189.20          -0.035496
189.40          -0.035592
189.60          -0.035688
189.80          -0.035786
190.00          -0.035884
190.20          -0.035984
190.40          -0.036084
190.60          -0.036186
190.80          -0.036289
191.00          -0.036393
191.20          -0.036498
191.40          -0.036605
191.60          -0.036713
191.80          -0.036822
192.00          -0.036933
192.20          -0.037045
192.40          -0.037159
192.60          -0.037274
192.80          -0.037392
193.00          -0.037511
193.20          -0.037632
193.40          -0.037755
193.60          -0.037880
193.80          -0.038007
194.00          -0.038137
194.20          -0.038269
194.40          -0.038404
194.60          -0.038541
194.80          -0.038681
195.00          -0.038824
195.20          -0.038971
195.40          -0.039121
195.60          -0.039274
195.80          -0.039431
196.00          -0.039592
196.20          -0.039758
196.40          -0.039928
196.60          -0.040103
196.80          -0.040284
197.00          -0.040470
197.20          -0.040662
197.40          -0.040861
197.60          -0.041067
197.80          -0.041280
198.00          -0.041502
198.20          -0.041733
198.40          -0.041973
198.60          -0.042224
198.80          -0.042487
199.00          -0.042763
199.20          -0.043053
199.40          -0.043358
199.60          -0.043681
199.80          -0.044023
200.00          -0.044387
200.20          -0.044774
200.40          -0.045189
200.60          -0.045635
200.80          -0.046116
201.00          -0.046637
201.20          -0.047205
201.40          -0.047826
201.60          -0.048511
201.80          -0.049272
202.00          -0.050121
202.20          -0.051079
202.40          -0.052170
202.60          -0.053425
202.80          -0.054887
203.00          -0.056617
203.20          -0.058698
203.40          -0.061254
203.60          -0.064470
203.80          -0.068643
204.00          -0.074268
204.20          -0.082233
204.40          -0.094279
204.60          -0.11425
204.80          -0.15227
205.00          -0.24330
205.20          -0.58906
205.40          -6.0516
205.60          -1.0063
205.80          -0.20434
206.00          -0.095937
206.20          -0.065803
206.40          -0.054969
206.60          -0.050937
206.80          -0.049927
207.00          -0.050564
207.20          -0.052321
207.40          -0.055049
207.60          -0.058814
207.80          -0.063874
208.00          -0.070719
208.20          -0.080211
208.40          -0.093887
208.60          -0.11464
208.80          -0.14841
209.00          -0.20887
209.20          -0.33309
209.40          -0.64767
209.60          -1.7225
209.80          -4.0717
210.00          -1.6053
210.20          -0.60926
210.40          -0.31548
210.60          -0.19892
210.80          -0.14225
211.00          -0.11077
211.20          -0.091607
211.40          -0.079134
211.60          -0.070598
211.80          -0.064524
212.00          -0.060067
212.20          -0.056713
212.40          -0.054137
212.60          -0.052125
212.80          -0.050532
213.00          -0.049256
213.20          -0.048224
213.40          -0.047383
213.60          -0.046692
213.80          -0.046124
214.00          -0.045654
214.20          -0.045264
214.40          -0.044941
214.60          -0.044674
214.80          -0.044453
215.00          -0.044272
215.20          -0.044124
215.40          -0.044004
215.60          -0.043910
215.80          -0.043836
216.00          -0.043781
216.20          -0.043742
216.40          -0.043717
216.60          -0.043704
216.80          -0.043703
217.00          -0.043711
217.20          -0.043727
217.40          -0.043751
217.60          -0.043782
217.80          -0.043819
218.00          -0.043861
218.20          -0.043909
218.40          -0.043960
218.60          -0.044016
218.80          -0.044076
219.00          -0.044138
219.20          -0.044204
219.40          -0.044272
219.60          -0.044343
219.80          -0.044417
220.00          -0.044492
220.20          -0.044569
220.40          -0.044649
220.60          -0.044729
220.80          -0.044812
221.00          -0.044896
221.20          -0.044981
221.40          -0.045067
221.60          -0.045155
221.80          -0.045243
222.00          -0.045333
222.20          -0.045424
222.40          -0.045515
222.60          -0.045608
222.80          -0.045701
223.00          -0.045795
223.20          -0.045890
223.40          -0.045986
223.60          -0.046082
223.80          -0.046179
224.00          -0.046277
224.20          -0.046375
224.40          -0.046474
224.60          -0.046573
224.80          -0.046674
225.00          -0.046774
