175.00          -0.34803
175.20          -0.36273
175.40          -0.37796
175.60          -0.39362
175.80          -0.40959
176.00          -0.42572
176.20          -0.44181
176.40          -0.45760
176.60          -0.47281
176.80          -0.48711
177.00          -0.50013
177.20          -0.51147
177.40          -0.52076
177.60          -0.52763
177.80          -0.53175
178.00          -0.53290
178.20          -0.53092
178.40          -0.52581
178.60          -0.51764
178.80          -0.50663
179.00          -0.49310
179.20          -0.47743
179.40          -0.46005
179.60          -0.44140
179.80          -0.42191
180.00          -0.40200
180.20          -0.38200
180.40          -0.36223
180.60          -0.34293
180.80          -0.32427
181.00          -0.30641
181.20          -0.28942
181.40          -0.27337
181.60          -0.25827
181.80          -0.24413
182.00          -0.23093
182.20          -0.21864
182.40          -0.20722
182.60          -0.19663
182.80          -0.18681
183.00          -0.17773
183.20          -0.16932
183.40          -0.16155
183.60          -0.15436
183.80          -0.14771
184.00          -0.14156
184.20          -0.13587
184.40          -0.13061
184.60          -0.12574
184.80          -0.12122
185.00          -0.11704
185.20          -0.11317
185.40          -0.10958
185.60          -0.10624
185.80          -0.10315
186.00          -0.10027
186.20          -0.097598
186.40          -0.095114
186.60          -0.092804
186.80          -0.090654
187.00          -0.088653
187.20          -0.086789
187.40          -0.085053
187.60          -0.083435
187.80          -0.081928
188.00          -0.080522
188.20          -0.079212
188.40          -0.077990
188.60          -0.076850
188.80          -0.075787
189.00          -0.074796
189.20          -0.073872
189.40          -0.073010
189.60          -0.072207
189.80          -0.071459
190.00          -0.070762
190.20          -0.070113
190.40          -0.069510
190.60          -0.068949
190.80          -0.068428
191.00          -0.067944
191.20          -0.067496
191.40          -0.067080
191.60          -0.066697
191.80          -0.066342
192.00          -0.066016
192.20          -0.065716
192.40          -0.065440
192.60          -0.065189
192.80          -0.064959
193.00          -0.064751
193.20          -0.064562
193.40          -0.064393
193.60          -0.064241
193.80          -0.064107
194.00          -0.063988
194.20          -0.063886
194.40          -0.063797
194.60          -0.063723
194.80          -0.063662
195.00          -0.063614
195.20          -0.063577
195.40          -0.063553
195.60          -0.063539
195.80          -0.063536
196.00          -0.063543
196.20          -0.063559
196.40          -0.063585
196.60          -0.063619
196.80          -0.063663
197.00          -0.063714
197.20          -0.063773
197.40          -0.063840
197.60          -0.063914
197.80          -0.063995
198.00          -0.064084
198.20          -0.064178
198.40          -0.064280
198.60          -0.064387
198.80          -0.064501
199.00          -0.064621
199.20          -0.064746
199.40          -0.064878
199.60          -0.065015
199.80          -0.065158
200.00          -0.065307
200.20          -0.065461
200.40          -0.065622
200.60          -0.065788
200.80          -0.065960
201.00          -0.066138
201.20          -0.066323
201.40          -0.066515
201.60          -0.066714
201.80          -0.066920
202.00          -0.067135
202.20          -0.067359
202.40          -0.067594
202.60          -0.067840
202.80          -0.068099
203.00          -0.068374
203.20          -0.068668
203.40          -0.068983
203.60          -0.069327
203.80          -0.069705
204.00          -0.070128
204.20          -0.070610
204.40          -0.071175
204.60          -0.071857
204.80          -0.072716
205.00          -0.073856
205.20          -0.075481
205.40          -0.078041
205.60          -0.082723
205.80          -0.093702
206.00          -0.13712
206.20          -1.8713
206.40          -0.14268
206.60          -0.078697
206.80          -0.071176
207.00          -0.069489
207.20          -0.069126
207.40          -0.069174
207.60          -0.069372
207.80          -0.069628
208.00          -0.069905
208.20          -0.070188
208.40          -0.070471
208.60          -0.070750
208.80          -0.071024
209.00          -0.071294
209.20          -0.071560
209.40          -0.071821
209.60          -0.072078
209.80          -0.072332
210.00          -0.072583
210.20          -0.072831
210.40          -0.073076
210.60          -0.073319
210.80          -0.073561
211.00          -0.073800
211.20          -0.074038
211.40          -0.074274
211.60          -0.074510
211.80          -0.074743
212.00          -0.074976
212.20          -0.075208
212.40          -0.075439
212.60          -0.075669
212.80          -0.075898
213.00          -0.076127
213.20          -0.076354
213.40          -0.076581
213.60          -0.076808
213.80          -0.077034
214.00          -0.077259
214.20          -0.077484
214.40          -0.077708
214.60          -0.077931
214.80          -0.078154
215.00          -0.078377
215.20          -0.078599
215.40          -0.078820
215.60          -0.079041
215.80          -0.079262
216.00          -0.079482
216.20          -0.079702
216.40          -0.079921
216.60          -0.080139
216.80          -0.080358
217.00          -0.080575
217.20          -0.080792
217.40          -0.081009
217.60          -0.081225
217.80          -0.081441
218.00          -0.081656
218.20          -0.081870
218.40          -0.082084
218.60          -0.082298
218.80          -0.082511
219.00          -0.082723
219.20          -0.082935
219.40          -0.083146
219.60          -0.083357
219.80          -0.083567
220.00          -0.083777
220.20          -0.083986
220.40          -0.084194
220.60          -0.084402
220.80          -0.084609
221.00          -0.084815
221.20          -0.085021
221.40          -0.085227
221.60          -0.085431
221.80          -0.085635
222.00          -0.085838
222.20          -0.086041
222.40          -0.086243
222.60          -0.086445
222.80          -0.086645
223.00          -0.086846
223.20          -0.087045
223.40          -0.087244
223.60          -0.087443
223.80          -0.087641
224.00          -0.087839
224.20          -0.088036
224.40          -0.088233
224.60          -0.088429
224.80          -0.088626
225.00          -0.088823
