175.00          -0.14914
175.20          -0.15288
175.40          -0.15679
175.60          -0.16088
175.80          -0.16517
176.00          -0.16966
176.20          -0.17436
176.40          -0.17927
176.60          -0.18443
176.80          -0.18982
177.00          -0.19546
177.20          -0.20136
177.40          -0.20753
177.60          -0.21398
177.80          -0.22071
178.00          -0.22772
178.20          -0.23502
178.40          -0.24260
178.60          -0.25046
178.80          -0.25859
179.00          -0.26698
179.20          -0.27559
179.40          -0.28439
179.60          -0.29336
179.80          -0.30243
180.00          -0.31154
180.20          -0.32062
180.40          -0.32958
180.60          -0.33832
180.80          -0.34674
181.00          -0.35469
181.20          -0.36206
181.40          -0.36871
181.60          -0.37449
181.80          -0.37927
182.00          -0.38292
182.20          -0.38534
182.40          -0.38643
182.60          -0.38614
182.80          -0.38443
183.00          -0.38131
183.20          -0.37682
183.40          -0.37102
183.60          -0.36403
183.80          -0.35597
184.00          -0.34697
184.20          -0.33720
184.40          -0.32682
184.60          -0.31598
184.80          -0.30483
185.00          -0.29352
185.20          -0.28216
185.40          -0.27088
185.60          -0.25977
185.80          -0.24889
186.00          -0.23833
186.20          -0.22812
186.40          -0.21829
186.60          -0.20888
186.80          -0.19990
187.00          -0.19135
187.20          -0.18324
187.40          -0.17556
187.60          -0.16829
187.80          -0.16144
188.00          -0.15498
188.20          -0.14889
188.40          -0.14316
188.60          -0.13777
188.80          -0.13271
189.00          -0.12796
189.20          -0.12349
189.40          -0.11929
189.60          -0.11535
189.80          -0.11165
190.00          -0.10818
190.20          -0.10492
190.40          -0.10185
190.60          -0.098970
190.80          -0.096263
191.00          -0.093719
191.20          -0.091327
191.40          -0.089077
191.60          -0.086961
191.80          -0.084970
192.00          -0.083096
192.20          -0.081332
192.40          -0.079670
192.60          -0.078105
192.80          -0.076631
193.00          -0.075242
193.20          -0.073933
193.40          -0.072699
193.60          -0.071535
193.80          -0.070438
194.00          -0.069403
194.20          -0.068427
194.40          -0.067507
194.60          -0.066639
194.80          -0.065820
195.00          -0.065048
195.20          -0.064319
195.40          -0.063633
195.60          -0.062986
195.80          -0.062376
196.00          -0.061801
196.20          -0.061260
196.40          -0.060751
196.60          -0.060272
196.80          -0.059821
197.00          -0.059398
197.20          -0.059001
197.40          -0.058628
197.60          -0.058279
197.80          -0.057953
198.00          -0.057648
198.20          -0.057364
198.40          -0.057100
198.60          -0.056855
198.80          -0.056628
199.00          -0.056420
199.20          -0.056228
199.40          -0.056053
199.60          -0.055894
199.80          -0.055751
200.00          -0.055623
200.20          -0.055511
200.40          -0.055414
200.60          -0.055332
200.80          -0.055264
201.00          -0.055212
201.20          -0.055176
201.40          -0.055155
201.60          -0.055151
201.80          -0.055163
202.00          -0.055194
202.20          -0.055245
202.40          -0.055317
202.60          -0.055412
202.80          -0.055534
203.00          -0.055686
203.20          -0.055874
203.40          -0.056104
203.60          -0.056386
203.80          -0.056733
204.00          -0.057162
204.20          -0.057701
204.40          -0.058390
204.60          -0.059292
204.80          -0.060514
205.00          -0.062245
205.20          -0.064852
205.40          -0.069144
205.60          -0.077252
205.80          -0.096629
206.00          -0.17324
206.20          -2.7774
206.40          -0.19383
206.60          -0.069949
206.80          -0.055171
207.00          -0.051556
207.20          -0.050481
207.40          -0.050202
207.60          -0.050217
207.80          -0.050349
208.00          -0.050527
208.20          -0.050722
208.40          -0.050919
208.60          -0.051113
208.80          -0.051301
209.00          -0.051483
209.20          -0.051658
209.40          -0.051827
209.60          -0.051990
209.80          -0.052148
210.00          -0.052302
210.20          -0.052452
210.40          -0.052599
210.60          -0.052743
210.80          -0.052884
211.00          -0.053022
211.20          -0.053159
211.40          -0.053294
211.60          -0.053428
211.80          -0.053560
212.00          -0.053691
212.20          -0.053822
212.40          -0.053951
212.60          -0.054080
212.80          -0.054208
213.00          -0.054336
213.20          -0.054463
213.40          -0.054590
213.60          -0.054717
213.80          -0.054844
214.00          -0.054970
214.20          -0.055096
214.40          -0.055223
214.60          -0.055349
214.80          -0.055475
215.00          -0.055601
215.20          -0.055727
215.40          -0.055854
215.60          -0.055980
215.80          -0.056106
216.00          -0.056233
216.20          -0.056359
216.40          -0.056486
216.60          -0.056613
216.80          -0.056740
217.00          -0.056867
217.20          -0.056994
217.40          -0.057122
217.60          -0.057249
217.80          -0.057377
218.00          -0.057505
218.20          -0.057633
218.40          -0.057761
218.60          -0.057890
218.80          -0.058018
219.00          -0.058147
219.20          -0.058276
219.40          -0.058405
219.60          -0.058534
219.80          -0.058664
220.00          -0.058793
220.20          -0.058923
220.40          -0.059053
220.60          -0.059183
220.80          -0.059314
221.00          -0.059444
221.20          -0.059575
221.40          -0.059706
221.60          -0.059837
221.80          -0.059968
222.00          -0.060100
222.20          -0.060231
222.40          -0.060363
222.60          -0.060496
222.80          -0.060628
223.00          -0.060761
223.20          -0.060894
223.40          -0.061027
223.60          -0.061160
223.80          -0.061294
224.00          -0.061428
224.20          -0.061563
224.40          -0.061697
224.60          -0.061832
224.80          -0.061968
225.00          -0.062104
