175.00          -0.24095
175.20          -0.24660
175.40          -0.25224
175.60          -0.25783
175.80          -0.26335
176.00          -0.26874
176.20          -0.27397
176.40          -0.27898
176.60          -0.28371
176.80          -0.28812
177.00          -0.29214
177.20          -0.29572
177.40          -0.29880
177.60          -0.30133
177.80          -0.30326
178.00          -0.30454
178.20          -0.30515
178.40          -0.30505
178.60          -0.30424
178.80          -0.30271
179.00          -0.30046
179.20          -0.29752
179.40          -0.29391
179.60          -0.28969
179.80          -0.28489
180.00          -0.27958
180.20          -0.27381
180.40          -0.26766
180.60          -0.26118
180.80          -0.25445
181.00          -0.24753
181.20          -0.24048
181.40          -0.23336
181.60          -0.22622
181.80          -0.21911
182.00          -0.21207
182.20          -0.20513
182.40          -0.19834
182.60          -0.19170
182.80          -0.18525
183.00          -0.17899
183.20          -0.17294
183.40          -0.16712
183.60          -0.16151
183.80          -0.15613
184.00          -0.15098
184.20          -0.14605
184.40          -0.14134
184.60          -0.13685
184.80          -0.13257
185.00          -0.12849
185.20          -0.12462
185.40          -0.12093
185.60          -0.11742
185.80          -0.11409
186.00          -0.11093
186.20          -0.10793
186.40          -0.10508
186.60          -0.10238
186.80          -0.099818
187.00          -0.097385
187.20          -0.095078
187.40          -0.092889
187.60          -0.090812
187.80          -0.088842
188.00          -0.086972
188.20          -0.085199
188.40          -0.083516
188.60          -0.081919
188.80          -0.080403
189.00          -0.078964
189.20          -0.077598
189.40          -0.076302
189.60          -0.075071
189.80          -0.073901
190.00          -0.072791
190.20          -0.071736
190.40          -0.070734
190.60          -0.069783
190.80          -0.068878
191.00          -0.068019
191.20          -0.067203
191.40          -0.066427
191.60          -0.065690
191.80          -0.064990
192.00          -0.064324
192.20          -0.063692
192.40          -0.063091
192.60          -0.062520
192.80          -0.061978
193.00          -0.061462
193.20          -0.060973
193.40          -0.060509
193.60          -0.060068
193.80          -0.059649
194.00          -0.059252
194.20          -0.058875
194.40          -0.058518
194.60          -0.058180
194.80          -0.057859
195.00          -0.057555
195.20          -0.057268
195.40          -0.056996
195.60          -0.056740
195.80          -0.056497
196.00          -0.056269
196.20          -0.056054
196.40          -0.055851
196.60          -0.055661
196.80          -0.055482
197.00          -0.055315
197.20          -0.055159
197.40          -0.055013
197.60          -0.054877
197.80          -0.054751
198.00          -0.054635
198.20          -0.054528
198.40          -0.054430
198.60          -0.054341
198.80          -0.054261
199.00          -0.054189
199.20          -0.054125
199.40          -0.054069
199.60          -0.054021
199.80          -0.053981
200.00          -0.053950
200.20          -0.053926
200.40          -0.053910
200.60          -0.053902
200.80          -0.053903
201.00          -0.053912
201.20          -0.053930
201.40          -0.053958
201.60          -0.053995
201.80          -0.054043
202.00          -0.054102
202.20          -0.054174
202.40          -0.054260
202.60          -0.054362
202.80          -0.054482
203.00          -0.054623
203.20          -0.054789
203.40          -0.054986
203.60          -0.055220
203.80          -0.055502
204.00          -0.055845
204.20          -0.056270
204.40          -0.056809
204.60          -0.057512
204.80          -0.058461
205.00          -0.059808
205.20          -0.061849
205.40          -0.065251
205.60          -0.071816
205.80          -0.088182
206.00          -0.16027
206.20          -6.7041
206.40          -0.13041
206.60          -0.063673
206.80          -0.054385
207.00          -0.051984
207.20          -0.051246
207.40          -0.051049
207.60          -0.051057
207.80          -0.051149
208.00          -0.051275
208.20          -0.051414
208.40          -0.051555
208.60          -0.051695
208.80          -0.051830
209.00          -0.051962
209.20          -0.052088
209.40          -0.052210
209.60          -0.052328
209.80          -0.052442
210.00          -0.052553
210.20          -0.052660
210.40          -0.052765
210.60          -0.052868
210.80          -0.052968
211.00          -0.053066
211.20          -0.053163
211.40          -0.053258
211.60          -0.053352
211.80          -0.053445
212.00          -0.053536
212.20          -0.053627
212.40          -0.053716
212.60          -0.053805
212.80          -0.053893
213.00          -0.053981
213.20          -0.054067
213.40          -0.054154
213.60          -0.054239
213.80          -0.054325
214.00          -0.054409
214.20          -0.054494
214.40          -0.054578
214.60          -0.054661
214.80          -0.054744
215.00          -0.054827
215.20          -0.054910
215.40          -0.054992
215.60          -0.055074
215.80          -0.055156
216.00          -0.055238
216.20          -0.055319
216.40          -0.055400
216.60          -0.055481
216.80          -0.055561
217.00          -0.055641
217.20          -0.055721
217.40          -0.055801
217.60          -0.055881
217.80          -0.055960
218.00          -0.056039
218.20          -0.056118
218.40          -0.056197
218.60          -0.056275
218.80          -0.056353
219.00          -0.056431
219.20          -0.056509
219.40          -0.056586
219.60          -0.056663
219.80          -0.056740
220.00          -0.056817
220.20          -0.056894
220.40          -0.056970
220.60          -0.057046
220.80          -0.057121
221.00          -0.057197
221.20          -0.057272
221.40          -0.057347
221.60          -0.057422
221.80          -0.057496
222.00          -0.057570
222.20          -0.057644
222.40          -0.057718
222.60          -0.057792
222.80          -0.057865
223.00          -0.057938
223.20          -0.058011
223.40          -0.058084
223.60          -0.058156
223.80          -0.058229
224.00          -0.058301
224.20          -0.058374
224.40          -0.058446
224.60          -0.058519
224.80          -0.058592
225.00          -0.058666
