175.00          -0.034644
175.20          -0.034754
175.40          -0.034865
175.60          -0.034977
175.80          -0.035090
176.00          -0.035203
176.20          -0.035318
176.40          -0.035434
176.60          -0.035550
176.80          -0.035668
177.00          -0.035786
177.20          -0.035906
177.40          -0.036027
177.60          -0.036148
177.80          -0.036271
178.00          -0.036395
178.20          -0.036520
178.40          -0.036646
178.60          -0.036773
178.80          -0.036901
179.00          -0.037031
179.20          -0.037162
179.40          -0.037294
179.60          -0.037427
179.80          -0.037562
180.00          -0.037698
180.20          -0.037835
180.40          -0.037974
180.60          -0.038114
180.80          -0.038255
181.00          -0.038398
181.20          -0.038543
181.40          -0.038689
181.60          -0.038836
181.80          -0.038985
182.00          -0.039136
182.20          -0.039289
182.40          -0.039443
182.60          -0.039599
182.80          -0.039757
183.00          -0.039916
183.20          -0.040078
183.40          -0.040241
183.60          -0.040407
183.80          -0.040574
184.00          -0.040744
184.20          -0.040915
184.40          -0.041089
184.60          -0.041265
184.80          -0.041444
185.00          -0.041624
185.20          -0.041808
185.40          -0.041993
185.60          -0.042181
185.80          -0.042372
186.00          -0.042566
186.20          -0.042762
186.40          -0.042961
186.60          -0.043163
186.80          -0.043368
187.00          -0.043576
187.20          -0.043788
187.40          -0.044002
187.60          -0.044220
187.80          -0.044442
188.00          -0.044667
188.20          -0.044896
188.40          -0.045128
188.60          -0.045365
188.80          -0.045606
189.00          -0.045851
189.20          -0.046100
189.40          -0.046354
189.60          -0.046612
189.80          -0.046875
190.00          -0.047143
190.20          -0.047417
190.40          -0.047695
190.60          -0.047979
190.80          -0.048269
191.00          -0.048565
191.20          -0.048867
191.40          -0.049176
191.60          -0.049491
191.80          -0.049813
192.00          -0.050142
192.20          -0.050479
192.40          -0.050823
192.60          -0.051176
192.80          -0.051537
193.00          -0.051907
193.20          -0.052286
193.40          -0.052675
193.60          -0.053073
193.80          -0.053483
194.00          -0.053903
194.20          -0.054335
194.40          -0.054779
194.60          -0.055235
194.80          -0.055705
195.00          -0.056189
195.20          -0.056688
195.40          -0.057202
195.60          -0.057732
195.80          -0.058280
196.00          -0.058846
196.20          -0.059431
196.40          -0.060037
196.60          -0.060664
196.80          -0.061314
197.00          -0.061988
197.20          -0.062689
197.40          -0.063417
197.60          -0.064174
197.80          -0.064964
198.00          -0.065786
198.20          -0.066646
198.40          -0.067544
198.60          -0.068484
198.80          -0.069470
199.00          -0.070505
199.20          -0.071594
199.40          -0.072740
199.60          -0.073951
199.80          -0.075231
200.00          -0.076587
200.20          -0.078028
200.40          -0.079562
200.60          -0.081200
200.80          -0.082955
201.00          -0.084840
201.20          -0.086873
201.40          -0.089074
201.60          -0.091468
201.80          -0.094084
202.00          -0.096959
202.20          -0.10014
202.40          -0.10368
202.60          -0.10766
202.80          -0.11216
203.00          -0.11733
203.20          -0.12333
203.40          -0.13040
203.60          -0.13890
203.80          -0.14932
204.00          -0.16247
204.20          -0.17965
204.40          -0.20308
204.60          -0.23696
204.80          -0.29000
205.00          -0.38310
205.20          -0.57814
205.40          -1.1301
205.60          -3.6426
205.80          -2.8208
206.00          -0.57344
206.20          -0.21561
206.40          -0.12501
206.60          -0.096434
206.80          -0.087934
207.00          -0.087438
207.20          -0.090668
207.40          -0.095904
207.60          -0.10240
207.80          -0.10986
208.00          -0.11814
208.20          -0.12727
208.40          -0.13730
208.60          -0.14833
208.80          -0.16052
209.00          -0.17405
209.20          -0.18914
209.40          -0.20604
209.60          -0.22504
209.80          -0.24649
210.00          -0.27075
210.20          -0.29820
210.40          -0.32922
210.60          -0.36413
210.80          -0.40309
211.00          -0.44595
211.20          -0.49205
211.40          -0.53995
211.60          -0.58718
211.80          -0.63015
212.00          -0.66438
212.20          -0.68531
212.40          -0.68946
212.60          -0.67570
212.80          -0.64567
213.00          -0.60327
213.20          -0.55343
213.40          -0.50081
213.60          -0.44904
213.80          -0.40049
214.00          -0.35641
214.20          -0.31726
214.40          -0.28296
214.60          -0.25318
214.80          -0.22743
215.00          -0.20523
215.20          -0.18608
215.40          -0.16955
215.60          -0.15525
215.80          -0.14286
216.00          -0.13208
216.20          -0.12268
216.40          -0.11446
216.60          -0.10725
216.80          -0.10090
217.00          -0.095293
217.20          -0.090332
217.40          -0.085929
217.60          -0.082011
217.80          -0.078516
218.00          -0.075392
218.20          -0.072593
218.40          -0.070081
218.60          -0.067822
218.80          -0.065788
219.00          -0.063953
219.20          -0.062296
219.40          -0.060797
219.60          -0.059441
219.80          -0.058213
220.00          -0.057099
220.20          -0.056090
220.40          -0.055175
220.60          -0.054345
220.80          -0.053592
221.00          -0.052910
221.20          -0.052293
221.40          -0.051734
221.60          -0.051230
221.80          -0.050776
222.00          -0.050368
222.20          -0.050003
222.40          -0.049678
222.60          -0.049389
222.80          -0.049136
223.00          -0.048915
223.20          -0.048724
223.40          -0.048563
223.60          -0.048431
223.80          -0.048325
224.00          -0.048246
224.20          -0.048194
224.40          -0.048167
224.60          -0.048168
224.80          -0.048196
225.00          -0.048255
