175.00          -0.17576
175.20          -0.18188
175.40          -0.18841
175.60          -0.19540
175.80          -0.20286
176.00          -0.21086
176.20          -0.21941
176.40          -0.22858
176.60          -0.23840
176.80          -0.24893
177.00          -0.26021
177.20          -0.27229
177.40          -0.28522
177.60          -0.29902
177.80          -0.31374
178.00          -0.32939
178.20          -0.34596
178.40          -0.36341
178.60          -0.38169
178.80          -0.40066
179.00          -0.42017
179.20          -0.43994
179.40          -0.45966
179.60          -0.47891
179.80          -0.49719
180.00          -0.51391
180.20          -0.52845
180.40          -0.54017
180.60          -0.54845
180.80          -0.55280
181.00          -0.55286
181.20          -0.54849
181.40          -0.53977
181.60          -0.52700
181.80          -0.51069
182.00          -0.49146
182.20          -0.47003
182.40          -0.44711
182.60          -0.42338
182.80          -0.39943
183.00          -0.37576
183.20          -0.35276
183.40          -0.33070
183.60          -0.30979
183.80          -0.29013
184.00          -0.27178
184.20          -0.25474
184.40          -0.23900
184.60          -0.22450
184.80          -0.21117
185.00          -0.19894
185.20          -0.18774
185.40          -0.17749
185.60          -0.16810
185.80          -0.15952
186.00          -0.15166
186.20          -0.14446
186.40          -0.13787
186.60          -0.13183
186.80          -0.12629
187.00          -0.12120
187.20          -0.11653
187.40          -0.11223
187.60          -0.10828
187.80          -0.10464
188.00          -0.10128
188.20          -0.098190
188.40          -0.095332
188.60          -0.092692
188.80          -0.090251
189.00          -0.087991
189.20          -0.085899
189.40          -0.083961
189.60          -0.082163
189.80          -0.080496
190.00          -0.078948
190.20          -0.077511
190.40          -0.076175
190.60          -0.074934
190.80          -0.073780
191.00          -0.072706
191.20          -0.071708
191.40          -0.070779
191.60          -0.069915
191.80          -0.069110
192.00          -0.068362
192.20          -0.067666
192.40          -0.067018
192.60          -0.066416
192.80          -0.065856
193.00          -0.065336
193.20          -0.064853
193.40          -0.064405
193.60          -0.063989
193.80          -0.063604
194.00          -0.063248
194.20          -0.062919
194.40          -0.062615
194.60          -0.062335
194.80          -0.062077
195.00          -0.061841
195.20          -0.061625
195.40          -0.061428
195.60          -0.061249
195.80          -0.061087
196.00          -0.060941
196.20          -0.060810
196.40          -0.060693
196.60          -0.060590
196.80          -0.060501
197.00          -0.060423
197.20          -0.060358
197.40          -0.060304
197.60          -0.060260
197.80          -0.060227
198.00          -0.060204
198.20          -0.060190
198.40          -0.060185
198.60          -0.060189
198.80          -0.060201
199.00          -0.060221
199.20          -0.060249
199.40          -0.060285
199.60          -0.060329
199.80          -0.060379
200.00          -0.060437
200.20          -0.060502
200.40          -0.060574
200.60          -0.060653
200.80          -0.060739
201.00          -0.060832
201.20          -0.060933
201.40          -0.061041
201.60          -0.061157
201.80          -0.061281
202.00          -0.061415
202.20          -0.061557
202.40          -0.061711
202.60          -0.061875
202.80          -0.062054
203.00          -0.062247
203.20          -0.062459
203.40          -0.062692
203.60          -0.062951
203.80          -0.063244
204.00          -0.063579
204.20          -0.063970
204.40          -0.064439
204.60          -0.065018
204.80          -0.065763
205.00          -0.066770
205.20          -0.068231
205.40          -0.070566
205.60          -0.074876
205.80          -0.085037
206.00          -0.12510
206.20          -1.6335
206.40          -0.13336
206.60          -0.071136
206.80          -0.063847
207.00          -0.062165
207.20          -0.061752
207.40          -0.061734
207.60          -0.061860
207.80          -0.062043
208.00          -0.062246
208.20          -0.062456
208.40          -0.062665
208.60          -0.062872
208.80          -0.063075
209.00          -0.063274
209.20          -0.063469
209.40          -0.063660
209.60          -0.063848
209.80          -0.064033
210.00          -0.064215
210.20          -0.064394
210.40          -0.064571
210.60          -0.064747
210.80          -0.064920
211.00          -0.065092
211.20          -0.065263
211.40          -0.065433
211.60          -0.065601
211.80          -0.065768
212.00          -0.065935
212.20          -0.066100
212.40          -0.066265
212.60          -0.066429
212.80          -0.066593
213.00          -0.066756
213.20          -0.066918
213.40          -0.067080
213.60          -0.067241
213.80          -0.067402
214.00          -0.067562
214.20          -0.067722
214.40          -0.067882
214.60          -0.068041
214.80          -0.068200
215.00          -0.068359
215.20          -0.068517
215.40          -0.068675
215.60          -0.068833
215.80          -0.068990
216.00          -0.069147
216.20          -0.069304
216.40          -0.069460
216.60          -0.069616
216.80          -0.069772
217.00          -0.069927
217.20          -0.070083
217.40          -0.070238
217.60          -0.070392
217.80          -0.070546
218.00          -0.070700
218.20          -0.070854
218.40          -0.071008
218.60          -0.071161
218.80          -0.071314
219.00          -0.071466
219.20          -0.071618
219.40          -0.071770
219.60          -0.071922
219.80          -0.072073
220.00          -0.072224
220.20          -0.072375
220.40          -0.072526
220.60          -0.072676
220.80          -0.072826
221.00          -0.072975
221.20          -0.073124
221.40          -0.073273
221.60          -0.073422
221.80          -0.073571
222.00          -0.073719
222.20          -0.073867
222.40          -0.074014
222.60          -0.074162
222.80          -0.074309
223.00          -0.074456
223.20          -0.074603
223.40          -0.074750
223.60          -0.074896
223.80          -0.075043
224.00          -0.075189
224.20          -0.075336
224.40          -0.075482
224.60          -0.075629
224.80          -0.075777
225.00          -0.075924
