175.00          -0.049374
175.20          -0.050081
175.40          -0.050836
175.60          -0.051644
175.80          -0.052514
176.00          -0.053454
176.20          -0.054475
176.40          -0.055593
176.60          -0.056826
176.80          -0.058197
177.00          -0.059739
177.20          -0.061494
177.40          -0.063523
177.60          -0.065913
177.80          -0.068794
178.00          -0.072371
178.20          -0.076984
178.40          -0.083236
178.60          -0.092311
178.80          -0.10684
179.00          -0.13386
179.20          -0.19903
179.40          -0.47657
179.60          -17.696
179.80          -0.28623
180.00          -0.083806
180.20          -0.057957
180.40          -0.053361
180.60          -0.053699
180.80          -0.055583
181.00          -0.058062
181.20          -0.060832
181.40          -0.063798
181.60          -0.066944
181.80          -0.070289
182.00          -0.073868
182.20          -0.077729
182.40          -0.081928
182.60          -0.086536
182.80          -0.091635
183.00          -0.097325
183.20          -0.10373
183.40          -0.11100
183.60          -0.11933
183.80          -0.12895
184.00          -0.14019
184.20          -0.15344
184.40          -0.16924
184.60          -0.18832
184.80          -0.21164
185.00          -0.24055
185.20          -0.27692
185.40          -0.32338
185.60          -0.38364
185.80          -0.46284
186.00          -0.56772
186.20          -0.70574
186.40          -0.88088
186.60          -1.0815
186.80          -1.2601
187.00          -1.3327
187.20          -1.2463
187.40          -1.0465
187.60          -0.82352
187.80          -0.63246
188.00          -0.48619
188.20          -0.37881
188.40          -0.30064
188.60          -0.24333
188.80          -0.20076
189.00          -0.16863
189.20          -0.14401
189.40          -0.12485
189.60          -0.10975
189.80          -0.097683
190.00          -0.087939
190.20          -0.079988
190.40          -0.073442
190.60          -0.068008
190.80          -0.063463
191.00          -0.059638
191.20          -0.056399
191.40          -0.053643
191.60          -0.051287
191.80          -0.049264
192.00          -0.047522
192.20          -0.046017
192.40          -0.044713
192.60          -0.043582
192.80          -0.042598
193.00          -0.041743
193.20          -0.040998
193.40          -0.040349
193.60          -0.039785
193.80          -0.039295
194.00          -0.038870
194.20          -0.038503
194.40          -0.038186
194.60          -0.037916
194.80          -0.037685
195.00          -0.037491
195.20          -0.037329
195.40          -0.037197
195.60          -0.037091
195.80          -0.037010
196.00          -0.036950
196.20          -0.036910
196.40          -0.036888
196.60          -0.036882
196.80          -0.036892
197.00          -0.036917
197.20          -0.036954
197.40          -0.037004
197.60          -0.037065
197.80          -0.037136
198.00          -0.037218
198.20          -0.037309
198.40          -0.037410
198.60          -0.037519
198.80          -0.037636
199.00          -0.037762
199.20          -0.037895
199.40          -0.038037
199.60          -0.038185
199.80          -0.038342
200.00          -0.038506
200.20          -0.038678
200.40          -0.038857
200.60          -0.039045
200.80          -0.039241
201.00          -0.039445
201.20          -0.039659
201.40          -0.039882
201.60          -0.040115
201.80          -0.040360
202.00          -0.040617
202.20          -0.040887
202.40          -0.041173
202.60          -0.041476
202.80          -0.041800
203.00          -0.042149
203.20          -0.042529
203.40          -0.042953
203.60          -0.043442
203.80          -0.044050
204.00          -0.044927
204.20          -0.046710
204.40          -0.055369
204.60          -0.33925
204.80          -0.052843
205.00          -0.048923
205.20          -0.048752
205.40          -0.049328
205.60          -0.050249
205.80          -0.051446
206.00          -0.052941
206.20          -0.054811
206.40          -0.057187
206.60          -0.060286
206.80          -0.064476
207.00          -0.070406
207.20          -0.079323
207.40          -0.093853
207.60          -0.12028
207.80          -0.17596
208.00          -0.30960
208.20          -0.47896
208.40          -0.26719
208.60          -0.11970
208.80          -0.071643
209.00          -0.053828
209.20          -0.046157
209.40          -0.042520
209.60          -0.040713
209.80          -0.039821
210.00          -0.039420
210.20          -0.039295
210.40          -0.039333
210.60          -0.039469
210.80          -0.039665
211.00          -0.039897
211.20          -0.040153
211.40          -0.040422
211.60          -0.040699
211.80          -0.040980
212.00          -0.041263
212.20          -0.041547
212.40          -0.041829
212.60          -0.042111
212.80          -0.042390
213.00          -0.042668
213.20          -0.042945
213.40          -0.043219
213.60          -0.043492
213.80          -0.043764
214.00          -0.044034
214.20          -0.044303
214.40          -0.044572
214.60          -0.044839
214.80          -0.045106
215.00          -0.045373
215.20          -0.045639
215.40          -0.045906
215.60          -0.046172
215.80          -0.046439
216.00          -0.046707
216.20          -0.046975
216.40          -0.047243
216.60          -0.047513
216.80          -0.047784
217.00          -0.048057
217.20          -0.048330
217.40          -0.048606
217.60          -0.048883
217.80          -0.049162
218.00          -0.049443
218.20          -0.049726
218.40          -0.050012
218.60          -0.050300
218.80          -0.050590
219.00          -0.050884
219.20          -0.051180
219.40          -0.051480
219.60          -0.051783
219.80          -0.052089
220.00          -0.052400
220.20          -0.052713
220.40          -0.053031
220.60          -0.053354
220.80          -0.053680
221.00          -0.054011
221.20          -0.054348
221.40          -0.054689
221.60          -0.055035
221.80          -0.055388
222.00          -0.055746
222.20          -0.056110
222.40          -0.056480
222.60          -0.056858
222.80          -0.057242
223.00          -0.057634
223.20          -0.058033
223.40          -0.058441
223.60          -0.058857
223.80          -0.059282
224.00          -0.059716
224.20          -0.060161
224.40          -0.060616
224.60          -0.061081
224.80          -0.061558
225.00          -0.062048
