175.00          -0.079137
175.20          -0.081758
175.40          -0.084645
175.60          -0.087841
175.80          -0.091400
176.00          -0.095390
176.20          -0.099897
176.40          -0.10503
176.60          -0.11094
176.80          -0.11781
177.00          -0.12592
177.20          -0.13564
177.40          -0.14752
177.60          -0.16239
177.80          -0.18157
178.00          -0.20728
178.20          -0.24352
178.40          -0.29820
178.60          -0.38918
178.80          -0.56443
179.00          -0.99273
179.20          -2.5325
179.40          -4.4375
179.60          -0.91181
179.80          -0.27541
180.00          -0.13695
180.20          -0.10151
180.40          -0.097590
180.60          -0.10681
180.80          -0.12358
181.00          -0.14644
181.20          -0.17566
181.40          -0.21258
181.60          -0.25945
181.80          -0.31946
182.00          -0.39668
182.20          -0.49551
182.40          -0.61842
182.60          -0.76048
182.80          -0.90015
183.00          -0.99505
183.20          -1.0024
183.40          -0.91833
183.60          -0.78205
183.80          -0.63870
184.00          -0.51339
184.20          -0.41288
184.40          -0.33514
184.60          -0.27566
184.80          -0.23007
185.00          -0.19483
185.20          -0.16731
185.40          -0.14557
185.60          -0.12819
185.80          -0.11415
186.00          -0.10269
186.20          -0.093243
186.40          -0.085396
186.60          -0.078824
186.80          -0.073282
187.00          -0.068576
187.20          -0.064559
187.40          -0.061111
187.60          -0.058138
187.80          -0.055563
188.00          -0.053325
188.20          -0.051373
188.40          -0.049665
188.60          -0.048167
188.80          -0.046851
189.00          -0.045691
189.20          -0.044668
189.40          -0.043764
189.60          -0.042966
189.80          -0.042260
190.00          -0.041635
190.20          -0.041083
190.40          -0.040595
190.60          -0.040165
190.80          -0.039786
191.00          -0.039453
191.20          -0.039162
191.40          -0.038907
191.60          -0.038687
191.80          -0.038497
192.00          -0.038335
192.20          -0.038198
192.40          -0.038084
192.60          -0.037991
192.80          -0.037918
193.00          -0.037862
193.20          -0.037823
193.40          -0.037798
193.60          -0.037788
193.80          -0.037790
194.00          -0.037804
194.20          -0.037829
194.40          -0.037865
194.60          -0.037910
194.80          -0.037964
195.00          -0.038027
195.20          -0.038098
195.40          -0.038177
195.60          -0.038262
195.80          -0.038355
196.00          -0.038454
196.20          -0.038559
196.40          -0.038670
196.60          -0.038787
196.80          -0.038910
197.00          -0.039038
197.20          -0.039171
197.40          -0.039310
197.60          -0.039454
197.80          -0.039602
198.00          -0.039756
198.20          -0.039915
198.40          -0.040078
198.60          -0.040247
198.80          -0.040421
199.00          -0.040600
199.20          -0.040785
199.40          -0.040975
199.60          -0.041171
199.80          -0.041373
200.00          -0.041581
200.20          -0.041795
200.40          -0.042017
200.60          -0.042246
200.80          -0.042483
201.00          -0.042729
201.20          -0.042984
201.40          -0.043249
201.60          -0.043526
201.80          -0.043815
202.00          -0.044119
202.20          -0.044439
202.40          -0.044778
202.60          -0.045140
202.80          -0.045529
203.00          -0.045953
203.20          -0.046424
203.40          -0.046963
203.60          -0.047609
203.80          -0.048458
204.00          -0.049787
204.20          -0.052767
204.40          -0.068665
204.60          -0.40722
204.80          -0.060152
205.00          -0.054143
205.20          -0.053676
205.40          -0.054306
205.60          -0.055432
205.80          -0.056954
206.00          -0.058916
206.20          -0.061452
206.40          -0.064807
206.60          -0.069412
206.80          -0.076056
207.00          -0.086314
207.20          -0.10365
207.40          -0.13670
207.60          -0.20850
207.80          -0.34014
208.00          -0.28246
208.20          -0.12739
208.40          -0.071500
208.60          -0.052646
208.80          -0.045396
209.00          -0.042375
209.20          -0.041122
209.40          -0.040683
209.60          -0.040646
209.80          -0.040816
210.00          -0.041095
210.20          -0.041430
210.40          -0.041794
210.60          -0.042169
210.80          -0.042547
211.00          -0.042924
211.20          -0.043295
211.40          -0.043661
211.60          -0.044020
211.80          -0.044372
212.00          -0.044717
212.20          -0.045056
212.40          -0.045390
212.60          -0.045718
212.80          -0.046041
213.00          -0.046360
213.20          -0.046675
213.40          -0.046987
213.60          -0.047296
213.80          -0.047602
214.00          -0.047906
214.20          -0.048208
214.40          -0.048509
214.60          -0.048808
214.80          -0.049106
215.00          -0.049404
215.20          -0.049701
215.40          -0.049999
215.60          -0.050296
215.80          -0.050593
216.00          -0.050891
216.20          -0.051190
216.40          -0.051490
216.60          -0.051791
216.80          -0.052093
217.00          -0.052396
217.20          -0.052701
217.40          -0.053008
217.60          -0.053318
217.80          -0.053629
218.00          -0.053943
218.20          -0.054259
218.40          -0.054578
218.60          -0.054900
218.80          -0.055225
219.00          -0.055553
219.20          -0.055885
219.40          -0.056220
219.60          -0.056559
219.80          -0.056902
220.00          -0.057250
220.20          -0.057602
220.40          -0.057959
220.60          -0.058321
220.80          -0.058688
221.00          -0.059060
221.20          -0.059438
221.40          -0.059822
221.60          -0.060213
221.80          -0.060609
222.00          -0.061013
222.20          -0.061424
222.40          -0.061843
222.60          -0.062269
222.80          -0.062704
223.00          -0.063147
223.20          -0.063600
223.40          -0.064062
223.60          -0.064534
223.80          -0.065017
224.00          -0.065510
224.20          -0.066016
224.40          -0.066534
224.60          -0.067064
224.80          -0.067609
225.00          -0.068168
