175.00          -0.025222
175.20          -0.025264
175.40          -0.025306
175.60          -0.025348
175.80          -0.025390
176.00          -0.025432
176.20          -0.025474
176.40          -0.025517
176.60          -0.025559
176.80          -0.025601
177.00          -0.025644
177.20          -0.025687
177.40          -0.025729
177.60          -0.025772
177.80          -0.025815
178.00          -0.025858
178.20          -0.025901
178.40          -0.025945
178.60          -0.025988
178.80          -0.026031
179.00          -0.026075
179.20          -0.026118
179.40          -0.026162
179.60          -0.026206
179.80          -0.026250
180.00          -0.026293
180.20          -0.026337
180.40          -0.026382
180.60          -0.026426
180.80          -0.026470
181.00          -0.026514
181.20          -0.026559
181.40          -0.026603
181.60          -0.026648
181.80          -0.026693
182.00          -0.026737
182.20          -0.026782
182.40          -0.026827
182.60          -0.026872
182.80          -0.026918
183.00          -0.026963
183.20          -0.027008
183.40          -0.027054
183.60          -0.027099
183.80          -0.027145
184.00          -0.027191
184.20          -0.027237
184.40          -0.027283
184.60          -0.027329
184.80          -0.027375
185.00          -0.027421
185.20          -0.027467
185.40          -0.027514
185.60          -0.027560
185.80          -0.027607
186.00          -0.027654
186.20          -0.027701
186.40          -0.027747
186.60          -0.027794
186.80          -0.027842
187.00          -0.027889
187.20          -0.027936
187.40          -0.027984
187.60          -0.028031
187.80          -0.028079
188.00          -0.028127
188.20          -0.028174
188.40          -0.028222
188.60          -0.028270
188.80          -0.028319
189.00          -0.028367
189.20          -0.028415
189.40          -0.028464
189.60          -0.028512
189.80          -0.028561
190.00          -0.028610
190.20          -0.028659
190.40          -0.028708
190.60          -0.028757
190.80          -0.028806
191.00          -0.028856
191.20          -0.028905
191.40          -0.028955
191.60          -0.029005
191.80          -0.029055
192.00          -0.029105
192.20          -0.029155
192.40          -0.029205
192.60          -0.029255
192.80          -0.029306
193.00          -0.029356
193.20          -0.029407
193.40          -0.029458
193.60          -0.029509
193.80          -0.029560
194.00          -0.029611
194.20          -0.029663
194.40          -0.029714
194.60          -0.029766
194.80          -0.029818
195.00          -0.029870
195.20          -0.029922
195.40          -0.029974
195.60          -0.030027
195.80          -0.030079
196.00          -0.030132
196.20          -0.030185
196.40          -0.030238
196.60          -0.030291
196.80          -0.030345
197.00          -0.030398
197.20          -0.030452
197.40          -0.030506
197.60          -0.030560
197.80          -0.030615
198.00          -0.030669
198.20          -0.030724
198.40          -0.030779
198.60          -0.030834
198.80          -0.030890
199.00          -0.030946
199.20          -0.031002
199.40          -0.031058
199.60          -0.031115
199.80          -0.031171
200.00          -0.031229
200.20          -0.031286
200.40          -0.031344
200.60          -0.031403
200.80          -0.031461
201.00          -0.031521
201.20          -0.031581
201.40          -0.031641
201.60          -0.031702
201.80          -0.031764
202.00          -0.031827
202.20          -0.031890
202.40          -0.031955
202.60          -0.032021
202.80          -0.032088
203.00          -0.032157
203.20          -0.032229
203.40          -0.032303
203.60          -0.032381
203.80          -0.032463
204.00          -0.032552
204.20          -0.032650
204.40          -0.032759
204.60          -0.032889
204.80          -0.033050
205.00          -0.033267
205.20          -0.033600
205.40          -0.034218
205.60          -0.035822
205.80          -0.045027
206.00          -0.13499
206.20          -0.035757
206.40          -0.033453
206.60          -0.033091
206.80          -0.033035
207.00          -0.033060
207.20          -0.033113
207.40          -0.033177
207.60          -0.033245
207.80          -0.033316
208.00          -0.033387
208.20          -0.033459
208.40          -0.033531
208.60          -0.033604
208.80          -0.033676
209.00          -0.033749
209.20          -0.033822
209.40          -0.033895
209.60          -0.033969
209.80          -0.034043
210.00          -0.034117
210.20          -0.034192
210.40          -0.034268
210.60          -0.034345
210.80          -0.034422
211.00          -0.034501
211.20          -0.034581
211.40          -0.034661
211.60          -0.034743
211.80          -0.034827
212.00          -0.034912
212.20          -0.034999
212.40          -0.035087
212.60          -0.035178
212.80          -0.035271
213.00          -0.035367
213.20          -0.035465
213.40          -0.035567
213.60          -0.035672
213.80          -0.035782
214.00          -0.035895
214.20          -0.036014
214.40          -0.036139
214.60          -0.036271
214.80          -0.036410
215.00          -0.036558
215.20          -0.036717
215.40          -0.036888
215.60          -0.037073
215.80          -0.037275
216.00          -0.037497
216.20          -0.037745
216.40          -0.038022
216.60          -0.038338
216.80          -0.038701
217.00          -0.039125
217.20          -0.039628
217.40          -0.040236
217.60          -0.040986
217.80          -0.041935
218.00          -0.043173
218.20          -0.044842
218.40          -0.047195
218.60          -0.050698
218.80          -0.056304
219.00          -0.066228
219.20          -0.086662
219.40          -0.14097
219.60          -0.38774
219.80          -6.8756
220.00          -0.52063
220.20          -0.14603
220.40          -0.081904
220.60          -0.060646
220.80          -0.051232
221.00          -0.046323
221.20          -0.043482
221.40          -0.041717
221.60          -0.040564
221.80          -0.039782
222.00          -0.039239
222.20          -0.038854
222.40          -0.038580
222.60          -0.038383
222.80          -0.038244
223.00          -0.038147
223.20          -0.038082
223.40          -0.038042
223.60          -0.038021
223.80          -0.038016
224.00          -0.038023
224.20          -0.038039
224.40          -0.038064
224.60          -0.038096
224.80          -0.038134
225.00          -0.038176
