175.00          -0.086162
175.20          -0.087556
175.40          -0.089013
175.60          -0.090537
175.80          -0.092132
176.00          -0.093803
176.20          -0.095557
176.40          -0.097399
176.60          -0.099335
176.80          -0.10137
177.00          -0.10352
177.20          -0.10579
177.40          -0.10818
177.60          -0.11071
177.80          -0.11340
178.00          -0.11624
178.20          -0.11926
178.40          -0.12248
178.60          -0.12591
178.80          -0.12956
179.00          -0.13347
179.20          -0.13765
179.40          -0.14214
179.60          -0.14696
179.80          -0.15215
180.00          -0.15774
180.20          -0.16379
180.40          -0.17034
180.60          -0.17744
180.80          -0.18517
181.00          -0.19359
181.20          -0.20278
181.40          -0.21284
181.60          -0.22387
181.80          -0.23600
182.00          -0.24935
182.20          -0.26408
182.40          -0.28036
182.60          -0.29838
182.80          -0.31834
183.00          -0.34046
183.20          -0.36495
183.40          -0.39205
183.60          -0.42194
183.80          -0.45473
184.00          -0.49046
184.20          -0.52897
184.40          -0.56981
184.60          -0.61221
184.80          -0.65487
185.00          -0.69598
185.20          -0.73315
185.40          -0.76361
185.60          -0.78455
185.80          -0.79358
186.00          -0.78930
186.20          -0.77164
186.40          -0.74198
186.60          -0.70277
186.80          -0.65707
187.00          -0.60793
187.20          -0.55803
187.40          -0.50939
187.60          -0.46341
187.80          -0.42088
188.00          -0.38218
188.20          -0.34735
188.40          -0.31627
188.60          -0.28866
188.80          -0.26422
189.00          -0.24261
189.20          -0.22353
189.40          -0.20666
189.60          -0.19174
189.80          -0.17852
190.00          -0.16679
190.20          -0.15637
190.40          -0.14709
190.60          -0.13881
190.80          -0.13140
191.00          -0.12476
191.20          -0.11880
191.40          -0.11344
191.60          -0.10861
191.80          -0.10424
192.00          -0.10030
192.20          -0.096719
192.40          -0.093472
192.60          -0.090521
192.80          -0.087834
193.00          -0.085386
193.20          -0.083152
193.40          -0.081110
193.60          -0.079244
193.80          -0.077535
194.00          -0.075970
194.20          -0.074535
194.40          -0.073218
194.60          -0.072009
194.80          -0.070900
195.00          -0.069880
195.20          -0.068944
195.40          -0.068083
195.60          -0.067292
195.80          -0.066566
196.00          -0.065899
196.20          -0.065287
196.40          -0.064725
196.60          -0.064210
196.80          -0.063739
197.00          -0.063308
197.20          -0.062915
197.40          -0.062557
197.60          -0.062231
197.80          -0.061936
198.00          -0.061669
198.20          -0.061429
198.40          -0.061215
198.60          -0.061023
198.80          -0.060854
199.00          -0.060706
199.20          -0.060578
199.40          -0.060469
199.60          -0.060377
199.80          -0.060302
200.00          -0.060244
200.20          -0.060202
200.40          -0.060174
200.60          -0.060161
200.80          -0.060162
201.00          -0.060178
201.20          -0.060206
201.40          -0.060249
201.60          -0.060305
201.80          -0.060376
202.00          -0.060460
202.20          -0.060560
202.40          -0.060675
202.60          -0.060808
202.80          -0.060958
203.00          -0.061130
203.20          -0.061325
203.40          -0.061547
203.60          -0.061803
203.80          -0.062098
204.00          -0.062444
204.20          -0.062857
204.40          -0.063358
204.60          -0.063985
204.80          -0.064796
205.00          -0.065898
205.20          -0.067489
205.40          -0.070003
205.60          -0.074534
205.80          -0.084702
206.00          -0.12023
206.20          -0.71204
206.40          -0.19466
206.60          -0.073578
206.80          -0.062609
207.00          -0.060248
207.20          -0.059672
207.40          -0.059624
207.60          -0.059762
207.80          -0.059971
208.00          -0.060204
208.20          -0.060446
208.40          -0.060686
208.60          -0.060923
208.80          -0.061155
209.00          -0.061382
209.20          -0.061604
209.40          -0.061822
209.60          -0.062036
209.80          -0.062247
210.00          -0.062454
210.20          -0.062660
210.40          -0.062863
210.60          -0.063064
210.80          -0.063263
211.00          -0.063461
211.20          -0.063658
211.40          -0.063854
211.60          -0.064049
211.80          -0.064244
212.00          -0.064438
212.20          -0.064631
212.40          -0.064824
212.60          -0.065016
212.80          -0.065209
213.00          -0.065401
213.20          -0.065593
213.40          -0.065784
213.60          -0.065976
213.80          -0.066168
214.00          -0.066360
214.20          -0.066551
214.40          -0.066743
214.60          -0.066935
214.80          -0.067127
215.00          -0.067319
215.20          -0.067511
215.40          -0.067703
215.60          -0.067896
215.80          -0.068088
216.00          -0.068281
216.20          -0.068474
216.40          -0.068667
216.60          -0.068860
216.80          -0.069053
217.00          -0.069247
217.20          -0.069440
217.40          -0.069634
217.60          -0.069828
217.80          -0.070023
218.00          -0.070217
218.20          -0.070412
218.40          -0.070606
218.60          -0.070802
218.80          -0.070997
219.00          -0.071192
219.20          -0.071388
219.40          -0.071584
219.60          -0.071780
219.80          -0.071976
220.00          -0.072173
220.20          -0.072369
220.40          -0.072566
220.60          -0.072764
220.80          -0.072961
221.00          -0.073159
221.20          -0.073357
221.40          -0.073555
221.60          -0.073753
221.80          -0.073952
222.00          -0.074151
222.20          -0.074350
222.40          -0.074550
222.60          -0.074750
222.80          -0.074950
223.00          -0.075151
223.20          -0.075352
223.40          -0.075553
223.60          -0.075755
223.80          -0.075957
224.00          -0.076159
224.20          -0.076362
224.40          -0.076566
224.60          -0.076770
224.80          -0.076975
225.00          -0.077181
