175.00          -0.17703
175.20          -0.17914
175.40          -0.18126
175.60          -0.18340
175.80          -0.18555
176.00          -0.18771
176.20          -0.18989
176.40          -0.19208
176.60          -0.19427
176.80          -0.19648
177.00          -0.19869
177.20          -0.20090
177.40          -0.20313
177.60          -0.20535
177.80          -0.20758
178.00          -0.20980
178.20          -0.21203
178.40          -0.21425
178.60          -0.21647
178.80          -0.21868
179.00          -0.22088
179.20          -0.22307
179.40          -0.22526
179.60          -0.22742
179.80          -0.22957
180.00          -0.23171
180.20          -0.23382
180.40          -0.23592
180.60          -0.23798
180.80          -0.24003
181.00          -0.24204
181.20          -0.24403
181.40          -0.24599
181.60          -0.24791
181.80          -0.24979
182.00          -0.25164
182.20          -0.25345
182.40          -0.25521
182.60          -0.25693
182.80          -0.25861
183.00          -0.26024
183.20          -0.26182
183.40          -0.26335
183.60          -0.26483
183.80          -0.26626
184.00          -0.26763
184.20          -0.26894
184.40          -0.27020
184.60          -0.27139
184.80          -0.27253
185.00          -0.27361
185.20          -0.27462
185.40          -0.27557
185.60          -0.27646
185.80          -0.27729
186.00          -0.27805
186.20          -0.27875
186.40          -0.27938
186.60          -0.27995
186.80          -0.28046
187.00          -0.28090
187.20          -0.28129
187.40          -0.28160
187.60          -0.28186
187.80          -0.28206
188.00          -0.28219
188.20          -0.28227
188.40          -0.28229
188.60          -0.28225
188.80          -0.28216
189.00          -0.28201
189.20          -0.28181
189.40          -0.28156
189.60          -0.28126
189.80          -0.28092
190.00          -0.28052
190.20          -0.28009
190.40          -0.27961
190.60          -0.27910
190.80          -0.27854
191.00          -0.27795
191.20          -0.27733
191.40          -0.27668
191.60          -0.27600
191.80          -0.27529
192.00          -0.27456
192.20          -0.27380
192.40          -0.27302
192.60          -0.27223
192.80          -0.27142
193.00          -0.27060
193.20          -0.26976
193.40          -0.26892
193.60          -0.26807
193.80          -0.26722
194.00          -0.26636
194.20          -0.26550
194.40          -0.26464
194.60          -0.26379
194.80          -0.26294
195.00          -0.26210
195.20          -0.26127
195.40          -0.26044
195.60          -0.25964
195.80          -0.25884
196.00          -0.25806
196.20          -0.25730
196.40          -0.25656
196.60          -0.25585
196.80          -0.25515
197.00          -0.25448
197.20          -0.25384
197.40          -0.25322
197.60          -0.25263
197.80          -0.25207
198.00          -0.25155
198.20          -0.25105
198.40          -0.25059
198.60          -0.25017
198.80          -0.24978
199.00          -0.24944
199.20          -0.24913
199.40          -0.24886
199.60          -0.24863
199.80          -0.24845
200.00          -0.24831
200.20          -0.24821
200.40          -0.24817
200.60          -0.24817
200.80          -0.24821
201.00          -0.24831
201.20          -0.24846
201.40          -0.24867
201.60          -0.24893
201.80          -0.24925
202.00          -0.24962
202.20          -0.25006
202.40          -0.25057
202.60          -0.25114
202.80          -0.25180
203.00          -0.25253
203.20          -0.25336
203.40          -0.25429
203.60          -0.25534
203.80          -0.25654
204.00          -0.25792
204.20          -0.25953
204.40          -0.26145
204.60          -0.26379
204.80          -0.26678
205.00          -0.27080
205.20          -0.27665
205.40          -0.28613
205.60          -0.30447
205.80          -0.35294
206.00          -0.62615
206.20          -3.3488
206.40          -0.33228
206.60          -0.26677
206.80          -0.25668
207.00          -0.25485
207.20          -0.25507
207.40          -0.25590
207.60          -0.25692
207.80          -0.25796
208.00          -0.25898
208.20          -0.25994
208.40          -0.26084
208.60          -0.26166
208.80          -0.26240
209.00          -0.26306
209.20          -0.26364
209.40          -0.26413
209.60          -0.26454
209.80          -0.26486
210.00          -0.26508
210.20          -0.26520
210.40          -0.26523
210.60          -0.26515
210.80          -0.26497
211.00          -0.26468
211.20          -0.26428
211.40          -0.26378
211.60          -0.26315
211.80          -0.26242
212.00          -0.26157
212.20          -0.26061
212.40          -0.25954
212.60          -0.25835
212.80          -0.25705
213.00          -0.25564
213.20          -0.25412
213.40          -0.25249
213.60          -0.25076
213.80          -0.24893
214.00          -0.24700
214.20          -0.24498
214.40          -0.24287
214.60          -0.24068
214.80          -0.23840
215.00          -0.23605
215.20          -0.23363
215.40          -0.23114
215.60          -0.22859
215.80          -0.22599
216.00          -0.22334
216.20          -0.22064
216.40          -0.21790
216.60          -0.21513
216.80          -0.21232
217.00          -0.20949
217.20          -0.20664
217.40          -0.20378
217.60          -0.20090
217.80          -0.19801
218.00          -0.19512
218.20          -0.19223
218.40          -0.18934
218.60          -0.18646
218.80          -0.18359
219.00          -0.18073
219.20          -0.17789
219.40          -0.17507
219.60          -0.17226
219.80          -0.16948
220.00          -0.16672
220.20          -0.16399
220.40          -0.16129
220.60          -0.15861
220.80          -0.15597
221.00          -0.15336
221.20          -0.15078
221.40          -0.14823
221.60          -0.14572
221.80          -0.14324
222.00          -0.14080
222.20          -0.13839
222.40          -0.13602
222.60          -0.13368
222.80          -0.13138
223.00          -0.12912
223.20          -0.12690
223.40          -0.12471
223.60          -0.12256
223.80          -0.12044
224.00          -0.11837
224.20          -0.11633
224.40          -0.11433
224.60          -0.11237
224.80          -0.11046
225.00          -0.10858
