175.00          -0.071627
175.20          -0.072026
175.40          -0.072432
175.60          -0.072845
175.80          -0.073265
176.00          -0.073693
176.20          -0.074129
176.40          -0.074572
176.60          -0.075024
176.80          -0.075485
177.00          -0.075956
177.20          -0.076435
177.40          -0.076925
177.60          -0.077425
177.80          -0.077936
178.00          -0.078459
178.20          -0.078993
178.40          -0.079540
178.60          -0.080100
178.80          -0.080673
179.00          -0.081261
179.20          -0.081863
179.40          -0.082482
179.60          -0.083117
179.80          -0.083769
180.00          -0.084440
180.20          -0.085129
180.40          -0.085839
180.60          -0.086571
180.80          -0.087324
181.00          -0.088102
181.20          -0.088905
181.40          -0.089734
181.60          -0.090591
181.80          -0.091478
182.00          -0.092397
182.20          -0.093349
182.40          -0.094337
182.60          -0.095362
182.80          -0.096428
183.00          -0.097537
183.20          -0.098692
183.40          -0.099895
183.60          -0.10115
183.80          -0.10246
184.00          -0.10383
184.20          -0.10527
184.40          -0.10678
184.60          -0.10836
184.80          -0.11002
185.00          -0.11176
185.20          -0.11360
185.40          -0.11555
185.60          -0.11760
185.80          -0.11977
186.00          -0.12207
186.20          -0.12451
186.40          -0.12711
186.60          -0.12988
186.80          -0.13283
187.00          -0.13599
187.20          -0.13937
187.40          -0.14299
187.60          -0.14689
187.80          -0.15110
188.00          -0.15564
188.20          -0.16056
188.40          -0.16589
188.60          -0.17170
188.80          -0.17803
189.00          -0.18496
189.20          -0.19256
189.40          -0.20092
189.60          -0.21015
189.80          -0.22037
190.00          -0.23172
190.20          -0.24437
190.40          -0.25851
190.60          -0.27439
190.80          -0.29226
191.00          -0.31245
191.20          -0.33534
191.40          -0.36135
191.60          -0.39099
191.80          -0.42482
192.00          -0.46344
192.20          -0.50749
192.40          -0.55756
192.60          -0.61405
192.80          -0.67704
193.00          -0.74592
193.20          -0.81905
193.40          -0.89328
193.60          -0.96361
193.80          -1.0234
194.00          -1.0651
194.20          -1.0822
194.40          -1.0714
194.60          -1.0336
194.80          -0.97418
195.00          -0.90053
195.20          -0.82037
195.40          -0.73999
195.60          -0.66368
195.80          -0.59388
196.00          -0.53156
196.20          -0.47680
196.40          -0.42916
196.60          -0.38793
196.80          -0.35234
197.00          -0.32162
197.20          -0.29509
197.40          -0.27213
197.60          -0.25220
197.80          -0.23485
198.00          -0.21970
198.20          -0.20643
198.40          -0.19476
198.60          -0.18447
198.80          -0.17536
199.00          -0.16728
199.20          -0.16008
199.40          -0.15366
199.60          -0.14790
199.80          -0.14274
200.00          -0.13809
200.20          -0.13390
200.40          -0.13011
200.60          -0.12667
200.80          -0.12355
201.00          -0.12072
201.20          -0.11813
201.40          -0.11577
201.60          -0.11362
201.80          -0.11164
202.00          -0.10984
202.20          -0.10818
202.40          -0.10665
202.60          -0.10525
202.80          -0.10395
203.00          -0.10276
203.20          -0.10166
203.40          -0.10065
203.60          -0.099710
203.80          -0.098843
204.00          -0.098041
204.20          -0.097299
204.40          -0.096612
204.60          -0.095976
204.80          -0.095387
205.00          -0.094841
205.20          -0.094336
205.40          -0.093867
205.60          -0.093433
205.80          -0.093032
206.00          -0.092659
206.20          -0.092315
206.40          -0.091996
206.60          -0.091702
206.80          -0.091430
207.00          -0.091179
207.20          -0.090947
207.40          -0.090734
207.60          -0.090538
207.80          -0.090358
208.00          -0.090193
208.20          -0.090042
208.40          -0.089904
208.60          -0.089779
208.80          -0.089665
209.00          -0.089562
209.20          -0.089470
209.40          -0.089387
209.60          -0.089314
209.80          -0.089249
210.00          -0.089192
210.20          -0.089143
210.40          -0.089101
210.60          -0.089065
210.80          -0.089036
211.00          -0.089013
211.20          -0.088996
211.40          -0.088984
211.60          -0.088977
211.80          -0.088975
212.00          -0.088978
212.20          -0.088984
212.40          -0.088995
212.60          -0.089009
212.80          -0.089027
213.00          -0.089049
213.20          -0.089073
213.40          -0.089101
213.60          -0.089131
213.80          -0.089164
214.00          -0.089200
214.20          -0.089237
214.40          -0.089277
214.60          -0.089320
214.80          -0.089364
215.00          -0.089410
215.20          -0.089457
215.40          -0.089507
215.60          -0.089557
215.80          -0.089610
216.00          -0.089663
216.20          -0.089718
216.40          -0.089774
216.60          -0.089831
216.80          -0.089889
217.00          -0.089948
217.20          -0.090008
217.40          -0.090069
217.60          -0.090130
217.80          -0.090192
218.00          -0.090255
218.20          -0.090318
218.40          -0.090382
218.60          -0.090446
218.80          -0.090511
219.00          -0.090576
219.20          -0.090642
219.40          -0.090707
219.60          -0.090773
219.80          -0.090839
220.00          -0.090906
220.20          -0.090972
220.40          -0.091039
220.60          -0.091106
220.80          -0.091172
221.00          -0.091239
221.20          -0.091306
221.40          -0.091373
221.60          -0.091439
221.80          -0.091506
222.00          -0.091573
222.20          -0.091639
222.40          -0.091706
222.60          -0.091772
222.80          -0.091838
223.00          -0.091904
223.20          -0.091970
223.40          -0.092036
223.60          -0.092101
223.80          -0.092166
224.00          -0.092232
224.20          -0.092297
224.40          -0.092361
224.60          -0.092426
224.80          -0.092491
225.00          -0.092555
