175.00          -0.017064
175.20          -0.017114
175.40          -0.017165
175.60          -0.017217
175.80          -0.017269
176.00          -0.017322
176.20          -0.017376
176.40          -0.017431
176.60          -0.017487
176.80          -0.017543
177.00          -0.017600
177.20          -0.017659
177.40          -0.017718
177.60          -0.017778
177.80          -0.017839
178.00          -0.017901
178.20          -0.017964
178.40          -0.018029
178.60          -0.018094
178.80          -0.018160
179.00          -0.018228
179.20          -0.018297
179.40          -0.018367
179.60          -0.018439
179.80          -0.018511
180.00          -0.018585
180.20          -0.018661
180.40          -0.018738
180.60          -0.018816
180.80          -0.018896
181.00          -0.018978
181.20          -0.019061
181.40          -0.019146
181.60          -0.019233
181.80          -0.019322
182.00          -0.019412
182.20          -0.019505
182.40          -0.019600
182.60          -0.019696
182.80          -0.019795
183.00          -0.019896
183.20          -0.020000
183.40          -0.020106
183.60          -0.020214
183.80          -0.020325
184.00          -0.020439
184.20          -0.020556
184.40          -0.020675
184.60          -0.020798
184.80          -0.020924
185.00          -0.021053
185.20          -0.021186
185.40          -0.021322
185.60          -0.021462
185.80          -0.021606
186.00          -0.021755
186.20          -0.021907
186.40          -0.022064
186.60          -0.022226
186.80          -0.022392
187.00          -0.022564
187.20          -0.022741
187.40          -0.022924
187.60          -0.023113
187.80          -0.023307
188.00          -0.023509
188.20          -0.023717
188.40          -0.023933
188.60          -0.024156
188.80          -0.024387
189.00          -0.024626
189.20          -0.024875
189.40          -0.025133
189.60          -0.025400
189.80          -0.025679
190.00          -0.025968
190.20          -0.026269
190.40          -0.026583
190.60          -0.026909
190.80          -0.027250
191.00          -0.027606
191.20          -0.027978
191.40          -0.028366
191.60          -0.028773
191.80          -0.029199
192.00          -0.029646
192.20          -0.030115
192.40          -0.030608
192.60          -0.031126
192.80          -0.031671
193.00          -0.032246
193.20          -0.032853
193.40          -0.033494
193.60          -0.034172
193.80          -0.034891
194.00          -0.035653
194.20          -0.036462
194.40          -0.037323
194.60          -0.038241
194.80          -0.039220
195.00          -0.040267
195.20          -0.041388
195.40          -0.042591
195.60          -0.043884
195.80          -0.045277
196.00          -0.046781
196.20          -0.048408
196.40          -0.050172
196.60          -0.052091
196.80          -0.054183
197.00          -0.056469
197.20          -0.058977
197.40          -0.061735
197.60          -0.064779
197.80          -0.068151
198.00          -0.071900
198.20          -0.076086
198.40          -0.080780
198.60          -0.086067
198.80          -0.092053
199.00          -0.098867
199.20          -0.10667
199.40          -0.11565
199.60          -0.12608
199.80          -0.13825
200.00          -0.15258
200.20          -0.16959
200.40          -0.18996
200.60          -0.21457
200.80          -0.24459
201.00          -0.28157
201.20          -0.32750
201.40          -0.38496
201.60          -0.45704
201.80          -0.54704
202.00          -0.65729
202.20          -0.78639
202.40          -0.92402
202.60          -1.0454
202.80          -1.1139
203.00          -1.1005
203.20          -1.0083
203.40          -0.87036
203.60          -0.72381
203.80          -0.59147
204.00          -0.48148
204.20          -0.39366
204.40          -0.32464
204.60          -0.27057
204.80          -0.22804
205.00          -0.19434
205.20          -0.16739
205.40          -0.14566
205.60          -0.12802
205.80          -0.11376
206.00          -0.10326
206.20          -0.19498
206.40          -0.083735
206.60          -0.074627
206.80          -0.068126
207.00          -0.062659
207.20          -0.057950
207.40          -0.053856
207.60          -0.050273
207.80          -0.047123
208.00          -0.044340
208.20          -0.041872
208.40          -0.039674
208.60          -0.037710
208.80          -0.035951
209.00          -0.034368
209.20          -0.032941
209.40          -0.031652
209.60          -0.030483
209.80          -0.029421
210.00          -0.028454
210.20          -0.027572
210.40          -0.026766
210.60          -0.026027
210.80          -0.025350
211.00          -0.024727
211.20          -0.024154
211.40          -0.023627
211.60          -0.023139
211.80          -0.022689
212.00          -0.022273
212.20          -0.021887
212.40          -0.021529
212.60          -0.021197
212.80          -0.020889
213.00          -0.020602
213.20          -0.020335
213.40          -0.020087
213.60          -0.019855
213.80          -0.019640
214.00          -0.019438
214.20          -0.019251
214.40          -0.019075
214.60          -0.018911
214.80          -0.018758
215.00          -0.018615
215.20          -0.018482
215.40          -0.018357
215.60          -0.018240
215.80          -0.018131
216.00          -0.018029
216.20          -0.017933
216.40          -0.017844
216.60          -0.017761
216.80          -0.017683
217.00          -0.017610
217.20          -0.017543
217.40          -0.017480
217.60          -0.017421
217.80          -0.017366
218.00          -0.017315
218.20          -0.017268
218.40          -0.017225
218.60          -0.017184
218.80          -0.017147
219.00          -0.017112
219.20          -0.017081
219.40          -0.017052
219.60          -0.017026
219.80          -0.017002
220.00          -0.016980
220.20          -0.016961
220.40          -0.016943
220.60          -0.016928
220.80          -0.016914
221.00          -0.016902
221.20          -0.016892
221.40          -0.016884
221.60          -0.016877
221.80          -0.016872
222.00          -0.016869
222.20          -0.016866
222.40          -0.016866
222.60          -0.016866
222.80          -0.016868
223.00          -0.016871
223.20          -0.016875
223.40          -0.016880
223.60          -0.016887
223.80          -0.016894
224.00          -0.016903
224.20          -0.016913
224.40          -0.016923
224.60          -0.016935
224.80          -0.016948
225.00          -0.016961
