175.00          -0.046391
175.20          -0.046650
175.40          -0.046908
175.60          -0.047166
175.80          -0.047424
176.00          -0.047682
176.20          -0.047942
176.40          -0.048203
176.60          -0.048465
176.80          -0.048728
177.00          -0.048994
177.20          -0.049261
177.40          -0.049530
177.60          -0.049801
177.80          -0.050075
178.00          -0.050351
178.20          -0.050629
178.40          -0.050910
178.60          -0.051193
178.80          -0.051478
179.00          -0.051767
179.20          -0.052058
179.40          -0.052352
179.60          -0.052649
179.80          -0.052949
180.00          -0.053251
180.20          -0.053557
180.40          -0.053866
180.60          -0.054178
180.80          -0.054493
181.00          -0.054811
181.20          -0.055132
181.40          -0.055457
181.60          -0.055785
181.80          -0.056117
182.00          -0.056452
182.20          -0.056791
182.40          -0.057134
182.60          -0.057480
182.80          -0.057830
183.00          -0.058184
183.20          -0.058542
183.40          -0.058904
183.60          -0.059271
183.80          -0.059641
184.00          -0.060016
184.20          -0.060396
184.40          -0.060780
184.60          -0.061169
184.80          -0.061563
185.00          -0.061962
185.20          -0.062366
185.40          -0.062775
185.60          -0.063191
185.80          -0.063612
186.00          -0.064039
186.20          -0.064473
186.40          -0.064913
186.60          -0.065360
186.80          -0.065814
187.00          -0.066275
187.20          -0.066745
187.40          -0.067222
187.60          -0.067709
187.80          -0.068204
188.00          -0.068710
188.20          -0.069225
188.40          -0.069752
188.60          -0.070290
188.80          -0.070840
189.00          -0.071404
189.20          -0.071982
189.40          -0.072575
189.60          -0.073185
189.80          -0.073812
190.00          -0.074459
190.20          -0.075128
190.40          -0.075819
190.60          -0.076536
190.80          -0.077281
191.00          -0.078058
191.20          -0.078868
191.40          -0.079718
191.60          -0.080611
191.80          -0.081554
192.00          -0.082553
192.20          -0.083616
192.40          -0.084753
192.60          -0.085977
192.80          -0.087303
193.00          -0.088749
193.20          -0.090340
193.40          -0.092106
193.60          -0.094088
193.80          -0.096341
194.00          -0.098936
194.20          -0.10198
194.40          -0.10561
194.60          -0.11006
194.80          -0.11565
195.00          -0.12292
195.20          -0.13276
195.40          -0.14677
195.60          -0.16791
195.80          -0.20211
196.00          -0.26184
196.20          -0.37501
196.40          -0.61355
196.60          -1.2404
196.80          -2.8320
197.00          -0.91207
197.20          -0.20342
197.40          -0.084339
197.60          -0.058067
197.80          -0.052426
198.00          -0.052455
198.20          -0.054157
198.40          -0.056294
198.60          -0.058451
198.80          -0.060494
199.00          -0.062386
199.20          -0.064125
199.40          -0.065725
199.60          -0.067202
199.80          -0.068572
200.00          -0.069847
200.20          -0.071042
200.40          -0.072165
200.60          -0.073227
200.80          -0.074235
201.00          -0.075194
201.20          -0.076112
201.40          -0.076991
201.60          -0.077837
201.80          -0.078653
202.00          -0.079442
202.20          -0.080205
202.40          -0.080947
202.60          -0.081667
202.80          -0.082369
203.00          -0.083053
203.20          -0.083721
203.40          -0.084374
203.60          -0.085013
203.80          -0.085638
204.00          -0.086251
204.20          -0.086853
204.40          -0.087442
204.60          -0.088022
204.80          -0.088590
205.00          -0.089149
205.20          -0.089698
205.40          -0.090237
205.60          -0.090768
205.80          -0.091289
206.00          -0.091801
206.20          -0.092304
206.40          -0.092799
206.60          -0.093284
206.80          -0.093761
207.00          -0.094229
207.20          -0.094688
207.40          -0.095139
207.60          -0.095580
207.80          -0.096012
208.00          -0.096435
208.20          -0.096848
208.40          -0.097251
208.60          -0.097645
208.80          -0.098029
209.00          -0.098402
209.20          -0.098765
209.40          -0.099117
209.60          -0.099457
209.80          -0.099787
210.00          -0.10010
210.20          -0.10041
210.40          -0.10070
210.60          -0.10098
210.80          -0.10125
211.00          -0.10151
211.20          -0.10175
211.40          -0.10197
211.60          -0.10218
211.80          -0.10238
212.00          -0.10256
212.20          -0.10273
212.40          -0.10288
212.60          -0.10301
212.80          -0.10313
213.00          -0.10324
213.20          -0.10332
213.40          -0.10339
213.60          -0.10344
213.80          -0.10348
214.00          -0.10350
214.20          -0.10350
214.40          -0.10349
214.60          -0.10346
214.80          -0.10342
215.00          -0.10337
215.20          -0.10330
215.40          -0.10322
215.60          -0.10314
215.80          -0.10305
216.00          -0.10295
216.20          -0.10285
216.40          -0.10276
216.60          -0.10268
216.80          -0.10260
217.00          -0.10255
217.20          -0.10252
217.40          -0.10252
217.60          -0.10256
217.80          -0.10266
218.00          -0.10281
218.20          -0.10304
218.40          -0.10335
218.60          -0.10376
218.80          -0.10430
219.00          -0.10496
219.20          -0.10579
219.40          -0.10678
219.60          -0.10797
219.80          -0.10938
220.00          -0.11103
220.20          -0.11295
220.40          -0.11515
220.60          -0.11766
220.80          -0.12050
221.00          -0.12368
221.20          -0.12723
221.40          -0.13114
221.60          -0.13543
221.80          -0.14009
222.00          -0.14512
222.20          -0.15051
222.40          -0.15623
222.60          -0.16227
222.80          -0.16858
223.00          -0.17513
223.20          -0.18188
223.40          -0.18879
223.60          -0.19580
223.80          -0.20288
224.00          -0.20997
224.20          -0.21703
224.40          -0.22403
224.60          -0.23093
224.80          -0.23770
225.00          -0.24431
