175.00          -0.056197
175.20          -0.056593
175.40          -0.056990
175.60          -0.057387
175.80          -0.057785
176.00          -0.058185
176.20          -0.058586
176.40          -0.058990
176.60          -0.059395
176.80          -0.059803
177.00          -0.060213
177.20          -0.060626
177.40          -0.061042
177.60          -0.061460
177.80          -0.061882
178.00          -0.062306
178.20          -0.062734
178.40          -0.063165
178.60          -0.063599
178.80          -0.064037
179.00          -0.064478
179.20          -0.064922
179.40          -0.065370
179.60          -0.065822
179.80          -0.066277
180.00          -0.066736
180.20          -0.067198
180.40          -0.067664
180.60          -0.068134
180.80          -0.068608
181.00          -0.069086
181.20          -0.069567
181.40          -0.070053
181.60          -0.070542
181.80          -0.071035
182.00          -0.071533
182.20          -0.072034
182.40          -0.072539
182.60          -0.073048
182.80          -0.073562
183.00          -0.074079
183.20          -0.074601
183.40          -0.075127
183.60          -0.075657
183.80          -0.076191
184.00          -0.076729
184.20          -0.077271
184.40          -0.077818
184.60          -0.078369
184.80          -0.078924
185.00          -0.079484
185.20          -0.080048
185.40          -0.080616
185.60          -0.081189
185.80          -0.081766
186.00          -0.082348
186.20          -0.082934
186.40          -0.083524
186.60          -0.084119
186.80          -0.084719
187.00          -0.085323
187.20          -0.085932
187.40          -0.086546
187.60          -0.087164
187.80          -0.087787
188.00          -0.088416
188.20          -0.089049
188.40          -0.089687
188.60          -0.090331
188.80          -0.090979
189.00          -0.091634
189.20          -0.092294
189.40          -0.092959
189.60          -0.093631
189.80          -0.094308
190.00          -0.094993
190.20          -0.095683
190.40          -0.096381
190.60          -0.097087
190.80          -0.097800
191.00          -0.098522
191.20          -0.099253
191.40          -0.099993
191.60          -0.10074
191.80          -0.10151
192.00          -0.10228
192.20          -0.10308
192.40          -0.10388
192.60          -0.10471
192.80          -0.10556
193.00          -0.10644
193.20          -0.10736
193.40          -0.10831
193.60          -0.10932
193.80          -0.11041
194.00          -0.11159
194.20          -0.11290
194.40          -0.11442
194.60          -0.11623
194.80          -0.11850
195.00          -0.12150
195.20          -0.12570
195.40          -0.13189
195.60          -0.14142
195.80          -0.15664
196.00          -0.18211
196.20          -0.22886
196.40          -0.33527
196.60          -0.73720
196.80          -5.9862
197.00          -0.48802
197.20          -0.14558
197.40          -0.10265
197.60          -0.094904
197.80          -0.094617
198.00          -0.096242
198.20          -0.098299
198.40          -0.10034
198.60          -0.10224
198.80          -0.10397
199.00          -0.10553
199.20          -0.10694
199.40          -0.10822
199.60          -0.10939
199.80          -0.11046
200.00          -0.11145
200.20          -0.11236
200.40          -0.11320
200.60          -0.11399
200.80          -0.11472
201.00          -0.11540
201.20          -0.11603
201.40          -0.11663
201.60          -0.11718
201.80          -0.11769
202.00          -0.11817
202.20          -0.11861
202.40          -0.11902
202.60          -0.11939
202.80          -0.11973
203.00          -0.12004
203.20          -0.12032
203.40          -0.12056
203.60          -0.12077
203.80          -0.12094
204.00          -0.12109
204.20          -0.12120
204.40          -0.12127
204.60          -0.12132
204.80          -0.12132
205.00          -0.12129
205.20          -0.12123
205.40          -0.12112
205.60          -0.12098
205.80          -0.12080
206.00          -0.12058
206.20          -0.12031
206.40          -0.12001
206.60          -0.11966
206.80          -0.11927
207.00          -0.11883
207.20          -0.11834
207.40          -0.11780
207.60          -0.11722
207.80          -0.11658
208.00          -0.11589
208.20          -0.11515
208.40          -0.11435
208.60          -0.11349
208.80          -0.11258
209.00          -0.11160
209.20          -0.11057
209.40          -0.10947
209.60          -0.10831
209.80          -0.10709
210.00          -0.10581
210.20          -0.10447
210.40          -0.10307
210.60          -0.10163
210.80          -0.10015
211.00          -0.098638
211.20          -0.097122
211.40          -0.095627
211.60          -0.094197
211.80          -0.092891
212.00          -0.091799
212.20          -0.091053
212.40          -0.090854
212.60          -0.091506
212.80          -0.093490
213.00          -0.097576
213.20          -0.10505
213.40          -0.11813
213.60          -0.14087
213.80          -0.18112
214.00          -0.25535
214.20          -0.40184
214.40          -0.72223
214.60          -1.5356
214.80          -4.0194
215.00          -10.480
215.20          -5.9909
215.40          -2.8432
215.60          -1.6767
215.80          -1.1451
216.00          -0.86000
216.20          -0.68842
216.40          -0.57623
216.60          -0.49819
216.80          -0.44125
217.00          -0.39809
217.20          -0.36437
217.40          -0.33733
217.60          -0.31520
217.80          -0.29673
218.00          -0.28109
218.20          -0.26765
218.40          -0.25597
218.60          -0.24570
218.80          -0.23659
219.00          -0.22843
219.20          -0.22108
219.40          -0.21439
219.60          -0.20828
219.80          -0.20266
220.00          -0.19747
220.20          -0.19265
220.40          -0.18814
220.60          -0.18393
220.80          -0.17996
221.00          -0.17622
221.20          -0.17268
221.40          -0.16932
221.60          -0.16613
221.80          -0.16308
222.00          -0.16017
222.20          -0.15738
222.40          -0.15470
222.60          -0.15213
222.80          -0.14966
223.00          -0.14728
223.20          -0.14498
223.40          -0.14276
223.60          -0.14062
223.80          -0.13855
224.00          -0.13655
224.20          -0.13461
224.40          -0.13273
224.60          -0.13091
224.80          -0.12915
225.00          -0.12745
