175.00          -0.027044
175.20          -0.027099
175.40          -0.027154
175.60          -0.027209
175.80          -0.027265
176.00          -0.027321
176.20          -0.027378
176.40          -0.027435
176.60          -0.027493
176.80          -0.027551
177.00          -0.027609
177.20          -0.027668
177.40          -0.027728
177.60          -0.027788
177.80          -0.027848
178.00          -0.027910
178.20          -0.027972
178.40          -0.028034
178.60          -0.028098
178.80          -0.028163
179.00          -0.028228
179.20          -0.028295
179.40          -0.028363
179.60          -0.028432
179.80          -0.028503
180.00          -0.028575
180.20          -0.028650
180.40          -0.028727
180.60          -0.028806
180.80          -0.028889
181.00          -0.028976
181.20          -0.029068
181.40          -0.029167
181.60          -0.029273
181.80          -0.029391
182.00          -0.029523
182.20          -0.029677
182.40          -0.029864
182.60          -0.030104
182.80          -0.030438
183.00          -0.030959
183.20          -0.031933
183.40          -0.034428
183.60          -0.048004
183.80          -0.24691
184.00          -0.033505
184.20          -0.030041
184.40          -0.029564
184.60          -0.029515
184.80          -0.029570
185.00          -0.029656
185.20          -0.029753
185.40          -0.029854
185.60          -0.029954
185.80          -0.030055
186.00          -0.030156
186.20          -0.030256
186.40          -0.030357
186.60          -0.030458
186.80          -0.030560
187.00          -0.030663
187.20          -0.030767
187.40          -0.030873
187.60          -0.030981
187.80          -0.031091
188.00          -0.031204
188.20          -0.031319
188.40          -0.031438
188.60          -0.031560
188.80          -0.031687
189.00          -0.031818
189.20          -0.031954
189.40          -0.032096
189.60          -0.032244
189.80          -0.032399
190.00          -0.032562
190.20          -0.032735
190.40          -0.032917
190.60          -0.033111
190.80          -0.033319
191.00          -0.033541
191.20          -0.033781
191.40          -0.034042
191.60          -0.034326
191.80          -0.034637
192.00          -0.034982
192.20          -0.035365
192.40          -0.035796
192.60          -0.036283
192.80          -0.036841
193.00          -0.037486
193.20          -0.038242
193.40          -0.039138
193.60          -0.040219
193.80          -0.041547
194.00          -0.043211
194.20          -0.045348
194.40          -0.048176
194.60          -0.052052
194.80          -0.057608
195.00          -0.066046
195.20          -0.079896
195.40          -0.10528
195.60          -0.16048
195.80          -0.32257
196.00          -1.2619
196.20          -8.1033
196.40          -0.59916
196.60          -0.19832
196.80          -0.10695
197.00          -0.073203
197.20          -0.057389
197.40          -0.048850
197.60          -0.043787
197.80          -0.040581
198.00          -0.038449
198.20          -0.036980
198.40          -0.035940
198.60          -0.035187
198.80          -0.034635
199.00          -0.034226
199.20          -0.033921
199.40          -0.033694
199.60          -0.033526
199.80          -0.033403
200.00          -0.033316
200.20          -0.033257
200.40          -0.033219
200.60          -0.033200
200.80          -0.033196
201.00          -0.033203
201.20          -0.033220
201.40          -0.033246
201.60          -0.033278
201.80          -0.033316
202.00          -0.033359
202.20          -0.033407
202.40          -0.033458
202.60          -0.033512
202.80          -0.033568
203.00          -0.033627
203.20          -0.033688
203.40          -0.033751
203.60          -0.033816
203.80          -0.033882
204.00          -0.033950
204.20          -0.034019
204.40          -0.034088
204.60          -0.034159
204.80          -0.034231
205.00          -0.034304
205.20          -0.034378
205.40          -0.034453
205.60          -0.034529
205.80          -0.034606
206.00          -0.034684
206.20          -0.034764
206.40          -0.034845
206.60          -0.034927
206.80          -0.035012
207.00          -0.035101
207.20          -0.035196
207.40          -0.035304
207.60          -0.035442
207.80          -0.035697
208.00          -0.037075
208.20          -0.043127
208.40          -0.036075
208.60          -0.035880
208.80          -0.035907
209.00          -0.035978
209.20          -0.036066
209.40          -0.036161
209.60          -0.036263
209.80          -0.036371
210.00          -0.036484
210.20          -0.036603
210.40          -0.036730
210.60          -0.036865
210.80          -0.037010
211.00          -0.037169
211.20          -0.037345
211.40          -0.037542
211.60          -0.037767
211.80          -0.038032
212.00          -0.038351
212.20          -0.038752
212.40          -0.039277
212.60          -0.040008
212.80          -0.041108
213.00          -0.042953
213.20          -0.046608
213.40          -0.056250
213.60          -0.10514
213.80          -3.8452
214.00          -0.074670
214.20          -0.044557
214.40          -0.039477
214.60          -0.037974
214.80          -0.037431
215.00          -0.037234
215.20          -0.037184
215.40          -0.037203
215.60          -0.037257
215.80          -0.037330
216.00          -0.037413
216.20          -0.037502
216.40          -0.037593
216.60          -0.037686
216.80          -0.037779
217.00          -0.037872
217.20          -0.037965
217.40          -0.038057
217.60          -0.038149
217.80          -0.038240
218.00          -0.038331
218.20          -0.038421
218.40          -0.038510
218.60          -0.038599
218.80          -0.038688
219.00          -0.038776
219.20          -0.038864
219.40          -0.038952
219.60          -0.039039
219.80          -0.039126
220.00          -0.039213
220.20          -0.039300
220.40          -0.039386
220.60          -0.039472
220.80          -0.039559
221.00          -0.039645
221.20          -0.039731
221.40          -0.039817
221.60          -0.039903
221.80          -0.039989
222.00          -0.040075
222.20          -0.040161
222.40          -0.040247
222.60          -0.040333
222.80          -0.040419
223.00          -0.040506
223.20          -0.040592
223.40          -0.040679
223.60          -0.040765
223.80          -0.040852
224.00          -0.040939
224.20          -0.041026
224.40          -0.041113
224.60          -0.041201
224.80          -0.041288
225.00          -0.041376
