175.00          -0.024170
175.20          -0.024208
175.40          -0.024246
175.60          -0.024284
175.80          -0.024323
176.00          -0.024361
176.20          -0.024399
176.40          -0.024438
176.60          -0.024476
176.80          -0.024515
177.00          -0.024553
177.20          -0.024592
177.40          -0.024631
177.60          -0.024670
177.80          -0.024709
178.00          -0.024748
178.20          -0.024787
178.40          -0.024826
178.60          -0.024865
178.80          -0.024905
179.00          -0.024944
179.20          -0.024983
179.40          -0.025023
179.60          -0.025063
179.80          -0.025102
180.00          -0.025142
180.20          -0.025182
180.40          -0.025222
180.60          -0.025262
180.80          -0.025302
181.00          -0.025342
181.20          -0.025382
181.40          -0.025422
181.60          -0.025463
181.80          -0.025503
182.00          -0.025544
182.20          -0.025584
182.40          -0.025625
182.60          -0.025666
182.80          -0.025706
183.00          -0.025747
183.20          -0.025788
183.40          -0.025829
183.60          -0.025870
183.80          -0.025911
184.00          -0.025953
184.20          -0.025994
184.40          -0.026035
184.60          -0.026077
184.80          -0.026119
185.00          -0.026160
185.20          -0.026202
185.40          -0.026244
185.60          -0.026286
185.80          -0.026327
186.00          -0.026370
186.20          -0.026412
186.40          -0.026454
186.60          -0.026496
186.80          -0.026538
187.00          -0.026581
187.20          -0.026623
187.40          -0.026666
187.60          -0.026709
187.80          -0.026751
188.00          -0.026794
188.20          -0.026837
188.40          -0.026880
188.60          -0.026923
188.80          -0.026966
189.00          -0.027009
189.20          -0.027053
189.40          -0.027096
189.60          -0.027139
189.80          -0.027183
190.00          -0.027226
190.20          -0.027270
190.40          -0.027314
190.60          -0.027358
190.80          -0.027402
191.00          -0.027446
191.20          -0.027490
191.40          -0.027534
191.60          -0.027578
191.80          -0.027623
192.00          -0.027667
192.20          -0.027711
192.40          -0.027756
192.60          -0.027801
192.80          -0.027845
193.00          -0.027890
193.20          -0.027935
193.40          -0.027980
193.60          -0.028025
193.80          -0.028070
194.00          -0.028116
194.20          -0.028161
194.40          -0.028206
194.60          -0.028252
194.80          -0.028297
195.00          -0.028343
195.20          -0.028389
195.40          -0.028435
195.60          -0.028481
195.80          -0.028527
196.00          -0.028573
196.20          -0.028619
196.40          -0.028665
196.60          -0.028712
196.80          -0.028758
197.00          -0.028804
197.20          -0.028851
197.40          -0.028898
197.60          -0.028945
197.80          -0.028991
198.00          -0.029038
198.20          -0.029085
198.40          -0.029133
198.60          -0.029180
198.80          -0.029227
199.00          -0.029274
199.20          -0.029322
199.40          -0.029369
199.60          -0.029417
199.80          -0.029465
200.00          -0.029513
200.20          -0.029561
200.40          -0.029609
200.60          -0.029657
200.80          -0.029705
201.00          -0.029753
201.20          -0.029802
201.40          -0.029850
201.60          -0.029899
201.80          -0.029947
202.00          -0.029996
202.20          -0.030045
202.40          -0.030094
202.60          -0.030143
202.80          -0.030192
203.00          -0.030241
203.20          -0.030290
203.40          -0.030340
203.60          -0.030389
203.80          -0.030439
204.00          -0.030489
204.20          -0.030538
204.40          -0.030588
204.60          -0.030638
204.80          -0.030688
205.00          -0.030738
205.20          -0.030789
205.40          -0.030839
205.60          -0.030889
205.80          -0.030940
206.00          -0.030991
206.20          -0.031041
206.40          -0.031092
206.60          -0.031143
206.80          -0.031194
207.00          -0.031245
207.20          -0.031297
207.40          -0.031348
207.60          -0.031399
207.80          -0.031451
208.00          -0.031502
208.20          -0.031554
208.40          -0.031606
208.60          -0.031658
208.80          -0.031710
209.00          -0.031762
209.20          -0.031814
209.40          -0.031867
209.60          -0.031919
209.80          -0.031972
210.00          -0.032025
210.20          -0.032077
210.40          -0.032130
210.60          -0.032183
210.80          -0.032236
211.00          -0.032290
211.20          -0.032343
211.40          -0.032396
211.60          -0.032450
211.80          -0.032504
212.00          -0.032557
212.20          -0.032611
212.40          -0.032665
212.60          -0.032719
212.80          -0.032774
213.00          -0.032828
213.20          -0.032883
213.40          -0.032937
213.60          -0.032992
213.80          -0.033047
214.00          -0.033102
214.20          -0.033157
214.40          -0.033212
214.60          -0.033267
214.80          -0.033323
215.00          -0.033378
215.20          -0.033434
215.40          -0.033490
215.60          -0.033546
215.80          -0.033602
216.00          -0.033658
216.20          -0.033715
216.40          -0.033771
216.60          -0.033828
216.80          -0.033885
217.00          -0.033942
217.20          -0.033999
217.40          -0.034056
217.60          -0.034114
217.80          -0.034171
218.00          -0.034229
218.20          -0.034287
218.40          -0.034345
218.60          -0.034403
218.80          -0.034462
219.00          -0.034520
219.20          -0.034579
219.40          -0.034638
219.60          -0.034697
219.80          -0.034756
220.00          -0.034816
220.20          -0.034876
220.40          -0.034936
220.60          -0.034996
220.80          -0.035056
221.00          -0.035117
221.20          -0.035178
221.40          -0.035239
221.60          -0.035300
221.80          -0.035362
222.00          -0.035424
222.20          -0.035486
222.40          -0.035549
222.60          -0.035612
222.80          -0.035676
223.00          -0.035739
223.20          -0.035804
223.40          -0.035869
223.60          -0.035934
223.80          -0.036000
224.00          -0.036066
224.20          -0.036134
224.40          -0.036202
224.60          -0.036270
224.80          -0.036340
225.00          -0.036412
