175.00          -0.025025
175.20          -0.025066
175.40          -0.025107
175.60          -0.025149
175.80          -0.025190
176.00          -0.025232
176.20          -0.025273
176.40          -0.025315
176.60          -0.025357
176.80          -0.025398
177.00          -0.025440
177.20          -0.025482
177.40          -0.025524
177.60          -0.025567
177.80          -0.025609
178.00          -0.025651
178.20          -0.025694
178.40          -0.025736
178.60          -0.025779
178.80          -0.025821
179.00          -0.025864
179.20          -0.025907
179.40          -0.025950
179.60          -0.025993
179.80          -0.026036
180.00          -0.026079
180.20          -0.026122
180.40          -0.026166
180.60          -0.026209
180.80          -0.026253
181.00          -0.026296
181.20          -0.026340
181.40          -0.026384
181.60          -0.026428
181.80          -0.026472
182.00          -0.026516
182.20          -0.026560
182.40          -0.026604
182.60          -0.026648
182.80          -0.026693
183.00          -0.026737
183.20          -0.026782
183.40          -0.026826
183.60          -0.026871
183.80          -0.026916
184.00          -0.026961
184.20          -0.027006
184.40          -0.027051
184.60          -0.027096
184.80          -0.027141
185.00          -0.027187
185.20          -0.027232
185.40          -0.027278
185.60          -0.027323
185.80          -0.027369
186.00          -0.027415
186.20          -0.027461
186.40          -0.027507
186.60          -0.027553
186.80          -0.027599
187.00          -0.027645
187.20          -0.027692
187.40          -0.027738
187.60          -0.027785
187.80          -0.027831
188.00          -0.027878
188.20          -0.027925
188.40          -0.027972
188.60          -0.028019
188.80          -0.028066
189.00          -0.028113
189.20          -0.028160
189.40          -0.028208
189.60          -0.028255
189.80          -0.028303
190.00          -0.028350
190.20          -0.028398
190.40          -0.028446
190.60          -0.028494
190.80          -0.028542
191.00          -0.028590
191.20          -0.028638
191.40          -0.028687
191.60          -0.028735
191.80          -0.028784
192.00          -0.028832
192.20          -0.028881
192.40          -0.028930
192.60          -0.028979
192.80          -0.029028
193.00          -0.029077
193.20          -0.029126
193.40          -0.029176
193.60          -0.029225
193.80          -0.029274
194.00          -0.029324
194.20          -0.029374
194.40          -0.029424
194.60          -0.029474
194.80          -0.029524
195.00          -0.029574
195.20          -0.029624
195.40          -0.029674
195.60          -0.029725
195.80          -0.029775
196.00          -0.029826
196.20          -0.029877
196.40          -0.029927
196.60          -0.029978
196.80          -0.030030
197.00          -0.030081
197.20          -0.030132
197.40          -0.030183
197.60          -0.030235
197.80          -0.030286
198.00          -0.030338
198.20          -0.030390
198.40          -0.030442
198.60          -0.030494
198.80          -0.030546
199.00          -0.030598
199.20          -0.030651
199.40          -0.030703
199.60          -0.030756
199.80          -0.030808
200.00          -0.030861
200.20          -0.030914
200.40          -0.030967
200.60          -0.031020
200.80          -0.031073
201.00          -0.031127
201.20          -0.031180
201.40          -0.031234
201.60          -0.031288
201.80          -0.031341
202.00          -0.031395
202.20          -0.031449
202.40          -0.031503
202.60          -0.031558
202.80          -0.031612
203.00          -0.031667
203.20          -0.031721
203.40          -0.031776
203.60          -0.031831
203.80          -0.031886
204.00          -0.031941
204.20          -0.031996
204.40          -0.032052
204.60          -0.032107
204.80          -0.032163
205.00          -0.032219
205.20          -0.032275
205.40          -0.032331
205.60          -0.032387
205.80          -0.032443
206.00          -0.032499
206.20          -0.032556
206.40          -0.032613
206.60          -0.032669
206.80          -0.032726
207.00          -0.032783
207.20          -0.032840
207.40          -0.032898
207.60          -0.032955
207.80          -0.033013
208.00          -0.033071
208.20          -0.033129
208.40          -0.033187
208.60          -0.033245
208.80          -0.033303
209.00          -0.033362
209.20          -0.033420
209.40          -0.033479
209.60          -0.033538
209.80          -0.033597
210.00          -0.033656
210.20          -0.033715
210.40          -0.033775
210.60          -0.033835
210.80          -0.033894
211.00          -0.033954
211.20          -0.034015
211.40          -0.034075
211.60          -0.034135
211.80          -0.034196
212.00          -0.034257
212.20          -0.034318
212.40          -0.034379
212.60          -0.034440
212.80          -0.034502
213.00          -0.034564
213.20          -0.034625
213.40          -0.034687
213.60          -0.034750
213.80          -0.034812
214.00          -0.034875
214.20          -0.034938
214.40          -0.035001
214.60          -0.035064
214.80          -0.035127
215.00          -0.035191
215.20          -0.035255
215.40          -0.035319
215.60          -0.035383
215.80          -0.035448
216.00          -0.035513
216.20          -0.035578
216.40          -0.035643
216.60          -0.035708
216.80          -0.035774
217.00          -0.035840
217.20          -0.035907
217.40          -0.035973
217.60          -0.036040
217.80          -0.036107
218.00          -0.036175
218.20          -0.036242
218.40          -0.036310
218.60          -0.036379
218.80          -0.036448
219.00          -0.036517
219.20          -0.036586
219.40          -0.036656
219.60          -0.036726
219.80          -0.036797
220.00          -0.036868
220.20          -0.036939
220.40          -0.037011
220.60          -0.037084
220.80          -0.037157
221.00          -0.037230
221.20          -0.037304
221.40          -0.037379
221.60          -0.037454
221.80          -0.037530
222.00          -0.037607
222.20          -0.037684
222.40          -0.037763
222.60          -0.037842
222.80          -0.037922
223.00          -0.038003
223.20          -0.038086
223.40          -0.038169
223.60          -0.038254
223.80          -0.038341
224.00          -0.038429
224.20          -0.038519
224.40          -0.038612
224.60          -0.038707
224.80          -0.038804
225.00          -0.038905
