175.00          -0.024458
175.20          -0.024490
175.40          -0.024530
175.60          -0.024573
175.80          -0.024617
176.00          -0.024660
176.20          -0.024704
176.40          -0.024747
176.60          -0.024790
176.80          -0.024833
177.00          -0.024877
177.20          -0.024920
177.40          -0.024963
177.60          -0.025006
177.80          -0.025049
178.00          -0.025092
178.20          -0.025136
178.40          -0.025179
178.60          -0.025223
178.80          -0.025266
179.00          -0.025310
179.20          -0.025354
179.40          -0.025398
179.60          -0.025443
179.80          -0.025487
180.00          -0.025532
180.20          -0.025577
180.40          -0.025622
180.60          -0.025667
180.80          -0.025713
181.00          -0.025759
181.20          -0.025805
181.40          -0.025851
181.60          -0.025898
181.80          -0.025945
182.00          -0.025993
182.20          -0.026041
182.40          -0.026089
182.60          -0.026138
182.80          -0.026187
183.00          -0.026237
183.20          -0.026287
183.40          -0.026338
183.60          -0.026390
183.80          -0.026442
184.00          -0.026495
184.20          -0.026550
184.40          -0.026605
184.60          -0.026661
184.80          -0.026718
185.00          -0.026777
185.20          -0.026838
185.40          -0.026900
185.60          -0.026964
185.80          -0.027031
186.00          -0.027100
186.20          -0.027173
186.40          -0.027249
186.60          -0.027330
186.80          -0.027415
187.00          -0.027508
187.20          -0.027608
187.40          -0.027717
187.60          -0.027839
187.80          -0.027976
188.00          -0.028134
188.20          -0.028319
188.40          -0.028541
188.60          -0.028816
188.80          -0.029169
189.00          -0.029641
189.20          -0.030308
189.40          -0.031318
189.60          -0.033001
189.80          -0.036217
190.00          -0.043892
190.20          -0.072196
190.40          -0.49421
190.60          -0.21101
190.80          -0.052978
191.00          -0.036450
191.20          -0.031839
191.40          -0.030009
191.60          -0.029140
191.80          -0.028684
192.00          -0.028432
192.20          -0.028290
192.40          -0.028213
192.60          -0.028177
192.80          -0.028166
193.00          -0.028172
193.20          -0.028190
193.40          -0.028216
193.60          -0.028248
193.80          -0.028285
194.00          -0.028325
194.20          -0.028368
194.40          -0.028413
194.60          -0.028459
194.80          -0.028506
195.00          -0.028554
195.20          -0.028604
195.40          -0.028653
195.60          -0.028704
195.80          -0.028755
196.00          -0.028806
196.20          -0.028858
196.40          -0.028910
196.60          -0.028963
196.80          -0.029016
197.00          -0.029070
197.20          -0.029124
197.40          -0.029179
197.60          -0.029235
197.80          -0.029291
198.00          -0.029349
198.20          -0.029409
198.40          -0.029472
198.60          -0.029538
198.80          -0.029610
199.00          -0.029695
199.20          -0.029806
199.40          -0.029991
199.60          -0.030502
199.80          -0.036935
200.00          -0.032793
200.20          -0.030257
200.40          -0.030079
200.60          -0.030079
200.80          -0.030119
201.00          -0.030173
201.20          -0.030234
201.40          -0.030299
201.60          -0.030369
201.80          -0.030442
202.00          -0.030519
202.20          -0.030603
202.40          -0.030693
202.60          -0.030792
202.80          -0.030905
203.00          -0.031035
203.20          -0.031192
203.40          -0.031390
203.60          -0.031657
203.80          -0.032049
204.00          -0.032698
204.20          -0.033982
204.40          -0.037429
204.60          -0.056063
204.80          -2.1376
205.00          -0.044101
205.20          -0.033893
205.40          -0.032079
205.60          -0.031527
205.80          -0.031328
206.00          -0.031260
206.20          -0.031251
206.40          -0.031270
206.60          -0.031304
206.80          -0.031347
207.00          -0.031396
207.20          -0.031447
207.40          -0.031501
207.60          -0.031555
207.80          -0.031611
208.00          -0.031667
208.20          -0.031723
208.40          -0.031780
208.60          -0.031836
208.80          -0.031893
209.00          -0.031950
209.20          -0.032006
209.40          -0.032063
209.60          -0.032120
209.80          -0.032177
210.00          -0.032234
210.20          -0.032290
210.40          -0.032347
210.60          -0.032404
210.80          -0.032461
211.00          -0.032518
211.20          -0.032574
211.40          -0.032631
211.60          -0.032688
211.80          -0.032745
212.00          -0.032802
212.20          -0.032859
212.40          -0.032916
212.60          -0.032973
212.80          -0.033030
213.00          -0.033087
213.20          -0.033145
213.40          -0.033202
213.60          -0.033259
213.80          -0.033317
214.00          -0.033374
214.20          -0.033432
214.40          -0.033490
214.60          -0.033547
214.80          -0.033605
215.00          -0.033663
215.20          -0.033721
215.40          -0.033779
215.60          -0.033838
215.80          -0.033896
216.00          -0.033954
216.20          -0.034013
216.40          -0.034071
216.60          -0.034130
216.80          -0.034189
217.00          -0.034248
217.20          -0.034307
217.40          -0.034366
217.60          -0.034425
217.80          -0.034485
218.00          -0.034544
218.20          -0.034604
218.40          -0.034663
218.60          -0.034723
218.80          -0.034783
219.00          -0.034843
219.20          -0.034904
219.40          -0.034964
219.60          -0.035024
219.80          -0.035085
220.00          -0.035146
220.20          -0.035207
220.40          -0.035268
220.60          -0.035329
220.80          -0.035390
221.00          -0.035452
221.20          -0.035514
221.40          -0.035576
221.60          -0.035638
221.80          -0.035700
222.00          -0.035762
222.20          -0.035824
222.40          -0.035887
222.60          -0.035950
222.80          -0.036013
223.00          -0.036076
223.20          -0.036140
223.40          -0.036203
223.60          -0.036267
223.80          -0.036331
224.00          -0.036395
224.20          -0.036460
224.40          -0.036524
224.60          -0.036589
224.80          -0.036654
225.00          -0.036720
