175.00          -0.14350
175.20          -0.15051
175.40          -0.15826
175.60          -0.16685
175.80          -0.17640
176.00          -0.18708
176.20          -0.19904
176.40          -0.21251
176.60          -0.22774
176.80          -0.24503
177.00          -0.26474
177.20          -0.28731
177.40          -0.31326
177.60          -0.34320
177.80          -0.37785
178.00          -0.41802
178.20          -0.46457
178.40          -0.51838
178.60          -0.58012
178.80          -0.65000
179.00          -0.72724
179.20          -0.80939
179.40          -0.89148
179.60          -0.96554
179.80          -1.0212
180.00          -1.0481
180.20          -1.0396
180.40          -0.99593
180.60          -0.92442
180.80          -0.83624
181.00          -0.74247
181.20          -0.65141
181.40          -0.56801
181.60          -0.49440
181.80          -0.43093
182.00          -0.37693
182.20          -0.33131
182.40          -0.29288
182.60          -0.26051
182.80          -0.23320
183.00          -0.21010
183.20          -0.19050
183.40          -0.17381
183.60          -0.15955
183.80          -0.14733
184.00          -0.13684
184.20          -0.12781
184.40          -0.12004
184.60          -0.11336
184.80          -0.10764
185.00          -0.10278
185.20          -0.098720
185.40          -0.095410
185.60          -0.092854
185.80          -0.091102
186.00          -0.090285
186.20          -0.090670
186.40          -0.092803
186.60          -0.097860
186.80          -0.10872
187.00          -0.13409
187.20          -0.21316
187.40          -0.79331
187.60          -1.1140
187.80          -0.12760
188.00          -0.065308
188.20          -0.052049
188.40          -0.047731
188.60          -0.045948
188.80          -0.045068
189.00          -0.044561
189.20          -0.044223
189.40          -0.043971
189.60          -0.043766
189.80          -0.043590
190.00          -0.043436
190.20          -0.043297
190.40          -0.043173
190.60          -0.043062
190.80          -0.042964
191.00          -0.042877
191.20          -0.042801
191.40          -0.042737
191.60          -0.042683
191.80          -0.042640
192.00          -0.042607
192.20          -0.042583
192.40          -0.042569
192.60          -0.042564
192.80          -0.042567
193.00          -0.042578
193.20          -0.042597
193.40          -0.042624
193.60          -0.042657
193.80          -0.042698
194.00          -0.042745
194.20          -0.042798
194.40          -0.042857
194.60          -0.042921
194.80          -0.042991
195.00          -0.043066
195.20          -0.043147
195.40          -0.043231
195.60          -0.043321
195.80          -0.043414
196.00          -0.043512
196.20          -0.043614
196.40          -0.043719
196.60          -0.043828
196.80          -0.043941
197.00          -0.044057
197.20          -0.044176
197.40          -0.044299
197.60          -0.044424
197.80          -0.044553
198.00          -0.044684
198.20          -0.044818
198.40          -0.044955
198.60          -0.045094
198.80          -0.045236
199.00          -0.045380
199.20          -0.045527
199.40          -0.045676
199.60          -0.045827
199.80          -0.045981
200.00          -0.046136
200.20          -0.046294
200.40          -0.046454
200.60          -0.046617
200.80          -0.046781
201.00          -0.046947
201.20          -0.047116
201.40          -0.047287
201.60          -0.047459
201.80          -0.047634
202.00          -0.047811
202.20          -0.047989
202.40          -0.048170
202.60          -0.048353
202.80          -0.048538
203.00          -0.048725
203.20          -0.048914
203.40          -0.049106
203.60          -0.049299
203.80          -0.049495
204.00          -0.049693
204.20          -0.049894
204.40          -0.050096
204.60          -0.050302
204.80          -0.050510
205.00          -0.050720
205.20          -0.050933
205.40          -0.051149
205.60          -0.051368
205.80          -0.051590
206.00          -0.051815
206.20          -0.052044
206.40          -0.052276
206.60          -0.052512
206.80          -0.052751
207.00          -0.052995
207.20          -0.053243
207.40          -0.053496
207.60          -0.053754
207.80          -0.054018
208.00          -0.054287
208.20          -0.054563
208.40          -0.054847
208.60          -0.055138
208.80          -0.055438
209.00          -0.055748
209.20          -0.056071
209.40          -0.056409
209.60          -0.056766
209.80          -0.057148
210.00          -0.057569
210.20          -0.058054
210.40          -0.058671
210.60          -0.059642
210.80          -0.062171
211.00          -0.093830
211.20          -0.074872
211.40          -0.062060
211.60          -0.061278
211.80          -0.061467
212.00          -0.061910
212.20          -0.062476
212.40          -0.063130
212.60          -0.063869
212.80          -0.064702
213.00          -0.065646
213.20          -0.066726
213.40          -0.067978
213.60          -0.069456
213.80          -0.071236
214.00          -0.073431
214.20          -0.076224
214.40          -0.079910
214.60          -0.085006
214.80          -0.092484
215.00          -0.10433
215.20          -0.12497
215.40          -0.16379
215.60          -0.21873
215.80          -0.17427
216.00          -0.088248
216.20          -0.058841
216.40          -0.050827
216.60          -0.048928
216.80          -0.048934
217.00          -0.049568
217.20          -0.050394
217.40          -0.051255
217.60          -0.052090
217.80          -0.052881
218.00          -0.053621
218.20          -0.054315
218.40          -0.054964
218.60          -0.055576
218.80          -0.056153
219.00          -0.056700
219.20          -0.057222
219.40          -0.057721
219.60          -0.058200
219.80          -0.058662
220.00          -0.059109
220.20          -0.059543
220.40          -0.059965
220.60          -0.060377
220.80          -0.060779
221.00          -0.061174
221.20          -0.061562
221.40          -0.061944
221.60          -0.062321
221.80          -0.062693
222.00          -0.063061
222.20          -0.063426
222.40          -0.063788
222.60          -0.064147
222.80          -0.064504
223.00          -0.064860
223.20          -0.065214
223.40          -0.065567
223.60          -0.065920
223.80          -0.066272
224.00          -0.066624
224.20          -0.066977
224.40          -0.067329
224.60          -0.067683
224.80          -0.068037
225.00          -0.068392
