175.00          -0.042566
175.20          -0.043392
175.40          -0.044257
175.60          -0.045165
175.80          -0.046118
176.00          -0.047119
176.20          -0.048172
176.40          -0.049281
176.60          -0.050450
176.80          -0.051683
177.00          -0.052986
177.20          -0.054363
177.40          -0.055821
177.60          -0.057366
177.80          -0.059007
178.00          -0.060750
178.20          -0.062604
178.40          -0.064581
178.60          -0.066690
178.80          -0.068945
179.00          -0.071358
179.20          -0.073945
179.40          -0.076724
179.60          -0.079714
179.80          -0.082937
180.00          -0.086417
180.20          -0.090182
180.40          -0.094264
180.60          -0.098699
180.80          -0.10353
181.00          -0.10880
181.20          -0.11456
181.40          -0.12088
181.60          -0.12782
181.80          -0.13547
182.00          -0.14392
182.20          -0.15328
182.40          -0.16366
182.60          -0.17521
182.80          -0.18808
183.00          -0.20247
183.20          -0.21857
183.40          -0.23661
183.60          -0.25683
183.80          -0.27949
184.00          -0.30483
184.20          -0.33307
184.40          -0.36433
184.60          -0.39863
184.80          -0.43571
185.00          -0.47498
185.20          -0.51533
185.40          -0.55506
185.60          -0.59182
185.80          -0.62272
186.00          -0.64473
186.20          -0.65521
186.40          -0.65262
186.60          -0.63694
186.80          -0.60970
187.00          -0.57360
187.20          -0.53185
187.40          -0.48752
187.60          -0.44313
187.80          -0.40050
188.00          -0.36075
188.20          -0.32446
188.40          -0.29180
188.60          -0.26270
188.80          -0.23693
189.00          -0.21420
189.20          -0.19418
189.40          -0.17656
189.60          -0.16105
189.80          -0.14736
190.00          -0.13528
190.20          -0.12458
190.40          -0.11508
190.60          -0.10664
190.80          -0.099105
191.00          -0.092372
191.20          -0.086336
191.40          -0.080912
191.60          -0.076026
191.80          -0.071614
192.00          -0.067620
192.20          -0.063996
192.40          -0.060702
192.60          -0.057701
192.80          -0.054961
193.00          -0.052455
193.20          -0.050159
193.40          -0.048051
193.60          -0.046112
193.80          -0.044327
194.00          -0.042680
194.20          -0.041159
194.40          -0.039751
194.60          -0.038447
194.80          -0.037238
195.00          -0.036116
195.20          -0.035073
195.40          -0.034102
195.60          -0.033199
195.80          -0.032359
196.00          -0.031576
196.20          -0.030850
196.40          -0.030179
196.60          -0.029568
196.80          -0.029042
197.00          -0.028737
197.20          -0.031813
197.40          -0.028046
197.60          -0.026759
197.80          -0.026264
198.00          -0.025841
198.20          -0.025449
198.40          -0.025082
198.60          -0.024735
198.80          -0.024407
199.00          -0.024098
199.20          -0.023807
199.40          -0.023531
199.60          -0.023270
199.80          -0.023024
200.00          -0.022791
200.20          -0.022570
200.40          -0.022362
200.60          -0.022165
200.80          -0.021979
201.00          -0.021803
201.20          -0.021636
201.40          -0.021478
201.60          -0.021329
201.80          -0.021188
202.00          -0.021055
202.20          -0.020929
202.40          -0.020809
202.60          -0.020697
202.80          -0.020590
203.00          -0.020490
203.20          -0.020395
203.40          -0.020306
203.60          -0.020221
203.80          -0.020142
204.00          -0.020067
204.20          -0.019997
204.40          -0.019931
204.60          -0.019869
204.80          -0.019811
205.00          -0.019757
205.20          -0.019706
205.40          -0.019658
205.60          -0.019614
205.80          -0.019573
206.00          -0.019535
206.20          -0.019500
206.40          -0.019468
206.60          -0.019438
206.80          -0.019411
207.00          -0.019386
207.20          -0.019364
207.40          -0.019344
207.60          -0.019326
207.80          -0.019310
208.00          -0.019297
208.20          -0.019285
208.40          -0.019275
208.60          -0.019267
208.80          -0.019261
209.00          -0.019257
209.20          -0.019254
209.40          -0.019253
209.60          -0.019254
209.80          -0.019256
210.00          -0.019260
210.20          -0.019265
210.40          -0.019272
210.60          -0.019280
210.80          -0.019289
211.00          -0.019300
211.20          -0.019312
211.40          -0.019325
211.60          -0.019340
211.80          -0.019355
212.00          -0.019372
212.20          -0.019391
212.40          -0.019410
212.60          -0.019431
212.80          -0.019452
213.00          -0.019475
213.20          -0.019499
213.40          -0.019524
213.60          -0.019551
213.80          -0.019578
214.00          -0.019607
214.20          -0.019636
214.40          -0.019667
214.60          -0.019699
214.80          -0.019732
215.00          -0.019767
215.20          -0.019802
215.40          -0.019839
215.60          -0.019876
215.80          -0.019915
216.00          -0.019956
216.20          -0.019997
216.40          -0.020040
216.60          -0.020085
216.80          -0.020130
217.00          -0.020177
217.20          -0.020226
217.40          -0.020276
217.60          -0.020328
217.80          -0.020382
218.00          -0.020437
218.20          -0.020494
218.40          -0.020553
218.60          -0.020615
218.80          -0.020678
219.00          -0.020745
219.20          -0.020813
219.40          -0.020885
219.60          -0.020959
219.80          -0.021038
220.00          -0.021137
220.20          -0.021203
220.40          -0.021291
220.60          -0.021385
220.80          -0.021484
221.00          -0.021588
221.20          -0.021698
221.40          -0.021816
221.60          -0.021942
221.80          -0.022076
222.00          -0.022221
222.20          -0.022378
222.40          -0.022548
222.60          -0.022734
222.80          -0.022939
223.00          -0.023166
223.20          -0.023420
223.40          -0.023706
223.60          -0.024032
223.80          -0.024407
224.00          -0.024846
224.20          -0.025365
224.40          -0.025991
224.60          -0.026761
224.80          -0.027730
225.00          -0.028987
