175.00          -0.029970
175.20          -0.030037
175.40          -0.030105
175.60          -0.030174
175.80          -0.030242
176.00          -0.030311
176.20          -0.030380
176.40          -0.030449
176.60          -0.030518
176.80          -0.030588
177.00          -0.030658
177.20          -0.030728
177.40          -0.030799
177.60          -0.030869
177.80          -0.030940
178.00          -0.031012
178.20          -0.031083
178.40          -0.031155
178.60          -0.031227
178.80          -0.031300
179.00          -0.031372
179.20          -0.031445
179.40          -0.031518
179.60          -0.031592
179.80          -0.031666
180.00          -0.031740
180.20          -0.031814
180.40          -0.031889
180.60          -0.031964
180.80          -0.032039
181.00          -0.032115
181.20          -0.032190
181.40          -0.032267
181.60          -0.032343
181.80          -0.032420
182.00          -0.032497
182.20          -0.032574
182.40          -0.032652
182.60          -0.032730
182.80          -0.032808
183.00          -0.032887
183.20          -0.032966
183.40          -0.033045
183.60          -0.033125
183.80          -0.033205
184.00          -0.033285
184.20          -0.033366
184.40          -0.033447
184.60          -0.033528
184.80          -0.033610
185.00          -0.033692
185.20          -0.033774
185.40          -0.033857
185.60          -0.033940
185.80          -0.034023
186.00          -0.034107
186.20          -0.034191
186.40          -0.034276
186.60          -0.034361
186.80          -0.034446
187.00          -0.034532
187.20          -0.034618
187.40          -0.034704
187.60          -0.034791
187.80          -0.034878
188.00          -0.034966
188.20          -0.035054
188.40          -0.035142
188.60          -0.035231
188.80          -0.035320
189.00          -0.035410
189.20          -0.035500
189.40          -0.035590
189.60          -0.035681
189.80          -0.035772
190.00          -0.035864
190.20          -0.035956
190.40          -0.036049
190.60          -0.036142
190.80          -0.036236
191.00          -0.036330
191.20          -0.036424
191.40          -0.036519
191.60          -0.036614
191.80          -0.036710
192.00          -0.036807
192.20          -0.036903
192.40          -0.037001
192.60          -0.037098
192.80          -0.037197
193.00          -0.037296
193.20          -0.037395
193.40          -0.037495
193.60          -0.037595
193.80          -0.037696
194.00          -0.037797
194.20          -0.037899
194.40          -0.038002
194.60          -0.038105
194.80          -0.038208
195.00          -0.038313
195.20          -0.038417
195.40          -0.038523
195.60          -0.038629
195.80          -0.038735
196.00          -0.038842
196.20          -0.038950
196.40          -0.039058
196.60          -0.039167
196.80          -0.039276
197.00          -0.039387
197.20          -0.039497
197.40          -0.039609
197.60          -0.039721
197.80          -0.039834
198.00          -0.039947
198.20          -0.040061
198.40          -0.040176
198.60          -0.040292
198.80          -0.040408
199.00          -0.040525
199.20          -0.040642
199.40          -0.040761
199.60          -0.040880
199.80          -0.041000
200.00          -0.041120
200.20          -0.041242
200.40          -0.041364
200.60          -0.041487
200.80          -0.041611
201.00          -0.041735
201.20          -0.041861
201.40          -0.041987
201.60          -0.042114
201.80          -0.042242
202.00          -0.042371
202.20          -0.042501
202.40          -0.042632
202.60          -0.042763
202.80          -0.042896
203.00          -0.043029
203.20          -0.043164
203.40          -0.043299
203.60          -0.043436
203.80          -0.043573
204.00          -0.043711
204.20          -0.043851
204.40          -0.043991
204.60          -0.044133
204.80          -0.044276
205.00          -0.044419
205.20          -0.044564
205.40          -0.044710
205.60          -0.044857
205.80          -0.045006
206.00          -0.045155
206.20          -0.045306
206.40          -0.045458
206.60          -0.045611
206.80          -0.045766
207.00          -0.045922
207.20          -0.046079
207.40          -0.046238
207.60          -0.046397
207.80          -0.046559
208.00          -0.046721
208.20          -0.046886
208.40          -0.047051
208.60          -0.047218
208.80          -0.047387
209.00          -0.047557
209.20          -0.047729
209.40          -0.047903
209.60          -0.048078
209.80          -0.048255
210.00          -0.048433
210.20          -0.048614
210.40          -0.048796
210.60          -0.048980
210.80          -0.049165
211.00          -0.049353
211.20          -0.049543
211.40          -0.049734
211.60          -0.049928
211.80          -0.050123
212.00          -0.050321
212.20          -0.050521
212.40          -0.050723
212.60          -0.050928
212.80          -0.051134
213.00          -0.051344
213.20          -0.051555
213.40          -0.051769
213.60          -0.051985
213.80          -0.052204
214.00          -0.052426
214.20          -0.052650
214.40          -0.052877
214.60          -0.053107
214.80          -0.053340
215.00          -0.053576
215.20          -0.053815
215.40          -0.054057
215.60          -0.054302
215.80          -0.054551
216.00          -0.054802
216.20          -0.055058
216.40          -0.055316
216.60          -0.055579
216.80          -0.055845
217.00          -0.056115
217.20          -0.056389
217.40          -0.056667
217.60          -0.056949
217.80          -0.057236
218.00          -0.057527
218.20          -0.057822
218.40          -0.058122
218.60          -0.058427
218.80          -0.058737
219.00          -0.059052
219.20          -0.059372
219.40          -0.059697
219.60          -0.060028
219.80          -0.060365
220.00          -0.060708
220.20          -0.061056
220.40          -0.061411
220.60          -0.061773
220.80          -0.062141
221.00          -0.062517
221.20          -0.062899
221.40          -0.063289
221.60          -0.063687
221.80          -0.064092
222.00          -0.064506
222.20          -0.064928
222.40          -0.065359
222.60          -0.065799
222.80          -0.066249
223.00          -0.066709
223.20          -0.067179
223.40          -0.067659
223.60          -0.068151
223.80          -0.068653
224.00          -0.069168
224.20          -0.069696
224.40          -0.070236
224.60          -0.070789
224.80          -0.071357
225.00          -0.071939
