175.00          -0.033628
175.20          -0.039056
175.40          -0.026373
175.60          -0.025895
175.80          -0.025859
176.00          -0.025894
176.20          -0.025945
176.40          -0.026001
176.60          -0.026059
176.80          -0.026116
177.00          -0.026173
177.20          -0.026230
177.40          -0.026287
177.60          -0.026343
177.80          -0.026399
178.00          -0.026455
178.20          -0.026511
178.40          -0.026568
178.60          -0.026624
178.80          -0.026681
179.00          -0.026738
179.20          -0.026795
179.40          -0.026853
179.60          -0.026911
179.80          -0.026970
180.00          -0.027030
180.20          -0.027090
180.40          -0.027151
180.60          -0.027212
180.80          -0.027275
181.00          -0.027338
181.20          -0.027402
181.40          -0.027468
181.60          -0.027534
181.80          -0.027602
182.00          -0.027671
182.20          -0.027742
182.40          -0.027815
182.60          -0.027889
182.80          -0.027966
183.00          -0.028045
183.20          -0.028127
183.40          -0.028211
183.60          -0.028299
183.80          -0.028390
184.00          -0.028486
184.20          -0.028586
184.40          -0.028692
184.60          -0.028804
184.80          -0.028923
185.00          -0.029050
185.20          -0.029188
185.40          -0.029337
185.60          -0.029500
185.80          -0.029680
186.00          -0.029881
186.20          -0.030106
186.40          -0.030364
186.60          -0.030662
186.80          -0.031013
187.00          -0.031432
187.20          -0.031944
187.40          -0.032587
187.60          -0.033415
187.80          -0.034521
188.00          -0.036065
188.20          -0.038340
188.40          -0.041948
188.60          -0.048281
188.80          -0.061241
189.00          -0.095665
189.20          -0.25588
189.40          -7.3808
189.60          -0.30628
189.80          -0.089391
190.00          -0.053126
190.20          -0.041285
190.40          -0.036129
190.60          -0.033494
190.80          -0.032005
191.00          -0.031106
191.20          -0.030539
191.40          -0.030170
191.60          -0.029928
191.80          -0.029769
192.00          -0.029666
192.20          -0.029603
192.40          -0.029569
192.60          -0.029556
192.80          -0.029558
193.00          -0.029572
193.20          -0.029595
193.40          -0.029626
193.60          -0.029662
193.80          -0.029702
194.00          -0.029746
194.20          -0.029793
194.40          -0.029842
194.60          -0.029893
194.80          -0.029946
195.00          -0.030000
195.20          -0.030056
195.40          -0.030113
195.60          -0.030170
195.80          -0.030228
196.00          -0.030288
196.20          -0.030347
196.40          -0.030408
196.60          -0.030469
196.80          -0.030531
197.00          -0.030594
197.20          -0.030658
197.40          -0.030722
197.60          -0.030787
197.80          -0.030853
198.00          -0.030921
198.20          -0.030990
198.40          -0.031060
198.60          -0.031133
198.80          -0.031210
199.00          -0.031290
199.20          -0.031377
199.40          -0.031475
199.60          -0.031593
199.80          -0.031751
200.00          -0.032014
200.20          -0.032676
200.40          -0.037354
200.60          -0.048671
200.80          -0.032820
201.00          -0.032175
201.20          -0.032097
201.40          -0.032127
201.60          -0.032193
201.80          -0.032277
202.00          -0.032373
202.20          -0.032479
202.40          -0.032597
202.60          -0.032729
202.80          -0.032878
203.00          -0.033051
203.20          -0.033258
203.40          -0.033513
203.60          -0.033845
203.80          -0.034302
204.00          -0.034985
204.20          -0.036127
204.40          -0.038387
204.60          -0.044355
204.80          -0.074610
205.00          -8.4604
205.20          -0.059117
205.40          -0.038167
205.60          -0.034634
205.80          -0.033568
206.00          -0.033171
206.20          -0.033018
206.40          -0.032972
206.60          -0.032977
206.80          -0.033009
207.00          -0.033057
207.20          -0.033113
207.40          -0.033175
207.60          -0.033239
207.80          -0.033306
208.00          -0.033373
208.20          -0.033441
208.40          -0.033510
208.60          -0.033578
208.80          -0.033647
209.00          -0.033715
209.20          -0.033783
209.40          -0.033852
209.60          -0.033920
209.80          -0.033988
210.00          -0.034056
210.20          -0.034123
210.40          -0.034191
210.60          -0.034258
210.80          -0.034326
211.00          -0.034393
211.20          -0.034460
211.40          -0.034528
211.60          -0.034595
211.80          -0.034662
212.00          -0.034729
212.20          -0.034796
212.40          -0.034863
212.60          -0.034930
212.80          -0.034998
213.00          -0.035065
213.20          -0.035132
213.40          -0.035199
213.60          -0.035267
213.80          -0.035334
214.00          -0.035401
214.20          -0.035469
214.40          -0.035536
214.60          -0.035604
214.80          -0.035672
215.00          -0.035740
215.20          -0.035808
215.40          -0.035876
215.60          -0.035944
215.80          -0.036012
216.00          -0.036081
216.20          -0.036149
216.40          -0.036218
216.60          -0.036287
216.80          -0.036355
217.00          -0.036424
217.20          -0.036494
217.40          -0.036563
217.60          -0.036633
217.80          -0.036702
218.00          -0.036772
218.20          -0.036842
218.40          -0.036912
218.60          -0.036983
218.80          -0.037053
219.00          -0.037124
219.20          -0.037195
219.40          -0.037266
219.60          -0.037337
219.80          -0.037409
220.00          -0.037480
220.20          -0.037552
220.40          -0.037624
220.60          -0.037697
220.80          -0.037770
221.00          -0.037842
221.20          -0.037915
221.40          -0.037989
221.60          -0.038062
221.80          -0.038136
222.00          -0.038211
222.20          -0.038285
222.40          -0.038360
222.60          -0.038435
222.80          -0.038510
223.00          -0.038586
223.20          -0.038662
223.40          -0.038738
223.60          -0.038815
223.80          -0.038892
224.00          -0.038969
224.20          -0.039047
224.40          -0.039125
224.60          -0.039204
224.80          -0.039283
225.00          -0.039362
