175.00          -0.042881
175.20          -0.043066
175.40          -0.043254
175.60          -0.043446
175.80          -0.043640
176.00          -0.043837
176.20          -0.044038
176.40          -0.044242
176.60          -0.044450
176.80          -0.044661
177.00          -0.044876
177.20          -0.045095
177.40          -0.045319
177.60          -0.045546
177.80          -0.045778
178.00          -0.046014
178.20          -0.046256
178.40          -0.046502
178.60          -0.046753
178.80          -0.047010
179.00          -0.047272
179.20          -0.047540
179.40          -0.047814
179.60          -0.048094
179.80          -0.048380
180.00          -0.048674
180.20          -0.048975
180.40          -0.049283
180.60          -0.049598
180.80          -0.049922
181.00          -0.050255
181.20          -0.050596
181.40          -0.050946
181.60          -0.051306
181.80          -0.051677
182.00          -0.052058
182.20          -0.052450
182.40          -0.052854
182.60          -0.053270
182.80          -0.053700
183.00          -0.054143
183.20          -0.054600
183.40          -0.055073
183.60          -0.055561
183.80          -0.056067
184.00          -0.056590
184.20          -0.057133
184.40          -0.057695
184.60          -0.058279
184.80          -0.058885
185.00          -0.059515
185.20          -0.060170
185.40          -0.060852
185.60          -0.061563
185.80          -0.062304
186.00          -0.063078
186.20          -0.063887
186.40          -0.064733
186.60          -0.065619
186.80          -0.066547
187.00          -0.067521
187.20          -0.068545
187.40          -0.069621
187.60          -0.070755
187.80          -0.071950
188.00          -0.073212
188.20          -0.074546
188.40          -0.075958
188.60          -0.077454
188.80          -0.079044
189.00          -0.080734
189.20          -0.082533
189.40          -0.084453
189.60          -0.086506
189.80          -0.088703
190.00          -0.091059
190.20          -0.093592
190.40          -0.096320
190.60          -0.099264
190.80          -0.10245
191.00          -0.10590
191.20          -0.10966
191.40          -0.11375
191.60          -0.11821
191.80          -0.12311
192.00          -0.12849
192.20          -0.13442
192.40          -0.14097
192.60          -0.14825
192.80          -0.15634
193.00          -0.16538
193.20          -0.17552
193.40          -0.18693
193.60          -0.19982
193.80          -0.21444
194.00          -0.23108
194.20          -0.25008
194.40          -0.27185
194.60          -0.29686
194.80          -0.32563
195.00          -0.35873
195.20          -0.39672
195.40          -0.44010
195.60          -0.48910
195.80          -0.54349
196.00          -0.60219
196.20          -0.66282
196.40          -0.72129
196.60          -0.77179
196.80          -0.80748
197.00          -0.82225
197.20          -0.81280
197.40          -0.78014
197.60          -0.72920
197.80          -0.66703
198.00          -0.60054
198.20          -0.53512
198.40          -0.47417
198.60          -0.41938
198.80          -0.37125
199.00          -0.32959
199.20          -0.29380
199.40          -0.26319
199.60          -0.23704
199.80          -0.21468
200.00          -0.19552
200.20          -0.17906
200.40          -0.16488
200.60          -0.15262
200.80          -0.14198
201.00          -0.13271
201.20          -0.12462
201.40          -0.11753
201.60          -0.11131
201.80          -0.10582
202.00          -0.10099
202.20          -0.096714
202.40          -0.092939
202.60          -0.089603
202.80          -0.086661
203.00          -0.084074
203.20          -0.081813
203.40          -0.079856
203.60          -0.078189
203.80          -0.076805
204.00          -0.075710
204.20          -0.074921
204.40          -0.074478
204.60          -0.074448
204.80          -0.074951
205.00          -0.076201
205.20          -0.078595
205.40          -0.082947
205.60          -0.091138
205.80          -0.10848
206.00          -0.15592
206.20          -0.40409
206.40          -5.3513
206.60          -0.17663
206.80          -0.073442
207.00          -0.055659
207.20          -0.050408
207.40          -0.048428
207.60          -0.047567
207.80          -0.047152
208.00          -0.046932
208.20          -0.046804
208.40          -0.046720
208.60          -0.046658
208.80          -0.046608
209.00          -0.046563
209.20          -0.046523
209.40          -0.046484
209.60          -0.046448
209.80          -0.046414
210.00          -0.046382
210.20          -0.046352
210.40          -0.046325
210.60          -0.046300
210.80          -0.046279
211.00          -0.046260
211.20          -0.046244
211.40          -0.046231
211.60          -0.046221
211.80          -0.046214
212.00          -0.046209
212.20          -0.046208
212.40          -0.046210
212.60          -0.046214
212.80          -0.046221
213.00          -0.046230
213.20          -0.046242
213.40          -0.046257
213.60          -0.046274
213.80          -0.046293
214.00          -0.046315
214.20          -0.046338
214.40          -0.046364
214.60          -0.046392
214.80          -0.046421
215.00          -0.046453
215.20          -0.046486
215.40          -0.046521
215.60          -0.046557
215.80          -0.046595
216.00          -0.046635
216.20          -0.046676
216.40          -0.046719
216.60          -0.046763
216.80          -0.046808
217.00          -0.046854
217.20          -0.046902
217.40          -0.046951
217.60          -0.047001
217.80          -0.047052
218.00          -0.047104
218.20          -0.047157
218.40          -0.047211
218.60          -0.047266
218.80          -0.047322
219.00          -0.047379
219.20          -0.047436
219.40          -0.047494
219.60          -0.047554
219.80          -0.047613
220.00          -0.047674
220.20          -0.047735
220.40          -0.047797
220.60          -0.047860
220.80          -0.047924
221.00          -0.047987
221.20          -0.048052
221.40          -0.048117
221.60          -0.048183
221.80          -0.048249
222.00          -0.048316
222.20          -0.048384
222.40          -0.048452
222.60          -0.048520
222.80          -0.048589
223.00          -0.048659
223.20          -0.048729
223.40          -0.048800
223.60          -0.048871
223.80          -0.048942
224.00          -0.049015
224.20          -0.049087
224.40          -0.049160
224.60          -0.049234
224.80          -0.049308
225.00          -0.049383
