175.00          -0.089714
175.20          -0.091229
175.40          -0.092810
175.60          -0.094461
175.80          -0.096186
176.00          -0.097989
176.20          -0.099877
176.40          -0.10185
176.60          -0.10393
176.80          -0.10610
177.00          -0.10838
177.20          -0.11078
177.40          -0.11329
177.60          -0.11595
177.80          -0.11874
178.00          -0.12168
178.20          -0.12478
178.40          -0.12806
178.60          -0.13152
178.80          -0.13518
179.00          -0.13905
179.20          -0.14315
179.40          -0.14749
179.60          -0.15210
179.80          -0.15699
180.00          -0.16217
180.20          -0.16768
180.40          -0.17353
180.60          -0.17975
180.80          -0.18636
181.00          -0.19338
181.20          -0.20084
181.40          -0.20876
181.60          -0.21716
181.80          -0.22605
182.00          -0.23546
182.20          -0.24539
182.40          -0.25584
182.60          -0.26679
182.80          -0.27822
183.00          -0.29009
183.20          -0.30232
183.40          -0.31482
183.60          -0.32746
183.80          -0.34010
184.00          -0.35251
184.20          -0.36448
184.40          -0.37574
184.60          -0.38598
184.80          -0.39489
185.00          -0.40218
185.20          -0.40754
185.40          -0.41074
185.60          -0.41159
185.80          -0.40999
186.00          -0.40596
186.20          -0.39957
186.40          -0.39101
186.60          -0.38055
186.80          -0.36848
187.00          -0.35516
187.20          -0.34093
187.40          -0.32612
187.60          -0.31104
187.80          -0.29595
188.00          -0.28107
188.20          -0.26658
188.40          -0.25260
188.60          -0.23924
188.80          -0.22655
189.00          -0.21457
189.20          -0.20331
189.40          -0.19277
189.60          -0.18293
189.80          -0.17377
190.00          -0.16525
190.20          -0.15735
190.40          -0.15002
190.60          -0.14322
190.80          -0.13693
191.00          -0.13110
191.20          -0.12570
191.40          -0.12069
191.60          -0.11606
191.80          -0.11176
192.00          -0.10777
192.20          -0.10408
192.40          -0.10064
192.60          -0.097454
192.80          -0.094490
193.00          -0.091732
193.20          -0.089165
193.40          -0.086774
193.60          -0.084546
193.80          -0.082468
194.00          -0.080528
194.20          -0.078717
194.40          -0.077025
194.60          -0.075443
194.80          -0.073962
195.00          -0.072577
195.20          -0.071280
195.40          -0.070064
195.60          -0.068925
195.80          -0.067856
196.00          -0.066853
196.20          -0.065913
196.40          -0.065030
196.60          -0.064200
196.80          -0.063422
197.00          -0.062690
197.20          -0.062003
197.40          -0.061357
197.60          -0.060750
197.80          -0.060180
198.00          -0.059645
198.20          -0.059143
198.40          -0.058671
198.60          -0.058228
198.80          -0.057813
199.00          -0.057424
199.20          -0.057061
199.40          -0.056720
199.60          -0.056403
199.80          -0.056107
200.00          -0.055832
200.20          -0.055577
200.40          -0.055341
200.60          -0.055125
200.80          -0.054926
201.00          -0.054745
201.20          -0.054583
201.40          -0.054438
201.60          -0.054310
201.80          -0.054201
202.00          -0.054110
202.20          -0.054038
202.40          -0.053987
202.60          -0.053957
202.80          -0.053952
203.00          -0.053972
203.20          -0.054023
203.40          -0.054109
203.60          -0.054236
203.80          -0.054416
204.00          -0.054660
204.20          -0.054990
204.40          -0.055435
204.60          -0.056043
204.80          -0.056895
205.00          -0.058134
205.20          -0.060037
205.40          -0.063217
205.60          -0.069286
205.80          -0.083886
206.00          -0.14180
206.20          -2.1434
206.40          -0.16062
206.60          -0.064031
206.80          -0.052499
207.00          -0.049619
207.20          -0.048710
207.40          -0.048424
207.60          -0.048369
207.80          -0.048409
208.00          -0.048487
208.20          -0.048581
208.40          -0.048678
208.60          -0.048774
208.80          -0.048867
209.00          -0.048956
209.20          -0.049041
209.40          -0.049122
209.60          -0.049200
209.80          -0.049275
210.00          -0.049346
210.20          -0.049416
210.40          -0.049483
210.60          -0.049549
210.80          -0.049613
211.00          -0.049676
211.20          -0.049737
211.40          -0.049798
211.60          -0.049858
211.80          -0.049917
212.00          -0.049975
212.20          -0.050033
212.40          -0.050091
212.60          -0.050149
212.80          -0.050206
213.00          -0.050263
213.20          -0.050320
213.40          -0.050377
213.60          -0.050433
213.80          -0.050490
214.00          -0.050546
214.20          -0.050603
214.40          -0.050660
214.60          -0.050717
214.80          -0.050773
215.00          -0.050830
215.20          -0.050887
215.40          -0.050944
215.60          -0.051001
215.80          -0.051058
216.00          -0.051115
216.20          -0.051173
216.40          -0.051230
216.60          -0.051288
216.80          -0.051345
217.00          -0.051403
217.20          -0.051461
217.40          -0.051519
217.60          -0.051577
217.80          -0.051635
218.00          -0.051693
218.20          -0.051751
218.40          -0.051809
218.60          -0.051868
218.80          -0.051926
219.00          -0.051985
219.20          -0.052043
219.40          -0.052102
219.60          -0.052160
219.80          -0.052219
220.00          -0.052278
220.20          -0.052337
220.40          -0.052396
220.60          -0.052455
220.80          -0.052514
221.00          -0.052573
221.20          -0.052632
221.40          -0.052691
221.60          -0.052751
221.80          -0.052810
222.00          -0.052869
222.20          -0.052929
222.40          -0.052988
222.60          -0.053048
222.80          -0.053108
223.00          -0.053168
223.20          -0.053228
223.40          -0.053288
223.60          -0.053348
223.80          -0.053409
224.00          -0.053470
224.20          -0.053531
224.40          -0.053592
224.60          -0.053654
224.80          -0.053716
225.00          -0.053780
