175.00          -0.065423
175.20          -0.064966
175.40          -0.064526
175.60          -0.064102
175.80          -0.063695
176.00          -0.063302
176.20          -0.062925
176.40          -0.062562
176.60          -0.062214
176.80          -0.061878
177.00          -0.061556
177.20          -0.061247
177.40          -0.060950
177.60          -0.060665
177.80          -0.060391
178.00          -0.060129
178.20          -0.059878
178.40          -0.059636
178.60          -0.059406
178.80          -0.059184
179.00          -0.058973
179.20          -0.058771
179.40          -0.058577
179.60          -0.058392
179.80          -0.058216
180.00          -0.058047
180.20          -0.057887
180.40          -0.057734
180.60          -0.057588
180.80          -0.057450
181.00          -0.057318
181.20          -0.057193
181.40          -0.057075
181.60          -0.056962
181.80          -0.056856
182.00          -0.056756
182.20          -0.056661
182.40          -0.056572
182.60          -0.056488
182.80          -0.056409
183.00          -0.056336
183.20          -0.056267
183.40          -0.056202
183.60          -0.056143
183.80          -0.056087
184.00          -0.056036
184.20          -0.055989
184.40          -0.055946
184.60          -0.055906
184.80          -0.055871
185.00          -0.055839
185.20          -0.055810
185.40          -0.055785
185.60          -0.055763
185.80          -0.055744
186.00          -0.055728
186.20          -0.055715
186.40          -0.055705
186.60          -0.055698
186.80          -0.055693
187.00          -0.055691
187.20          -0.055691
187.40          -0.055693
187.60          -0.055698
187.80          -0.055705
188.00          -0.055715
188.20          -0.055726
188.40          -0.055739
188.60          -0.055754
188.80          -0.055771
189.00          -0.055790
189.20          -0.055811
189.40          -0.055833
189.60          -0.055857
189.80          -0.055882
190.00          -0.055909
190.20          -0.055937
190.40          -0.055966
190.60          -0.055997
190.80          -0.056029
191.00          -0.056062
191.20          -0.056096
191.40          -0.056132
191.60          -0.056168
191.80          -0.056206
192.00          -0.056244
192.20          -0.056284
192.40          -0.056324
192.60          -0.056365
192.80          -0.056407
193.00          -0.056449
193.20          -0.056493
193.40          -0.056537
193.60          -0.056581
193.80          -0.056626
194.00          -0.056672
194.20          -0.056719
194.40          -0.056766
194.60          -0.056813
194.80          -0.056861
195.00          -0.056909
195.20          -0.056958
195.40          -0.057007
195.60          -0.057056
195.80          -0.057106
196.00          -0.057156
196.20          -0.057207
196.40          -0.057258
196.60          -0.057309
196.80          -0.057360
197.00          -0.057411
197.20          -0.057463
197.40          -0.057515
197.60          -0.057567
197.80          -0.057620
198.00          -0.057672
198.20          -0.057725
198.40          -0.057778
198.60          -0.057831
198.80          -0.057885
199.00          -0.057938
199.20          -0.057992
199.40          -0.058046
199.60          -0.058101
199.80          -0.058155
200.00          -0.058210
200.20          -0.058266
200.40          -0.058322
200.60          -0.058379
200.80          -0.058436
201.00          -0.058494
201.20          -0.058553
201.40          -0.058613
201.60          -0.058674
201.80          -0.058737
202.00          -0.058801
202.20          -0.058868
202.40          -0.058937
202.60          -0.059009
202.80          -0.059085
203.00          -0.059166
203.20          -0.059253
203.40          -0.059347
203.60          -0.059451
203.80          -0.059569
204.00          -0.059703
204.20          -0.059861
204.40          -0.060053
204.60          -0.060295
204.80          -0.060615
205.00          -0.061063
205.20          -0.061743
205.40          -0.062898
205.60          -0.065226
205.80          -0.071598
206.00          -0.10809
206.20          -0.85204
206.40          -0.074580
206.60          -0.062112
206.80          -0.059871
207.00          -0.059215
207.20          -0.058991
207.40          -0.058919
207.60          -0.058910
207.80          -0.058929
208.00          -0.058961
208.20          -0.058998
208.40          -0.059037
208.60          -0.059076
208.80          -0.059115
209.00          -0.059152
209.20          -0.059187
209.40          -0.059221
209.60          -0.059254
209.80          -0.059284
210.00          -0.059313
210.20          -0.059341
210.40          -0.059367
210.60          -0.059391
210.80          -0.059414
211.00          -0.059436
211.20          -0.059456
211.40          -0.059475
211.60          -0.059492
211.80          -0.059509
212.00          -0.059524
212.20          -0.059537
212.40          -0.059550
212.60          -0.059562
212.80          -0.059572
213.00          -0.059581
213.20          -0.059589
213.40          -0.059596
213.60          -0.059602
213.80          -0.059606
214.00          -0.059610
214.20          -0.059612
214.40          -0.059614
214.60          -0.059614
214.80          -0.059613
215.00          -0.059611
215.20          -0.059608
215.40          -0.059604
215.60          -0.059599
215.80          -0.059593
216.00          -0.059585
216.20          -0.059577
216.40          -0.059567
216.60          -0.059557
216.80          -0.059545
217.00          -0.059532
217.20          -0.059518
217.40          -0.059503
217.60          -0.059487
217.80          -0.059470
218.00          -0.059452
218.20          -0.059432
218.40          -0.059412
218.60          -0.059390
218.80          -0.059368
219.00          -0.059344
219.20          -0.059319
219.40          -0.059293
219.60          -0.059266
219.80          -0.059238
220.00          -0.059209
220.20          -0.059179
220.40          -0.059148
220.60          -0.059116
220.80          -0.059083
221.00          -0.059049
221.20          -0.059014
221.40          -0.058978
221.60          -0.058941
221.80          -0.058904
222.00          -0.058866
222.20          -0.058827
222.40          -0.058788
222.60          -0.058748
222.80          -0.058708
223.00          -0.058668
223.20          -0.058629
223.40          -0.058589
223.60          -0.058551
223.80          -0.058514
224.00          -0.058478
224.20          -0.058445
224.40          -0.058415
224.60          -0.058390
224.80          -0.058371
225.00          -0.058359
