175.00          -0.070406
175.20          -0.070727
175.40          -0.071049
175.60          -0.071371
175.80          -0.071693
176.00          -0.072015
176.20          -0.072338
176.40          -0.072661
176.60          -0.072984
176.80          -0.073306
177.00          -0.073629
177.20          -0.073952
177.40          -0.074275
177.60          -0.074597
177.80          -0.074919
178.00          -0.075241
178.20          -0.075563
178.40          -0.075884
178.60          -0.076205
178.80          -0.076525
179.00          -0.076845
179.20          -0.077165
179.40          -0.077483
179.60          -0.077801
179.80          -0.078119
180.00          -0.078435
180.20          -0.078751
180.40          -0.079066
180.60          -0.079380
180.80          -0.079693
181.00          -0.080005
181.20          -0.080316
181.40          -0.080626
181.60          -0.080935
181.80          -0.081242
182.00          -0.081549
182.20          -0.081854
182.40          -0.082157
182.60          -0.082460
182.80          -0.082761
183.00          -0.083060
183.20          -0.083358
183.40          -0.083654
183.60          -0.083949
183.80          -0.084242
184.00          -0.084533
184.20          -0.084823
184.40          -0.085111
184.60          -0.085396
184.80          -0.085681
185.00          -0.085963
185.20          -0.086243
185.40          -0.086521
185.60          -0.086798
185.80          -0.087072
186.00          -0.087344
186.20          -0.087614
186.40          -0.087882
186.60          -0.088148
186.80          -0.088411
187.00          -0.088672
187.20          -0.088931
187.40          -0.089188
187.60          -0.089442
187.80          -0.089694
188.00          -0.089944
188.20          -0.090191
188.40          -0.090436
188.60          -0.090678
188.80          -0.090918
189.00          -0.091155
189.20          -0.091390
189.40          -0.091623
189.60          -0.091853
189.80          -0.092080
190.00          -0.092305
190.20          -0.092527
190.40          -0.092747
190.60          -0.092964
190.80          -0.093179
191.00          -0.093391
191.20          -0.093600
191.40          -0.093807
191.60          -0.094012
191.80          -0.094214
192.00          -0.094413
192.20          -0.094610
192.40          -0.094804
192.60          -0.094996
192.80          -0.095185
193.00          -0.095372
193.20          -0.095556
193.40          -0.095738
193.60          -0.095918
193.80          -0.096095
194.00          -0.096270
194.20          -0.096443
194.40          -0.096613
194.60          -0.096781
194.80          -0.096947
195.00          -0.097110
195.20          -0.097272
195.40          -0.097431
195.60          -0.097589
195.80          -0.097744
196.00          -0.097898
196.20          -0.098050
196.40          -0.098200
196.60          -0.098348
196.80          -0.098495
197.00          -0.098640
197.20          -0.098784
197.40          -0.098926
197.60          -0.099067
197.80          -0.099207
198.00          -0.099346
198.20          -0.099484
198.40          -0.099621
198.60          -0.099757
198.80          -0.099893
199.00          -0.10003
199.20          -0.10016
199.40          -0.10030
199.60          -0.10044
199.80          -0.10057
200.00          -0.10071
200.20          -0.10085
200.40          -0.10099
200.60          -0.10113
200.80          -0.10127
201.00          -0.10142
201.20          -0.10156
201.40          -0.10172
201.60          -0.10187
201.80          -0.10204
202.00          -0.10220
202.20          -0.10238
202.40          -0.10256
202.60          -0.10276
202.80          -0.10297
203.00          -0.10319
203.20          -0.10343
203.40          -0.10370
203.60          -0.10400
203.80          -0.10434
204.00          -0.10472
204.20          -0.10519
204.40          -0.10574
204.60          -0.10645
204.80          -0.10738
205.00          -0.10868
205.20          -0.11066
205.40          -0.11404
205.60          -0.12107
205.80          -0.14227
206.00          -0.33454
206.20          -0.28859
206.40          -0.11201
206.60          -0.10252
206.80          -0.10107
207.00          -0.10098
207.20          -0.10122
207.40          -0.10154
207.60          -0.10188
207.80          -0.10221
208.00          -0.10253
208.20          -0.10285
208.40          -0.10315
208.60          -0.10345
208.80          -0.10374
209.00          -0.10404
209.20          -0.10433
209.40          -0.10462
209.60          -0.10492
209.80          -0.10523
210.00          -0.10554
210.20          -0.10585
210.40          -0.10618
210.60          -0.10652
210.80          -0.10687
211.00          -0.10723
211.20          -0.10761
211.40          -0.10801
211.60          -0.10842
211.80          -0.10886
212.00          -0.10931
212.20          -0.10979
212.40          -0.11030
212.60          -0.11083
212.80          -0.11139
213.00          -0.11199
213.20          -0.11262
213.40          -0.11330
213.60          -0.11401
213.80          -0.11478
214.00          -0.11560
214.20          -0.11647
214.40          -0.11741
214.60          -0.11842
214.80          -0.11951
215.00          -0.12068
215.20          -0.12196
215.40          -0.12334
215.60          -0.12484
215.80          -0.12649
216.00          -0.12828
216.20          -0.13026
216.40          -0.13244
216.60          -0.13486
216.80          -0.13754
217.00          -0.14055
217.20          -0.14392
217.40          -0.14773
217.60          -0.15206
217.80          -0.15702
218.00          -0.16274
218.20          -0.16939
218.40          -0.17722
218.60          -0.18651
218.80          -0.19770
219.00          -0.21135
219.20          -0.22831
219.40          -0.24980
219.60          -0.27767
219.80          -0.31489
220.00          -0.36638
220.20          -0.44084
220.40          -0.55490
220.60          -0.74356
220.80          -1.0906
221.00          -1.8360
221.20          -3.8597
221.40          -11.908
221.60          -7.9803
221.80          -2.6163
222.00          -1.1761
222.20          -0.65039
222.40          -0.41379
222.60          -0.29109
222.80          -0.22087
223.00          -0.17774
223.20          -0.14982
223.40          -0.13102
223.60          -0.11798
223.80          -0.10875
224.00          -0.10212
224.20          -0.097350
224.40          -0.093931
224.60          -0.091538
224.80          -0.089957
225.00          -0.089045
