175.00          -0.15003
175.20          -0.14585
175.40          -0.14177
175.60          -0.13781
175.80          -0.13397
176.00          -0.13025
176.20          -0.12666
176.40          -0.12319
176.60          -0.11984
176.80          -0.11662
177.00          -0.11352
177.20          -0.11054
177.40          -0.10768
177.60          -0.10494
177.80          -0.10231
178.00          -0.099784
178.20          -0.097366
178.40          -0.095051
178.60          -0.092834
178.80          -0.090711
179.00          -0.088680
179.20          -0.086737
179.40          -0.084878
179.60          -0.083099
179.80          -0.081397
180.00          -0.079770
180.20          -0.078213
180.40          -0.076724
180.60          -0.075300
180.80          -0.073937
181.00          -0.072634
181.20          -0.071387
181.40          -0.070194
181.60          -0.069052
181.80          -0.067959
182.00          -0.066913
182.20          -0.065912
182.40          -0.064953
182.60          -0.064035
182.80          -0.063156
183.00          -0.062314
183.20          -0.061507
183.40          -0.060734
183.60          -0.059994
183.80          -0.059284
184.00          -0.058603
184.20          -0.057951
184.40          -0.057326
184.60          -0.056726
184.80          -0.056151
185.00          -0.055599
185.20          -0.055069
185.40          -0.054561
185.60          -0.054074
185.80          -0.053606
186.00          -0.053157
186.20          -0.052725
186.40          -0.052311
186.60          -0.051914
186.80          -0.051532
187.00          -0.051165
187.20          -0.050813
187.40          -0.050474
187.60          -0.050149
187.80          -0.049837
188.00          -0.049537
188.20          -0.049248
188.40          -0.048971
188.60          -0.048704
188.80          -0.048448
189.00          -0.048202
189.20          -0.047965
189.40          -0.047738
189.60          -0.047519
189.80          -0.047308
190.00          -0.047106
190.20          -0.046912
190.40          -0.046725
190.60          -0.046545
190.80          -0.046373
191.00          -0.046207
191.20          -0.046047
191.40          -0.045894
191.60          -0.045746
191.80          -0.045604
192.00          -0.045468
192.20          -0.045337
192.40          -0.045211
192.60          -0.045090
192.80          -0.044974
193.00          -0.044863
193.20          -0.044755
193.40          -0.044653
193.60          -0.044554
193.80          -0.044459
194.00          -0.044368
194.20          -0.044281
194.40          -0.044197
194.60          -0.044117
194.80          -0.044040
195.00          -0.043966
195.20          -0.043895
195.40          -0.043828
195.60          -0.043763
195.80          -0.043701
196.00          -0.043642
196.20          -0.043585
196.40          -0.043532
196.60          -0.043480
196.80          -0.043431
197.00          -0.043385
197.20          -0.043341
197.40          -0.043299
197.60          -0.043259
197.80          -0.043221
198.00          -0.043186
198.20          -0.043153
198.40          -0.043122
198.60          -0.043093
198.80          -0.043065
199.00          -0.043040
199.20          -0.043018
199.40          -0.042997
199.60          -0.042978
199.80          -0.042961
200.00          -0.042947
200.20          -0.042935
200.40          -0.042926
200.60          -0.042919
200.80          -0.042914
201.00          -0.042913
201.20          -0.042915
201.40          -0.042921
201.60          -0.042931
201.80          -0.042946
202.00          -0.042966
202.20          -0.042993
202.40          -0.043028
202.60          -0.043073
202.80          -0.043130
203.00          -0.043204
203.20          -0.043301
203.40          -0.043428
203.60          -0.043601
203.80          -0.043842
204.00          -0.044196
204.20          -0.044752
204.40          -0.045715
204.60          -0.047678
204.80          -0.053064
205.00          -0.083982
205.20          -0.61783
205.40          -0.053116
205.60          -0.043891
205.80          -0.042290
206.00          -0.041843
206.20          -0.041698
206.40          -0.041656
206.60          -0.041652
206.80          -0.041665
207.00          -0.041683
207.20          -0.041702
207.40          -0.041722
207.60          -0.041741
207.80          -0.041758
208.00          -0.041774
208.20          -0.041788
208.40          -0.041802
208.60          -0.041814
208.80          -0.041825
209.00          -0.041835
209.20          -0.041844
209.40          -0.041852
209.60          -0.041860
209.80          -0.041867
210.00          -0.041873
210.20          -0.041879
210.40          -0.041884
210.60          -0.041889
210.80          -0.041893
211.00          -0.041897
211.20          -0.041901
211.40          -0.041904
211.60          -0.041907
211.80          -0.041909
212.00          -0.041911
212.20          -0.041913
212.40          -0.041915
212.60          -0.041916
212.80          -0.041917
213.00          -0.041918
213.20          -0.041919
213.40          -0.041919
213.60          -0.041919
213.80          -0.041919
214.00          -0.041919
214.20          -0.041918
214.40          -0.041917
214.60          -0.041916
214.80          -0.041915
215.00          -0.041913
215.20          -0.041912
215.40          -0.041910
215.60          -0.041907
215.80          -0.041905
216.00          -0.041902
216.20          -0.041899
216.40          -0.041896
216.60          -0.041893
216.80          -0.041889
217.00          -0.041885
217.20          -0.041881
217.40          -0.041877
217.60          -0.041873
217.80          -0.041868
218.00          -0.041863
218.20          -0.041858
218.40          -0.041852
218.60          -0.041847
218.80          -0.041841
219.00          -0.041835
219.20          -0.041828
219.40          -0.041822
219.60          -0.041815
219.80          -0.041808
220.00          -0.041801
220.20          -0.041794
220.40          -0.041787
220.60          -0.041779
220.80          -0.041771
221.00          -0.041764
221.20          -0.041756
221.40          -0.041748
221.60          -0.041740
221.80          -0.041732
222.00          -0.041725
222.20          -0.041717
222.40          -0.041710
222.60          -0.041703
222.80          -0.041696
223.00          -0.041690
223.20          -0.041685
223.40          -0.041681
223.60          -0.041679
223.80          -0.041678
224.00          -0.041679
224.20          -0.041684
224.40          -0.041693
224.60          -0.041707
224.80          -0.041729
225.00          -0.041761
