175.00          -0.045387
175.20          -0.045613
175.40          -0.045842
175.60          -0.046074
175.80          -0.046309
176.00          -0.046547
176.20          -0.046789
176.40          -0.047034
176.60          -0.047283
176.80          -0.047536
177.00          -0.047792
177.20          -0.048052
177.40          -0.048316
177.60          -0.048584
177.80          -0.048857
178.00          -0.049133
178.20          -0.049414
178.40          -0.049700
178.60          -0.049990
178.80          -0.050285
179.00          -0.050586
179.20          -0.050891
179.40          -0.051202
179.60          -0.051518
179.80          -0.051840
180.00          -0.052167
180.20          -0.052501
180.40          -0.052841
180.60          -0.053187
180.80          -0.053540
181.00          -0.053900
181.20          -0.054267
181.40          -0.054642
181.60          -0.055024
181.80          -0.055414
182.00          -0.055812
182.20          -0.056218
182.40          -0.056633
182.60          -0.057058
182.80          -0.057492
183.00          -0.057935
183.20          -0.058389
183.40          -0.058854
183.60          -0.059329
183.80          -0.059816
184.00          -0.060315
184.20          -0.060826
184.40          -0.061351
184.60          -0.061888
184.80          -0.062440
185.00          -0.063006
185.20          -0.063588
185.40          -0.064186
185.60          -0.064800
185.80          -0.065432
186.00          -0.066082
186.20          -0.066751
186.40          -0.067441
186.60          -0.068151
186.80          -0.068883
187.00          -0.069638
187.20          -0.070418
187.40          -0.071223
187.60          -0.072055
187.80          -0.072915
188.00          -0.073805
188.20          -0.074727
188.40          -0.075681
188.60          -0.076671
188.80          -0.077697
189.00          -0.078762
189.20          -0.079869
189.40          -0.081019
189.60          -0.082216
189.80          -0.083462
190.00          -0.084761
190.20          -0.086115
190.40          -0.087528
190.60          -0.089005
190.80          -0.090549
191.00          -0.092165
191.20          -0.093858
191.40          -0.095634
191.60          -0.097498
191.80          -0.099457
192.00          -0.10152
192.20          -0.10369
192.40          -0.10598
192.60          -0.10839
192.80          -0.11095
193.00          -0.11365
193.20          -0.11652
193.40          -0.11956
193.60          -0.12280
193.80          -0.12624
194.00          -0.12991
194.20          -0.13383
194.40          -0.13802
194.60          -0.14251
194.80          -0.14734
195.00          -0.15252
195.20          -0.15811
195.40          -0.16414
195.60          -0.17067
195.80          -0.17775
196.00          -0.18543
196.20          -0.19380
196.40          -0.20294
196.60          -0.21293
196.80          -0.22389
197.00          -0.23594
197.20          -0.24921
197.40          -0.26386
197.60          -0.28009
197.80          -0.29808
198.00          -0.31808
198.20          -0.34035
198.40          -0.36516
198.60          -0.39283
198.80          -0.42367
199.00          -0.45799
199.20          -0.49605
199.40          -0.53804
199.60          -0.58395
199.80          -0.63350
200.00          -0.68598
200.20          -0.74008
200.40          -0.79373
200.60          -0.84402
200.80          -0.88729
201.00          -0.91954
201.20          -0.93704
201.40          -0.93723
201.60          -0.91940
201.80          -0.88496
202.00          -0.83713
202.20          -0.78012
202.40          -0.71827
202.60          -0.65532
202.80          -0.59414
203.00          -0.53660
203.20          -0.48376
203.40          -0.43603
203.60          -0.39343
203.80          -0.35569
204.00          -0.32242
204.20          -0.29317
204.40          -0.26750
204.60          -0.24495
204.80          -0.22514
205.00          -0.20771
205.20          -0.19235
205.40          -0.17878
205.60          -0.16678
205.80          -0.15613
206.00          -0.14666
206.20          -0.13823
206.40          -0.13070
206.60          -0.12397
206.80          -0.11793
207.00          -0.11251
207.20          -0.10764
207.40          -0.10325
207.60          -0.099285
207.80          -0.095708
208.00          -0.092474
208.20          -0.089550
208.40          -0.086905
208.60          -0.084513
208.80          -0.082350
209.00          -0.080397
209.20          -0.078636
209.40          -0.077053
209.60          -0.075637
209.80          -0.074375
210.00          -0.073262
210.20          -0.072290
210.40          -0.071457
210.60          -0.070762
210.80          -0.070206
211.00          -0.069796
211.20          -0.069544
211.40          -0.069466
211.60          -0.069591
211.80          -0.069960
212.00          -0.070640
212.20          -0.071733
212.40          -0.073410
212.60          -0.075966
212.80          -0.079954
213.00          -0.086514
213.20          -0.098377
213.40          -0.12368
213.60          -0.19806
213.80          -0.70567
214.00          -1.7473
214.20          -0.14885
214.40          -0.071383
214.60          -0.055770
214.80          -0.051036
215.00          -0.049366
215.20          -0.048783
215.40          -0.048641
215.60          -0.048689
215.80          -0.048821
216.00          -0.048990
216.20          -0.049172
216.40          -0.049356
216.60          -0.049538
216.80          -0.049716
217.00          -0.049889
217.20          -0.050057
217.40          -0.050220
217.60          -0.050380
217.80          -0.050536
218.00          -0.050691
218.20          -0.050843
218.40          -0.050994
218.60          -0.051143
218.80          -0.051293
219.00          -0.051442
219.20          -0.051590
219.40          -0.051740
219.60          -0.051889
219.80          -0.052040
220.00          -0.052191
220.20          -0.052343
220.40          -0.052495
220.60          -0.052650
220.80          -0.052805
221.00          -0.052961
221.20          -0.053119
221.40          -0.053278
221.60          -0.053438
221.80          -0.053599
222.00          -0.053762
222.20          -0.053926
222.40          -0.054092
222.60          -0.054259
222.80          -0.054427
223.00          -0.054597
223.20          -0.054768
223.40          -0.054940
223.60          -0.055114
223.80          -0.055289
224.00          -0.055466
224.20          -0.055644
224.40          -0.055823
224.60          -0.056003
224.80          -0.056185
225.00          -0.056368
