175.00          -0.055690
175.20          -0.056893
175.40          -0.058156
175.60          -0.059482
175.80          -0.060878
176.00          -0.062347
176.20          -0.063895
176.40          -0.065529
176.60          -0.067254
176.80          -0.069078
177.00          -0.071008
177.20          -0.073053
177.40          -0.075223
177.60          -0.077528
177.80          -0.079980
178.00          -0.082590
178.20          -0.085374
178.40          -0.088346
178.60          -0.091525
178.80          -0.094929
179.00          -0.098579
179.20          -0.10250
179.40          -0.10672
179.60          -0.11127
179.80          -0.11617
180.00          -0.12148
180.20          -0.12722
180.40          -0.13345
180.60          -0.14022
180.80          -0.14759
181.00          -0.15562
181.20          -0.16439
181.40          -0.17397
181.60          -0.18447
181.80          -0.19597
182.00          -0.20858
182.20          -0.22243
182.40          -0.23762
182.60          -0.25428
182.80          -0.27252
183.00          -0.29244
183.20          -0.31412
183.40          -0.33757
183.60          -0.36273
183.80          -0.38945
184.00          -0.41739
184.20          -0.44604
184.40          -0.47463
184.60          -0.50215
184.80          -0.52733
185.00          -0.54874
185.20          -0.56492
185.40          -0.57455
185.60          -0.57671
185.80          -0.57104
186.00          -0.55781
186.20          -0.53791
186.40          -0.51267
186.60          -0.48362
186.80          -0.45233
187.00          -0.42018
187.20          -0.38829
187.40          -0.35750
187.60          -0.32837
187.80          -0.30122
188.00          -0.27622
188.20          -0.25338
188.40          -0.23265
188.60          -0.21390
188.80          -0.19700
189.00          -0.18178
189.20          -0.16808
189.40          -0.15577
189.60          -0.14468
189.80          -0.13470
190.00          -0.12569
190.20          -0.11756
190.40          -0.11021
190.60          -0.10355
190.80          -0.097513
191.00          -0.092024
191.20          -0.087027
191.40          -0.082471
191.60          -0.078310
191.80          -0.074504
192.00          -0.071016
192.20          -0.067814
192.40          -0.064872
192.60          -0.062164
192.80          -0.059667
193.00          -0.057362
193.20          -0.055232
193.40          -0.053261
193.60          -0.051434
193.80          -0.049740
194.00          -0.048166
194.20          -0.046704
194.40          -0.045343
194.60          -0.044075
194.80          -0.042894
195.00          -0.041792
195.20          -0.040764
195.40          -0.039804
195.60          -0.038907
195.80          -0.038069
196.00          -0.037286
196.20          -0.036554
196.40          -0.035871
196.60          -0.035233
196.80          -0.034639
197.00          -0.034086
197.20          -0.033573
197.40          -0.033099
197.60          -0.032663
197.80          -0.032268
198.00          -0.031913
198.20          -0.031603
198.40          -0.031344
198.60          -0.031147
198.80          -0.031033
199.00          -0.031038
199.20          -0.031236
199.40          -0.031801
199.60          -0.033211
199.80          -0.037344
200.00          -0.059583
200.20          -1.0425
200.40          -0.036221
200.60          -0.027843
200.80          -0.026459
201.00          -0.026013
201.20          -0.025794
201.40          -0.025647
201.60          -0.025527
201.80          -0.025420
202.00          -0.025319
202.20          -0.025223
202.40          -0.025130
202.60          -0.025042
202.80          -0.024956
203.00          -0.024875
203.20          -0.024797
203.40          -0.024723
203.60          -0.024653
203.80          -0.024586
204.00          -0.024523
204.20          -0.024463
204.40          -0.024407
204.60          -0.024355
204.80          -0.024306
205.00          -0.024260
205.20          -0.024218
205.40          -0.024178
205.60          -0.024142
205.80          -0.024109
206.00          -0.024078
206.20          -0.024051
206.40          -0.024026
206.60          -0.024003
206.80          -0.023983
207.00          -0.023966
207.20          -0.023951
207.40          -0.023938
207.60          -0.023928
207.80          -0.023919
208.00          -0.023913
208.20          -0.023909
208.40          -0.023907
208.60          -0.023906
208.80          -0.023908
209.00          -0.023911
209.20          -0.023916
209.40          -0.023923
209.60          -0.023931
209.80          -0.023941
210.00          -0.023953
210.20          -0.023966
210.40          -0.023981
210.60          -0.023997
210.80          -0.024014
211.00          -0.024033
211.20          -0.024053
211.40          -0.024074
211.60          -0.024097
211.80          -0.024121
212.00          -0.024146
212.20          -0.024172
212.40          -0.024200
212.60          -0.024229
212.80          -0.024258
213.00          -0.024289
213.20          -0.024321
213.40          -0.024354
213.60          -0.024388
213.80          -0.024424
214.00          -0.024460
214.20          -0.024497
214.40          -0.024535
214.60          -0.024574
214.80          -0.024615
215.00          -0.024656
215.20          -0.024698
215.40          -0.024741
215.60          -0.024785
215.80          -0.024830
216.00          -0.024877
216.20          -0.024924
216.40          -0.024972
216.60          -0.025021
216.80          -0.025071
217.00          -0.025122
217.20          -0.025174
217.40          -0.025227
217.60          -0.025281
217.80          -0.025336
218.00          -0.025392
218.20          -0.025449
218.40          -0.025508
218.60          -0.025567
218.80          -0.025628
219.00          -0.025690
219.20          -0.025753
219.40          -0.025817
219.60          -0.025883
219.80          -0.025950
220.00          -0.026018
220.20          -0.026088
220.40          -0.026160
220.60          -0.026233
220.80          -0.026308
221.00          -0.026385
221.20          -0.026464
221.40          -0.026545
221.60          -0.026628
221.80          -0.026714
222.00          -0.026804
222.20          -0.026904
222.40          -0.027075
222.60          -0.027637
222.80          -0.027206
223.00          -0.027287
223.20          -0.027388
223.40          -0.027496
223.60          -0.027610
223.80          -0.027729
224.00          -0.027854
224.20          -0.027985
224.40          -0.028123
224.60          -0.028269
224.80          -0.028423
225.00          -0.028587
