175.00          -0.028869
175.20          -0.028933
175.40          -0.028996
175.60          -0.029060
175.80          -0.029123
176.00          -0.029188
176.20          -0.029252
176.40          -0.029317
176.60          -0.029382
176.80          -0.029447
177.00          -0.029513
177.20          -0.029578
177.40          -0.029645
177.60          -0.029711
177.80          -0.029778
178.00          -0.029845
178.20          -0.029912
178.40          -0.029979
178.60          -0.030047
178.80          -0.030116
179.00          -0.030184
179.20          -0.030253
179.40          -0.030322
179.60          -0.030392
179.80          -0.030461
180.00          -0.030532
180.20          -0.030602
180.40          -0.030673
180.60          -0.030744
180.80          -0.030816
181.00          -0.030887
181.20          -0.030960
181.40          -0.031032
181.60          -0.031105
181.80          -0.031179
182.00          -0.031252
182.20          -0.031326
182.40          -0.031401
182.60          -0.031476
182.80          -0.031551
183.00          -0.031627
183.20          -0.031703
183.40          -0.031780
183.60          -0.031857
183.80          -0.031934
184.00          -0.032012
184.20          -0.032090
184.40          -0.032169
184.60          -0.032248
184.80          -0.032328
185.00          -0.032408
185.20          -0.032489
185.40          -0.032570
185.60          -0.032652
185.80          -0.032734
186.00          -0.032817
186.20          -0.032900
186.40          -0.032984
186.60          -0.033069
186.80          -0.033154
187.00          -0.033239
187.20          -0.033325
187.40          -0.033412
187.60          -0.033500
187.80          -0.033588
188.00          -0.033676
188.20          -0.033766
188.40          -0.033856
188.60          -0.033946
188.80          -0.034038
189.00          -0.034130
189.20          -0.034223
189.40          -0.034316
189.60          -0.034411
189.80          -0.034506
190.00          -0.034602
190.20          -0.034698
190.40          -0.034796
190.60          -0.034895
190.80          -0.034994
191.00          -0.035094
191.20          -0.035196
191.40          -0.035298
191.60          -0.035401
191.80          -0.035505
192.00          -0.035611
192.20          -0.035717
192.40          -0.035825
192.60          -0.035933
192.80          -0.036043
193.00          -0.036154
193.20          -0.036266
193.40          -0.036380
193.60          -0.036495
193.80          -0.036611
194.00          -0.036729
194.20          -0.036849
194.40          -0.036970
194.60          -0.037092
194.80          -0.037216
195.00          -0.037342
195.20          -0.037470
195.40          -0.037599
195.60          -0.037731
195.80          -0.037865
196.00          -0.038000
196.20          -0.038138
196.40          -0.038278
196.60          -0.038421
196.80          -0.038566
197.00          -0.038714
197.20          -0.038865
197.40          -0.039019
197.60          -0.039176
197.80          -0.039336
198.00          -0.039500
198.20          -0.039667
198.40          -0.039838
198.60          -0.040014
198.80          -0.040194
199.00          -0.040379
199.20          -0.040569
199.40          -0.040764
199.60          -0.040966
199.80          -0.041174
200.00          -0.041389
200.20          -0.041611
200.40          -0.041842
200.60          -0.042082
200.80          -0.042332
201.00          -0.042594
201.20          -0.042868
201.40          -0.043156
201.60          -0.043460
201.80          -0.043783
202.00          -0.044126
202.20          -0.044494
202.40          -0.044890
202.60          -0.045320
202.80          -0.045790
203.00          -0.046310
203.20          -0.046891
203.40          -0.047550
203.60          -0.048308
203.80          -0.049198
204.00          -0.050268
204.20          -0.051593
204.40          -0.053296
204.60          -0.055590
204.80          -0.058880
205.00          -0.064029
205.20          -0.073178
205.40          -0.093173
205.60          -0.15846
205.80          -0.87686
206.00          -0.48526
206.20          -0.084396
206.40          -0.052885
206.60          -0.046056
206.80          -0.044196
207.00          -0.043825
207.20          -0.044003
207.40          -0.044410
207.60          -0.044921
207.80          -0.045483
208.00          -0.046072
208.20          -0.046680
208.40          -0.047302
208.60          -0.047939
208.80          -0.048591
209.00          -0.049260
209.20          -0.049951
209.40          -0.050666
209.60          -0.051410
209.80          -0.052185
210.00          -0.052997
210.20          -0.053851
210.40          -0.054753
210.60          -0.055707
210.80          -0.056722
211.00          -0.057805
211.20          -0.058965
211.40          -0.060212
211.60          -0.061558
211.80          -0.063017
212.00          -0.064604
212.20          -0.066339
212.40          -0.068244
212.60          -0.070346
212.80          -0.072676
213.00          -0.075274
213.20          -0.078187
213.40          -0.081474
213.60          -0.085208
213.80          -0.089480
214.00          -0.094409
214.20          -0.10014
214.40          -0.10688
214.60          -0.11489
214.80          -0.12451
215.00          -0.13624
215.20          -0.15077
215.40          -0.16906
215.60          -0.19258
215.80          -0.22356
216.00          -0.26548
216.20          -0.32409
216.40          -0.40917
216.60          -0.53799
216.80          -0.74155
217.00          -1.0717
217.20          -1.5798
217.40          -2.1344
217.60          -2.1755
217.80          -1.6121
218.00          -1.0464
218.20          -0.68226
218.40          -0.46642
218.60          -0.33596
218.80          -0.25364
219.00          -0.19936
219.20          -0.16212
219.40          -0.13570
219.60          -0.11641
219.80          -0.10198
220.00          -0.090965
220.20          -0.082402
220.40          -0.075645
220.60          -0.070244
220.80          -0.065876
221.00          -0.062309
221.20          -0.059372
221.40          -0.056935
221.60          -0.054901
221.80          -0.053193
222.00          -0.051753
222.20          -0.050535
222.40          -0.049501
222.60          -0.048622
222.80          -0.047873
223.00          -0.047236
223.20          -0.046694
223.40          -0.046235
223.60          -0.045846
223.80          -0.045520
224.00          -0.045249
224.20          -0.045026
224.40          -0.044846
224.60          -0.044706
224.80          -0.044602
225.00          -0.044531
