175.00          -0.16957
175.20          -0.16437
175.40          -0.15937
175.60          -0.15457
175.80          -0.14996
176.00          -0.14554
176.20          -0.14129
176.40          -0.13722
176.60          -0.13332
176.80          -0.12957
177.00          -0.12598
177.20          -0.12254
177.40          -0.11923
177.60          -0.11606
177.80          -0.11303
178.00          -0.11012
178.20          -0.10732
178.40          -0.10464
178.60          -0.10207
178.80          -0.099607
179.00          -0.097241
179.20          -0.094971
179.40          -0.092793
179.60          -0.090703
179.80          -0.088696
180.00          -0.086769
180.20          -0.084919
180.40          -0.083142
180.60          -0.081436
180.80          -0.079796
181.00          -0.078221
181.20          -0.076708
181.40          -0.075253
181.60          -0.073855
181.80          -0.072511
182.00          -0.071218
182.20          -0.069976
182.40          -0.068780
182.60          -0.067631
182.80          -0.066525
183.00          -0.065461
183.20          -0.064437
183.40          -0.063452
183.60          -0.062504
183.80          -0.061591
184.00          -0.060713
184.20          -0.059867
184.40          -0.059053
184.60          -0.058269
184.80          -0.057514
185.00          -0.056788
185.20          -0.056088
185.40          -0.055414
185.60          -0.054765
185.80          -0.054141
186.00          -0.053539
186.20          -0.052960
186.40          -0.052402
186.60          -0.051865
186.80          -0.051348
187.00          -0.050850
187.20          -0.050371
187.40          -0.049910
187.60          -0.049466
187.80          -0.049039
188.00          -0.048628
188.20          -0.048233
188.40          -0.047852
188.60          -0.047487
188.80          -0.047135
189.00          -0.046798
189.20          -0.046473
189.40          -0.046162
189.60          -0.045863
189.80          -0.045575
190.00          -0.045300
190.20          -0.045036
190.40          -0.044783
190.60          -0.044540
190.80          -0.044308
191.00          -0.044086
191.20          -0.043874
191.40          -0.043671
191.60          -0.043478
191.80          -0.043293
192.00          -0.043117
192.20          -0.042950
192.40          -0.042791
192.60          -0.042640
192.80          -0.042498
193.00          -0.042362
193.20          -0.042235
193.40          -0.042114
193.60          -0.042001
193.80          -0.041895
194.00          -0.041796
194.20          -0.041704
194.40          -0.041618
194.60          -0.041538
194.80          -0.041466
195.00          -0.041399
195.20          -0.041339
195.40          -0.041284
195.60          -0.041236
195.80          -0.041193
196.00          -0.041157
196.20          -0.041126
196.40          -0.041101
196.60          -0.041082
196.80          -0.041068
197.00          -0.041060
197.20          -0.041058
197.40          -0.041061
197.60          -0.041070
197.80          -0.041085
198.00          -0.041106
198.20          -0.041132
198.40          -0.041164
198.60          -0.041202
198.80          -0.041247
199.00          -0.041297
199.20          -0.041354
199.40          -0.041418
199.60          -0.041489
199.80          -0.041566
200.00          -0.041652
200.20          -0.041745
200.40          -0.041846
200.60          -0.041957
200.80          -0.042077
201.00          -0.042208
201.20          -0.042350
201.40          -0.042504
201.60          -0.042672
201.80          -0.042856
202.00          -0.043056
202.20          -0.043277
202.40          -0.043519
202.60          -0.043789
202.80          -0.044089
203.00          -0.044425
203.20          -0.044807
203.40          -0.045243
203.60          -0.045748
203.80          -0.046341
204.00          -0.047049
204.20          -0.047912
204.40          -0.048990
204.60          -0.050380
204.80          -0.052243
205.00          -0.054872
205.20          -0.058845
205.40          -0.065474
205.60          -0.078343
205.80          -0.11092
206.00          -0.26096
206.20          -25.104
206.40          -0.16672
206.60          -0.059976
206.80          -0.044198
207.00          -0.040092
207.20          -0.038865
207.40          -0.038583
207.60          -0.038659
207.80          -0.038880
208.00          -0.039159
208.20          -0.039459
208.40          -0.039762
208.60          -0.040061
208.80          -0.040352
209.00          -0.040634
209.20          -0.040907
209.40          -0.041172
209.60          -0.041430
209.80          -0.041681
210.00          -0.041926
210.20          -0.042166
210.40          -0.042402
210.60          -0.042634
210.80          -0.042863
211.00          -0.043089
211.20          -0.043313
211.40          -0.043536
211.60          -0.043756
211.80          -0.043976
212.00          -0.044195
212.20          -0.044414
212.40          -0.044632
212.60          -0.044850
212.80          -0.045068
213.00          -0.045287
213.20          -0.045506
213.40          -0.045726
213.60          -0.045947
213.80          -0.046169
214.00          -0.046392
214.20          -0.046616
214.40          -0.046841
214.60          -0.047068
214.80          -0.047296
215.00          -0.047526
215.20          -0.047758
215.40          -0.047991
215.60          -0.048226
215.80          -0.048464
216.00          -0.048703
216.20          -0.048945
216.40          -0.049189
216.60          -0.049435
216.80          -0.049684
217.00          -0.049935
217.20          -0.050189
217.40          -0.050445
217.60          -0.050705
217.80          -0.050967
218.00          -0.051232
218.20          -0.051500
218.40          -0.051771
218.60          -0.052045
218.80          -0.052323
219.00          -0.052604
219.20          -0.052888
219.40          -0.053176
219.60          -0.053468
219.80          -0.053764
220.00          -0.054064
220.20          -0.054368
220.40          -0.054676
220.60          -0.054988
220.80          -0.055305
221.00          -0.055627
221.20          -0.055954
221.40          -0.056286
221.60          -0.056623
221.80          -0.056965
222.00          -0.057313
222.20          -0.057668
222.40          -0.058028
222.60          -0.058396
222.80          -0.058770
223.00          -0.059151
223.20          -0.059540
223.40          -0.059938
223.60          -0.060344
223.80          -0.060759
224.00          -0.061185
224.20          -0.061622
224.40          -0.062071
224.60          -0.062533
224.80          -0.063010
225.00          -0.063504
