175.00          -0.035977
175.20          -0.036117
175.40          -0.036259
175.60          -0.036403
175.80          -0.036550
176.00          -0.036699
176.20          -0.036850
176.40          -0.037004
176.60          -0.037160
176.80          -0.037319
177.00          -0.037481
177.20          -0.037646
177.40          -0.037814
177.60          -0.037985
177.80          -0.038159
178.00          -0.038337
178.20          -0.038518
178.40          -0.038704
178.60          -0.038893
178.80          -0.039086
179.00          -0.039283
179.20          -0.039485
179.40          -0.039692
179.60          -0.039903
179.80          -0.040120
180.00          -0.040342
180.20          -0.040570
180.40          -0.040804
180.60          -0.041044
180.80          -0.041291
181.00          -0.041546
181.20          -0.041807
181.40          -0.042077
181.60          -0.042354
181.80          -0.042641
182.00          -0.042937
182.20          -0.043243
182.40          -0.043560
182.60          -0.043888
182.80          -0.044228
183.00          -0.044581
183.20          -0.044948
183.40          -0.045330
183.60          -0.045727
183.80          -0.046141
184.00          -0.046574
184.20          -0.047027
184.40          -0.047501
184.60          -0.047998
184.80          -0.048520
185.00          -0.049069
185.20          -0.049648
185.40          -0.050259
185.60          -0.050906
185.80          -0.051591
186.00          -0.052320
186.20          -0.053096
186.40          -0.053924
186.60          -0.054810
186.80          -0.055761
187.00          -0.056784
187.20          -0.057889
187.40          -0.059086
187.60          -0.060388
187.80          -0.061808
188.00          -0.063366
188.20          -0.065080
188.40          -0.066978
188.60          -0.069089
188.80          -0.071453
189.00          -0.074117
189.20          -0.077142
189.40          -0.080605
189.60          -0.084609
189.80          -0.089286
190.00          -0.094817
190.20          -0.10145
190.40          -0.10955
190.60          -0.11963
190.80          -0.13247
191.00          -0.14932
191.20          -0.17227
191.40          -0.20502
191.60          -0.25479
191.80          -0.33722
192.00          -0.49197
192.20          -0.84514
192.40          -1.9561
192.60          -6.1647
192.80          -2.4208
193.00          -0.66302
193.20          -0.27339
193.40          -0.14944
193.60          -0.10206
193.80          -0.084243
194.00          -0.081055
194.20          -0.087488
194.40          -0.10272
194.60          -0.12879
194.80          -0.17126
195.00          -0.24195
195.20          -0.36576
195.40          -0.59407
195.60          -1.0035
195.80          -1.4856
196.00          -1.4258
196.20          -0.94866
196.40          -0.59095
196.60          -0.38899
196.80          -0.27467
197.00          -0.20612
197.20          -0.16248
197.40          -0.13323
197.60          -0.11278
197.80          -0.097979
198.00          -0.086949
198.20          -0.078534
198.40          -0.071984
198.60          -0.066799
198.80          -0.062636
199.00          -0.059253
199.20          -0.056473
199.40          -0.054170
199.60          -0.052245
199.80          -0.050627
200.00          -0.049258
200.20          -0.048095
200.40          -0.047102
200.60          -0.046252
200.80          -0.045522
201.00          -0.044894
201.20          -0.044353
201.40          -0.043887
201.60          -0.043485
201.80          -0.043139
202.00          -0.042842
202.20          -0.042587
202.40          -0.042370
202.60          -0.042185
202.80          -0.042030
203.00          -0.041900
203.20          -0.041793
203.40          -0.041707
203.60          -0.041639
203.80          -0.041588
204.00          -0.041551
204.20          -0.041527
204.40          -0.041516
204.60          -0.041516
204.80          -0.041525
205.00          -0.041544
205.20          -0.041570
205.40          -0.041605
205.60          -0.041646
205.80          -0.041693
206.00          -0.041746
206.20          -0.041805
206.40          -0.041868
206.60          -0.041937
206.80          -0.042009
207.00          -0.042085
207.20          -0.042165
207.40          -0.042248
207.60          -0.042335
207.80          -0.042424
208.00          -0.042516
208.20          -0.042611
208.40          -0.042708
208.60          -0.042808
208.80          -0.042910
209.00          -0.043013
209.20          -0.043119
209.40          -0.043227
209.60          -0.043337
209.80          -0.043448
210.00          -0.043561
210.20          -0.043676
210.40          -0.043792
210.60          -0.043910
210.80          -0.044029
211.00          -0.044150
211.20          -0.044272
211.40          -0.044396
211.60          -0.044520
211.80          -0.044647
212.00          -0.044775
212.20          -0.044904
212.40          -0.045034
212.60          -0.045166
212.80          -0.045299
213.00          -0.045434
213.20          -0.045570
213.40          -0.045707
213.60          -0.045847
213.80          -0.045987
214.00          -0.046129
214.20          -0.046273
214.40          -0.046419
214.60          -0.046567
214.80          -0.046716
215.00          -0.046867
215.20          -0.047021
215.40          -0.047177
215.60          -0.047335
215.80          -0.047497
216.00          -0.047663
216.20          -0.047841
216.40          -0.048085
216.60          -0.059427
216.80          -0.048505
217.00          -0.048578
217.20          -0.048740
217.40          -0.048921
217.60          -0.049112
217.80          -0.049310
218.00          -0.049517
218.20          -0.049731
218.40          -0.049954
218.60          -0.050187
218.80          -0.050431
219.00          -0.050688
219.20          -0.050960
219.40          -0.051249
219.60          -0.051559
219.80          -0.051893
220.00          -0.052257
220.20          -0.052657
220.40          -0.053102
220.60          -0.053603
220.80          -0.054178
221.00          -0.054850
221.20          -0.055652
221.40          -0.056636
221.60          -0.057886
221.80          -0.059542
222.00          -0.061856
222.20          -0.065339
222.40          -0.071148
222.60          -0.082489
222.80          -0.11146
223.00          -0.23683
223.20          -0.48243
223.40          -0.097593
223.60          -0.057565
223.80          -0.050091
224.00          -0.048227
224.20          -0.047847
224.40          -0.047949
224.60          -0.048222
224.80          -0.048553
225.00          -0.048897
