175.00          -0.058569
175.20          -0.059282
175.40          -0.060024
175.60          -0.060796
175.80          -0.061601
176.00          -0.062440
176.20          -0.063317
176.40          -0.064233
176.60          -0.065192
176.80          -0.066196
177.00          -0.067249
177.20          -0.068355
177.40          -0.069517
177.60          -0.070741
177.80          -0.072030
178.00          -0.073391
178.20          -0.074829
178.40          -0.076351
178.60          -0.077964
178.80          -0.079677
179.00          -0.081499
179.20          -0.083439
179.40          -0.085510
179.60          -0.087725
179.80          -0.090097
180.00          -0.092644
180.20          -0.095385
180.40          -0.098340
180.60          -0.10153
180.80          -0.10500
181.00          -0.10876
181.20          -0.11286
181.40          -0.11734
181.60          -0.12225
181.80          -0.12765
182.00          -0.13361
182.20          -0.14021
182.40          -0.14755
182.60          -0.15575
182.80          -0.16494
183.00          -0.17530
183.20          -0.18703
183.40          -0.20037
183.60          -0.21565
183.80          -0.23323
184.00          -0.25358
184.20          -0.27729
184.40          -0.30508
184.60          -0.33787
184.80          -0.37675
185.00          -0.42311
185.20          -0.47854
185.40          -0.54487
185.60          -0.62388
185.80          -0.71686
186.00          -0.82352
186.20          -0.94029
186.40          -1.0579
186.60          -1.1599
186.80          -1.2245
187.00          -1.2330
187.20          -1.1805
187.40          -1.0793
187.60          -0.95229
187.80          -0.82067
188.00          -0.69844
188.20          -0.59194
188.40          -0.50245
188.60          -0.42868
188.80          -0.36839
189.00          -0.31921
189.20          -0.27904
189.40          -0.24608
189.60          -0.21892
189.80          -0.19640
190.00          -0.17764
190.20          -0.16193
190.40          -0.14872
190.60          -0.13758
190.80          -0.12816
191.00          -0.12021
191.20          -0.11352
191.40          -0.10793
191.60          -0.10335
191.80          -0.099718
192.00          -0.097033
192.20          -0.095376
192.40          -0.094954
192.60          -0.096210
192.80          -0.10010
193.00          -0.10886
193.20          -0.12883
193.40          -0.18434
193.60          -0.45694
193.80          -3.7162
194.00          -0.21950
194.20          -0.083511
194.40          -0.059682
194.60          -0.052378
194.80          -0.049409
195.00          -0.047946
195.20          -0.047106
195.40          -0.046559
195.60          -0.046163
195.80          -0.045855
196.00          -0.045602
196.20          -0.045386
196.40          -0.045200
196.60          -0.045036
196.80          -0.044893
197.00          -0.044767
197.20          -0.044658
197.40          -0.044563
197.60          -0.044482
197.80          -0.044414
198.00          -0.044359
198.20          -0.044314
198.40          -0.044281
198.60          -0.044258
198.80          -0.044245
199.00          -0.044241
199.20          -0.044246
199.40          -0.044258
199.60          -0.044279
199.80          -0.044307
200.00          -0.044342
200.20          -0.044383
200.40          -0.044431
200.60          -0.044484
200.80          -0.044544
201.00          -0.044608
201.20          -0.044678
201.40          -0.044752
201.60          -0.044831
201.80          -0.044914
202.00          -0.045001
202.20          -0.045092
202.40          -0.045187
202.60          -0.045286
202.80          -0.045388
203.00          -0.045493
203.20          -0.045601
203.40          -0.045712
203.60          -0.045826
203.80          -0.045943
204.00          -0.046062
204.20          -0.046184
204.40          -0.046309
204.60          -0.046435
204.80          -0.046564
205.00          -0.046695
205.20          -0.046829
205.40          -0.046964
205.60          -0.047101
205.80          -0.047241
206.00          -0.047382
206.20          -0.047525
206.40          -0.047670
206.60          -0.047816
206.80          -0.047964
207.00          -0.048114
207.20          -0.048266
207.40          -0.048419
207.60          -0.048574
207.80          -0.048731
208.00          -0.048889
208.20          -0.049048
208.40          -0.049210
208.60          -0.049372
208.80          -0.049537
209.00          -0.049702
209.20          -0.049870
209.40          -0.050039
209.60          -0.050209
209.80          -0.050382
210.00          -0.050555
210.20          -0.050731
210.40          -0.050908
210.60          -0.051086
210.80          -0.051266
211.00          -0.051449
211.20          -0.051632
211.40          -0.051818
211.60          -0.052005
211.80          -0.052195
212.00          -0.052386
212.20          -0.052580
212.40          -0.052775
212.60          -0.052973
212.80          -0.053173
213.00          -0.053375
213.20          -0.053580
213.40          -0.053788
213.60          -0.053998
213.80          -0.054211
214.00          -0.054428
214.20          -0.054647
214.40          -0.054871
214.60          -0.055098
214.80          -0.055329
215.00          -0.055566
215.20          -0.055808
215.40          -0.056057
215.60          -0.056316
215.80          -0.056591
216.00          -0.056898
216.20          -0.057304
216.40          -0.058398
216.60          -0.10656
216.80          -0.058625
217.00          -0.058377
217.20          -0.058574
217.40          -0.058851
217.60          -0.059162
217.80          -0.059494
218.00          -0.059847
218.20          -0.060219
218.40          -0.060612
218.60          -0.061030
218.80          -0.061476
219.00          -0.061953
219.20          -0.062469
219.40          -0.063029
219.60          -0.063643
219.80          -0.064324
220.00          -0.065086
220.20          -0.065952
220.40          -0.066949
220.60          -0.068121
220.80          -0.069527
221.00          -0.071258
221.20          -0.073459
221.40          -0.076370
221.60          -0.080419
221.80          -0.086441
222.00          -0.096247
222.20          -0.11437
222.40          -0.15390
222.60          -0.23880
222.80          -0.19565
223.00          -0.085488
223.20          -0.058814
223.40          -0.052908
223.60          -0.051856
223.80          -0.052148
224.00          -0.052831
224.20          -0.053606
224.40          -0.054373
224.60          -0.055099
224.80          -0.055776
225.00          -0.056406
