175.00          -0.061587
175.20          -0.062048
175.40          -0.062516
175.60          -0.062991
175.80          -0.063474
176.00          -0.063965
176.20          -0.064464
176.40          -0.064970
176.60          -0.065485
176.80          -0.066008
177.00          -0.066539
177.20          -0.067078
177.40          -0.067625
177.60          -0.068182
177.80          -0.068747
178.00          -0.069320
178.20          -0.069903
178.40          -0.070494
178.60          -0.071095
178.80          -0.071705
179.00          -0.072325
179.20          -0.072954
179.40          -0.073592
179.60          -0.074241
179.80          -0.074899
180.00          -0.075568
180.20          -0.076246
180.40          -0.076936
180.60          -0.077635
180.80          -0.078346
181.00          -0.079067
181.20          -0.079800
181.40          -0.080543
181.60          -0.081298
181.80          -0.082065
182.00          -0.082843
182.20          -0.083633
182.40          -0.084436
182.60          -0.085250
182.80          -0.086078
183.00          -0.086917
183.20          -0.087770
183.40          -0.088636
183.60          -0.089516
183.80          -0.090409
184.00          -0.091315
184.20          -0.092236
184.40          -0.093171
184.60          -0.094120
184.80          -0.095085
185.00          -0.096064
185.20          -0.097058
185.40          -0.098068
185.60          -0.099094
185.80          -0.10014
186.00          -0.10119
186.20          -0.10227
186.40          -0.10336
186.60          -0.10447
186.80          -0.10559
187.00          -0.10674
187.20          -0.10790
187.40          -0.10908
187.60          -0.11028
187.80          -0.11150
188.00          -0.11274
188.20          -0.11400
188.40          -0.11528
188.60          -0.11658
188.80          -0.11790
189.00          -0.11924
189.20          -0.12060
189.40          -0.12199
189.60          -0.12340
189.80          -0.12484
190.00          -0.12630
190.20          -0.12778
190.40          -0.12929
190.60          -0.13083
190.80          -0.13240
191.00          -0.13400
191.20          -0.13563
191.40          -0.13730
191.60          -0.13901
191.80          -0.14077
192.00          -0.14260
192.20          -0.14451
192.40          -0.14654
192.60          -0.14881
192.80          -0.15155
193.00          -0.15559
193.20          -0.16533
193.40          -0.26513
193.60          -0.24556
193.80          -0.16885
194.00          -0.16418
194.20          -0.16440
194.40          -0.16575
194.60          -0.16751
194.80          -0.16946
195.00          -0.17153
195.20          -0.17368
195.40          -0.17590
195.60          -0.17817
195.80          -0.18050
196.00          -0.18287
196.20          -0.18530
196.40          -0.18777
196.60          -0.19030
196.80          -0.19287
197.00          -0.19549
197.20          -0.19816
197.40          -0.20089
197.60          -0.20367
197.80          -0.20651
198.00          -0.20940
198.20          -0.21235
198.40          -0.21536
198.60          -0.21844
198.80          -0.22158
199.00          -0.22479
199.20          -0.22806
199.40          -0.23141
199.60          -0.23483
199.80          -0.23833
200.00          -0.24191
200.20          -0.24558
200.40          -0.24933
200.60          -0.25318
200.80          -0.25712
201.00          -0.26116
201.20          -0.26530
201.40          -0.26956
201.60          -0.27393
201.80          -0.27842
202.00          -0.28305
202.20          -0.28780
202.40          -0.29270
202.60          -0.29775
202.80          -0.30296
203.00          -0.30834
203.20          -0.31390
203.40          -0.31965
203.60          -0.32561
203.80          -0.33178
204.00          -0.33818
204.20          -0.34483
204.40          -0.35174
204.60          -0.35893
204.80          -0.36643
205.00          -0.37425
205.20          -0.38242
205.40          -0.39096
205.60          -0.39991
205.80          -0.40929
206.00          -0.41914
206.20          -0.42950
206.40          -0.44041
206.60          -0.45191
206.80          -0.46405
207.00          -0.47688
207.20          -0.49046
207.40          -0.50486
207.60          -0.52013
207.80          -0.53634
208.00          -0.55359
208.20          -0.57193
208.40          -0.59146
208.60          -0.61226
208.80          -0.63441
209.00          -0.65798
209.20          -0.68305
209.40          -0.70967
209.60          -0.73787
209.80          -0.76764
210.00          -0.79892
210.20          -0.83156
210.40          -0.86533
210.60          -0.89987
210.80          -0.93464
211.00          -0.96891
211.20          -1.0017
211.40          -1.0319
211.60          -1.0580
211.80          -1.0783
212.00          -1.0913
212.20          -1.0952
212.40          -1.0888
212.60          -1.0712
212.80          -1.0421
213.00          -1.0023
213.20          -0.95314
213.40          -0.89649
213.60          -0.83469
213.80          -0.77010
214.00          -0.70495
214.20          -0.64110
214.40          -0.57998
214.60          -0.52261
214.80          -0.46960
215.00          -0.42123
215.20          -0.37758
215.40          -0.33856
215.60          -0.30403
215.80          -0.27396
216.00          -0.24888
216.20          -0.23219
216.40          -0.26359
216.60          -0.49168
216.80          -0.17027
217.00          -0.14553
217.20          -0.13036
217.40          -0.11802
217.60          -0.10740
217.80          -0.098099
218.00          -0.089907
218.20          -0.082681
218.40          -0.076309
218.60          -0.070701
218.80          -0.065784
219.00          -0.061499
219.20          -0.057799
219.40          -0.054650
219.60          -0.052023
219.80          -0.049904
220.00          -0.048284
220.20          -0.047166
220.40          -0.046559
220.60          -0.046482
220.80          -0.046962
221.00          -0.048037
221.20          -0.049748
221.40          -0.052146
221.60          -0.055286
221.80          -0.059225
222.00          -0.064018
222.20          -0.069711
222.40          -0.076332
222.60          -0.083884
222.80          -0.092328
223.00          -0.10158
223.20          -0.11147
223.40          -0.12179
223.60          -0.13225
223.80          -0.14249
224.00          -0.15215
224.20          -0.16085
224.40          -0.16828
224.60          -0.17419
224.80          -0.17845
225.00          -0.18101
