175.00          -0.026129
175.20          -0.026174
175.40          -0.026219
175.60          -0.026265
175.80          -0.026310
176.00          -0.026356
176.20          -0.026402
176.40          -0.026448
176.60          -0.026494
176.80          -0.026540
177.00          -0.026586
177.20          -0.026632
177.40          -0.026678
177.60          -0.026725
177.80          -0.026771
178.00          -0.026818
178.20          -0.026864
178.40          -0.026911
178.60          -0.026958
178.80          -0.027005
179.00          -0.027052
179.20          -0.027099
179.40          -0.027147
179.60          -0.027194
179.80          -0.027241
180.00          -0.027289
180.20          -0.027337
180.40          -0.027384
180.60          -0.027432
180.80          -0.027480
181.00          -0.027528
181.20          -0.027576
181.40          -0.027625
181.60          -0.027673
181.80          -0.027722
182.00          -0.027770
182.20          -0.027819
182.40          -0.027868
182.60          -0.027916
182.80          -0.027965
183.00          -0.028014
183.20          -0.028064
183.40          -0.028113
183.60          -0.028162
183.80          -0.028212
184.00          -0.028261
184.20          -0.028311
184.40          -0.028361
184.60          -0.028410
184.80          -0.028460
185.00          -0.028511
185.20          -0.028561
185.40          -0.028611
185.60          -0.028661
185.80          -0.028712
186.00          -0.028762
186.20          -0.028813
186.40          -0.028864
186.60          -0.028915
186.80          -0.028966
187.00          -0.029017
187.20          -0.029068
187.40          -0.029120
187.60          -0.029171
187.80          -0.029222
188.00          -0.029274
188.20          -0.029326
188.40          -0.029378
188.60          -0.029430
188.80          -0.029482
189.00          -0.029534
189.20          -0.029586
189.40          -0.029639
189.60          -0.029691
189.80          -0.029744
190.00          -0.029796
190.20          -0.029849
190.40          -0.029902
190.60          -0.029955
190.80          -0.030008
191.00          -0.030062
191.20          -0.030115
191.40          -0.030169
191.60          -0.030222
191.80          -0.030276
192.00          -0.030330
192.20          -0.030384
192.40          -0.030438
192.60          -0.030492
192.80          -0.030546
193.00          -0.030600
193.20          -0.030655
193.40          -0.030710
193.60          -0.030764
193.80          -0.030819
194.00          -0.030874
194.20          -0.030929
194.40          -0.030984
194.60          -0.031040
194.80          -0.031095
195.00          -0.031151
195.20          -0.031206
195.40          -0.031262
195.60          -0.031318
195.80          -0.031374
196.00          -0.031430
196.20          -0.031486
196.40          -0.031542
196.60          -0.031599
196.80          -0.031655
197.00          -0.031712
197.20          -0.031769
197.40          -0.031826
197.60          -0.031883
197.80          -0.031940
198.00          -0.031997
198.20          -0.032055
198.40          -0.032112
198.60          -0.032170
198.80          -0.032228
199.00          -0.032286
199.20          -0.032344
199.40          -0.032402
199.60          -0.032460
199.80          -0.032518
200.00          -0.032577
200.20          -0.032636
200.40          -0.032694
200.60          -0.032753
200.80          -0.032812
201.00          -0.032871
201.20          -0.032931
201.40          -0.032990
201.60          -0.033049
201.80          -0.033109
202.00          -0.033169
202.20          -0.033229
202.40          -0.033289
202.60          -0.033349
202.80          -0.033409
203.00          -0.033470
203.20          -0.033530
203.40          -0.033591
203.60          -0.033652
203.80          -0.033712
204.00          -0.033773
204.20          -0.033835
204.40          -0.033896
204.60          -0.033957
204.80          -0.034019
205.00          -0.034081
205.20          -0.034143
205.40          -0.034205
205.60          -0.034267
205.80          -0.034329
206.00          -0.034391
206.20          -0.034454
206.40          -0.034517
206.60          -0.034579
206.80          -0.034642
207.00          -0.034705
207.20          -0.034769
207.40          -0.034832
207.60          -0.034896
207.80          -0.034959
208.00          -0.035023
208.20          -0.035087
208.40          -0.035151
208.60          -0.035215
208.80          -0.035280
209.00          -0.035344
209.20          -0.035409
209.40          -0.035473
209.60          -0.035538
209.80          -0.035603
210.00          -0.035669
210.20          -0.035734
210.40          -0.035800
210.60          -0.035865
210.80          -0.035931
211.00          -0.035997
211.20          -0.036063
211.40          -0.036130
211.60          -0.036196
211.80          -0.036263
212.00          -0.036329
212.20          -0.036396
212.40          -0.036463
212.60          -0.036530
212.80          -0.036598
213.00          -0.036665
213.20          -0.036733
213.40          -0.036801
213.60          -0.036869
213.80          -0.036937
214.00          -0.037005
214.20          -0.037074
214.40          -0.037143
214.60          -0.037211
214.80          -0.037280
215.00          -0.037350
215.20          -0.037419
215.40          -0.037488
215.60          -0.037558
215.80          -0.037628
216.00          -0.037698
216.20          -0.037768
216.40          -0.037839
216.60          -0.037909
216.80          -0.037980
217.00          -0.038051
217.20          -0.038122
217.40          -0.038193
217.60          -0.038264
217.80          -0.038336
218.00          -0.038408
218.20          -0.038480
218.40          -0.038552
218.60          -0.038624
218.80          -0.038697
219.00          -0.038770
219.20          -0.038843
219.40          -0.038916
219.60          -0.038989
219.80          -0.039062
220.00          -0.039136
220.20          -0.039210
220.40          -0.039284
220.60          -0.039359
220.80          -0.039433
221.00          -0.039508
221.20          -0.039583
221.40          -0.039658
221.60          -0.039733
221.80          -0.039809
222.00          -0.039885
222.20          -0.039961
222.40          -0.040037
222.60          -0.040113
222.80          -0.040190
223.00          -0.040267
223.20          -0.040344
223.40          -0.040421
223.60          -0.040499
223.80          -0.040576
224.00          -0.040655
224.20          -0.040733
224.40          -0.040811
224.60          -0.040890
224.80          -0.040969
225.00          -0.041048
