175.00          -0.032922
175.20          -0.033000
175.40          -0.033078
175.60          -0.033156
175.80          -0.033234
176.00          -0.033313
176.20          -0.033392
176.40          -0.033471
176.60          -0.033551
176.80          -0.033631
177.00          -0.033711
177.20          -0.033791
177.40          -0.033872
177.60          -0.033953
177.80          -0.034034
178.00          -0.034116
178.20          -0.034198
178.40          -0.034280
178.60          -0.034362
178.80          -0.034445
179.00          -0.034528
179.20          -0.034611
179.40          -0.034695
179.60          -0.034778
179.80          -0.034863
180.00          -0.034947
180.20          -0.035032
180.40          -0.035117
180.60          -0.035202
180.80          -0.035288
181.00          -0.035374
181.20          -0.035460
181.40          -0.035547
181.60          -0.035634
181.80          -0.035721
182.00          -0.035809
182.20          -0.035897
182.40          -0.035985
182.60          -0.036074
182.80          -0.036163
183.00          -0.036252
183.20          -0.036342
183.40          -0.036432
183.60          -0.036522
183.80          -0.036613
184.00          -0.036704
184.20          -0.036795
184.40          -0.036887
184.60          -0.036979
184.80          -0.037071
185.00          -0.037164
185.20          -0.037257
185.40          -0.037351
185.60          -0.037445
185.80          -0.037539
186.00          -0.037633
186.20          -0.037728
186.40          -0.037824
186.60          -0.037920
186.80          -0.038016
187.00          -0.038112
187.20          -0.038209
187.40          -0.038307
187.60          -0.038404
187.80          -0.038503
188.00          -0.038601
188.20          -0.038700
188.40          -0.038799
188.60          -0.038899
188.80          -0.039000
189.00          -0.039100
189.20          -0.039201
189.40          -0.039303
189.60          -0.039405
189.80          -0.039507
190.00          -0.039610
190.20          -0.039713
190.40          -0.039817
190.60          -0.039921
190.80          -0.040026
191.00          -0.040131
191.20          -0.040237
191.40          -0.040343
191.60          -0.040449
191.80          -0.040556
192.00          -0.040664
192.20          -0.040772
192.40          -0.040881
192.60          -0.040990
192.80          -0.041099
193.00          -0.041209
193.20          -0.041320
193.40          -0.041431
193.60          -0.041543
193.80          -0.041655
194.00          -0.041768
194.20          -0.041881
194.40          -0.041995
194.60          -0.042109
194.80          -0.042224
195.00          -0.042340
195.20          -0.042456
195.40          -0.042573
195.60          -0.042690
195.80          -0.042808
196.00          -0.042926
196.20          -0.043046
196.40          -0.043165
196.60          -0.043286
196.80          -0.043407
197.00          -0.043528
197.20          -0.043651
197.40          -0.043774
197.60          -0.043897
197.80          -0.044022
198.00          -0.044147
198.20          -0.044273
198.40          -0.044399
198.60          -0.044526
198.80          -0.044654
199.00          -0.044783
199.20          -0.044912
199.40          -0.045042
199.60          -0.045173
199.80          -0.045305
200.00          -0.045437
200.20          -0.045570
200.40          -0.045704
200.60          -0.045839
200.80          -0.045975
201.00          -0.046111
201.20          -0.046249
201.40          -0.046387
201.60          -0.046526
201.80          -0.046666
202.00          -0.046807
202.20          -0.046949
202.40          -0.047092
202.60          -0.047235
202.80          -0.047380
203.00          -0.047526
203.20          -0.047672
203.40          -0.047820
203.60          -0.047969
203.80          -0.048119
204.00          -0.048269
204.20          -0.048421
204.40          -0.048574
204.60          -0.048728
204.80          -0.048883
205.00          -0.049040
205.20          -0.049197
205.40          -0.049356
205.60          -0.049516
205.80          -0.049677
206.00          -0.049839
206.20          -0.050003
206.40          -0.050168
206.60          -0.050334
206.80          -0.050502
207.00          -0.050671
207.20          -0.050842
207.40          -0.051013
207.60          -0.051187
207.80          -0.051362
208.00          -0.051538
208.20          -0.051716
208.40          -0.051895
208.60          -0.052076
208.80          -0.052259
209.00          -0.052443
209.20          -0.052629
209.40          -0.052817
209.60          -0.053007
209.80          -0.053198
210.00          -0.053391
210.20          -0.053586
210.40          -0.053783
210.60          -0.053982
210.80          -0.054183
211.00          -0.054386
211.20          -0.054592
211.40          -0.054799
211.60          -0.055008
211.80          -0.055220
212.00          -0.055434
212.20          -0.055651
212.40          -0.055870
212.60          -0.056091
212.80          -0.056315
213.00          -0.056542
213.20          -0.056771
213.40          -0.057003
213.60          -0.057237
213.80          -0.057475
214.00          -0.057715
214.20          -0.057959
214.40          -0.058206
214.60          -0.058455
214.80          -0.058709
215.00          -0.058965
215.20          -0.059225
215.40          -0.059488
215.60          -0.059755
215.80          -0.060026
216.00          -0.060301
216.20          -0.060579
216.40          -0.060862
216.60          -0.061149
216.80          -0.061440
217.00          -0.061736
217.20          -0.062036
217.40          -0.062341
217.60          -0.062650
217.80          -0.062965
218.00          -0.063285
218.20          -0.063610
218.40          -0.063941
218.60          -0.064277
218.80          -0.064619
219.00          -0.064968
219.20          -0.065322
219.40          -0.065683
219.60          -0.066051
219.80          -0.066425
220.00          -0.066807
220.20          -0.067196
220.40          -0.067593
220.60          -0.067997
220.80          -0.068410
221.00          -0.068831
221.20          -0.069262
221.40          -0.069701
221.60          -0.070150
221.80          -0.070609
222.00          -0.071078
222.20          -0.071557
222.40          -0.072048
222.60          -0.072551
222.80          -0.073065
223.00          -0.073592
223.20          -0.074132
223.40          -0.074685
223.60          -0.075253
223.80          -0.075835
224.00          -0.076433
224.20          -0.077047
224.40          -0.077677
224.60          -0.078326
224.80          -0.078992
225.00          -0.079678
