175.00          -0.88036
175.20          -0.86153
175.40          -0.80467
175.60          -0.72275
175.80          -0.63103
176.00          -0.54136
176.20          -0.46044
176.40          -0.39075
176.60          -0.33229
176.80          -0.28391
177.00          -0.24407
177.20          -0.21127
177.40          -0.18420
177.60          -0.16175
177.80          -0.14302
178.00          -0.12732
178.20          -0.11406
178.40          -0.10281
178.60          -0.093194
178.80          -0.084937
179.00          -0.077807
179.20          -0.071620
179.40          -0.066227
179.60          -0.061507
179.80          -0.057362
180.00          -0.053718
180.20          -0.050531
180.40          -0.047854
180.60          -0.047365
180.80          -0.043855
181.00          -0.040415
181.20          -0.038479
181.40          -0.036779
181.60          -0.035247
181.80          -0.033858
182.00          -0.032594
182.20          -0.031442
182.40          -0.030391
182.60          -0.029429
182.80          -0.028548
183.00          -0.027739
183.20          -0.026996
183.40          -0.026312
183.60          -0.025682
183.80          -0.025100
184.00          -0.024564
184.20          -0.024067
184.40          -0.023608
184.60          -0.023183
184.80          -0.022789
185.00          -0.022423
185.20          -0.022084
185.40          -0.021768
185.60          -0.021475
185.80          -0.021203
186.00          -0.020950
186.20          -0.020714
186.40          -0.020495
186.60          -0.020291
186.80          -0.020101
187.00          -0.019924
187.20          -0.019759
187.40          -0.019606
187.60          -0.019464
187.80          -0.019331
188.00          -0.019208
188.20          -0.019094
188.40          -0.018988
188.60          -0.018890
188.80          -0.018798
189.00          -0.018714
189.20          -0.018636
189.40          -0.018564
189.60          -0.018498
189.80          -0.018438
190.00          -0.018382
190.20          -0.018331
190.40          -0.018285
190.60          -0.018243
190.80          -0.018206
191.00          -0.018172
191.20          -0.018142
191.40          -0.018115
191.60          -0.018092
191.80          -0.018072
192.00          -0.018055
192.20          -0.018041
192.40          -0.018030
192.60          -0.018022
192.80          -0.018016
193.00          -0.018013
193.20          -0.018012
193.40          -0.018013
193.60          -0.018017
193.80          -0.018023
194.00          -0.018030
194.20          -0.018040
194.40          -0.018052
194.60          -0.018066
194.80          -0.018082
195.00          -0.018099
195.20          -0.018118
195.40          -0.018139
195.60          -0.018162
195.80          -0.018186
196.00          -0.018212
196.20          -0.018240
196.40          -0.018269
196.60          -0.018300
196.80          -0.018332
197.00          -0.018366
197.20          -0.018402
197.40          -0.018439
197.60          -0.018478
197.80          -0.018518
198.00          -0.018560
198.20          -0.018604
198.40          -0.018650
198.60          -0.018697
198.80          -0.018746
199.00          -0.018797
199.20          -0.018850
199.40          -0.018905
199.60          -0.018962
199.80          -0.019021
200.00          -0.019082
200.20          -0.019146
200.40          -0.019213
200.60          -0.019282
200.80          -0.019354
201.00          -0.019429
201.20          -0.019507
201.40          -0.019589
201.60          -0.019675
201.80          -0.019764
202.00          -0.019859
202.20          -0.019958
202.40          -0.020063
202.60          -0.020174
202.80          -0.020292
203.00          -0.020417
203.20          -0.020551
203.40          -0.020694
203.60          -0.020848
203.80          -0.021015
204.00          -0.021197
204.20          -0.021395
204.40          -0.021613
204.60          -0.021856
204.80          -0.022127
205.00          -0.022439
205.20          -0.022848
205.40          -0.023526
205.60          -0.023621
205.80          -0.024147
206.00          -0.024786
206.20          -0.025566
206.40          -0.026537
206.60          -0.027775
206.80          -0.029403
207.00          -0.031623
207.20          -0.034793
207.40          -0.039599
207.60          -0.047467
207.80          -0.061742
208.00          -0.091254
208.20          -0.15813
208.40          -0.24078
208.60          -0.15425
208.80          -0.073879
209.00          -0.043626
209.20          -0.031482
209.40          -0.025876
209.60          -0.022996
209.80          -0.021402
210.00          -0.020478
210.20          -0.019928
210.40          -0.019599
210.60          -0.019406
210.80          -0.019302
211.00          -0.019256
211.20          -0.019249
211.40          -0.019269
211.60          -0.019309
211.80          -0.019361
212.00          -0.019424
212.20          -0.019494
212.40          -0.019569
212.60          -0.019648
212.80          -0.019729
213.00          -0.019813
213.20          -0.019899
213.40          -0.019986
213.60          -0.020073
213.80          -0.020162
214.00          -0.020251
214.20          -0.020341
214.40          -0.020431
214.60          -0.020522
214.80          -0.020613
215.00          -0.020705
215.20          -0.020797
215.40          -0.020890
215.60          -0.020983
215.80          -0.021077
216.00          -0.021171
216.20          -0.021266
216.40          -0.021362
216.60          -0.021458
216.80          -0.021555
217.00          -0.021653
217.20          -0.021752
217.40          -0.021852
217.60          -0.021953
217.80          -0.022055
218.00          -0.022158
218.20          -0.022262
218.40          -0.022367
218.60          -0.022474
218.80          -0.022582
219.00          -0.022691
219.20          -0.022803
219.40          -0.022915
219.60          -0.023030
219.80          -0.023146
220.00          -0.023264
220.20          -0.023384
220.40          -0.023506
220.60          -0.023630
220.80          -0.023757
221.00          -0.023886
221.20          -0.024017
221.40          -0.024151
221.60          -0.024288
221.80          -0.024427
222.00          -0.024570
222.20          -0.024715
222.40          -0.024864
222.60          -0.025017
222.80          -0.025173
223.00          -0.025333
223.20          -0.025497
223.40          -0.025665
223.60          -0.025837
223.80          -0.026015
224.00          -0.026197
224.20          -0.026384
224.40          -0.026577
224.60          -0.026775
224.80          -0.026980
225.00          -0.027191
