175.00          -0.090019
175.20          -0.090008
175.40          -0.090015
175.60          -0.090038
175.80          -0.090076
176.00          -0.090130
176.20          -0.090199
176.40          -0.090282
176.60          -0.090379
176.80          -0.090489
177.00          -0.090612
177.20          -0.090747
177.40          -0.090894
177.60          -0.091052
177.80          -0.091222
178.00          -0.091402
178.20          -0.091593
178.40          -0.091793
178.60          -0.092003
178.80          -0.092222
179.00          -0.092451
179.20          -0.092687
179.40          -0.092932
179.60          -0.093185
179.80          -0.093446
180.00          -0.093714
180.20          -0.093989
180.40          -0.094271
180.60          -0.094560
180.80          -0.094855
181.00          -0.095156
181.20          -0.095462
181.40          -0.095775
181.60          -0.096092
181.80          -0.096415
182.00          -0.096743
182.20          -0.097076
182.40          -0.097413
182.60          -0.097754
182.80          -0.098099
183.00          -0.098449
183.20          -0.098802
183.40          -0.099159
183.60          -0.099518
183.80          -0.099882
184.00          -0.10025
184.20          -0.10062
184.40          -0.10099
184.60          -0.10136
184.80          -0.10174
185.00          -0.10212
185.20          -0.10250
185.40          -0.10288
185.60          -0.10327
185.80          -0.10365
186.00          -0.10404
186.20          -0.10443
186.40          -0.10482
186.60          -0.10521
186.80          -0.10560
187.00          -0.10599
187.20          -0.10638
187.40          -0.10678
187.60          -0.10717
187.80          -0.10757
188.00          -0.10796
188.20          -0.10835
188.40          -0.10875
188.60          -0.10914
188.80          -0.10954
189.00          -0.10993
189.20          -0.11032
189.40          -0.11071
189.60          -0.11110
189.80          -0.11149
190.00          -0.11188
190.20          -0.11227
190.40          -0.11266
190.60          -0.11304
190.80          -0.11343
191.00          -0.11381
191.20          -0.11419
191.40          -0.11457
191.60          -0.11495
191.80          -0.11533
192.00          -0.11570
192.20          -0.11607
192.40          -0.11644
192.60          -0.11681
192.80          -0.11718
193.00          -0.11754
193.20          -0.11790
193.40          -0.11826
193.60          -0.11862
193.80          -0.11897
194.00          -0.11932
194.20          -0.11967
194.40          -0.12002
194.60          -0.12036
194.80          -0.12070
195.00          -0.12103
195.20          -0.12137
195.40          -0.12170
195.60          -0.12203
195.80          -0.12235
196.00          -0.12268
196.20          -0.12299
196.40          -0.12331
196.60          -0.12362
196.80          -0.12393
197.00          -0.12424
197.20          -0.12454
197.40          -0.12484
197.60          -0.12513
197.80          -0.12543
198.00          -0.12572
198.20          -0.12600
198.40          -0.12628
198.60          -0.12656
198.80          -0.12684
199.00          -0.12711
199.20          -0.12738
199.40          -0.12764
199.60          -0.12791
199.80          -0.12817
200.00          -0.12842
200.20          -0.12867
200.40          -0.12892
200.60          -0.12917
200.80          -0.12941
201.00          -0.12965
201.20          -0.12989
201.40          -0.13012
201.60          -0.13036
201.80          -0.13059
202.00          -0.13081
202.20          -0.13104
202.40          -0.13126
202.60          -0.13148
202.80          -0.13170
203.00          -0.13192
203.20          -0.13214
203.40          -0.13236
203.60          -0.13258
203.80          -0.13280
204.00          -0.13303
204.20          -0.13326
204.40          -0.13351
204.60          -0.13377
204.80          -0.13407
205.00          -0.13442
205.20          -0.13488
205.40          -0.13554
205.60          -0.13673
205.80          -0.13971
206.00          -0.15480
206.20          -1.6176
206.40          -0.14887
206.60          -0.13826
206.80          -0.13646
207.00          -0.13596
207.20          -0.13584
207.40          -0.13586
207.60          -0.13594
207.80          -0.13606
208.00          -0.13619
208.20          -0.13634
208.40          -0.13649
208.60          -0.13665
208.80          -0.13681
209.00          -0.13697
209.20          -0.13714
209.40          -0.13731
209.60          -0.13748
209.80          -0.13766
210.00          -0.13784
210.20          -0.13802
210.40          -0.13821
210.60          -0.13839
210.80          -0.13859
211.00          -0.13878
211.20          -0.13898
211.40          -0.13919
211.60          -0.13940
211.80          -0.13962
212.00          -0.13984
212.20          -0.14007
212.40          -0.14030
212.60          -0.14055
212.80          -0.14080
213.00          -0.14106
213.20          -0.14133
213.40          -0.14160
213.60          -0.14189
213.80          -0.14219
214.00          -0.14250
214.20          -0.14282
214.40          -0.14316
214.60          -0.14351
214.80          -0.14387
215.00          -0.14425
215.20          -0.14464
215.40          -0.14505
215.60          -0.14548
215.80          -0.14593
216.00          -0.14640
216.20          -0.14689
216.40          -0.14740
216.60          -0.14793
216.80          -0.14850
217.00          -0.14908
217.20          -0.14970
217.40          -0.15035
217.60          -0.15102
217.80          -0.15174
218.00          -0.15248
218.20          -0.15327
218.40          -0.15410
218.60          -0.15497
218.80          -0.15588
219.00          -0.15684
219.20          -0.15786
219.40          -0.15893
219.60          -0.16005
219.80          -0.16124
220.00          -0.16250
220.20          -0.16383
220.40          -0.16523
220.60          -0.16671
220.80          -0.16829
221.00          -0.16995
221.20          -0.17172
221.40          -0.17359
221.60          -0.17558
221.80          -0.17770
222.00          -0.17995
222.20          -0.18235
222.40          -0.18490
222.60          -0.18763
222.80          -0.19055
223.00          -0.19367
223.20          -0.19701
223.40          -0.20059
223.60          -0.20444
223.80          -0.20859
224.00          -0.21305
224.20          -0.21787
224.40          -0.22308
224.60          -0.22872
224.80          -0.23485
225.00          -0.24152
