175.00          -0.096113
175.20          -0.096401
175.40          -0.096700
175.60          -0.097009
175.80          -0.097327
176.00          -0.097654
176.20          -0.097991
176.40          -0.098336
176.60          -0.098689
176.80          -0.099051
177.00          -0.099420
177.20          -0.099797
177.40          -0.10018
177.60          -0.10057
177.80          -0.10097
178.00          -0.10138
178.20          -0.10179
178.40          -0.10220
178.60          -0.10263
178.80          -0.10305
179.00          -0.10349
179.20          -0.10393
179.40          -0.10437
179.60          -0.10482
179.80          -0.10527
180.00          -0.10573
180.20          -0.10619
180.40          -0.10665
180.60          -0.10712
180.80          -0.10760
181.00          -0.10807
181.20          -0.10855
181.40          -0.10903
181.60          -0.10951
181.80          -0.11000
182.00          -0.11049
182.20          -0.11098
182.40          -0.11147
182.60          -0.11197
182.80          -0.11246
183.00          -0.11296
183.20          -0.11346
183.40          -0.11396
183.60          -0.11446
183.80          -0.11496
184.00          -0.11546
184.20          -0.11596
184.40          -0.11647
184.60          -0.11697
184.80          -0.11747
185.00          -0.11797
185.20          -0.11848
185.40          -0.11898
185.60          -0.11948
185.80          -0.11998
186.00          -0.12048
186.20          -0.12097
186.40          -0.12147
186.60          -0.12196
186.80          -0.12246
187.00          -0.12295
187.20          -0.12344
187.40          -0.12393
187.60          -0.12441
187.80          -0.12490
188.00          -0.12538
188.20          -0.12586
188.40          -0.12634
188.60          -0.12681
188.80          -0.12728
189.00          -0.12775
189.20          -0.12821
189.40          -0.12868
189.60          -0.12914
189.80          -0.12959
190.00          -0.13004
190.20          -0.13049
190.40          -0.13094
190.60          -0.13138
190.80          -0.13182
191.00          -0.13225
191.20          -0.13268
191.40          -0.13311
191.60          -0.13353
191.80          -0.13395
192.00          -0.13436
192.20          -0.13477
192.40          -0.13518
192.60          -0.13558
192.80          -0.13597
193.00          -0.13637
193.20          -0.13675
193.40          -0.13714
193.60          -0.13752
193.80          -0.13789
194.00          -0.13826
194.20          -0.13862
194.40          -0.13898
194.60          -0.13934
194.80          -0.13969
195.00          -0.14004
195.20          -0.14038
195.40          -0.14071
195.60          -0.14105
195.80          -0.14137
196.00          -0.14170
196.20          -0.14202
196.40          -0.14233
196.60          -0.14264
196.80          -0.14295
197.00          -0.14325
197.20          -0.14354
197.40          -0.14384
197.60          -0.14412
197.80          -0.14441
198.00          -0.14469
198.20          -0.14496
198.40          -0.14523
198.60          -0.14550
198.80          -0.14577
199.00          -0.14603
199.20          -0.14629
199.40          -0.14654
199.60          -0.14679
199.80          -0.14704
200.00          -0.14728
200.20          -0.14753
200.40          -0.14777
200.60          -0.14800
200.80          -0.14824
201.00          -0.14847
201.20          -0.14870
201.40          -0.14893
201.60          -0.14916
201.80          -0.14938
202.00          -0.14961
202.20          -0.14983
202.40          -0.15005
202.60          -0.15028
202.80          -0.15050
203.00          -0.15072
203.20          -0.15094
203.40          -0.15117
203.60          -0.15139
203.80          -0.15162
204.00          -0.15185
204.20          -0.15208
204.40          -0.15231
204.60          -0.15255
204.80          -0.15280
205.00          -0.15306
205.20          -0.15334
205.40          -0.15366
205.60          -0.15411
205.80          -0.15504
206.00          -0.15970
206.20          -0.54008
206.40          -0.16096
206.60          -0.15710
206.80          -0.15649
207.00          -0.15644
207.20          -0.15657
207.40          -0.15678
207.60          -0.15705
207.80          -0.15734
208.00          -0.15766
208.20          -0.15800
208.40          -0.15836
208.60          -0.15873
208.80          -0.15912
209.00          -0.15954
209.20          -0.15997
209.40          -0.16041
209.60          -0.16088
209.80          -0.16137
210.00          -0.16188
210.20          -0.16241
210.40          -0.16297
210.60          -0.16355
210.80          -0.16415
211.00          -0.16479
211.20          -0.16545
211.40          -0.16614
211.60          -0.16687
211.80          -0.16763
212.00          -0.16842
212.20          -0.16925
212.40          -0.17013
212.60          -0.17104
212.80          -0.17200
213.00          -0.17301
213.20          -0.17407
213.40          -0.17517
213.60          -0.17634
213.80          -0.17756
214.00          -0.17885
214.20          -0.18021
214.40          -0.18163
214.60          -0.18313
214.80          -0.18471
215.00          -0.18637
215.20          -0.18812
215.40          -0.18997
215.60          -0.19192
215.80          -0.19397
216.00          -0.19614
216.20          -0.19844
216.40          -0.20086
216.60          -0.20343
216.80          -0.20615
217.00          -0.20902
217.20          -0.21207
217.40          -0.21530
217.60          -0.21873
217.80          -0.22238
218.00          -0.22625
218.20          -0.23037
218.40          -0.23475
218.60          -0.23942
218.80          -0.24440
219.00          -0.24971
219.20          -0.25539
219.40          -0.26146
219.60          -0.26795
219.80          -0.27490
220.00          -0.28235
220.20          -0.29034
220.40          -0.29892
220.60          -0.30815
220.80          -0.31807
221.00          -0.32874
221.20          -0.34025
221.40          -0.35264
221.60          -0.36601
221.80          -0.38043
222.00          -0.39599
222.20          -0.41277
222.40          -0.43086
222.60          -0.45035
222.80          -0.47130
223.00          -0.49380
223.20          -0.51787
223.40          -0.54353
223.60          -0.57074
223.80          -0.59940
224.00          -0.62931
224.20          -0.66017
224.40          -0.69155
224.60          -0.72284
224.80          -0.75327
225.00          -0.78188
