175.00          -0.072672
175.20          -0.074513
175.40          -0.076445
175.60          -0.078474
175.80          -0.080607
176.00          -0.082849
176.20          -0.085208
176.40          -0.087693
176.60          -0.090311
176.80          -0.093072
177.00          -0.095986
177.20          -0.099063
177.40          -0.10231
177.60          -0.10575
177.80          -0.10939
178.00          -0.11324
178.20          -0.11732
178.40          -0.12164
178.60          -0.12622
178.80          -0.13108
179.00          -0.13624
179.20          -0.14172
179.40          -0.14753
179.60          -0.15369
179.80          -0.16024
180.00          -0.16718
180.20          -0.17453
180.40          -0.18232
180.60          -0.19056
180.80          -0.19926
181.00          -0.20842
181.20          -0.21806
181.40          -0.22814
181.60          -0.23867
181.80          -0.24959
182.00          -0.26086
182.20          -0.27240
182.40          -0.28412
182.60          -0.29589
182.80          -0.30756
183.00          -0.31894
183.20          -0.32984
183.40          -0.34001
183.60          -0.34922
183.80          -0.35719
184.00          -0.36370
184.20          -0.36852
184.40          -0.37145
184.60          -0.37238
184.80          -0.37122
185.00          -0.36799
185.20          -0.36277
185.40          -0.35569
185.60          -0.34695
185.80          -0.33680
186.00          -0.32551
186.20          -0.31333
186.40          -0.30054
186.60          -0.28739
186.80          -0.27410
187.00          -0.26085
187.20          -0.24781
187.40          -0.23510
187.60          -0.22281
187.80          -0.21102
188.00          -0.19977
188.20          -0.18909
188.40          -0.17899
188.60          -0.16947
188.80          -0.16052
189.00          -0.15212
189.20          -0.14426
189.40          -0.13690
189.60          -0.13002
189.80          -0.12360
190.00          -0.11760
190.20          -0.11200
190.40          -0.10677
190.60          -0.10189
190.80          -0.097327
191.00          -0.093068
191.20          -0.089088
191.40          -0.085366
191.60          -0.081884
191.80          -0.078624
192.00          -0.075571
192.20          -0.072709
192.40          -0.070025
192.60          -0.067506
192.80          -0.065139
193.00          -0.062916
193.20          -0.060824
193.40          -0.058856
193.60          -0.057002
193.80          -0.055255
194.00          -0.053607
194.20          -0.052052
194.40          -0.050583
194.60          -0.049195
194.80          -0.047882
195.00          -0.046641
195.20          -0.045465
195.40          -0.044351
195.60          -0.043295
195.80          -0.042293
196.00          -0.041343
196.20          -0.040440
196.40          -0.039583
196.60          -0.038768
196.80          -0.037993
197.00          -0.037255
197.20          -0.036553
197.40          -0.035884
197.60          -0.035246
197.80          -0.034639
198.00          -0.034059
198.20          -0.033506
198.40          -0.032979
198.60          -0.032475
198.80          -0.031993
199.00          -0.031533
199.20          -0.031094
199.40          -0.030673
199.60          -0.030271
199.80          -0.029886
200.00          -0.029517
200.20          -0.029165
200.40          -0.028827
200.60          -0.028503
200.80          -0.028193
201.00          -0.027896
201.20          -0.027611
201.40          -0.027337
201.60          -0.027076
201.80          -0.026824
202.00          -0.026583
202.20          -0.026352
202.40          -0.026130
202.60          -0.025918
202.80          -0.025714
203.00          -0.025518
203.20          -0.025330
203.40          -0.025151
203.60          -0.024979
203.80          -0.024814
204.00          -0.024657
204.20          -0.024507
204.40          -0.024365
204.60          -0.024230
204.80          -0.024105
205.00          -0.023990
205.20          -0.023890
205.40          -0.023811
205.60          -0.023776
205.80          -0.023861
206.00          -0.024546
206.20          -0.070753
206.40          -0.023794
206.60          -0.022998
206.80          -0.022834
207.00          -0.022734
207.20          -0.022649
207.40          -0.022570
207.60          -0.022494
207.80          -0.022421
208.00          -0.022351
208.20          -0.022283
208.40          -0.022217
208.60          -0.022154
208.80          -0.022093
209.00          -0.022035
209.20          -0.021978
209.40          -0.021924
209.60          -0.021872
209.80          -0.021822
210.00          -0.021774
210.20          -0.021728
210.40          -0.021683
210.60          -0.021641
210.80          -0.021601
211.00          -0.021562
211.20          -0.021525
211.40          -0.021489
211.60          -0.021456
211.80          -0.021423
212.00          -0.021393
212.20          -0.021363
212.40          -0.021336
212.60          -0.021309
212.80          -0.021284
213.00          -0.021260
213.20          -0.021238
213.40          -0.021216
213.60          -0.021196
213.80          -0.021178
214.00          -0.021160
214.20          -0.021143
214.40          -0.021128
214.60          -0.021113
214.80          -0.021100
215.00          -0.021087
215.20          -0.021076
215.40          -0.021065
215.60          -0.021056
215.80          -0.021047
216.00          -0.021039
216.20          -0.021032
216.40          -0.021026
216.60          -0.021021
216.80          -0.021017
217.00          -0.021013
217.20          -0.021010
217.40          -0.021008
217.60          -0.021007
217.80          -0.021006
218.00          -0.021006
218.20          -0.021007
218.40          -0.021008
218.60          -0.021011
218.80          -0.021013
219.00          -0.021017
219.20          -0.021021
219.40          -0.021026
219.60          -0.021031
219.80          -0.021037
220.00          -0.021044
220.20          -0.021051
220.40          -0.021059
220.60          -0.021067
220.80          -0.021076
221.00          -0.021086
221.20          -0.021096
221.40          -0.021107
221.60          -0.021118
221.80          -0.021130
222.00          -0.021143
222.20          -0.021156
222.40          -0.021169
222.60          -0.021184
222.80          -0.021198
223.00          -0.021214
223.20          -0.021230
223.40          -0.021246
223.60          -0.021264
223.80          -0.021281
224.00          -0.021300
224.20          -0.021319
224.40          -0.021339
224.60          -0.021359
224.80          -0.021380
225.00          -0.021402
