175.00          -0.040853
175.20          -0.041035
175.40          -0.041220
175.60          -0.041407
175.80          -0.041596
176.00          -0.041788
176.20          -0.041983
176.40          -0.042180
176.60          -0.042381
176.80          -0.042583
177.00          -0.042789
177.20          -0.042998
177.40          -0.043210
177.60          -0.043425
177.80          -0.043643
178.00          -0.043865
178.20          -0.044090
178.40          -0.044319
178.60          -0.044552
178.80          -0.044788
179.00          -0.045028
179.20          -0.045272
179.40          -0.045520
179.60          -0.045773
179.80          -0.046030
180.00          -0.046292
180.20          -0.046558
180.40          -0.046830
180.60          -0.047106
180.80          -0.047388
181.00          -0.047675
181.20          -0.047968
181.40          -0.048267
181.60          -0.048572
181.80          -0.048883
182.00          -0.049201
182.20          -0.049525
182.40          -0.049857
182.60          -0.050196
182.80          -0.050542
183.00          -0.050896
183.20          -0.051259
183.40          -0.051631
183.60          -0.052011
183.80          -0.052400
184.00          -0.052800
184.20          -0.053210
184.40          -0.053630
184.60          -0.054061
184.80          -0.054504
185.00          -0.054959
185.20          -0.055427
185.40          -0.055909
185.60          -0.056404
185.80          -0.056914
186.00          -0.057439
186.20          -0.057981
186.40          -0.058540
186.60          -0.059117
186.80          -0.059712
187.00          -0.060328
187.20          -0.060964
187.40          -0.061623
187.60          -0.062305
187.80          -0.063012
188.00          -0.063746
188.20          -0.064507
188.40          -0.065298
188.60          -0.066120
188.80          -0.066976
189.00          -0.067867
189.20          -0.068796
189.40          -0.069766
189.60          -0.070779
189.80          -0.071837
190.00          -0.072946
190.20          -0.074107
190.40          -0.075325
190.60          -0.076605
190.80          -0.077950
191.00          -0.079367
191.20          -0.080860
191.40          -0.082437
191.60          -0.084103
191.80          -0.085868
192.00          -0.087739
192.20          -0.089726
192.40          -0.091840
192.60          -0.094093
192.80          -0.096498
193.00          -0.099071
193.20          -0.10183
193.40          -0.10479
193.60          -0.10798
193.80          -0.11142
194.00          -0.11514
194.20          -0.11918
194.40          -0.12356
194.60          -0.12834
194.80          -0.13357
195.00          -0.13931
195.20          -0.14563
195.40          -0.15260
195.60          -0.16034
195.80          -0.16895
196.00          -0.17858
196.20          -0.18939
196.40          -0.20159
196.60          -0.21543
196.80          -0.23121
197.00          -0.24931
197.20          -0.27018
197.40          -0.29442
197.60          -0.32275
197.80          -0.35607
198.00          -0.39552
198.20          -0.44254
198.40          -0.49888
198.60          -0.56664
198.80          -0.64823
199.00          -0.74607
199.20          -0.86195
199.40          -0.99558
199.60          -1.1421
199.80          -1.2887
200.00          -1.4125
200.20          -1.4839
200.40          -1.4797
200.60          -1.3977
200.80          -1.2591
201.00          -1.0953
201.20          -0.93256
201.40          -0.78596
201.60          -0.66108
201.80          -0.55790
202.00          -0.47390
202.20          -0.40590
202.40          -0.35085
202.60          -0.30613
202.80          -0.26964
203.00          -0.23970
203.20          -0.21500
203.40          -0.19453
203.60          -0.17751
203.80          -0.16332
204.00          -0.15150
204.20          -0.14169
204.40          -0.13365
204.60          -0.12721
204.80          -0.12231
205.00          -0.11898
205.20          -0.11744
205.40          -0.11823
205.60          -0.12251
205.80          -0.13295
206.00          -0.15671
206.20          -0.21825
206.40          -0.44965
206.60          -2.1052
206.80          -0.56194
207.00          -0.16165
207.20          -0.093535
207.40          -0.072349
207.60          -0.063351
207.80          -0.058704
208.00          -0.055946
208.20          -0.054129
208.40          -0.052834
208.60          -0.051853
208.80          -0.051077
209.00          -0.050443
209.20          -0.049913
209.40          -0.049462
209.60          -0.049075
209.80          -0.048740
210.00          -0.048448
210.20          -0.048195
210.40          -0.047975
210.60          -0.047785
210.80          -0.047620
211.00          -0.047480
211.20          -0.047361
211.40          -0.047261
211.60          -0.047180
211.80          -0.047115
212.00          -0.047065
212.20          -0.047030
212.40          -0.047007
212.60          -0.046997
212.80          -0.046998
213.00          -0.047009
213.20          -0.047030
213.40          -0.047061
213.60          -0.047100
213.80          -0.047147
214.00          -0.047202
214.20          -0.047264
214.40          -0.047332
214.60          -0.047407
214.80          -0.047488
215.00          -0.047574
215.20          -0.047666
215.40          -0.047762
215.60          -0.047864
215.80          -0.047970
216.00          -0.048080
216.20          -0.048194
216.40          -0.048313
216.60          -0.048434
216.80          -0.048560
217.00          -0.048689
217.20          -0.048821
217.40          -0.048956
217.60          -0.049094
217.80          -0.049235
218.00          -0.049379
218.20          -0.049525
218.40          -0.049674
218.60          -0.049825
218.80          -0.049979
219.00          -0.050135
219.20          -0.050293
219.40          -0.050454
219.60          -0.050616
219.80          -0.050781
220.00          -0.050947
220.20          -0.051116
220.40          -0.051287
220.60          -0.051459
220.80          -0.051633
221.00          -0.051810
221.20          -0.051988
221.40          -0.052167
221.60          -0.052349
221.80          -0.052533
222.00          -0.052718
222.20          -0.052905
222.40          -0.053094
222.60          -0.053284
222.80          -0.053477
223.00          -0.053671
223.20          -0.053867
223.40          -0.054065
223.60          -0.054265
223.80          -0.054467
224.00          -0.054671
224.20          -0.054877
224.40          -0.055085
224.60          -0.055296
224.80          -0.055509
225.00          -0.055725
