175.00          -0.042517
175.20          -0.042664
175.40          -0.042813
175.60          -0.042962
175.80          -0.043112
176.00          -0.043263
176.20          -0.043415
176.40          -0.043568
176.60          -0.043722
176.80          -0.043878
177.00          -0.044034
177.20          -0.044191
177.40          -0.044349
177.60          -0.044509
177.80          -0.044669
178.00          -0.044831
178.20          -0.044994
178.40          -0.045157
178.60          -0.045322
178.80          -0.045489
179.00          -0.045656
179.20          -0.045825
179.40          -0.045994
179.60          -0.046166
179.80          -0.046338
180.00          -0.046511
180.20          -0.046686
180.40          -0.046862
180.60          -0.047040
180.80          -0.047219
181.00          -0.047399
181.20          -0.047580
181.40          -0.047763
181.60          -0.047948
181.80          -0.048134
182.00          -0.048321
182.20          -0.048510
182.40          -0.048700
182.60          -0.048892
182.80          -0.049085
183.00          -0.049280
183.20          -0.049477
183.40          -0.049675
183.60          -0.049875
183.80          -0.050076
184.00          -0.050280
184.20          -0.050484
184.40          -0.050691
184.60          -0.050900
184.80          -0.051110
185.00          -0.051322
185.20          -0.051536
185.40          -0.051752
185.60          -0.051970
185.80          -0.052190
186.00          -0.052412
186.20          -0.052636
186.40          -0.052862
186.60          -0.053090
186.80          -0.053320
187.00          -0.053553
187.20          -0.053787
187.40          -0.054024
187.60          -0.054264
187.80          -0.054505
188.00          -0.054749
188.20          -0.054996
188.40          -0.055245
188.60          -0.055496
188.80          -0.055750
189.00          -0.056007
189.20          -0.056266
189.40          -0.056528
189.60          -0.056793
189.80          -0.057061
190.00          -0.057332
190.20          -0.057605
190.40          -0.057882
190.60          -0.058161
190.80          -0.058444
191.00          -0.058730
191.20          -0.059020
191.40          -0.059312
191.60          -0.059608
191.80          -0.059908
192.00          -0.060211
192.20          -0.060517
192.40          -0.060828
192.60          -0.061142
192.80          -0.061460
193.00          -0.061782
193.20          -0.062108
193.40          -0.062438
193.60          -0.062772
193.80          -0.063111
194.00          -0.063454
194.20          -0.063802
194.40          -0.064154
194.60          -0.064511
194.80          -0.064873
195.00          -0.065240
195.20          -0.065612
195.40          -0.065989
195.60          -0.066372
195.80          -0.066760
196.00          -0.067154
196.20          -0.067553
196.40          -0.067959
196.60          -0.068370
196.80          -0.068788
197.00          -0.069212
197.20          -0.069642
197.40          -0.070079
197.60          -0.070524
197.80          -0.070975
198.00          -0.071433
198.20          -0.071900
198.40          -0.072373
198.60          -0.072855
198.80          -0.073345
199.00          -0.073843
199.20          -0.074349
199.40          -0.074865
199.60          -0.075389
199.80          -0.075923
200.00          -0.076467
200.20          -0.077021
200.40          -0.077584
200.60          -0.078159
200.80          -0.078744
201.00          -0.079340
201.20          -0.079948
201.40          -0.080568
201.60          -0.081200
201.80          -0.081845
202.00          -0.082503
202.20          -0.083175
202.40          -0.083860
202.60          -0.084560
202.80          -0.085275
203.00          -0.086005
203.20          -0.086751
203.40          -0.087514
203.60          -0.088294
203.80          -0.089091
204.00          -0.089907
204.20          -0.090742
204.40          -0.091596
204.60          -0.092471
204.80          -0.093367
205.00          -0.094285
205.20          -0.095225
205.40          -0.096189
205.60          -0.097178
205.80          -0.098192
206.00          -0.099233
206.20          -0.10030
206.40          -0.10140
206.60          -0.10252
206.80          -0.10368
207.00          -0.10487
207.20          -0.10609
207.40          -0.10735
207.60          -0.10865
207.80          -0.10998
208.00          -0.11135
208.20          -0.11276
208.40          -0.11422
208.60          -0.11572
208.80          -0.11727
209.00          -0.11887
209.20          -0.12052
209.40          -0.12222
209.60          -0.12398
209.80          -0.12579
210.00          -0.12767
210.20          -0.12962
210.40          -0.13163
210.60          -0.13371
210.80          -0.13587
211.00          -0.13810
211.20          -0.14042
211.40          -0.14282
211.60          -0.14532
211.80          -0.14790
212.00          -0.15059
212.20          -0.15338
212.40          -0.15629
212.60          -0.15930
212.80          -0.16245
213.00          -0.16571
213.20          -0.16912
213.40          -0.17266
213.60          -0.17636
213.80          -0.18021
214.00          -0.18423
214.20          -0.18842
214.40          -0.19279
214.60          -0.19736
214.80          -0.20213
215.00          -0.20711
215.20          -0.21231
215.40          -0.21775
215.60          -0.22343
215.80          -0.22936
216.00          -0.23556
216.20          -0.24204
216.40          -0.24880
216.60          -0.25586
216.80          -0.26322
217.00          -0.27089
217.20          -0.27888
217.40          -0.28720
217.60          -0.29584
217.80          -0.30480
218.00          -0.31407
218.20          -0.32365
218.40          -0.33351
218.60          -0.34364
218.80          -0.35400
219.00          -0.36455
219.20          -0.37523
219.40          -0.38599
219.60          -0.39675
219.80          -0.40741
220.00          -0.41788
220.20          -0.42804
220.40          -0.43775
220.60          -0.44688
220.80          -0.45529
221.00          -0.46281
221.20          -0.46930
221.40          -0.47461
221.60          -0.47860
221.80          -0.48116
222.00          -0.48219
222.20          -0.48163
222.40          -0.47944
222.60          -0.47564
222.80          -0.47026
223.00          -0.46338
223.20          -0.45511
223.40          -0.44559
223.60          -0.43497
223.80          -0.42343
224.00          -0.41113
224.20          -0.39825
224.40          -0.38498
224.60          -0.37145
224.80          -0.35783
225.00          -0.34424
