175.00          -0.054315
175.20          -0.053977
175.40          -0.053648
175.60          -0.053330
175.80          -0.053022
176.00          -0.052723
176.20          -0.052433
176.40          -0.052152
176.60          -0.051881
176.80          -0.051618
177.00          -0.051364
177.20          -0.051118
177.40          -0.050881
177.60          -0.050651
177.80          -0.050430
178.00          -0.050216
178.20          -0.050011
178.40          -0.049812
178.60          -0.049621
178.80          -0.049438
179.00          -0.049261
179.20          -0.049092
179.40          -0.048929
179.60          -0.048773
179.80          -0.048624
180.00          -0.048481
180.20          -0.048345
180.40          -0.048215
180.60          -0.048091
180.80          -0.047974
181.00          -0.047862
181.20          -0.047756
181.40          -0.047657
181.60          -0.047563
181.80          -0.047474
182.00          -0.047391
182.20          -0.047314
182.40          -0.047242
182.60          -0.047175
182.80          -0.047114
183.00          -0.047057
183.20          -0.047006
183.40          -0.046960
183.60          -0.046919
183.80          -0.046883
184.00          -0.046851
184.20          -0.046825
184.40          -0.046803
184.60          -0.046786
184.80          -0.046773
185.00          -0.046765
185.20          -0.046761
185.40          -0.046762
185.60          -0.046767
185.80          -0.046777
186.00          -0.046791
186.20          -0.046809
186.40          -0.046831
186.60          -0.046858
186.80          -0.046888
187.00          -0.046923
187.20          -0.046962
187.40          -0.047004
187.60          -0.047051
187.80          -0.047102
188.00          -0.047156
188.20          -0.047215
188.40          -0.047277
188.60          -0.047343
188.80          -0.047413
189.00          -0.047486
189.20          -0.047564
189.40          -0.047645
189.60          -0.047730
189.80          -0.047818
190.00          -0.047910
190.20          -0.048005
190.40          -0.048105
190.60          -0.048207
190.80          -0.048314
191.00          -0.048423
191.20          -0.048537
191.40          -0.048653
191.60          -0.048774
191.80          -0.048897
192.00          -0.049024
192.20          -0.049155
192.40          -0.049289
192.60          -0.049426
192.80          -0.049567
193.00          -0.049711
193.20          -0.049859
193.40          -0.050010
193.60          -0.050164
193.80          -0.050321
194.00          -0.050482
194.20          -0.050646
194.40          -0.050814
194.60          -0.050985
194.80          -0.051159
195.00          -0.051336
195.20          -0.051517
195.40          -0.051701
195.60          -0.051888
195.80          -0.052078
196.00          -0.052272
196.20          -0.052469
196.40          -0.052670
196.60          -0.052873
196.80          -0.053080
197.00          -0.053291
197.20          -0.053504
197.40          -0.053721
197.60          -0.053941
197.80          -0.054164
198.00          -0.054391
198.20          -0.054621
198.40          -0.054854
198.60          -0.055090
198.80          -0.055330
199.00          -0.055573
199.20          -0.055820
199.40          -0.056070
199.60          -0.056323
199.80          -0.056579
200.00          -0.056839
200.20          -0.057102
200.40          -0.057368
200.60          -0.057638
200.80          -0.057911
201.00          -0.058188
201.20          -0.058468
201.40          -0.058751
201.60          -0.059038
201.80          -0.059328
202.00          -0.059622
202.20          -0.059919
202.40          -0.060219
202.60          -0.060523
202.80          -0.060830
203.00          -0.061141
203.20          -0.061456
203.40          -0.061774
203.60          -0.062095
203.80          -0.062420
204.00          -0.062749
204.20          -0.063081
204.40          -0.063416
204.60          -0.063756
204.80          -0.064099
205.00          -0.064445
205.20          -0.064795
205.40          -0.065149
205.60          -0.065507
205.80          -0.065868
206.00          -0.066233
206.20          -0.066601
206.40          -0.066974
206.60          -0.067350
206.80          -0.067730
207.00          -0.068113
207.20          -0.068501
207.40          -0.068892
207.60          -0.069287
207.80          -0.069687
208.00          -0.070090
208.20          -0.070496
208.40          -0.070907
208.60          -0.071322
208.80          -0.071741
209.00          -0.072163
209.20          -0.072590
209.40          -0.073021
209.60          -0.073456
209.80          -0.073894
210.00          -0.074337
210.20          -0.074784
210.40          -0.075236
210.60          -0.075691
210.80          -0.076151
211.00          -0.076614
211.20          -0.077082
211.40          -0.077554
211.60          -0.078031
211.80          -0.078512
212.00          -0.078997
212.20          -0.079486
212.40          -0.079980
212.60          -0.080478
212.80          -0.080980
213.00          -0.081487
213.20          -0.081999
213.40          -0.082515
213.60          -0.083035
213.80          -0.083560
214.00          -0.084089
214.20          -0.084623
214.40          -0.085162
214.60          -0.085705
214.80          -0.086253
215.00          -0.086805
215.20          -0.087362
215.40          -0.087924
215.60          -0.088490
215.80          -0.089062
216.00          -0.089638
216.20          -0.090219
216.40          -0.090804
216.60          -0.091395
216.80          -0.091990
217.00          -0.092590
217.20          -0.093196
217.40          -0.093806
217.60          -0.094421
217.80          -0.095041
218.00          -0.095666
218.20          -0.096296
218.40          -0.096931
218.60          -0.097572
218.80          -0.098217
219.00          -0.098867
219.20          -0.099523
219.40          -0.10018
219.60          -0.10085
219.80          -0.10152
220.00          -0.10220
220.20          -0.10288
220.40          -0.10357
220.60          -0.10426
220.80          -0.10496
221.00          -0.10566
221.20          -0.10637
221.40          -0.10708
221.60          -0.10780
221.80          -0.10852
222.00          -0.10925
222.20          -0.10999
222.40          -0.11073
222.60          -0.11148
222.80          -0.11223
223.00          -0.11299
223.20          -0.11375
223.40          -0.11452
223.60          -0.11529
223.80          -0.11607
224.00          -0.11686
224.20          -0.11765
224.40          -0.11845
224.60          -0.11925
224.80          -0.12006
225.00          -0.12087
