175.00          -0.028056
175.20          -0.028116
175.40          -0.028176
175.60          -0.028236
175.80          -0.028296
176.00          -0.028356
176.20          -0.028417
176.40          -0.028478
176.60          -0.028539
176.80          -0.028600
177.00          -0.028662
177.20          -0.028724
177.40          -0.028786
177.60          -0.028848
177.80          -0.028911
178.00          -0.028974
178.20          -0.029037
178.40          -0.029101
178.60          -0.029164
178.80          -0.029228
179.00          -0.029292
179.20          -0.029357
179.40          -0.029422
179.60          -0.029487
179.80          -0.029552
180.00          -0.029618
180.20          -0.029684
180.40          -0.029750
180.60          -0.029816
180.80          -0.029883
181.00          -0.029950
181.20          -0.030018
181.40          -0.030086
181.60          -0.030154
181.80          -0.030222
182.00          -0.030291
182.20          -0.030360
182.40          -0.030429
182.60          -0.030499
182.80          -0.030569
183.00          -0.030639
183.20          -0.030710
183.40          -0.030781
183.60          -0.030852
183.80          -0.030924
184.00          -0.030996
184.20          -0.031069
184.40          -0.031142
184.60          -0.031215
184.80          -0.031289
185.00          -0.031363
185.20          -0.031437
185.40          -0.031512
185.60          -0.031587
185.80          -0.031663
186.00          -0.031739
186.20          -0.031816
186.40          -0.031893
186.60          -0.031970
186.80          -0.032048
187.00          -0.032126
187.20          -0.032205
187.40          -0.032285
187.60          -0.032364
187.80          -0.032445
188.00          -0.032525
188.20          -0.032607
188.40          -0.032689
188.60          -0.032771
188.80          -0.032854
189.00          -0.032937
189.20          -0.033021
189.40          -0.033106
189.60          -0.033191
189.80          -0.033277
190.00          -0.033363
190.20          -0.033450
190.40          -0.033538
190.60          -0.033626
190.80          -0.033715
191.00          -0.033805
191.20          -0.033895
191.40          -0.033986
191.60          -0.034078
191.80          -0.034170
192.00          -0.034263
192.20          -0.034357
192.40          -0.034452
192.60          -0.034548
192.80          -0.034645
193.00          -0.034742
193.20          -0.034840
193.40          -0.034939
193.60          -0.035040
193.80          -0.035141
194.00          -0.035243
194.20          -0.035346
194.40          -0.035450
194.60          -0.035555
194.80          -0.035662
195.00          -0.035770
195.20          -0.035878
195.40          -0.035989
195.60          -0.036100
195.80          -0.036213
196.00          -0.036327
196.20          -0.036443
196.40          -0.036560
196.60          -0.036679
196.80          -0.036799
197.00          -0.036921
197.20          -0.037045
197.40          -0.037171
197.60          -0.037299
197.80          -0.037429
198.00          -0.037561
198.20          -0.037696
198.40          -0.037832
198.60          -0.037972
198.80          -0.038114
199.00          -0.038260
199.20          -0.038408
199.40          -0.038560
199.60          -0.038716
199.80          -0.038875
200.00          -0.039039
200.20          -0.039207
200.40          -0.039380
200.60          -0.039559
200.80          -0.039744
201.00          -0.039935
201.20          -0.040134
201.40          -0.040341
201.60          -0.040558
201.80          -0.040785
202.00          -0.041024
202.20          -0.041278
202.40          -0.041548
202.60          -0.041838
202.80          -0.042151
203.00          -0.042492
203.20          -0.042868
203.40          -0.043289
203.60          -0.043765
203.80          -0.044316
204.00          -0.044967
204.20          -0.045759
204.40          -0.046756
204.60          -0.048069
204.80          -0.049902
205.00          -0.052677
205.20          -0.057388
205.40          -0.066965
205.60          -0.094026
205.80          -0.27137
206.00          -0.96875
206.20          -0.079430
206.40          -0.048597
206.60          -0.042965
206.80          -0.041530
207.00          -0.041239
207.20          -0.041342
207.40          -0.041599
207.60          -0.041919
207.80          -0.042267
208.00          -0.042625
208.20          -0.042988
208.40          -0.043352
208.60          -0.043716
208.80          -0.044082
209.00          -0.044449
209.20          -0.044819
209.40          -0.045193
209.60          -0.045572
209.80          -0.045956
210.00          -0.046348
210.20          -0.046749
210.40          -0.047159
210.60          -0.047580
210.80          -0.048013
211.00          -0.048460
211.20          -0.048922
211.40          -0.049400
211.60          -0.049896
211.80          -0.050411
212.00          -0.050949
212.20          -0.051509
212.40          -0.052096
212.60          -0.052711
212.80          -0.053357
213.00          -0.054037
213.20          -0.054754
213.40          -0.055513
213.60          -0.056316
213.80          -0.057170
214.00          -0.058079
214.20          -0.059050
214.40          -0.060089
214.60          -0.061205
214.80          -0.062406
215.00          -0.063703
215.20          -0.065109
215.40          -0.066637
215.60          -0.068306
215.80          -0.070134
216.00          -0.072146
216.20          -0.074369
216.40          -0.076839
216.60          -0.079595
216.80          -0.082691
217.00          -0.086187
217.20          -0.090162
217.40          -0.094715
217.60          -0.099972
217.80          -0.10609
218.00          -0.11330
218.20          -0.12186
218.40          -0.13217
218.60          -0.14474
218.80          -0.16034
219.00          -0.18002
219.20          -0.20540
219.40          -0.23891
219.60          -0.28444
219.80          -0.34839
220.00          -0.44178
220.20          -0.58423
220.40          -0.81113
220.60          -1.1809
220.80          -1.7424
221.00          -2.2991
221.20          -2.2193
221.40          -1.5762
221.60          -1.0079
221.80          -0.65599
222.00          -0.44943
222.20          -0.32469
222.40          -0.24586
222.60          -0.19377
222.80          -0.15798
223.00          -0.13258
223.20          -0.11403
223.40          -0.10016
223.60          -0.089591
223.80          -0.081399
224.00          -0.074960
224.20          -0.069840
224.40          -0.065730
224.60          -0.062407
224.80          -0.059707
225.00          -0.057507
