175.00          -0.029037
175.20          -0.029103
175.40          -0.029170
175.60          -0.029237
175.80          -0.029305
176.00          -0.029372
176.20          -0.029440
176.40          -0.029509
176.60          -0.029577
176.80          -0.029646
177.00          -0.029715
177.20          -0.029785
177.40          -0.029855
177.60          -0.029925
177.80          -0.029996
178.00          -0.030067
178.20          -0.030138
178.40          -0.030210
178.60          -0.030282
178.80          -0.030354
179.00          -0.030427
179.20          -0.030500
179.40          -0.030574
179.60          -0.030648
179.80          -0.030722
180.00          -0.030797
180.20          -0.030872
180.40          -0.030947
180.60          -0.031023
180.80          -0.031099
181.00          -0.031176
181.20          -0.031253
181.40          -0.031331
181.60          -0.031409
181.80          -0.031487
182.00          -0.031566
182.20          -0.031645
182.40          -0.031725
182.60          -0.031805
182.80          -0.031886
183.00          -0.031967
183.20          -0.032049
183.40          -0.032131
183.60          -0.032214
183.80          -0.032297
184.00          -0.032381
184.20          -0.032465
184.40          -0.032550
184.60          -0.032635
184.80          -0.032721
185.00          -0.032807
185.20          -0.032894
185.40          -0.032982
185.60          -0.033070
185.80          -0.033159
186.00          -0.033248
186.20          -0.033338
186.40          -0.033429
186.60          -0.033520
186.80          -0.033612
187.00          -0.033705
187.20          -0.033798
187.40          -0.033892
187.60          -0.033987
187.80          -0.034082
188.00          -0.034179
188.20          -0.034276
188.40          -0.034373
188.60          -0.034472
188.80          -0.034571
189.00          -0.034671
189.20          -0.034772
189.40          -0.034874
189.60          -0.034977
189.80          -0.035081
190.00          -0.035185
190.20          -0.035291
190.40          -0.035397
190.60          -0.035505
190.80          -0.035613
191.00          -0.035723
191.20          -0.035833
191.40          -0.035945
191.60          -0.036058
191.80          -0.036172
192.00          -0.036287
192.20          -0.036403
192.40          -0.036521
192.60          -0.036640
192.80          -0.036760
193.00          -0.036882
193.20          -0.037005
193.40          -0.037129
193.60          -0.037255
193.80          -0.037383
194.00          -0.037512
194.20          -0.037643
194.40          -0.037775
194.60          -0.037909
194.80          -0.038045
195.00          -0.038183
195.20          -0.038323
195.40          -0.038465
195.60          -0.038609
195.80          -0.038755
196.00          -0.038904
196.20          -0.039055
196.40          -0.039208
196.60          -0.039364
196.80          -0.039523
197.00          -0.039685
197.20          -0.039850
197.40          -0.040017
197.60          -0.040188
197.80          -0.040363
198.00          -0.040541
198.20          -0.040723
198.40          -0.040910
198.60          -0.041100
198.80          -0.041296
199.00          -0.041496
199.20          -0.041702
199.40          -0.041913
199.60          -0.042131
199.80          -0.042355
200.00          -0.042586
200.20          -0.042825
200.40          -0.043072
200.60          -0.043329
200.80          -0.043596
201.00          -0.043875
201.20          -0.044166
201.40          -0.044472
201.60          -0.044793
201.80          -0.045133
202.00          -0.045494
202.20          -0.045878
202.40          -0.046292
202.60          -0.046738
202.80          -0.047225
203.00          -0.047761
203.20          -0.048357
203.40          -0.049028
203.60          -0.049797
203.80          -0.050695
204.00          -0.051768
204.20          -0.053086
204.40          -0.054765
204.60          -0.057004
204.80          -0.060176
205.00          -0.065059
205.20          -0.073534
205.40          -0.091362
205.60          -0.14518
205.80          -0.58448
206.00          -0.80736
206.20          -0.095217
206.40          -0.055485
206.60          -0.047571
206.80          -0.045499
207.00          -0.045092
207.20          -0.045276
207.40          -0.045696
207.60          -0.046217
207.80          -0.046784
208.00          -0.047371
208.20          -0.047968
208.40          -0.048572
208.60          -0.049182
208.80          -0.049798
209.00          -0.050423
209.20          -0.051058
209.40          -0.051706
209.60          -0.052370
209.80          -0.053051
210.00          -0.053752
210.20          -0.054476
210.40          -0.055227
210.60          -0.056007
210.80          -0.056819
211.00          -0.057668
211.20          -0.058557
211.40          -0.059490
211.60          -0.060472
211.80          -0.061508
212.00          -0.062605
212.20          -0.063768
212.40          -0.065004
212.60          -0.066323
212.80          -0.067733
213.00          -0.069245
213.20          -0.070871
213.40          -0.072626
213.60          -0.074524
213.80          -0.076586
214.00          -0.078833
214.20          -0.081290
214.40          -0.083989
214.60          -0.086965
214.80          -0.090262
215.00          -0.093932
215.20          -0.098039
215.40          -0.10266
215.60          -0.10789
215.80          -0.11385
216.00          -0.12068
216.20          -0.12859
216.40          -0.13781
216.60          -0.14866
216.80          -0.16157
217.00          -0.17711
217.20          -0.19604
217.40          -0.21946
217.60          -0.24888
217.80          -0.28651
218.00          -0.33561
218.20          -0.40105
218.40          -0.49026
218.60          -0.61432
218.80          -0.78888
219.00          -1.0312
219.20          -1.3418
219.40          -1.6520
219.60          -1.7824
219.80          -1.6075
220.00          -1.2578
220.20          -0.92261
220.40          -0.67117
220.60          -0.49715
220.80          -0.37833
221.00          -0.29620
221.20          -0.23819
221.40          -0.19627
221.60          -0.16530
221.80          -0.14196
222.00          -0.12404
222.20          -0.11006
222.40          -0.099009
222.60          -0.090159
222.80          -0.082997
223.00          -0.077146
223.20          -0.072328
223.40          -0.068333
223.60          -0.065002
223.80          -0.062211
224.00          -0.059865
224.20          -0.057889
224.40          -0.056223
224.60          -0.054820
224.80          -0.053644
225.00          -0.052666
