175.00          -0.057352
175.20          -0.057826
175.40          -0.058313
175.60          -0.058813
175.80          -0.059327
176.00          -0.059855
176.20          -0.060399
176.40          -0.060959
176.60          -0.061535
176.80          -0.062128
177.00          -0.062740
177.20          -0.063372
177.40          -0.064024
177.60          -0.064697
177.80          -0.065392
178.00          -0.066112
178.20          -0.066857
178.40          -0.067628
178.60          -0.068428
178.80          -0.069257
179.00          -0.070117
179.20          -0.071011
179.40          -0.071941
179.60          -0.072908
179.80          -0.073916
180.00          -0.074966
180.20          -0.076061
180.40          -0.077205
180.60          -0.078401
180.80          -0.079652
181.00          -0.080963
181.20          -0.082337
181.40          -0.083780
181.60          -0.085297
181.80          -0.086892
182.00          -0.088574
182.20          -0.090347
182.40          -0.092220
182.60          -0.094201
182.80          -0.096300
183.00          -0.098526
183.20          -0.10089
183.40          -0.10341
183.60          -0.10609
183.80          -0.10896
184.00          -0.11202
184.20          -0.11530
184.40          -0.11883
184.60          -0.12262
184.80          -0.12671
185.00          -0.13113
185.20          -0.13592
185.40          -0.14112
185.60          -0.14677
185.80          -0.15294
186.00          -0.15970
186.20          -0.16711
186.40          -0.17526
186.60          -0.18426
186.80          -0.19423
187.00          -0.20531
187.20          -0.21765
187.40          -0.23146
187.60          -0.24695
187.80          -0.26440
188.00          -0.28411
188.20          -0.30644
188.40          -0.33181
188.60          -0.36070
188.80          -0.39362
189.00          -0.43114
189.20          -0.47378
189.40          -0.52202
189.60          -0.57605
189.80          -0.63565
190.00          -0.69980
190.20          -0.76629
190.40          -0.83135
190.60          -0.88951
190.80          -0.93406
191.00          -0.95833
191.20          -0.95765
191.40          -0.93111
191.60          -0.88203
191.80          -0.81682
192.00          -0.74292
192.20          -0.66697
192.40          -0.59379
192.60          -0.52631
192.80          -0.46587
193.00          -0.41277
193.20          -0.36667
193.40          -0.32694
193.60          -0.29280
193.80          -0.26350
194.00          -0.23833
194.20          -0.21668
194.40          -0.19801
194.60          -0.18186
194.80          -0.16784
195.00          -0.15563
195.20          -0.14496
195.40          -0.13561
195.60          -0.12739
195.80          -0.12013
196.00          -0.11371
196.20          -0.10801
196.40          -0.10293
196.60          -0.098407
196.80          -0.094358
197.00          -0.090728
197.20          -0.087467
197.40          -0.084532
197.60          -0.081885
197.80          -0.079495
198.00          -0.077332
198.20          -0.075374
198.40          -0.073598
198.60          -0.071987
198.80          -0.070523
199.00          -0.069192
199.20          -0.067983
199.40          -0.066882
199.60          -0.065882
199.80          -0.064972
200.00          -0.064146
200.20          -0.063397
200.40          -0.062718
200.60          -0.062103
200.80          -0.061550
201.00          -0.061052
201.20          -0.060607
201.40          -0.060212
201.60          -0.059864
201.80          -0.059561
202.00          -0.059300
202.20          -0.059082
202.40          -0.058906
202.60          -0.058771
202.80          -0.058678
203.00          -0.058629
203.20          -0.058628
203.40          -0.058677
203.60          -0.058784
203.80          -0.058957
204.00          -0.059211
204.20          -0.059565
204.40          -0.060050
204.60          -0.060713
204.80          -0.061631
205.00          -0.062939
205.20          -0.064890
205.40          -0.068011
205.60          -0.073583
205.80          -0.085538
206.00          -0.12226
206.20          -0.44052
206.40          -0.54393
206.60          -0.083532
206.80          -0.058623
207.00          -0.053662
207.20          -0.052318
207.40          -0.051986
207.60          -0.052001
207.80          -0.052146
208.00          -0.052341
208.20          -0.052553
208.40          -0.052767
208.60          -0.052978
208.80          -0.053184
209.00          -0.053384
209.20          -0.053578
209.40          -0.053767
209.60          -0.053951
209.80          -0.054131
210.00          -0.054308
210.20          -0.054482
210.40          -0.054653
210.60          -0.054823
210.80          -0.054991
211.00          -0.055158
211.20          -0.055324
211.40          -0.055489
211.60          -0.055653
211.80          -0.055817
212.00          -0.055981
212.20          -0.056145
212.40          -0.056308
212.60          -0.056472
212.80          -0.056636
213.00          -0.056800
213.20          -0.056964
213.40          -0.057128
213.60          -0.057293
213.80          -0.057459
214.00          -0.057624
214.20          -0.057790
214.40          -0.057957
214.60          -0.058124
214.80          -0.058291
215.00          -0.058459
215.20          -0.058628
215.40          -0.058797
215.60          -0.058966
215.80          -0.059136
216.00          -0.059307
216.20          -0.059478
216.40          -0.059650
216.60          -0.059822
216.80          -0.059995
217.00          -0.060169
217.20          -0.060343
217.40          -0.060517
217.60          -0.060692
217.80          -0.060868
218.00          -0.061044
218.20          -0.061221
218.40          -0.061398
218.60          -0.061576
218.80          -0.061755
219.00          -0.061934
219.20          -0.062113
219.40          -0.062294
219.60          -0.062475
219.80          -0.062656
220.00          -0.062838
220.20          -0.063021
220.40          -0.063204
220.60          -0.063388
220.80          -0.063572
221.00          -0.063757
221.20          -0.063943
221.40          -0.064129
221.60          -0.064316
221.80          -0.064504
222.00          -0.064692
222.20          -0.064881
222.40          -0.065070
222.60          -0.065261
222.80          -0.065452
223.00          -0.065644
223.20          -0.065836
223.40          -0.066029
223.60          -0.066223
223.80          -0.066418
224.00          -0.066614
224.20          -0.066811
224.40          -0.067008
224.60          -0.067206
224.80          -0.067406
225.00          -0.067606
