175.00          -0.11276
175.20          -0.11630
175.40          -0.12010
175.60          -0.12419
175.80          -0.12860
176.00          -0.13337
176.20          -0.13853
176.40          -0.14413
176.60          -0.15023
176.80          -0.15688
177.00          -0.16415
177.20          -0.17212
177.40          -0.18089
177.60          -0.19055
177.80          -0.20124
178.00          -0.21310
178.20          -0.22629
178.40          -0.24100
178.60          -0.25747
178.80          -0.27594
179.00          -0.29673
179.20          -0.32016
179.40          -0.34662
179.60          -0.37651
179.80          -0.41026
180.00          -0.44829
180.20          -0.49092
180.40          -0.53832
180.60          -0.59030
180.80          -0.64615
181.00          -0.70432
181.20          -0.76218
181.40          -0.81586
181.60          -0.86039
181.80          -0.89042
182.00          -0.90140
182.20          -0.89094
182.40          -0.85971
182.60          -0.81128
182.80          -0.75107
183.00          -0.68486
183.20          -0.61762
183.40          -0.55297
183.60          -0.49310
183.80          -0.43911
184.00          -0.39124
184.20          -0.34930
184.40          -0.31280
184.60          -0.28115
184.80          -0.25376
185.00          -0.23005
185.20          -0.20950
185.40          -0.19165
185.60          -0.17613
185.80          -0.16258
186.00          -0.15072
186.20          -0.14032
186.40          -0.13117
186.60          -0.12309
186.80          -0.11594
187.00          -0.10960
187.20          -0.10396
187.40          -0.098940
187.60          -0.094454
187.80          -0.090441
188.00          -0.086846
188.20          -0.083621
188.40          -0.080724
188.60          -0.078121
188.80          -0.075782
189.00          -0.073680
189.20          -0.071793
189.40          -0.070102
189.60          -0.068590
189.80          -0.067245
190.00          -0.066055
190.20          -0.065013
190.40          -0.064112
190.60          -0.063349
190.80          -0.062726
191.00          -0.062247
191.20          -0.061921
191.40          -0.061768
191.60          -0.061815
191.80          -0.062112
192.00          -0.062734
192.20          -0.063813
192.40          -0.065585
192.60          -0.068503
192.80          -0.073556
193.00          -0.083286
193.20          -0.10628
193.40          -0.19162
193.60          -1.9846
193.80          -0.25531
194.00          -0.069414
194.20          -0.050116
194.40          -0.045733
194.60          -0.044504
194.80          -0.044202
195.00          -0.044217
195.20          -0.044346
195.40          -0.044513
195.60          -0.044689
195.80          -0.044861
196.00          -0.045026
196.20          -0.045183
196.40          -0.045333
196.60          -0.045476
196.80          -0.045613
197.00          -0.045747
197.20          -0.045877
197.40          -0.046005
197.60          -0.046132
197.80          -0.046258
198.00          -0.046383
198.20          -0.046508
198.40          -0.046634
198.60          -0.046760
198.80          -0.046887
199.00          -0.047016
199.20          -0.047145
199.40          -0.047276
199.60          -0.047408
199.80          -0.047542
200.00          -0.047678
200.20          -0.047815
200.40          -0.047954
200.60          -0.048094
200.80          -0.048236
201.00          -0.048380
201.20          -0.048525
201.40          -0.048673
201.60          -0.048821
201.80          -0.048972
202.00          -0.049124
202.20          -0.049278
202.40          -0.049433
202.60          -0.049590
202.80          -0.049748
203.00          -0.049909
203.20          -0.050070
203.40          -0.050233
203.60          -0.050398
203.80          -0.050564
204.00          -0.050732
204.20          -0.050901
204.40          -0.051071
204.60          -0.051243
204.80          -0.051417
205.00          -0.051591
205.20          -0.051768
205.40          -0.051945
205.60          -0.052124
205.80          -0.052305
206.00          -0.052486
206.20          -0.052670
206.40          -0.052854
206.60          -0.053040
206.80          -0.053227
207.00          -0.053416
207.20          -0.053606
207.40          -0.053798
207.60          -0.053991
207.80          -0.054185
208.00          -0.054381
208.20          -0.054578
208.40          -0.054777
208.60          -0.054977
208.80          -0.055178
209.00          -0.055382
209.20          -0.055587
209.40          -0.055793
209.60          -0.056001
209.80          -0.056211
210.00          -0.056422
210.20          -0.056635
210.40          -0.056850
210.60          -0.057067
210.80          -0.057285
211.00          -0.057506
211.20          -0.057729
211.40          -0.057953
211.60          -0.058180
211.80          -0.058409
212.00          -0.058641
212.20          -0.058875
212.40          -0.059111
212.60          -0.059351
212.80          -0.059593
213.00          -0.059838
213.20          -0.060086
213.40          -0.060338
213.60          -0.060593
213.80          -0.060853
214.00          -0.061116
214.20          -0.061385
214.40          -0.061659
214.60          -0.061938
214.80          -0.062225
215.00          -0.062521
215.20          -0.062827
215.40          -0.063148
215.60          -0.063493
215.80          -0.063881
216.00          -0.064367
216.20          -0.065179
216.40          -0.068349
216.60          -0.16430
216.80          -0.067085
217.00          -0.066073
217.20          -0.066179
217.40          -0.066476
217.60          -0.066841
217.80          -0.067244
218.00          -0.067677
218.20          -0.068138
218.40          -0.068629
218.60          -0.069152
218.80          -0.069713
219.00          -0.070318
219.20          -0.070974
219.40          -0.071693
219.60          -0.072486
219.80          -0.073371
220.00          -0.074372
220.20          -0.075519
220.40          -0.076857
220.60          -0.078449
220.80          -0.080389
221.00          -0.082821
221.20          -0.085979
221.40          -0.090262
221.60          -0.096401
221.80          -0.10583
222.00          -0.12158
222.20          -0.14936
222.40          -0.18497
222.60          -0.14839
222.80          -0.081555
223.00          -0.060023
223.20          -0.055364
223.40          -0.055104
223.60          -0.056005
223.80          -0.057173
224.00          -0.058339
224.20          -0.059428
224.40          -0.060423
224.60          -0.061330
224.80          -0.062157
225.00          -0.062917
