175.00          -0.078679
175.20          -0.077464
175.40          -0.076315
175.60          -0.075229
175.80          -0.074201
176.00          -0.073228
176.20          -0.072305
176.40          -0.071430
176.60          -0.070599
176.80          -0.069811
177.00          -0.069061
177.20          -0.068348
177.40          -0.067670
177.60          -0.067024
177.80          -0.066409
178.00          -0.065822
178.20          -0.065263
178.40          -0.064729
178.60          -0.064219
178.80          -0.063731
179.00          -0.063265
179.20          -0.062819
179.40          -0.062392
179.60          -0.061984
179.80          -0.061592
180.00          -0.061216
180.20          -0.060856
180.40          -0.060510
180.60          -0.060178
180.80          -0.059859
181.00          -0.059552
181.20          -0.059257
181.40          -0.058973
181.60          -0.058699
181.80          -0.058436
182.00          -0.058182
182.20          -0.057937
182.40          -0.057700
182.60          -0.057472
182.80          -0.057251
183.00          -0.057038
183.20          -0.056832
183.40          -0.056633
183.60          -0.056440
183.80          -0.056253
184.00          -0.056072
184.20          -0.055897
184.40          -0.055726
184.60          -0.055561
184.80          -0.055401
185.00          -0.055245
185.20          -0.055094
185.40          -0.054947
185.60          -0.054803
185.80          -0.054664
186.00          -0.054528
186.20          -0.054396
186.40          -0.054267
186.60          -0.054141
186.80          -0.054019
187.00          -0.053899
187.20          -0.053782
187.40          -0.053667
187.60          -0.053556
187.80          -0.053446
188.00          -0.053339
188.20          -0.053235
188.40          -0.053132
188.60          -0.053031
188.80          -0.052933
189.00          -0.052836
189.20          -0.052741
189.40          -0.052648
189.60          -0.052556
189.80          -0.052466
190.00          -0.052378
190.20          -0.052291
190.40          -0.052205
190.60          -0.052121
190.80          -0.052038
191.00          -0.051956
191.20          -0.051875
191.40          -0.051796
191.60          -0.051717
191.80          -0.051640
192.00          -0.051564
192.20          -0.051488
192.40          -0.051414
192.60          -0.051340
192.80          -0.051267
193.00          -0.051195
193.20          -0.051124
193.40          -0.051053
193.60          -0.050983
193.80          -0.050914
194.00          -0.050846
194.20          -0.050778
194.40          -0.050711
194.60          -0.050644
194.80          -0.050578
195.00          -0.050513
195.20          -0.050448
195.40          -0.050383
195.60          -0.050319
195.80          -0.050255
196.00          -0.050192
196.20          -0.050130
196.40          -0.050067
196.60          -0.050005
196.80          -0.049944
197.00          -0.049883
197.20          -0.049822
197.40          -0.049762
197.60          -0.049702
197.80          -0.049642
198.00          -0.049583
198.20          -0.049524
198.40          -0.049465
198.60          -0.049407
198.80          -0.049349
199.00          -0.049291
199.20          -0.049234
199.40          -0.049177
199.60          -0.049120
199.80          -0.049064
200.00          -0.049008
200.20          -0.048952
200.40          -0.048897
200.60          -0.048842
200.80          -0.048788
201.00          -0.048734
201.20          -0.048681
201.40          -0.048628
201.60          -0.048576
201.80          -0.048525
202.00          -0.048475
202.20          -0.048427
202.40          -0.048379
202.60          -0.048334
202.80          -0.048291
203.00          -0.048250
203.20          -0.048214
203.40          -0.048184
203.60          -0.048163
203.80          -0.048154
204.00          -0.048166
204.20          -0.048217
204.40          -0.048346
204.60          -0.048669
204.80          -0.049665
205.00          -0.055885
205.20          -0.13670
205.40          -0.049481
205.60          -0.047716
205.80          -0.047352
206.00          -0.047208
206.20          -0.047123
206.40          -0.047059
206.60          -0.047002
206.80          -0.046949
207.00          -0.046897
207.20          -0.046846
207.40          -0.046795
207.60          -0.046744
207.80          -0.046693
208.00          -0.046642
208.20          -0.046591
208.40          -0.046539
208.60          -0.046487
208.80          -0.046435
209.00          -0.046383
209.20          -0.046331
209.40          -0.046279
209.60          -0.046226
209.80          -0.046174
210.00          -0.046121
210.20          -0.046069
210.40          -0.046016
210.60          -0.045963
210.80          -0.045911
211.00          -0.045858
211.20          -0.045805
211.40          -0.045752
211.60          -0.045699
211.80          -0.045647
212.00          -0.045594
212.20          -0.045541
212.40          -0.045488
212.60          -0.045435
212.80          -0.045383
213.00          -0.045330
213.20          -0.045277
213.40          -0.045224
213.60          -0.045171
213.80          -0.045119
214.00          -0.045066
214.20          -0.045013
214.40          -0.044961
214.60          -0.044908
214.80          -0.044855
215.00          -0.044803
215.20          -0.044750
215.40          -0.044697
215.60          -0.044645
215.80          -0.044592
216.00          -0.044540
216.20          -0.044487
216.40          -0.044435
216.60          -0.044382
216.80          -0.044330
217.00          -0.044277
217.20          -0.044225
217.40          -0.044172
217.60          -0.044120
217.80          -0.044067
218.00          -0.044015
218.20          -0.043963
218.40          -0.043910
218.60          -0.043858
218.80          -0.043805
219.00          -0.043753
219.20          -0.043701
219.40          -0.043648
219.60          -0.043596
219.80          -0.043544
220.00          -0.043492
220.20          -0.043439
220.40          -0.043387
220.60          -0.043335
220.80          -0.043283
221.00          -0.043231
221.20          -0.043179
221.40          -0.043127
221.60          -0.043075
221.80          -0.043023
222.00          -0.042971
222.20          -0.042920
222.40          -0.042868
222.60          -0.042817
222.80          -0.042766
223.00          -0.042716
223.20          -0.042666
223.40          -0.042616
223.60          -0.042567
223.80          -0.042519
224.00          -0.042473
224.20          -0.042428
224.40          -0.042385
224.60          -0.042344
224.80          -0.042308
225.00          -0.042277
