175.00          -0.052954
175.20          -0.052585
175.40          -0.052228
175.60          -0.051881
175.80          -0.051545
176.00          -0.051218
176.20          -0.050901
176.40          -0.050593
176.60          -0.050293
176.80          -0.050001
177.00          -0.049717
177.20          -0.049441
177.40          -0.049172
177.60          -0.048910
177.80          -0.048654
178.00          -0.048405
178.20          -0.048162
178.40          -0.047925
178.60          -0.047694
178.80          -0.047468
179.00          -0.047247
179.20          -0.047031
179.40          -0.046820
179.60          -0.046614
179.80          -0.046412
180.00          -0.046215
180.20          -0.046022
180.40          -0.045832
180.60          -0.045647
180.80          -0.045466
181.00          -0.045288
181.20          -0.045113
181.40          -0.044942
181.60          -0.044774
181.80          -0.044610
182.00          -0.044448
182.20          -0.044289
182.40          -0.044133
182.60          -0.043980
182.80          -0.043830
183.00          -0.043682
183.20          -0.043537
183.40          -0.043394
183.60          -0.043253
183.80          -0.043115
184.00          -0.042979
184.20          -0.042845
184.40          -0.042713
184.60          -0.042583
184.80          -0.042455
185.00          -0.042329
185.20          -0.042205
185.40          -0.042083
185.60          -0.041962
185.80          -0.041844
186.00          -0.041726
186.20          -0.041611
186.40          -0.041497
186.60          -0.041384
186.80          -0.041273
187.00          -0.041164
187.20          -0.041056
187.40          -0.040949
187.60          -0.040843
187.80          -0.040739
188.00          -0.040636
188.20          -0.040535
188.40          -0.040434
188.60          -0.040335
188.80          -0.040237
189.00          -0.040140
189.20          -0.040045
189.40          -0.039950
189.60          -0.039856
189.80          -0.039764
190.00          -0.039672
190.20          -0.039582
190.40          -0.039492
190.60          -0.039404
190.80          -0.039316
191.00          -0.039229
191.20          -0.039143
191.40          -0.039058
191.60          -0.038974
191.80          -0.038891
192.00          -0.038808
192.20          -0.038727
192.40          -0.038646
192.60          -0.038566
192.80          -0.038487
193.00          -0.038408
193.20          -0.038330
193.40          -0.038253
193.60          -0.038177
193.80          -0.038102
194.00          -0.038027
194.20          -0.037952
194.40          -0.037879
194.60          -0.037806
194.80          -0.037734
195.00          -0.037662
195.20          -0.037591
195.40          -0.037521
195.60          -0.037452
195.80          -0.037382
196.00          -0.037314
196.20          -0.037246
196.40          -0.037179
196.60          -0.037112
196.80          -0.037046
197.00          -0.036981
197.20          -0.036916
197.40          -0.036851
197.60          -0.036787
197.80          -0.036724
198.00          -0.036661
198.20          -0.036599
198.40          -0.036537
198.60          -0.036476
198.80          -0.036415
199.00          -0.036355
199.20          -0.036295
199.40          -0.036236
199.60          -0.036177
199.80          -0.036119
200.00          -0.036061
200.20          -0.036004
200.40          -0.035947
200.60          -0.035891
200.80          -0.035835
201.00          -0.035779
201.20          -0.035725
201.40          -0.035670
201.60          -0.035616
201.80          -0.035563
202.00          -0.035510
202.20          -0.035458
202.40          -0.035406
202.60          -0.035355
202.80          -0.035304
203.00          -0.035254
203.20          -0.035205
203.40          -0.035157
203.60          -0.035110
203.80          -0.035065
204.00          -0.035022
204.20          -0.034984
204.40          -0.034954
204.60          -0.034945
204.80          -0.035011
205.00          -0.035725
205.20          -0.040297
205.40          -0.034858
205.60          -0.034650
205.80          -0.034571
206.00          -0.034516
206.20          -0.034466
206.40          -0.034420
206.60          -0.034375
206.80          -0.034330
207.00          -0.034286
207.20          -0.034243
207.40          -0.034200
207.60          -0.034158
207.80          -0.034115
208.00          -0.034073
208.20          -0.034032
208.40          -0.033991
208.60          -0.033950
208.80          -0.033909
209.00          -0.033869
209.20          -0.033829
209.40          -0.033789
209.60          -0.033750
209.80          -0.033711
210.00          -0.033672
210.20          -0.033634
210.40          -0.033596
210.60          -0.033558
210.80          -0.033520
211.00          -0.033483
211.20          -0.033446
211.40          -0.033410
211.60          -0.033373
211.80          -0.033337
212.00          -0.033302
212.20          -0.033266
212.40          -0.033231
212.60          -0.033196
212.80          -0.033162
213.00          -0.033128
213.20          -0.033094
213.40          -0.033060
213.60          -0.033027
213.80          -0.032994
214.00          -0.032961
214.20          -0.032928
214.40          -0.032896
214.60          -0.032864
214.80          -0.032832
215.00          -0.032801
215.20          -0.032770
215.40          -0.032739
215.60          -0.032708
215.80          -0.032678
216.00          -0.032647
216.20          -0.032618
216.40          -0.032588
216.60          -0.032559
216.80          -0.032530
217.00          -0.032501
217.20          -0.032472
217.40          -0.032444
217.60          -0.032416
217.80          -0.032388
218.00          -0.032360
218.20          -0.032333
218.40          -0.032306
218.60          -0.032279
218.80          -0.032253
219.00          -0.032227
219.20          -0.032201
219.40          -0.032175
219.60          -0.032150
219.80          -0.032125
220.00          -0.032100
220.20          -0.032075
220.40          -0.032051
220.60          -0.032027
220.80          -0.032004
221.00          -0.031981
221.20          -0.031958
221.40          -0.031936
221.60          -0.031914
221.80          -0.031893
222.00          -0.031873
222.20          -0.031853
222.40          -0.031833
222.60          -0.031815
222.80          -0.031798
223.00          -0.031782
223.20          -0.031767
223.40          -0.031754
223.60          -0.031743
223.80          -0.031735
224.00          -0.031729
224.20          -0.031728
224.40          -0.031732
224.60          -0.031742
224.80          -0.031761
225.00          -0.031793
