175.00          -0.025133
175.20          -0.025174
175.40          -0.025216
175.60          -0.025257
175.80          -0.025299
176.00          -0.025341
176.20          -0.025383
176.40          -0.025425
176.60          -0.025467
176.80          -0.025510
177.00          -0.025552
177.20          -0.025594
177.40          -0.025637
177.60          -0.025679
177.80          -0.025722
178.00          -0.025765
178.20          -0.025808
178.40          -0.025851
178.60          -0.025894
178.80          -0.025937
179.00          -0.025980
179.20          -0.026023
179.40          -0.026066
179.60          -0.026110
179.80          -0.026153
180.00          -0.026197
180.20          -0.026241
180.40          -0.026284
180.60          -0.026328
180.80          -0.026372
181.00          -0.026416
181.20          -0.026460
181.40          -0.026505
181.60          -0.026549
181.80          -0.026593
182.00          -0.026638
182.20          -0.026682
182.40          -0.026727
182.60          -0.026772
182.80          -0.026816
183.00          -0.026861
183.20          -0.026906
183.40          -0.026951
183.60          -0.026997
183.80          -0.027042
184.00          -0.027087
184.20          -0.027133
184.40          -0.027178
184.60          -0.027224
184.80          -0.027270
185.00          -0.027315
185.20          -0.027361
185.40          -0.027407
185.60          -0.027453
185.80          -0.027500
186.00          -0.027546
186.20          -0.027592
186.40          -0.027639
186.60          -0.027685
186.80          -0.027732
187.00          -0.027779
187.20          -0.027825
187.40          -0.027872
187.60          -0.027919
187.80          -0.027966
188.00          -0.028014
188.20          -0.028061
188.40          -0.028108
188.60          -0.028156
188.80          -0.028203
189.00          -0.028251
189.20          -0.028299
189.40          -0.028347
189.60          -0.028395
189.80          -0.028443
190.00          -0.028491
190.20          -0.028539
190.40          -0.028587
190.60          -0.028636
190.80          -0.028684
191.00          -0.028733
191.20          -0.028782
191.40          -0.028830
191.60          -0.028879
191.80          -0.028928
192.00          -0.028978
192.20          -0.029027
192.40          -0.029076
192.60          -0.029126
192.80          -0.029175
193.00          -0.029225
193.20          -0.029274
193.40          -0.029324
193.60          -0.029374
193.80          -0.029424
194.00          -0.029474
194.20          -0.029525
194.40          -0.029575
194.60          -0.029625
194.80          -0.029676
195.00          -0.029726
195.20          -0.029777
195.40          -0.029828
195.60          -0.029879
195.80          -0.029930
196.00          -0.029981
196.20          -0.030032
196.40          -0.030084
196.60          -0.030135
196.80          -0.030187
197.00          -0.030239
197.20          -0.030290
197.40          -0.030342
197.60          -0.030394
197.80          -0.030446
198.00          -0.030499
198.20          -0.030551
198.40          -0.030603
198.60          -0.030656
198.80          -0.030709
199.00          -0.030761
199.20          -0.030814
199.40          -0.030867
199.60          -0.030920
199.80          -0.030974
200.00          -0.031027
200.20          -0.031080
200.40          -0.031134
200.60          -0.031188
200.80          -0.031241
201.00          -0.031295
201.20          -0.031349
201.40          -0.031403
201.60          -0.031458
201.80          -0.031512
202.00          -0.031566
202.20          -0.031621
202.40          -0.031676
202.60          -0.031731
202.80          -0.031786
203.00          -0.031841
203.20          -0.031896
203.40          -0.031951
203.60          -0.032007
203.80          -0.032062
204.00          -0.032118
204.20          -0.032174
204.40          -0.032229
204.60          -0.032285
204.80          -0.032342
205.00          -0.032398
205.20          -0.032454
205.40          -0.032511
205.60          -0.032568
205.80          -0.032624
206.00          -0.032681
206.20          -0.032738
206.40          -0.032796
206.60          -0.032853
206.80          -0.032910
207.00          -0.032968
207.20          -0.033026
207.40          -0.033084
207.60          -0.033142
207.80          -0.033200
208.00          -0.033258
208.20          -0.033316
208.40          -0.033375
208.60          -0.033434
208.80          -0.033492
209.00          -0.033551
209.20          -0.033610
209.40          -0.033670
209.60          -0.033729
209.80          -0.033789
210.00          -0.033848
210.20          -0.033908
210.40          -0.033968
210.60          -0.034028
210.80          -0.034089
211.00          -0.034149
211.20          -0.034210
211.40          -0.034271
211.60          -0.034332
211.80          -0.034393
212.00          -0.034454
212.20          -0.034515
212.40          -0.034577
212.60          -0.034639
212.80          -0.034701
213.00          -0.034763
213.20          -0.034825
213.40          -0.034887
213.60          -0.034950
213.80          -0.035013
214.00          -0.035076
214.20          -0.035139
214.40          -0.035202
214.60          -0.035266
214.80          -0.035330
215.00          -0.035394
215.20          -0.035458
215.40          -0.035522
215.60          -0.035587
215.80          -0.035651
216.00          -0.035716
216.20          -0.035781
216.40          -0.035847
216.60          -0.035912
216.80          -0.035978
217.00          -0.036044
217.20          -0.036111
217.40          -0.036177
217.60          -0.036244
217.80          -0.036311
218.00          -0.036378
218.20          -0.036446
218.40          -0.036513
218.60          -0.036582
218.80          -0.036650
219.00          -0.036718
219.20          -0.036787
219.40          -0.036857
219.60          -0.036926
219.80          -0.036996
220.00          -0.037066
220.20          -0.037136
220.40          -0.037207
220.60          -0.037278
220.80          -0.037350
221.00          -0.037422
221.20          -0.037494
221.40          -0.037567
221.60          -0.037640
221.80          -0.037714
222.00          -0.037788
222.20          -0.037862
222.40          -0.037937
222.60          -0.038013
222.80          -0.038089
223.00          -0.038165
223.20          -0.038242
223.40          -0.038320
223.60          -0.038399
223.80          -0.038478
224.00          -0.038558
224.20          -0.038639
224.40          -0.038720
224.60          -0.038803
224.80          -0.038886
225.00          -0.038971
