175.00          -0.078914
175.20          -0.079638
175.40          -0.080377
175.60          -0.081131
175.80          -0.081900
176.00          -0.082685
176.20          -0.083486
176.40          -0.084304
176.60          -0.085140
176.80          -0.085993
177.00          -0.086866
177.20          -0.087757
177.40          -0.088668
177.60          -0.089599
177.80          -0.090552
178.00          -0.091526
178.20          -0.092523
178.40          -0.093543
178.60          -0.094587
178.80          -0.095656
179.00          -0.096751
179.20          -0.097872
179.40          -0.099021
179.60          -0.10020
179.80          -0.10140
180.00          -0.10264
180.20          -0.10391
180.40          -0.10521
180.60          -0.10655
180.80          -0.10792
181.00          -0.10933
181.20          -0.11077
181.40          -0.11226
181.60          -0.11378
181.80          -0.11535
182.00          -0.11696
182.20          -0.11862
182.40          -0.12033
182.60          -0.12208
182.80          -0.12389
183.00          -0.12574
183.20          -0.12766
183.40          -0.12963
183.60          -0.13166
183.80          -0.13375
184.00          -0.13591
184.20          -0.13813
184.40          -0.14042
184.60          -0.14279
184.80          -0.14523
185.00          -0.14775
185.20          -0.15034
185.40          -0.15303
185.60          -0.15580
185.80          -0.15866
186.00          -0.16162
186.20          -0.16467
186.40          -0.16782
186.60          -0.17109
186.80          -0.17445
187.00          -0.17794
187.20          -0.18154
187.40          -0.18526
187.60          -0.18910
187.80          -0.19308
188.00          -0.19718
188.20          -0.20142
188.40          -0.20580
188.60          -0.21033
188.80          -0.21500
189.00          -0.21982
189.20          -0.22478
189.40          -0.22990
189.60          -0.23518
189.80          -0.24060
190.00          -0.24618
190.20          -0.25191
190.40          -0.25778
190.60          -0.26379
190.80          -0.26994
191.00          -0.27622
191.20          -0.28261
191.40          -0.28910
191.60          -0.29567
191.80          -0.30231
192.00          -0.30900
192.20          -0.31570
192.40          -0.32239
192.60          -0.32903
192.80          -0.33559
193.00          -0.34202
193.20          -0.34828
193.40          -0.35432
193.60          -0.36009
193.80          -0.36553
194.00          -0.37060
194.20          -0.37522
194.40          -0.37934
194.60          -0.38291
194.80          -0.38588
195.00          -0.38818
195.20          -0.38979
195.40          -0.39066
195.60          -0.39077
195.80          -0.39009
196.00          -0.38862
196.20          -0.38635
196.40          -0.38331
196.60          -0.37950
196.80          -0.37497
197.00          -0.36975
197.20          -0.36391
197.40          -0.35748
197.60          -0.35054
197.80          -0.34315
198.00          -0.33538
198.20          -0.32730
198.40          -0.31897
198.60          -0.31046
198.80          -0.30183
199.00          -0.29313
199.20          -0.28443
199.40          -0.27576
199.60          -0.26717
199.80          -0.25871
200.00          -0.25039
200.20          -0.24225
200.40          -0.23430
200.60          -0.22658
200.80          -0.21909
201.00          -0.21184
201.20          -0.20484
201.40          -0.19809
201.60          -0.19160
201.80          -0.18536
202.00          -0.17938
202.20          -0.17364
202.40          -0.16816
202.60          -0.16291
202.80          -0.15790
203.00          -0.15311
203.20          -0.14854
203.40          -0.14418
203.60          -0.14003
203.80          -0.13607
204.00          -0.13230
204.20          -0.12871
204.40          -0.12530
204.60          -0.12204
204.80          -0.11895
205.00          -0.11600
205.20          -0.11320
205.40          -0.11053
205.60          -0.10799
205.80          -0.10558
206.00          -0.10328
206.20          -0.10110
206.40          -0.099021
206.60          -0.097045
206.80          -0.095164
207.00          -0.093375
207.20          -0.091673
207.40          -0.090054
207.60          -0.088513
207.80          -0.087048
208.00          -0.085654
208.20          -0.084327
208.40          -0.083066
208.60          -0.081865
208.80          -0.080723
209.00          -0.079637
209.20          -0.078604
209.40          -0.077622
209.60          -0.076688
209.80          -0.075799
210.00          -0.074955
210.20          -0.074152
210.40          -0.073389
210.60          -0.072664
210.80          -0.071976
211.00          -0.071322
211.20          -0.070701
211.40          -0.070112
211.60          -0.069554
211.80          -0.069024
212.00          -0.068522
212.20          -0.068046
212.40          -0.067596
212.60          -0.067170
212.80          -0.066767
213.00          -0.066386
213.20          -0.066027
213.40          -0.065688
213.60          -0.065369
213.80          -0.065069
214.00          -0.064787
214.20          -0.064522
214.40          -0.064274
214.60          -0.064041
214.80          -0.063824
215.00          -0.063622
215.20          -0.063434
215.40          -0.063260
215.60          -0.063099
215.80          -0.062951
216.00          -0.062815
216.20          -0.062690
216.40          -0.062577
216.60          -0.062475
216.80          -0.062383
217.00          -0.062302
217.20          -0.062230
217.40          -0.062168
217.60          -0.062115
217.80          -0.062071
218.00          -0.062035
218.20          -0.062008
218.40          -0.061989
218.60          -0.061977
218.80          -0.061973
219.00          -0.061977
219.20          -0.061987
219.40          -0.062005
219.60          -0.062029
219.80          -0.062059
220.00          -0.062096
220.20          -0.062139
220.40          -0.062188
220.60          -0.062243
220.80          -0.062304
221.00          -0.062370
221.20          -0.062441
221.40          -0.062518
221.60          -0.062601
221.80          -0.062688
222.00          -0.062780
222.20          -0.062878
222.40          -0.062980
222.60          -0.063087
222.80          -0.063200
223.00          -0.063316
223.20          -0.063438
223.40          -0.063565
223.60          -0.063696
223.80          -0.063832
224.00          -0.063973
224.20          -0.064118
224.40          -0.064269
224.60          -0.064425
224.80          -0.064586
225.00          -0.064752
