175.00          -0.077480
175.20          -0.076495
175.40          -0.075540
175.60          -0.074614
175.80          -0.073715
176.00          -0.072844
176.20          -0.072000
176.40          -0.071181
176.60          -0.070387
176.80          -0.069618
177.00          -0.068873
177.20          -0.068151
177.40          -0.067451
177.60          -0.066773
177.80          -0.066117
178.00          -0.065481
178.20          -0.064866
178.40          -0.064270
178.60          -0.063694
178.80          -0.063136
179.00          -0.062596
179.20          -0.062074
179.40          -0.061569
179.60          -0.061081
179.80          -0.060610
180.00          -0.060154
180.20          -0.059714
180.40          -0.059289
180.60          -0.058879
180.80          -0.058483
181.00          -0.058101
181.20          -0.057733
181.40          -0.057379
181.60          -0.057037
181.80          -0.056708
182.00          -0.056391
182.20          -0.056087
182.40          -0.055794
182.60          -0.055513
182.80          -0.055243
183.00          -0.054985
183.20          -0.054737
183.40          -0.054499
183.60          -0.054272
183.80          -0.054054
184.00          -0.053847
184.20          -0.053649
184.40          -0.053460
184.60          -0.053281
184.80          -0.053111
185.00          -0.052949
185.20          -0.052796
185.40          -0.052651
185.60          -0.052515
185.80          -0.052387
186.00          -0.052266
186.20          -0.052154
186.40          -0.052048
186.60          -0.051951
186.80          -0.051860
187.00          -0.051777
187.20          -0.051701
187.40          -0.051631
187.60          -0.051569
187.80          -0.051512
188.00          -0.051463
188.20          -0.051420
188.40          -0.051383
188.60          -0.051352
188.80          -0.051327
189.00          -0.051308
189.20          -0.051295
189.40          -0.051287
189.60          -0.051286
189.80          -0.051289
190.00          -0.051299
190.20          -0.051313
190.40          -0.051333
190.60          -0.051358
190.80          -0.051388
191.00          -0.051423
191.20          -0.051463
191.40          -0.051508
191.60          -0.051558
191.80          -0.051612
192.00          -0.051672
192.20          -0.051735
192.40          -0.051804
192.60          -0.051876
192.80          -0.051953
193.00          -0.052035
193.20          -0.052121
193.40          -0.052211
193.60          -0.052305
193.80          -0.052403
194.00          -0.052506
194.20          -0.052612
194.40          -0.052722
194.60          -0.052837
194.80          -0.052955
195.00          -0.053077
195.20          -0.053203
195.40          -0.053333
195.60          -0.053466
195.80          -0.053603
196.00          -0.053744
196.20          -0.053888
196.40          -0.054036
196.60          -0.054187
196.80          -0.054342
197.00          -0.054500
197.20          -0.054662
197.40          -0.054827
197.60          -0.054996
197.80          -0.055168
198.00          -0.055343
198.20          -0.055521
198.40          -0.055703
198.60          -0.055888
198.80          -0.056076
199.00          -0.056267
199.20          -0.056462
199.40          -0.056660
199.60          -0.056860
199.80          -0.057064
200.00          -0.057271
200.20          -0.057481
200.40          -0.057694
200.60          -0.057910
200.80          -0.058128
201.00          -0.058350
201.20          -0.058575
201.40          -0.058803
201.60          -0.059033
201.80          -0.059266
202.00          -0.059503
202.20          -0.059742
202.40          -0.059984
202.60          -0.060228
202.80          -0.060476
203.00          -0.060726
203.20          -0.060979
203.40          -0.061235
203.60          -0.061494
203.80          -0.061755
204.00          -0.062019
204.20          -0.062285
204.40          -0.062555
204.60          -0.062827
204.80          -0.063101
205.00          -0.063378
205.20          -0.063658
205.40          -0.063940
205.60          -0.064225
205.80          -0.064513
206.00          -0.064803
206.20          -0.065096
206.40          -0.065391
206.60          -0.065688
206.80          -0.065989
207.00          -0.066291
207.20          -0.066596
207.40          -0.066904
207.60          -0.067214
207.80          -0.067527
208.00          -0.067841
208.20          -0.068159
208.40          -0.068479
208.60          -0.068801
208.80          -0.069125
209.00          -0.069452
209.20          -0.069781
209.40          -0.070113
209.60          -0.070447
209.80          -0.070783
210.00          -0.071121
210.20          -0.071462
210.40          -0.071805
210.60          -0.072150
210.80          -0.072498
211.00          -0.072847
211.20          -0.073199
211.40          -0.073553
211.60          -0.073910
211.80          -0.074268
212.00          -0.074629
212.20          -0.074992
212.40          -0.075357
212.60          -0.075724
212.80          -0.076093
213.00          -0.076464
213.20          -0.076837
213.40          -0.077212
213.60          -0.077590
213.80          -0.077969
214.00          -0.078350
214.20          -0.078733
214.40          -0.079119
214.60          -0.079506
214.80          -0.079895
215.00          -0.080286
215.20          -0.080679
215.40          -0.081073
215.60          -0.081470
215.80          -0.081868
216.00          -0.082268
216.20          -0.082670
216.40          -0.083074
216.60          -0.083479
216.80          -0.083886
217.00          -0.084295
217.20          -0.084706
217.40          -0.085118
217.60          -0.085532
217.80          -0.085947
218.00          -0.086364
218.20          -0.086782
218.40          -0.087202
218.60          -0.087624
218.80          -0.088047
219.00          -0.088471
219.20          -0.088897
219.40          -0.089324
219.60          -0.089753
219.80          -0.090183
220.00          -0.090614
220.20          -0.091047
220.40          -0.091481
220.60          -0.091916
220.80          -0.092352
221.00          -0.092790
221.20          -0.093228
221.40          -0.093668
221.60          -0.094109
221.80          -0.094551
222.00          -0.094994
222.20          -0.095438
222.40          -0.095883
222.60          -0.096329
222.80          -0.096776
223.00          -0.097224
223.20          -0.097673
223.40          -0.098123
223.60          -0.098574
223.80          -0.099026
224.00          -0.099478
224.20          -0.099931
224.40          -0.10039
224.60          -0.10084
224.80          -0.10130
225.00          -0.10175
