175.00          -0.026601
175.20          -0.026654
175.40          -0.026707
175.60          -0.026760
175.80          -0.026814
176.00          -0.026868
176.20          -0.026923
176.40          -0.026978
176.60          -0.027034
176.80          -0.027090
177.00          -0.027147
177.20          -0.027205
177.40          -0.027263
177.60          -0.027322
177.80          -0.027382
178.00          -0.027443
178.20          -0.027505
178.40          -0.027568
178.60          -0.027633
178.80          -0.027699
179.00          -0.027768
179.20          -0.027838
179.40          -0.027912
179.60          -0.027989
179.80          -0.028071
180.00          -0.028158
180.20          -0.028253
180.40          -0.028360
180.60          -0.028481
180.80          -0.028627
181.00          -0.028812
181.20          -0.029068
181.40          -0.029466
181.60          -0.030223
181.80          -0.032272
182.00          -0.046014
182.20          -0.080056
182.40          -0.030370
182.60          -0.028724
182.80          -0.028500
183.00          -0.028502
183.20          -0.028561
183.40          -0.028637
183.60          -0.028718
183.80          -0.028801
184.00          -0.028884
184.20          -0.028966
184.40          -0.029048
184.60          -0.029130
184.80          -0.029212
185.00          -0.029294
185.20          -0.029376
185.40          -0.029459
185.60          -0.029543
185.80          -0.029627
186.00          -0.029713
186.20          -0.029799
186.40          -0.029888
186.60          -0.029977
186.80          -0.030069
187.00          -0.030162
187.20          -0.030258
187.40          -0.030356
187.60          -0.030457
187.80          -0.030561
188.00          -0.030669
188.20          -0.030780
188.40          -0.030895
188.60          -0.031015
188.80          -0.031140
189.00          -0.031271
189.20          -0.031408
189.40          -0.031553
189.60          -0.031706
189.80          -0.031868
190.00          -0.032041
190.20          -0.032226
190.40          -0.032426
190.60          -0.032642
190.80          -0.032878
191.00          -0.033136
191.20          -0.033421
191.40          -0.033739
191.60          -0.034096
191.80          -0.034501
192.00          -0.034966
192.20          -0.035505
192.40          -0.036139
192.60          -0.036896
192.80          -0.037816
193.00          -0.038958
193.20          -0.040406
193.40          -0.042296
193.60          -0.044848
193.80          -0.048440
194.00          -0.053772
194.20          -0.062266
194.40          -0.077198
194.60          -0.10763
194.80          -0.18715
195.00          -0.53526
195.20          -9.6173
195.40          -0.79331
195.60          -0.19695
195.80          -0.098126
196.00          -0.065924
196.20          -0.051832
196.40          -0.044551
196.60          -0.040369
196.80          -0.037786
197.00          -0.036104
197.20          -0.034967
197.40          -0.034176
197.60          -0.033615
197.80          -0.033212
198.00          -0.032920
198.20          -0.032708
198.40          -0.032556
198.60          -0.032449
198.80          -0.032376
199.00          -0.032329
199.20          -0.032303
199.40          -0.032294
199.60          -0.032298
199.80          -0.032313
200.00          -0.032336
200.20          -0.032366
200.40          -0.032403
200.60          -0.032444
200.80          -0.032490
201.00          -0.032539
201.20          -0.032591
201.40          -0.032646
201.60          -0.032703
201.80          -0.032762
202.00          -0.032823
202.20          -0.032885
202.40          -0.032948
202.60          -0.033013
202.80          -0.033079
203.00          -0.033146
203.20          -0.033214
203.40          -0.033283
203.60          -0.033352
203.80          -0.033423
204.00          -0.033495
204.20          -0.033567
204.40          -0.033641
204.60          -0.033716
204.80          -0.033792
205.00          -0.033870
205.20          -0.033951
205.40          -0.034034
205.60          -0.034123
205.80          -0.034220
206.00          -0.034336
206.20          -0.034503
206.40          -0.034889
206.60          -0.038570
206.80          -0.037834
207.00          -0.034991
207.20          -0.034839
207.40          -0.034866
207.60          -0.034933
207.80          -0.035016
208.00          -0.035107
208.20          -0.035204
208.40          -0.035307
208.60          -0.035416
208.80          -0.035532
209.00          -0.035655
209.20          -0.035788
209.40          -0.035933
209.60          -0.036092
209.80          -0.036272
210.00          -0.036477
210.20          -0.036717
210.40          -0.037009
210.60          -0.037375
210.80          -0.037857
211.00          -0.038535
211.20          -0.039566
211.40          -0.041332
211.60          -0.044944
211.80          -0.055085
212.00          -0.11676
212.20          -1.0715
212.40          -0.061423
212.60          -0.041711
212.80          -0.037925
213.00          -0.036745
213.20          -0.036307
213.40          -0.036147
213.60          -0.036107
213.80          -0.036126
214.00          -0.036175
214.20          -0.036241
214.40          -0.036315
214.60          -0.036395
214.80          -0.036477
215.00          -0.036561
215.20          -0.036646
215.40          -0.036731
215.60          -0.036815
215.80          -0.036900
216.00          -0.036984
216.20          -0.037068
216.40          -0.037151
216.60          -0.037234
216.80          -0.037316
217.00          -0.037399
217.20          -0.037481
217.40          -0.037562
217.60          -0.037644
217.80          -0.037725
218.00          -0.037806
218.20          -0.037886
218.40          -0.037967
218.60          -0.038047
218.80          -0.038128
219.00          -0.038208
219.20          -0.038288
219.40          -0.038368
219.60          -0.038448
219.80          -0.038529
220.00          -0.038609
220.20          -0.038689
220.40          -0.038769
220.60          -0.038849
220.80          -0.038929
221.00          -0.039009
221.20          -0.039090
221.40          -0.039170
221.60          -0.039251
221.80          -0.039331
222.00          -0.039412
222.20          -0.039493
222.40          -0.039574
222.60          -0.039655
222.80          -0.039736
223.00          -0.039817
223.20          -0.039899
223.40          -0.039981
223.60          -0.040062
223.80          -0.040145
224.00          -0.040227
224.20          -0.040309
224.40          -0.040392
224.60          -0.040475
224.80          -0.040558
225.00          -0.040642
