175.00          -0.60344
175.20          -0.52844
175.40          -0.46211
175.60          -0.40466
175.80          -0.35549
176.00          -0.31369
176.20          -0.27825
176.40          -0.24821
176.60          -0.22270
176.80          -0.20098
177.00          -0.18245
177.20          -0.16656
177.40          -0.15290
177.60          -0.14111
177.80          -0.13091
178.00          -0.12204
178.20          -0.11432
178.40          -0.10758
178.60          -0.10169
178.80          -0.096537
179.00          -0.092026
179.20          -0.088085
179.40          -0.084653
179.60          -0.081683
179.80          -0.079140
180.00          -0.077002
180.20          -0.075262
180.40          -0.073930
180.60          -0.073041
180.80          -0.072670
181.00          -0.072957
181.20          -0.074168
181.40          -0.076833
181.60          -0.082117
181.80          -0.093036
182.00          -0.11981
182.20          -0.22101
182.40          -2.2593
182.60          -0.26872
182.80          -0.070336
183.00          -0.049003
183.20          -0.044006
183.40          -0.042463
183.60          -0.041932
183.80          -0.041749
184.00          -0.041695
184.20          -0.041688
184.40          -0.041698
184.60          -0.041713
184.80          -0.041728
185.00          -0.041743
185.20          -0.041758
185.40          -0.041774
185.60          -0.041792
185.80          -0.041813
186.00          -0.041837
186.20          -0.041864
186.40          -0.041896
186.60          -0.041933
186.80          -0.041974
187.00          -0.042021
187.20          -0.042072
187.40          -0.042128
187.60          -0.042190
187.80          -0.042256
188.00          -0.042327
188.20          -0.042402
188.40          -0.042483
188.60          -0.042567
188.80          -0.042656
189.00          -0.042750
189.20          -0.042847
189.40          -0.042948
189.60          -0.043053
189.80          -0.043162
190.00          -0.043274
190.20          -0.043390
190.40          -0.043510
190.60          -0.043632
190.80          -0.043758
191.00          -0.043886
191.20          -0.044018
191.40          -0.044153
191.60          -0.044290
191.80          -0.044430
192.00          -0.044573
192.20          -0.044719
192.40          -0.044867
192.60          -0.045017
192.80          -0.045170
193.00          -0.045325
193.20          -0.045482
193.40          -0.045642
193.60          -0.045804
193.80          -0.045969
194.00          -0.046135
194.20          -0.046303
194.40          -0.046474
194.60          -0.046647
194.80          -0.046822
195.00          -0.046999
195.20          -0.047178
195.40          -0.047359
195.60          -0.047542
195.80          -0.047727
196.00          -0.047914
196.20          -0.048104
196.40          -0.048295
196.60          -0.048488
196.80          -0.048684
197.00          -0.048882
197.20          -0.049082
197.40          -0.049284
197.60          -0.049488
197.80          -0.049695
198.00          -0.049904
198.20          -0.050115
198.40          -0.050329
198.60          -0.050546
198.80          -0.050764
199.00          -0.050986
199.20          -0.051211
199.40          -0.051438
199.60          -0.051668
199.80          -0.051901
200.00          -0.052138
200.20          -0.052378
200.40          -0.052622
200.60          -0.052869
200.80          -0.053120
201.00          -0.053375
201.20          -0.053635
201.40          -0.053900
201.60          -0.054169
201.80          -0.054444
202.00          -0.054724
202.20          -0.055011
202.40          -0.055304
202.60          -0.055605
202.80          -0.055913
203.00          -0.056230
203.20          -0.056557
203.40          -0.056895
203.60          -0.057245
203.80          -0.057608
204.00          -0.057988
204.20          -0.058386
204.40          -0.058806
204.60          -0.059253
204.80          -0.059734
205.00          -0.060259
205.20          -0.060844
205.40          -0.061518
205.60          -0.062335
205.80          -0.063409
206.00          -0.065039
206.20          -0.068240
206.40          -0.078813
206.60          -0.26868
206.80          -0.11129
207.00          -0.071986
207.20          -0.068453
207.40          -0.068230
207.60          -0.068900
207.80          -0.070010
208.00          -0.071467
208.20          -0.073294
208.40          -0.075586
208.60          -0.078517
208.80          -0.082385
209.00          -0.087707
209.20          -0.095439
209.40          -0.10747
209.60          -0.12766
209.80          -0.16256
210.00          -0.20135
210.20          -0.15587
210.40          -0.084223
210.60          -0.057760
210.80          -0.050299
211.00          -0.048623
211.20          -0.048787
211.40          -0.049553
211.60          -0.050494
211.80          -0.051454
212.00          -0.052377
212.20          -0.053245
212.40          -0.054056
212.60          -0.054811
212.80          -0.055518
213.00          -0.056181
213.20          -0.056806
213.40          -0.057398
213.60          -0.057961
213.80          -0.058498
214.00          -0.059014
214.20          -0.059510
214.40          -0.059989
214.60          -0.060453
214.80          -0.060905
215.00          -0.061345
215.20          -0.061775
215.40          -0.062196
215.60          -0.062609
215.80          -0.063015
216.00          -0.063415
216.20          -0.063810
216.40          -0.064200
216.60          -0.064586
216.80          -0.064969
217.00          -0.065349
217.20          -0.065726
217.40          -0.066101
217.60          -0.066474
217.80          -0.066846
218.00          -0.067216
218.20          -0.067586
218.40          -0.067955
218.60          -0.068325
218.80          -0.068694
219.00          -0.069063
219.20          -0.069433
219.40          -0.069804
219.60          -0.070175
219.80          -0.070548
220.00          -0.070922
220.20          -0.071298
220.40          -0.071675
220.60          -0.072054
220.80          -0.072435
221.00          -0.072819
221.20          -0.073205
221.40          -0.073594
221.60          -0.073986
221.80          -0.074380
222.00          -0.074778
222.20          -0.075180
222.40          -0.075585
222.60          -0.075994
222.80          -0.076406
223.00          -0.076824
223.20          -0.077245
223.40          -0.077672
223.60          -0.078103
223.80          -0.078540
224.00          -0.078982
224.20          -0.079429
224.40          -0.079883
224.60          -0.080343
224.80          -0.080810
225.00          -0.081284
