175.00          -0.052891
175.20          -0.053157
175.40          -0.053428
175.60          -0.053704
175.80          -0.053987
176.00          -0.054276
176.20          -0.054571
176.40          -0.054872
176.60          -0.055179
176.80          -0.055494
177.00          -0.055815
177.20          -0.056144
177.40          -0.056481
177.60          -0.056827
177.80          -0.057181
178.00          -0.057546
178.20          -0.057921
178.40          -0.058307
178.60          -0.058707
178.80          -0.059122
179.00          -0.059555
179.20          -0.060007
179.40          -0.060483
179.60          -0.060988
179.80          -0.061528
180.00          -0.062113
180.20          -0.062757
180.40          -0.063479
180.60          -0.064311
180.80          -0.065303
181.00          -0.066543
181.20          -0.068194
181.40          -0.070603
181.60          -0.074614
181.80          -0.082886
182.00          -0.10851
182.20          -0.38241
182.40          -0.24129
182.60          -0.075464
182.80          -0.064956
183.00          -0.063265
183.20          -0.063193
183.40          -0.063556
183.60          -0.064055
183.80          -0.064595
184.00          -0.065145
184.20          -0.065692
184.40          -0.066233
184.60          -0.066766
184.80          -0.067293
185.00          -0.067814
185.20          -0.068330
185.40          -0.068843
185.60          -0.069352
185.80          -0.069859
186.00          -0.070365
186.20          -0.070870
186.40          -0.071374
186.60          -0.071878
186.80          -0.072382
187.00          -0.072887
187.20          -0.073393
187.40          -0.073900
187.60          -0.074408
187.80          -0.074917
188.00          -0.075428
188.20          -0.075940
188.40          -0.076455
188.60          -0.076971
188.80          -0.077488
189.00          -0.078008
189.20          -0.078530
189.40          -0.079053
189.60          -0.079579
189.80          -0.080107
190.00          -0.080636
190.20          -0.081167
190.40          -0.081701
190.60          -0.082236
190.80          -0.082773
191.00          -0.083312
191.20          -0.083852
191.40          -0.084395
191.60          -0.084939
191.80          -0.085484
192.00          -0.086031
192.20          -0.086579
192.40          -0.087129
192.60          -0.087680
192.80          -0.088232
193.00          -0.088784
193.20          -0.089338
193.40          -0.089893
193.60          -0.090448
193.80          -0.091003
194.00          -0.091559
194.20          -0.092115
194.40          -0.092671
194.60          -0.093226
194.80          -0.093782
195.00          -0.094336
195.20          -0.094890
195.40          -0.095443
195.60          -0.095994
195.80          -0.096544
196.00          -0.097092
196.20          -0.097638
196.40          -0.098182
196.60          -0.098723
196.80          -0.099261
197.00          -0.099796
197.20          -0.10033
197.40          -0.10085
197.60          -0.10138
197.80          -0.10189
198.00          -0.10241
198.20          -0.10291
198.40          -0.10341
198.60          -0.10391
198.80          -0.10439
199.00          -0.10487
199.20          -0.10534
199.40          -0.10580
199.60          -0.10625
199.80          -0.10669
200.00          -0.10712
200.20          -0.10754
200.40          -0.10794
200.60          -0.10833
200.80          -0.10871
201.00          -0.10906
201.20          -0.10941
201.40          -0.10973
201.60          -0.11003
201.80          -0.11031
202.00          -0.11057
202.20          -0.11081
202.40          -0.11102
202.60          -0.11120
202.80          -0.11136
203.00          -0.11149
203.20          -0.11158
203.40          -0.11165
203.60          -0.11168
203.80          -0.11169
204.00          -0.11167
204.20          -0.11162
204.40          -0.11157
204.60          -0.11152
204.80          -0.11151
205.00          -0.11159
205.20          -0.11186
205.40          -0.11252
205.60          -0.11394
205.80          -0.11702
206.00          -0.12419
206.20          -0.14408
206.40          -0.22920
206.60          -2.3265
206.80          -0.39582
207.00          -0.14003
207.20          -0.10448
207.40          -0.091811
207.60          -0.085007
207.80          -0.080859
208.00          -0.079014
208.20          -0.080264
208.40          -0.086044
208.60          -0.097797
208.80          -0.11576
209.00          -0.13780
209.20          -0.15979
209.40          -0.17795
209.60          -0.19063
209.80          -0.19822
210.00          -0.20199
210.20          -0.20325
210.40          -0.20301
210.60          -0.20194
210.80          -0.20044
211.00          -0.19878
211.20          -0.19708
211.40          -0.19543
211.60          -0.19388
211.80          -0.19243
212.00          -0.19110
212.20          -0.18989
212.40          -0.18879
212.60          -0.18780
212.80          -0.18690
213.00          -0.18609
213.20          -0.18537
213.40          -0.18473
213.60          -0.18415
213.80          -0.18365
214.00          -0.18321
214.20          -0.18283
214.40          -0.18251
214.60          -0.18225
214.80          -0.18204
215.00          -0.18189
215.20          -0.18180
215.40          -0.18176
215.60          -0.18178
215.80          -0.18187
216.00          -0.18202
216.20          -0.18224
216.40          -0.18255
216.60          -0.18294
216.80          -0.18342
217.00          -0.18401
217.20          -0.18472
217.40          -0.18557
217.60          -0.18658
217.80          -0.18777
218.00          -0.18917
218.20          -0.19083
218.40          -0.19278
218.60          -0.19510
218.80          -0.19786
219.00          -0.20116
219.20          -0.20515
219.40          -0.21000
219.60          -0.21597
219.80          -0.22343
220.00          -0.23291
220.20          -0.24525
220.40          -0.26176
220.60          -0.28467
220.80          -0.31806
221.00          -0.37010
221.20          -0.45951
221.40          -0.63785
221.60          -1.0957
221.80          -2.9354
222.00          -4.7205
222.20          -0.82391
222.40          -0.25939
222.60          -0.13408
222.80          -0.096046
223.00          -0.083043
223.20          -0.078832
223.40          -0.078058
223.60          -0.078672
223.80          -0.079816
224.00          -0.081105
224.20          -0.082368
224.40          -0.083527
224.60          -0.084552
224.80          -0.085435
225.00          -0.086179
