175.00          -0.054370
175.20          -0.054667
175.40          -0.054969
175.60          -0.055277
175.80          -0.055591
176.00          -0.055911
176.20          -0.056237
176.40          -0.056569
176.60          -0.056908
176.80          -0.057254
177.00          -0.057607
177.20          -0.057967
177.40          -0.058336
177.60          -0.058713
177.80          -0.059099
178.00          -0.059494
178.20          -0.059901
178.40          -0.060319
178.60          -0.060750
178.80          -0.061196
179.00          -0.061658
179.20          -0.062141
179.40          -0.062647
179.60          -0.063180
179.80          -0.063749
180.00          -0.064361
180.20          -0.065030
180.40          -0.065774
180.60          -0.066626
180.80          -0.067632
181.00          -0.068878
181.20          -0.070522
181.40          -0.072901
181.60          -0.076836
181.80          -0.084927
182.00          -0.11006
182.20          -0.38610
182.40          -0.23199
182.60          -0.077911
182.80          -0.067922
183.00          -0.066336
183.20          -0.066310
183.40          -0.066707
183.60          -0.067237
183.80          -0.067810
184.00          -0.068393
184.20          -0.068976
184.40          -0.069553
184.60          -0.070124
184.80          -0.070690
185.00          -0.071251
185.20          -0.071808
185.40          -0.072362
185.60          -0.072913
185.80          -0.073463
186.00          -0.074013
186.20          -0.074561
186.40          -0.075110
186.60          -0.075659
186.80          -0.076209
187.00          -0.076760
187.20          -0.077313
187.40          -0.077866
187.60          -0.078422
187.80          -0.078979
188.00          -0.079537
188.20          -0.080098
188.40          -0.080661
188.60          -0.081226
188.80          -0.081793
189.00          -0.082362
189.20          -0.082934
189.40          -0.083507
189.60          -0.084083
189.80          -0.084661
190.00          -0.085241
190.20          -0.085823
190.40          -0.086407
190.60          -0.086993
190.80          -0.087581
191.00          -0.088170
191.20          -0.088762
191.40          -0.089355
191.60          -0.089950
191.80          -0.090546
192.00          -0.091143
192.20          -0.091742
192.40          -0.092342
192.60          -0.092943
192.80          -0.093544
193.00          -0.094147
193.20          -0.094749
193.40          -0.095352
193.60          -0.095955
193.80          -0.096558
194.00          -0.097161
194.20          -0.097763
194.40          -0.098365
194.60          -0.098965
194.80          -0.099564
195.00          -0.10016
195.20          -0.10076
195.40          -0.10135
195.60          -0.10194
195.80          -0.10253
196.00          -0.10312
196.20          -0.10370
196.40          -0.10428
196.60          -0.10485
196.80          -0.10542
197.00          -0.10598
197.20          -0.10654
197.40          -0.10709
197.60          -0.10763
197.80          -0.10817
198.00          -0.10870
198.20          -0.10922
198.40          -0.10973
198.60          -0.11023
198.80          -0.11072
199.00          -0.11120
199.20          -0.11167
199.40          -0.11212
199.60          -0.11256
199.80          -0.11298
200.00          -0.11339
200.20          -0.11378
200.40          -0.11415
200.60          -0.11450
200.80          -0.11483
201.00          -0.11513
201.20          -0.11541
201.40          -0.11566
201.60          -0.11589
201.80          -0.11608
202.00          -0.11624
202.20          -0.11637
202.40          -0.11646
202.60          -0.11651
202.80          -0.11652
203.00          -0.11649
203.20          -0.11640
203.40          -0.11628
203.60          -0.11610
203.80          -0.11587
204.00          -0.11559
204.20          -0.11527
204.40          -0.11492
204.60          -0.11454
204.80          -0.11418
205.00          -0.11388
205.20          -0.11376
205.40          -0.11399
205.60          -0.11500
205.80          -0.11771
206.00          -0.12463
206.20          -0.14476
206.40          -0.23257
206.60          -2.3839
206.80          -0.40459
207.00          -0.13839
207.20          -0.10144
207.40          -0.088762
207.60          -0.083068
207.80          -0.081650
208.00          -0.085118
208.20          -0.095627
208.40          -0.11599
208.60          -0.14781
208.80          -0.18853
209.00          -0.23028
209.20          -0.26393
209.40          -0.28498
209.60          -0.29453
209.80          -0.29617
210.00          -0.29332
210.20          -0.28835
210.40          -0.28263
210.60          -0.27692
210.80          -0.27155
211.00          -0.26669
211.20          -0.26238
211.40          -0.25860
211.60          -0.25534
211.80          -0.25255
212.00          -0.25018
212.20          -0.24821
212.40          -0.24660
212.60          -0.24533
212.80          -0.24436
213.00          -0.24369
213.20          -0.24330
213.40          -0.24318
213.60          -0.24333
213.80          -0.24375
214.00          -0.24444
214.20          -0.24541
214.40          -0.24668
214.60          -0.24827
214.80          -0.25020
215.00          -0.25249
215.20          -0.25520
215.40          -0.25836
215.60          -0.26204
215.80          -0.26632
216.00          -0.27128
216.20          -0.27705
216.40          -0.28377
216.60          -0.29163
216.80          -0.30086
217.00          -0.31179
217.20          -0.32483
217.40          -0.34054
217.60          -0.35971
217.80          -0.38341
218.00          -0.41326
218.20          -0.45163
218.40          -0.50223
218.60          -0.57115
218.80          -0.66889
219.00          -0.81489
219.20          -1.0486
219.40          -1.4594
219.60          -2.2816
219.80          -4.2356
220.00          -9.0822
220.20          -6.7430
220.40          -2.5592
220.60          -1.1386
220.80          -0.60114
221.00          -0.36282
221.20          -0.24338
221.40          -0.17799
221.60          -0.13981
221.80          -0.11644
222.00          -0.10162
222.20          -0.091984
222.40          -0.085594
222.60          -0.081301
222.80          -0.078393
223.00          -0.076413
223.20          -0.075064
223.40          -0.074146
223.60          -0.073523
223.80          -0.073101
224.00          -0.072815
224.20          -0.072617
224.40          -0.072475
224.60          -0.072366
224.80          -0.072273
225.00          -0.072183
