175.00          -0.061057
175.20          -0.061480
175.40          -0.061910
175.60          -0.062347
175.80          -0.062791
176.00          -0.063241
176.20          -0.063699
176.40          -0.064164
176.60          -0.064637
176.80          -0.065118
177.00          -0.065607
177.20          -0.066104
177.40          -0.066610
177.60          -0.067126
177.80          -0.067652
178.00          -0.068188
178.20          -0.068735
178.40          -0.069295
178.60          -0.069868
178.80          -0.070456
179.00          -0.071060
179.20          -0.071684
179.40          -0.072330
179.60          -0.073003
179.80          -0.073707
180.00          -0.074450
180.20          -0.075245
180.40          -0.076107
180.60          -0.077062
180.80          -0.078152
181.00          -0.079450
181.20          -0.081095
181.40          -0.083379
181.60          -0.087027
181.80          -0.094356
182.00          -0.11714
182.20          -0.38876
182.40          -0.21041
182.60          -0.089727
182.80          -0.081420
183.00          -0.080225
183.20          -0.080402
183.40          -0.080968
183.60          -0.081666
183.80          -0.082413
184.00          -0.083178
184.20          -0.083949
184.40          -0.084721
184.60          -0.085494
184.80          -0.086267
185.00          -0.087041
185.20          -0.087815
185.40          -0.088591
185.60          -0.089368
185.80          -0.090149
186.00          -0.090932
186.20          -0.091719
186.40          -0.092509
186.60          -0.093303
186.80          -0.094102
187.00          -0.094905
187.20          -0.095712
187.40          -0.096524
187.60          -0.097341
187.80          -0.098163
188.00          -0.098990
188.20          -0.099822
188.40          -0.10066
188.60          -0.10150
188.80          -0.10235
189.00          -0.10320
189.20          -0.10406
189.40          -0.10492
189.60          -0.10579
189.80          -0.10666
190.00          -0.10754
190.20          -0.10842
190.40          -0.10930
190.60          -0.11019
190.80          -0.11109
191.00          -0.11199
191.20          -0.11289
191.40          -0.11379
191.60          -0.11470
191.80          -0.11562
192.00          -0.11653
192.20          -0.11745
192.40          -0.11838
192.60          -0.11930
192.80          -0.12023
193.00          -0.12116
193.20          -0.12209
193.40          -0.12302
193.60          -0.12395
193.80          -0.12489
194.00          -0.12582
194.20          -0.12676
194.40          -0.12769
194.60          -0.12862
194.80          -0.12955
195.00          -0.13048
195.20          -0.13141
195.40          -0.13233
195.60          -0.13325
195.80          -0.13417
196.00          -0.13508
196.20          -0.13598
196.40          -0.13688
196.60          -0.13778
196.80          -0.13866
197.00          -0.13954
197.20          -0.14041
197.40          -0.14126
197.60          -0.14211
197.80          -0.14294
198.00          -0.14376
198.20          -0.14457
198.40          -0.14536
198.60          -0.14613
198.80          -0.14689
199.00          -0.14762
199.20          -0.14833
199.40          -0.14902
199.60          -0.14968
199.80          -0.15032
200.00          -0.15092
200.20          -0.15149
200.40          -0.15203
200.60          -0.15253
200.80          -0.15299
201.00          -0.15340
201.20          -0.15376
201.40          -0.15407
201.60          -0.15432
201.80          -0.15451
202.00          -0.15463
202.20          -0.15467
202.40          -0.15462
202.60          -0.15449
202.80          -0.15425
203.00          -0.15390
203.20          -0.15343
203.40          -0.15282
203.60          -0.15206
203.80          -0.15113
204.00          -0.15002
204.20          -0.14871
204.40          -0.14717
204.60          -0.14541
204.80          -0.14340
205.00          -0.14118
205.20          -0.13879
205.40          -0.13639
205.60          -0.13435
205.80          -0.13361
206.00          -0.13688
206.20          -0.15393
206.40          -0.24380
206.60          -2.4898
206.80          -0.42115
207.00          -0.13467
207.20          -0.12058
207.40          -0.20864
207.60          -0.60180
207.80          -2.2494
208.00          -4.3483
208.20          -2.6232
208.40          -1.6131
208.60          -1.1663
208.80          -0.93669
209.00          -0.80337
209.20          -0.71924
209.40          -0.66321
209.60          -0.62467
209.80          -0.59780
210.00          -0.57919
210.20          -0.56674
210.40          -0.55909
210.60          -0.55537
210.80          -0.55499
211.00          -0.55759
211.20          -0.56292
211.40          -0.57085
211.60          -0.58133
211.80          -0.59435
212.00          -0.60996
212.20          -0.62822
212.40          -0.64921
212.60          -0.67299
212.80          -0.69957
213.00          -0.72887
213.20          -0.76062
213.40          -0.79433
213.60          -0.82911
213.80          -0.86360
214.00          -0.89582
214.20          -0.92314
214.40          -0.94242
214.60          -0.95030
214.80          -0.94384
215.00          -0.92127
215.20          -0.88262
215.40          -0.82993
215.60          -0.76691
215.80          -0.69807
216.00          -0.62778
216.20          -0.55966
216.40          -0.49617
216.60          -0.43872
216.80          -0.38783
217.00          -0.34345
217.20          -0.30512
217.40          -0.27224
217.60          -0.24414
217.80          -0.22015
218.00          -0.19968
218.20          -0.18218
218.40          -0.16719
218.60          -0.15432
218.80          -0.14322
219.00          -0.13363
219.20          -0.12529
219.40          -0.11803
219.60          -0.11166
219.80          -0.10607
220.00          -0.10112
220.20          -0.096736
220.40          -0.092828
220.60          -0.089329
220.80          -0.086182
221.00          -0.083341
221.20          -0.080763
221.40          -0.078414
221.60          -0.076265
221.80          -0.074290
222.00          -0.072469
222.20          -0.070781
222.40          -0.069212
222.60          -0.067747
222.80          -0.066375
223.00          -0.065086
223.20          -0.063870
223.40          -0.062721
223.60          -0.061630
223.80          -0.060593
224.00          -0.059603
224.20          -0.058658
224.40          -0.057753
224.60          -0.056884
224.80          -0.056048
225.00          -0.055243
