175.00          -0.025789
175.20          -0.025883
175.40          -0.025978
175.60          -0.026073
175.80          -0.026170
176.00          -0.026268
176.20          -0.026366
176.40          -0.026465
176.60          -0.026566
176.80          -0.026667
177.00          -0.026770
177.20          -0.026873
177.40          -0.026978
177.60          -0.027084
177.80          -0.027190
178.00          -0.027298
178.20          -0.027407
178.40          -0.027517
178.60          -0.027629
178.80          -0.027741
179.00          -0.027855
179.20          -0.027970
179.40          -0.028086
179.60          -0.028204
179.80          -0.028323
180.00          -0.028443
180.20          -0.028564
180.40          -0.028687
180.60          -0.028812
180.80          -0.028938
181.00          -0.029065
181.20          -0.029194
181.40          -0.029324
181.60          -0.029456
181.80          -0.029589
182.00          -0.029724
182.20          -0.029861
182.40          -0.029999
182.60          -0.030139
182.80          -0.030281
183.00          -0.030425
183.20          -0.030570
183.40          -0.030717
183.60          -0.030866
183.80          -0.031018
184.00          -0.031171
184.20          -0.031326
184.40          -0.031483
184.60          -0.031642
184.80          -0.031804
185.00          -0.031967
185.20          -0.032133
185.40          -0.032301
185.60          -0.032472
185.80          -0.032645
186.00          -0.032820
186.20          -0.032998
186.40          -0.033178
186.60          -0.033361
186.80          -0.033547
187.00          -0.033736
187.20          -0.033927
187.40          -0.034121
187.60          -0.034318
187.80          -0.034518
188.00          -0.034721
188.20          -0.034928
188.40          -0.035138
188.60          -0.035350
188.80          -0.035567
189.00          -0.035787
189.20          -0.036010
189.40          -0.036237
189.60          -0.036468
189.80          -0.036703
190.00          -0.036941
190.20          -0.037184
190.40          -0.037431
190.60          -0.037682
190.80          -0.037938
191.00          -0.038198
191.20          -0.038463
191.40          -0.038732
191.60          -0.039006
191.80          -0.039286
192.00          -0.039570
192.20          -0.039860
192.40          -0.040155
192.60          -0.040456
192.80          -0.040763
193.00          -0.041075
193.20          -0.041394
193.40          -0.041719
193.60          -0.042051
193.80          -0.042389
194.00          -0.042734
194.20          -0.043086
194.40          -0.043445
194.60          -0.043812
194.80          -0.044187
195.00          -0.044569
195.20          -0.044960
195.40          -0.045359
195.60          -0.045768
195.80          -0.046185
196.00          -0.046611
196.20          -0.047048
196.40          -0.047494
196.60          -0.047950
196.80          -0.048417
197.00          -0.048896
197.20          -0.049385
197.40          -0.049887
197.60          -0.050400
197.80          -0.050927
198.00          -0.051466
198.20          -0.052019
198.40          -0.052586
198.60          -0.053167
198.80          -0.053764
199.00          -0.054376
199.20          -0.055004
199.40          -0.055649
199.60          -0.056312
199.80          -0.056993
200.00          -0.057693
200.20          -0.058412
200.40          -0.059151
200.60          -0.059912
200.80          -0.060695
201.00          -0.061500
201.20          -0.062330
201.40          -0.063184
201.60          -0.064064
201.80          -0.064971
202.00          -0.065906
202.20          -0.066870
202.40          -0.067865
202.60          -0.068891
202.80          -0.069951
203.00          -0.071045
203.20          -0.072176
203.40          -0.073344
203.60          -0.074552
203.80          -0.075801
204.00          -0.077093
204.20          -0.078431
204.40          -0.079816
204.60          -0.081250
204.80          -0.082737
205.00          -0.084278
205.20          -0.085876
205.40          -0.087534
205.60          -0.089254
205.80          -0.091041
206.00          -0.092896
206.20          -0.094824
206.40          -0.096828
206.60          -0.098912
206.80          -0.10108
207.00          -0.10334
207.20          -0.10569
207.40          -0.10813
207.60          -0.11068
207.80          -0.11334
208.00          -0.11611
208.20          -0.11900
208.40          -0.12202
208.60          -0.12516
208.80          -0.12845
209.00          -0.13188
209.20          -0.13546
209.40          -0.13920
209.60          -0.14311
209.80          -0.14720
210.00          -0.15147
210.20          -0.15593
210.40          -0.16059
210.60          -0.16546
210.80          -0.17055
211.00          -0.17586
211.20          -0.18140
211.40          -0.18718
211.60          -0.19321
211.80          -0.19948
212.00          -0.20601
212.20          -0.21279
212.40          -0.21983
212.60          -0.22711
212.80          -0.23464
213.00          -0.24239
213.20          -0.25037
213.40          -0.25854
213.60          -0.26687
213.80          -0.27534
214.00          -0.28391
214.20          -0.29252
214.40          -0.30111
214.60          -0.30963
214.80          -0.31798
215.00          -0.32610
215.20          -0.33388
215.40          -0.34123
215.60          -0.34804
215.80          -0.35422
216.00          -0.35965
216.20          -0.36424
216.40          -0.36789
216.60          -0.37053
216.80          -0.37209
217.00          -0.37252
217.20          -0.37181
217.40          -0.36994
217.60          -0.36694
217.80          -0.36285
218.00          -0.35773
218.20          -0.35166
218.40          -0.34474
218.60          -0.33706
218.80          -0.32875
219.00          -0.31991
219.20          -0.31066
219.40          -0.30111
219.60          -0.29136
219.80          -0.28150
220.00          -0.27162
220.20          -0.26179
220.40          -0.25209
220.60          -0.24255
220.80          -0.23323
221.00          -0.22416
221.20          -0.21538
221.40          -0.20689
221.60          -0.19872
221.80          -0.19087
222.00          -0.18335
222.20          -0.17615
222.40          -0.16928
222.60          -0.16273
222.80          -0.15649
223.00          -0.15055
223.20          -0.14490
223.40          -0.13953
223.60          -0.13443
223.80          -0.12959
224.00          -0.12500
224.20          -0.12064
224.40          -0.11650
224.60          -0.11257
224.80          -0.10885
225.00          -0.10531
