175.00          -0.12317
175.20          -0.13031
175.40          -0.13843
175.60          -0.14770
175.80          -0.15837
176.00          -0.17072
176.20          -0.18515
176.40          -0.20215
176.60          -0.22234
176.80          -0.24660
177.00          -0.27603
177.20          -0.31217
177.40          -0.35708
177.60          -0.41360
177.80          -0.48556
178.00          -0.57807
178.20          -0.69750
178.40          -0.85061
178.60          -1.0410
178.80          -1.2601
179.00          -1.4717
179.20          -1.6051
179.40          -1.5913
179.60          -1.4307
179.80          -1.1951
180.00          -0.95894
180.20          -0.75932
180.40          -0.60323
180.60          -0.48495
180.80          -0.39603
181.00          -0.32900
181.20          -0.27807
181.40          -0.23908
181.60          -0.20908
181.80          -0.18603
182.00          -0.16859
182.20          -0.15604
182.40          -0.14832
182.60          -0.14650
182.80          -0.15429
183.00          -0.18437
183.20          -0.29639
183.40          -1.0457
183.60          -0.87134
183.80          -0.19581
184.00          -0.10572
184.20          -0.079590
184.40          -0.068260
184.60          -0.062017
184.80          -0.058001
185.00          -0.055138
185.20          -0.052952
185.40          -0.051206
185.60          -0.049767
185.80          -0.048556
186.00          -0.047521
186.20          -0.046628
186.40          -0.045852
186.60          -0.045173
186.80          -0.044578
187.00          -0.044055
187.20          -0.043595
187.40          -0.043189
187.60          -0.042832
187.80          -0.042519
188.00          -0.042243
188.20          -0.042003
188.40          -0.041793
188.60          -0.041612
188.80          -0.041456
189.00          -0.041323
189.20          -0.041211
189.40          -0.041118
189.60          -0.041043
189.80          -0.040984
190.00          -0.040939
190.20          -0.040908
190.40          -0.040889
190.60          -0.040882
190.80          -0.040885
191.00          -0.040899
191.20          -0.040921
191.40          -0.040952
191.60          -0.040990
191.80          -0.041036
192.00          -0.041089
192.20          -0.041148
192.40          -0.041213
192.60          -0.041284
192.80          -0.041360
193.00          -0.041441
193.20          -0.041526
193.40          -0.041616
193.60          -0.041710
193.80          -0.041808
194.00          -0.041910
194.20          -0.042015
194.40          -0.042123
194.60          -0.042235
194.80          -0.042349
195.00          -0.042467
195.20          -0.042587
195.40          -0.042710
195.60          -0.042836
195.80          -0.042964
196.00          -0.043094
196.20          -0.043227
196.40          -0.043362
196.60          -0.043499
196.80          -0.043638
197.00          -0.043780
197.20          -0.043923
197.40          -0.044069
197.60          -0.044216
197.80          -0.044365
198.00          -0.044516
198.20          -0.044669
198.40          -0.044824
198.60          -0.044981
198.80          -0.045140
199.00          -0.045301
199.20          -0.045463
199.40          -0.045628
199.60          -0.045794
199.80          -0.045963
200.00          -0.046133
200.20          -0.046306
200.40          -0.046480
200.60          -0.046657
200.80          -0.046836
201.00          -0.047017
201.20          -0.047201
201.40          -0.047387
201.60          -0.047576
201.80          -0.047767
202.00          -0.047961
202.20          -0.048158
202.40          -0.048359
202.60          -0.048562
202.80          -0.048769
203.00          -0.048980
203.20          -0.049195
203.40          -0.049415
203.60          -0.049639
203.80          -0.049868
204.00          -0.050103
204.20          -0.050345
204.40          -0.050593
204.60          -0.050850
204.80          -0.051115
205.00          -0.051391
205.20          -0.051680
205.40          -0.051984
205.60          -0.052307
205.80          -0.052655
206.00          -0.053039
206.20          -0.053474
206.40          -0.053997
206.60          -0.054686
206.80          -0.055766
207.00          -0.058132
207.20          -0.069166
207.40          -0.79893
207.60          -0.064328
207.80          -0.058055
208.00          -0.057358
208.20          -0.057548
208.40          -0.058037
208.60          -0.058698
208.80          -0.059504
209.00          -0.060465
209.20          -0.061615
209.40          -0.063013
209.60          -0.064752
209.80          -0.066986
210.00          -0.069969
210.20          -0.074167
210.40          -0.080500
210.60          -0.091008
210.80          -0.11101
211.00          -0.15711
211.20          -0.27154
211.40          -0.23437
211.60          -0.091939
211.80          -0.057909
212.00          -0.049622
212.20          -0.047485
212.40          -0.047176
212.60          -0.047483
212.80          -0.048002
213.00          -0.048584
213.20          -0.049169
213.40          -0.049735
213.60          -0.050273
213.80          -0.050783
214.00          -0.051266
214.20          -0.051723
214.40          -0.052158
214.60          -0.052573
214.80          -0.052971
215.00          -0.053353
215.20          -0.053722
215.40          -0.054078
215.60          -0.054424
215.80          -0.054761
216.00          -0.055090
216.20          -0.055411
216.40          -0.055726
216.60          -0.056036
216.80          -0.056341
217.00          -0.056641
217.20          -0.056938
217.40          -0.057231
217.60          -0.057521
217.80          -0.057809
218.00          -0.058095
218.20          -0.058379
218.40          -0.058662
218.60          -0.058943
218.80          -0.059223
219.00          -0.059502
219.20          -0.059781
219.40          -0.060060
219.60          -0.060338
219.80          -0.060616
220.00          -0.060895
220.20          -0.061174
220.40          -0.061453
220.60          -0.061733
220.80          -0.062014
221.00          -0.062296
221.20          -0.062579
221.40          -0.062863
221.60          -0.063148
221.80          -0.063435
222.00          -0.063724
222.20          -0.064014
222.40          -0.064307
222.60          -0.064601
222.80          -0.064897
223.00          -0.065196
223.20          -0.065497
223.40          -0.065800
223.60          -0.066107
223.80          -0.066416
224.00          -0.066728
224.20          -0.067043
224.40          -0.067362
224.60          -0.067684
224.80          -0.068010
225.00          -0.068339
