175.00          -0.060974
175.20          -0.059973
175.40          -0.059042
175.60          -0.058178
175.80          -0.057376
176.00          -0.056632
176.20          -0.055943
176.40          -0.055306
176.60          -0.054717
176.80          -0.054175
177.00          -0.053676
177.20          -0.053219
177.40          -0.052801
177.60          -0.052422
177.80          -0.052078
178.00          -0.051770
178.20          -0.051497
178.40          -0.051256
178.60          -0.051049
178.80          -0.050874
179.00          -0.050732
179.20          -0.050624
179.40          -0.050550
179.60          -0.050511
179.80          -0.050512
180.00          -0.050554
180.20          -0.050642
180.40          -0.050784
180.60          -0.050987
180.80          -0.051266
181.00          -0.051639
181.20          -0.052133
181.40          -0.052792
181.60          -0.053683
181.80          -0.054922
182.00          -0.056721
182.20          -0.059502
182.40          -0.064241
182.60          -0.073705
182.80          -0.099066
183.00          -0.24106
183.20          -2.2577
183.40          -0.084441
183.60          -0.049428
183.80          -0.044135
184.00          -0.043063
184.20          -0.042998
184.40          -0.043224
184.60          -0.043535
184.80          -0.043862
185.00          -0.044183
185.20          -0.044489
185.40          -0.044780
185.60          -0.045057
185.80          -0.045321
186.00          -0.045574
186.20          -0.045819
186.40          -0.046056
186.60          -0.046287
186.80          -0.046513
187.00          -0.046736
187.20          -0.046955
187.40          -0.047172
187.60          -0.047387
187.80          -0.047602
188.00          -0.047815
188.20          -0.048028
188.40          -0.048241
188.60          -0.048454
188.80          -0.048667
189.00          -0.048881
189.20          -0.049096
189.40          -0.049312
189.60          -0.049528
189.80          -0.049746
190.00          -0.049965
190.20          -0.050186
190.40          -0.050407
190.60          -0.050631
190.80          -0.050855
191.00          -0.051082
191.20          -0.051310
191.40          -0.051539
191.60          -0.051771
191.80          -0.052004
192.00          -0.052239
192.20          -0.052476
192.40          -0.052714
192.60          -0.052955
192.80          -0.053197
193.00          -0.053441
193.20          -0.053688
193.40          -0.053936
193.60          -0.054186
193.80          -0.054438
194.00          -0.054693
194.20          -0.054949
194.40          -0.055208
194.60          -0.055468
194.80          -0.055731
195.00          -0.055996
195.20          -0.056263
195.40          -0.056533
195.60          -0.056805
195.80          -0.057079
196.00          -0.057356
196.20          -0.057635
196.40          -0.057917
196.60          -0.058201
196.80          -0.058487
197.00          -0.058777
197.20          -0.059069
197.40          -0.059364
197.60          -0.059662
197.80          -0.059962
198.00          -0.060266
198.20          -0.060573
198.40          -0.060883
198.60          -0.061196
198.80          -0.061513
199.00          -0.061833
199.20          -0.062157
199.40          -0.062485
199.60          -0.062816
199.80          -0.063152
200.00          -0.063492
200.20          -0.063836
200.40          -0.064186
200.60          -0.064540
200.80          -0.064899
201.00          -0.065263
201.20          -0.065633
201.40          -0.066010
201.60          -0.066392
201.80          -0.066782
202.00          -0.067178
202.20          -0.067583
202.40          -0.067995
202.60          -0.068417
202.80          -0.068848
203.00          -0.069290
203.20          -0.069744
203.40          -0.070209
203.60          -0.070689
203.80          -0.071184
204.00          -0.071696
204.20          -0.072228
204.40          -0.072782
204.60          -0.073361
204.80          -0.073970
205.00          -0.074614
205.20          -0.075302
205.40          -0.076045
205.60          -0.076858
205.80          -0.077766
206.00          -0.078812
206.20          -0.080072
206.40          -0.081699
206.60          -0.084050
206.80          -0.088160
207.00          -0.098294
207.20          -0.15256
207.40          -1.8290
207.60          -0.11750
207.80          -0.093509
208.00          -0.090023
208.20          -0.089990
208.40          -0.091128
208.60          -0.092911
208.80          -0.095214
209.00          -0.098049
209.20          -0.10150
209.40          -0.10566
209.60          -0.11058
209.80          -0.11604
210.00          -0.12080
210.20          -0.12107
210.40          -0.11004
210.60          -0.086783
210.80          -0.064790
211.00          -0.053393
211.20          -0.050040
211.40          -0.050421
211.60          -0.052173
211.80          -0.054297
212.00          -0.056412
212.20          -0.058387
212.40          -0.060189
212.60          -0.061822
212.80          -0.063303
213.00          -0.064653
213.20          -0.065888
213.40          -0.067026
213.60          -0.068081
213.80          -0.069064
214.00          -0.069985
214.20          -0.070854
214.40          -0.071676
214.60          -0.072458
214.80          -0.073205
215.00          -0.073921
215.20          -0.074610
215.40          -0.075274
215.60          -0.075917
215.80          -0.076540
216.00          -0.077147
216.20          -0.077738
216.40          -0.078315
216.60          -0.078880
216.80          -0.079433
217.00          -0.079976
217.20          -0.080510
217.40          -0.081035
217.60          -0.081552
217.80          -0.082063
218.00          -0.082567
218.20          -0.083065
218.40          -0.083557
218.60          -0.084044
218.80          -0.084527
219.00          -0.085005
219.20          -0.085480
219.40          -0.085951
219.60          -0.086418
219.80          -0.086882
220.00          -0.087343
220.20          -0.087801
220.40          -0.088256
220.60          -0.088709
220.80          -0.089160
221.00          -0.089608
221.20          -0.090054
221.40          -0.090498
221.60          -0.090940
221.80          -0.091381
222.00          -0.091819
222.20          -0.092255
222.40          -0.092689
222.60          -0.093122
222.80          -0.093553
223.00          -0.093981
223.20          -0.094408
223.40          -0.094833
223.60          -0.095256
223.80          -0.095677
224.00          -0.096095
224.20          -0.096512
224.40          -0.096925
224.60          -0.097337
224.80          -0.097745
225.00          -0.098151
