175.00          -0.058742
175.20          -0.059121
175.40          -0.059506
175.60          -0.059897
175.80          -0.060294
176.00          -0.060697
176.20          -0.061106
176.40          -0.061522
176.60          -0.061944
176.80          -0.062373
177.00          -0.062809
177.20          -0.063251
177.40          -0.063701
177.60          -0.064159
177.80          -0.064624
178.00          -0.065098
178.20          -0.065579
178.40          -0.066070
178.60          -0.066571
178.80          -0.067081
179.00          -0.067603
179.20          -0.068136
179.40          -0.068682
179.60          -0.069243
179.80          -0.069820
180.00          -0.070416
180.20          -0.071034
180.40          -0.071678
180.60          -0.072354
180.80          -0.073068
181.00          -0.073834
181.20          -0.074666
181.40          -0.075591
181.60          -0.076650
181.80          -0.077916
182.00          -0.079521
182.20          -0.081748
182.40          -0.085283
182.60          -0.092253
182.80          -0.11286
183.00          -0.30654
183.20          -0.27438
183.40          -0.090154
183.60          -0.079806
183.80          -0.078256
184.00          -0.078314
184.20          -0.078815
184.40          -0.079464
184.60          -0.080166
184.80          -0.080887
185.00          -0.081615
185.20          -0.082343
185.40          -0.083070
185.60          -0.083797
185.80          -0.084522
186.00          -0.085247
186.20          -0.085973
186.40          -0.086699
186.60          -0.087427
186.80          -0.088157
187.00          -0.088889
187.20          -0.089623
187.40          -0.090360
187.60          -0.091101
187.80          -0.091845
188.00          -0.092592
188.20          -0.093343
188.40          -0.094098
188.60          -0.094856
188.80          -0.095618
189.00          -0.096385
189.20          -0.097155
189.40          -0.097929
189.60          -0.098707
189.80          -0.099489
190.00          -0.10028
190.20          -0.10106
190.40          -0.10186
190.60          -0.10266
190.80          -0.10346
191.00          -0.10426
191.20          -0.10507
191.40          -0.10588
191.60          -0.10669
191.80          -0.10751
192.00          -0.10833
192.20          -0.10915
192.40          -0.10998
192.60          -0.11081
192.80          -0.11164
193.00          -0.11247
193.20          -0.11330
193.40          -0.11414
193.60          -0.11497
193.80          -0.11581
194.00          -0.11665
194.20          -0.11748
194.40          -0.11832
194.60          -0.11916
194.80          -0.11999
195.00          -0.12083
195.20          -0.12166
195.40          -0.12249
195.60          -0.12332
195.80          -0.12415
196.00          -0.12497
196.20          -0.12579
196.40          -0.12660
196.60          -0.12741
196.80          -0.12821
197.00          -0.12901
197.20          -0.12980
197.40          -0.13058
197.60          -0.13136
197.80          -0.13212
198.00          -0.13288
198.20          -0.13362
198.40          -0.13435
198.60          -0.13507
198.80          -0.13578
199.00          -0.13647
199.20          -0.13714
199.40          -0.13780
199.60          -0.13843
199.80          -0.13905
200.00          -0.13965
200.20          -0.14022
200.40          -0.14076
200.60          -0.14128
200.80          -0.14177
201.00          -0.14223
201.20          -0.14265
201.40          -0.14304
201.60          -0.14339
201.80          -0.14369
202.00          -0.14395
202.20          -0.14416
202.40          -0.14431
202.60          -0.14441
202.80          -0.14444
203.00          -0.14441
203.20          -0.14430
203.40          -0.14411
203.60          -0.14383
203.80          -0.14345
204.00          -0.14298
204.20          -0.14239
204.40          -0.14168
204.60          -0.14083
204.80          -0.13985
205.00          -0.13872
205.20          -0.13745
205.40          -0.13603
205.60          -0.13448
205.80          -0.13286
206.00          -0.13127
206.20          -0.12995
206.40          -0.12944
206.60          -0.13108
206.80          -0.13896
207.00          -0.17041
207.20          -0.38674
207.40          -4.1603
207.60          -0.20011
207.80          -0.10748
208.00          -0.089721
208.20          -0.095796
208.40          -0.13641
208.60          -0.26114
208.80          -0.60840
209.00          -1.4044
209.20          -2.1719
209.40          -1.9693
209.60          -1.5034
209.80          -1.1766
210.00          -0.97214
210.20          -0.84104
210.40          -0.75343
210.60          -0.69279
210.80          -0.64979
211.00          -0.61892
211.20          -0.59681
211.40          -0.58131
211.60          -0.57101
211.80          -0.56497
212.00          -0.56258
212.20          -0.56344
212.40          -0.56730
212.60          -0.57404
212.80          -0.58364
213.00          -0.59617
213.20          -0.61177
213.40          -0.63065
213.60          -0.65309
213.80          -0.67944
214.00          -0.71011
214.20          -0.74554
214.40          -0.78617
214.60          -0.83240
214.80          -0.88442
215.00          -0.94207
215.20          -1.0045
215.40          -1.0698
215.60          -1.1344
215.80          -1.1925
216.00          -1.2365
216.20          -1.2574
216.40          -1.2470
216.60          -1.2016
216.80          -1.1234
217.00          -1.0210
217.20          -0.90589
217.40          -0.78941
217.60          -0.67983
217.80          -0.58187
218.00          -0.49729
218.20          -0.42589
218.40          -0.36645
218.60          -0.31735
218.80          -0.27690
219.00          -0.24361
219.20          -0.21615
219.40          -0.19342
219.60          -0.17454
219.80          -0.15879
220.00          -0.14557
220.20          -0.13442
220.40          -0.12497
220.60          -0.11692
220.80          -0.11001
221.00          -0.10406
221.20          -0.098904
221.40          -0.094410
221.60          -0.090471
221.80          -0.087001
222.00          -0.083927
222.20          -0.081190
222.40          -0.078738
222.60          -0.076531
222.80          -0.074533
223.00          -0.072715
223.20          -0.071053
223.40          -0.069525
223.60          -0.068115
223.80          -0.066806
224.00          -0.065586
224.20          -0.064444
224.40          -0.063371
224.60          -0.062358
224.80          -0.061399
225.00          -0.060488
