175.00          -0.13661
175.20          -0.13239
175.40          -0.12844
175.60          -0.12472
175.80          -0.12123
176.00          -0.11796
176.20          -0.11489
176.40          -0.11201
176.60          -0.10931
176.80          -0.10677
177.00          -0.10438
177.20          -0.10214
177.40          -0.10003
177.60          -0.098048
177.80          -0.096183
178.00          -0.094428
178.20          -0.092776
178.40          -0.091220
178.60          -0.089754
178.80          -0.088373
179.00          -0.087070
179.20          -0.085842
179.40          -0.084682
179.60          -0.083588
179.80          -0.082555
180.00          -0.081578
180.20          -0.080656
180.40          -0.079784
180.60          -0.078960
180.80          -0.078181
181.00          -0.077443
181.20          -0.076745
181.40          -0.076084
181.60          -0.075459
181.80          -0.074866
182.00          -0.074305
182.20          -0.073773
182.40          -0.073269
182.60          -0.072791
182.80          -0.072339
183.00          -0.071909
183.20          -0.071502
183.40          -0.071115
183.60          -0.070749
183.80          -0.070401
184.00          -0.070072
184.20          -0.069759
184.40          -0.069462
184.60          -0.069180
184.80          -0.068912
185.00          -0.068659
185.20          -0.068418
185.40          -0.068189
185.60          -0.067972
185.80          -0.067766
186.00          -0.067571
186.20          -0.067386
186.40          -0.067210
186.60          -0.067043
186.80          -0.066885
187.00          -0.066735
187.20          -0.066592
187.40          -0.066457
187.60          -0.066330
187.80          -0.066208
188.00          -0.066094
188.20          -0.065985
188.40          -0.065882
188.60          -0.065785
188.80          -0.065692
189.00          -0.065605
189.20          -0.065523
189.40          -0.065445
189.60          -0.065371
189.80          -0.065301
190.00          -0.065236
190.20          -0.065174
190.40          -0.065115
190.60          -0.065060
190.80          -0.065008
191.00          -0.064960
191.20          -0.064914
191.40          -0.064871
191.60          -0.064830
191.80          -0.064792
192.00          -0.064757
192.20          -0.064723
192.40          -0.064692
192.60          -0.064663
192.80          -0.064636
193.00          -0.064610
193.20          -0.064587
193.40          -0.064565
193.60          -0.064545
193.80          -0.064526
194.00          -0.064508
194.20          -0.064492
194.40          -0.064478
194.60          -0.064464
194.80          -0.064452
195.00          -0.064440
195.20          -0.064430
195.40          -0.064421
195.60          -0.064412
195.80          -0.064405
196.00          -0.064398
196.20          -0.064392
196.40          -0.064387
196.60          -0.064382
196.80          -0.064379
197.00          -0.064375
197.20          -0.064373
197.40          -0.064371
197.60          -0.064369
197.80          -0.064368
198.00          -0.064367
198.20          -0.064367
198.40          -0.064367
198.60          -0.064368
198.80          -0.064369
199.00          -0.064371
199.20          -0.064372
199.40          -0.064375
199.60          -0.064377
199.80          -0.064380
200.00          -0.064384
200.20          -0.064388
200.40          -0.064392
200.60          -0.064397
200.80          -0.064402
201.00          -0.064408
201.20          -0.064414
201.40          -0.064421
201.60          -0.064429
201.80          -0.064438
202.00          -0.064448
202.20          -0.064460
202.40          -0.064473
202.60          -0.064487
202.80          -0.064504
203.00          -0.064524
203.20          -0.064547
203.40          -0.064575
203.60          -0.064608
203.80          -0.064648
204.00          -0.064698
204.20          -0.064762
204.40          -0.064844
204.60          -0.064954
204.80          -0.065107
205.00          -0.065330
205.20          -0.065678
205.40          -0.066277
205.60          -0.067484
205.80          -0.070692
206.00          -0.087140
206.20          -1.2079
206.40          -0.074392
206.60          -0.065816
206.80          -0.064394
207.00          -0.063979
207.20          -0.063826
207.40          -0.063762
207.60          -0.063735
207.80          -0.063723
208.00          -0.063717
208.20          -0.063715
208.40          -0.063712
208.60          -0.063710
208.80          -0.063707
209.00          -0.063703
209.20          -0.063698
209.40          -0.063692
209.60          -0.063685
209.80          -0.063677
210.00          -0.063668
210.20          -0.063658
210.40          -0.063647
210.60          -0.063635
210.80          -0.063622
211.00          -0.063609
211.20          -0.063594
211.40          -0.063579
211.60          -0.063564
211.80          -0.063547
212.00          -0.063530
212.20          -0.063512
212.40          -0.063493
212.60          -0.063474
212.80          -0.063454
213.00          -0.063433
213.20          -0.063412
213.40          -0.063390
213.60          -0.063368
213.80          -0.063345
214.00          -0.063321
214.20          -0.063297
214.40          -0.063272
214.60          -0.063247
214.80          -0.063221
215.00          -0.063194
215.20          -0.063167
215.40          -0.063140
215.60          -0.063112
215.80          -0.063083
216.00          -0.063054
216.20          -0.063024
216.40          -0.062993
216.60          -0.062962
216.80          -0.062931
217.00          -0.062899
217.20          -0.062866
217.40          -0.062833
217.60          -0.062800
217.80          -0.062766
218.00          -0.062731
218.20          -0.062696
218.40          -0.062660
218.60          -0.062624
218.80          -0.062587
219.00          -0.062550
219.20          -0.062512
219.40          -0.062473
219.60          -0.062435
219.80          -0.062395
220.00          -0.062355
220.20          -0.062315
220.40          -0.062274
220.60          -0.062233
220.80          -0.062191
221.00          -0.062149
221.20          -0.062106
221.40          -0.062063
221.60          -0.062020
221.80          -0.061976
222.00          -0.061931
222.20          -0.061887
222.40          -0.061842
222.60          -0.061796
222.80          -0.061751
223.00          -0.061705
223.20          -0.061660
223.40          -0.061614
223.60          -0.061568
223.80          -0.061523
224.00          -0.061478
224.20          -0.061434
224.40          -0.061391
224.60          -0.061349
224.80          -0.061309
225.00          -0.061271
