175.00          -0.060038
175.20          -0.059503
175.40          -0.058991
175.60          -0.058501
175.80          -0.058033
176.00          -0.057584
176.20          -0.057155
176.40          -0.056746
176.60          -0.056355
176.80          -0.055981
177.00          -0.055625
177.20          -0.055286
177.40          -0.054963
177.60          -0.054656
177.80          -0.054364
178.00          -0.054087
178.20          -0.053824
178.40          -0.053575
178.60          -0.053339
178.80          -0.053117
179.00          -0.052907
179.20          -0.052709
179.40          -0.052524
179.60          -0.052350
179.80          -0.052187
180.00          -0.052036
180.20          -0.051895
180.40          -0.051764
180.60          -0.051644
180.80          -0.051533
181.00          -0.051432
181.20          -0.051340
181.40          -0.051258
181.60          -0.051184
181.80          -0.051119
182.00          -0.051062
182.20          -0.051013
182.40          -0.050973
182.60          -0.050940
182.80          -0.050915
183.00          -0.050897
183.20          -0.050886
183.40          -0.050883
183.60          -0.050886
183.80          -0.050897
184.00          -0.050913
184.20          -0.050937
184.40          -0.050967
184.60          -0.051002
184.80          -0.051044
185.00          -0.051092
185.20          -0.051146
185.40          -0.051206
185.60          -0.051271
185.80          -0.051341
186.00          -0.051417
186.20          -0.051498
186.40          -0.051585
186.60          -0.051676
186.80          -0.051773
187.00          -0.051874
187.20          -0.051980
187.40          -0.052091
187.60          -0.052207
187.80          -0.052327
188.00          -0.052451
188.20          -0.052580
188.40          -0.052714
188.60          -0.052851
188.80          -0.052993
189.00          -0.053139
189.20          -0.053290
189.40          -0.053444
189.60          -0.053602
189.80          -0.053764
190.00          -0.053930
190.20          -0.054100
190.40          -0.054274
190.60          -0.054452
190.80          -0.054633
191.00          -0.054817
191.20          -0.055006
191.40          -0.055198
191.60          -0.055393
191.80          -0.055592
192.00          -0.055795
192.20          -0.056000
192.40          -0.056210
192.60          -0.056422
192.80          -0.056638
193.00          -0.056857
193.20          -0.057080
193.40          -0.057306
193.60          -0.057534
193.80          -0.057767
194.00          -0.058002
194.20          -0.058240
194.40          -0.058482
194.60          -0.058727
194.80          -0.058975
195.00          -0.059226
195.20          -0.059480
195.40          -0.059737
195.60          -0.059997
195.80          -0.060260
196.00          -0.060527
196.20          -0.060796
196.40          -0.061069
196.60          -0.061344
196.80          -0.061623
197.00          -0.061905
197.20          -0.062190
197.40          -0.062478
197.60          -0.062769
197.80          -0.063063
198.00          -0.063361
198.20          -0.063662
198.40          -0.063966
198.60          -0.064274
198.80          -0.064585
199.00          -0.064899
199.20          -0.065218
199.40          -0.065540
199.60          -0.065866
199.80          -0.066196
200.00          -0.066530
200.20          -0.066868
200.40          -0.067211
200.60          -0.067559
200.80          -0.067912
201.00          -0.068271
201.20          -0.068636
201.40          -0.069007
201.60          -0.069386
201.80          -0.069773
202.00          -0.070168
202.20          -0.070573
202.40          -0.070990
202.60          -0.071420
202.80          -0.071866
203.00          -0.072330
203.20          -0.072816
203.40          -0.073329
203.60          -0.073877
203.80          -0.074467
204.00          -0.075114
204.20          -0.075838
204.40          -0.076667
204.60          -0.077650
204.80          -0.078868
205.00          -0.080466
205.20          -0.082737
205.40          -0.086347
205.60          -0.093146
205.80          -0.11026
206.00          -0.19270
206.20          -8.1639
206.40          -0.13267
206.60          -0.085354
206.80          -0.078247
207.00          -0.076561
207.20          -0.076249
207.40          -0.076396
207.60          -0.076722
207.80          -0.077122
208.00          -0.077554
208.20          -0.077998
208.40          -0.078445
208.60          -0.078891
208.80          -0.079334
209.00          -0.079773
209.20          -0.080209
209.40          -0.080641
209.60          -0.081069
209.80          -0.081494
210.00          -0.081916
210.20          -0.082336
210.40          -0.082752
210.60          -0.083167
210.80          -0.083579
211.00          -0.083990
211.20          -0.084399
211.40          -0.084806
211.60          -0.085212
211.80          -0.085616
212.00          -0.086019
212.20          -0.086420
212.40          -0.086821
212.60          -0.087220
212.80          -0.087617
213.00          -0.088014
213.20          -0.088409
213.40          -0.088804
213.60          -0.089196
213.80          -0.089588
214.00          -0.089979
214.20          -0.090368
214.40          -0.090756
214.60          -0.091142
214.80          -0.091527
215.00          -0.091911
215.20          -0.092293
215.40          -0.092673
215.60          -0.093052
215.80          -0.093429
216.00          -0.093804
216.20          -0.094178
216.40          -0.094549
216.60          -0.094919
216.80          -0.095286
217.00          -0.095651
217.20          -0.096014
217.40          -0.096375
217.60          -0.096733
217.80          -0.097088
218.00          -0.097441
218.20          -0.097792
218.40          -0.098139
218.60          -0.098483
218.80          -0.098824
219.00          -0.099162
219.20          -0.099497
219.40          -0.099828
219.60          -0.10016
219.80          -0.10048
220.00          -0.10080
220.20          -0.10112
220.40          -0.10143
220.60          -0.10173
220.80          -0.10204
221.00          -0.10234
221.20          -0.10263
221.40          -0.10292
221.60          -0.10320
221.80          -0.10348
222.00          -0.10376
222.20          -0.10402
222.40          -0.10429
222.60          -0.10454
222.80          -0.10479
223.00          -0.10504
223.20          -0.10527
223.40          -0.10551
223.60          -0.10573
223.80          -0.10595
224.00          -0.10616
224.20          -0.10636
224.40          -0.10656
224.60          -0.10675
224.80          -0.10694
225.00          -0.10711
