175.00          -0.048007
175.20          -0.048023
175.40          -0.048045
175.60          -0.048073
175.80          -0.048107
176.00          -0.048147
176.20          -0.048193
176.40          -0.048244
176.60          -0.048301
176.80          -0.048364
177.00          -0.048432
177.20          -0.048505
177.40          -0.048584
177.60          -0.048668
177.80          -0.048757
178.00          -0.048851
178.20          -0.048950
178.40          -0.049054
178.60          -0.049163
178.80          -0.049277
179.00          -0.049396
179.20          -0.049520
179.40          -0.049648
179.60          -0.049781
179.80          -0.049919
180.00          -0.050061
180.20          -0.050207
180.40          -0.050359
180.60          -0.050514
180.80          -0.050674
181.00          -0.050838
181.20          -0.051007
181.40          -0.051180
181.60          -0.051357
181.80          -0.051539
182.00          -0.051725
182.20          -0.051915
182.40          -0.052109
182.60          -0.052307
182.80          -0.052509
183.00          -0.052716
183.20          -0.052926
183.40          -0.053140
183.60          -0.053359
183.80          -0.053581
184.00          -0.053808
184.20          -0.054038
184.40          -0.054273
184.60          -0.054511
184.80          -0.054753
185.00          -0.054999
185.20          -0.055250
185.40          -0.055503
185.60          -0.055761
185.80          -0.056023
186.00          -0.056288
186.20          -0.056558
186.40          -0.056831
186.60          -0.057108
186.80          -0.057389
187.00          -0.057674
187.20          -0.057962
187.40          -0.058254
187.60          -0.058550
187.80          -0.058850
188.00          -0.059154
188.20          -0.059461
188.40          -0.059772
188.60          -0.060087
188.80          -0.060406
189.00          -0.060729
189.20          -0.061055
189.40          -0.061385
189.60          -0.061719
189.80          -0.062057
190.00          -0.062398
190.20          -0.062743
190.40          -0.063092
190.60          -0.063445
190.80          -0.063801
191.00          -0.064162
191.20          -0.064526
191.40          -0.064894
191.60          -0.065265
191.80          -0.065641
192.00          -0.066020
192.20          -0.066403
192.40          -0.066790
192.60          -0.067181
192.80          -0.067575
193.00          -0.067974
193.20          -0.068376
193.40          -0.068782
193.60          -0.069192
193.80          -0.069606
194.00          -0.070023
194.20          -0.070445
194.40          -0.070870
194.60          -0.071299
194.80          -0.071732
195.00          -0.072169
195.20          -0.072610
195.40          -0.073054
195.60          -0.073503
195.80          -0.073956
196.00          -0.074412
196.20          -0.074873
196.40          -0.075337
196.60          -0.075805
196.80          -0.076278
197.00          -0.076754
197.20          -0.077234
197.40          -0.077719
197.60          -0.078207
197.80          -0.078700
198.00          -0.079197
198.20          -0.079698
198.40          -0.080203
198.60          -0.080712
198.80          -0.081226
199.00          -0.081744
199.20          -0.082266
199.40          -0.082793
199.60          -0.083324
199.80          -0.083860
200.00          -0.084400
200.20          -0.084946
200.40          -0.085496
200.60          -0.086052
200.80          -0.086612
201.00          -0.087179
201.20          -0.087751
201.40          -0.088329
201.60          -0.088914
201.80          -0.089506
202.00          -0.090105
202.20          -0.090712
202.40          -0.091329
202.60          -0.091956
202.80          -0.092594
203.00          -0.093246
203.20          -0.093913
203.40          -0.094600
203.60          -0.095310
203.80          -0.096049
204.00          -0.096826
204.20          -0.097654
204.40          -0.098553
204.60          -0.099554
204.80          -0.10071
205.00          -0.10213
205.20          -0.10400
205.40          -0.10680
205.60          -0.11189
205.80          -0.12466
206.00          -0.19133
206.20          -2.8237
206.40          -0.13922
206.60          -0.11004
206.80          -0.10538
207.00          -0.10439
207.20          -0.10441
207.40          -0.10478
207.60          -0.10531
207.80          -0.10590
208.00          -0.10653
208.20          -0.10718
208.40          -0.10784
208.60          -0.10850
208.80          -0.10917
209.00          -0.10984
209.20          -0.11051
209.40          -0.11118
209.60          -0.11185
209.80          -0.11252
210.00          -0.11319
210.20          -0.11386
210.40          -0.11453
210.60          -0.11519
210.80          -0.11586
211.00          -0.11653
211.20          -0.11719
211.40          -0.11786
211.60          -0.11852
211.80          -0.11919
212.00          -0.11985
212.20          -0.12051
212.40          -0.12117
212.60          -0.12183
212.80          -0.12249
213.00          -0.12315
213.20          -0.12381
213.40          -0.12446
213.60          -0.12512
213.80          -0.12577
214.00          -0.12642
214.20          -0.12707
214.40          -0.12772
214.60          -0.12836
214.80          -0.12901
215.00          -0.12965
215.20          -0.13029
215.40          -0.13092
215.60          -0.13156
215.80          -0.13219
216.00          -0.13282
216.20          -0.13344
216.40          -0.13407
216.60          -0.13469
216.80          -0.13530
217.00          -0.13592
217.20          -0.13653
217.40          -0.13714
217.60          -0.13774
217.80          -0.13834
218.00          -0.13894
218.20          -0.13953
218.40          -0.14012
218.60          -0.14071
218.80          -0.14129
219.00          -0.14187
219.20          -0.14244
219.40          -0.14301
219.60          -0.14358
219.80          -0.14414
220.00          -0.14470
220.20          -0.14525
220.40          -0.14581
220.60          -0.14635
220.80          -0.14689
221.00          -0.14743
221.20          -0.14797
221.40          -0.14850
221.60          -0.14903
221.80          -0.14955
222.00          -0.15008
222.20          -0.15060
222.40          -0.15111
222.60          -0.15163
222.80          -0.15214
223.00          -0.15265
223.20          -0.15316
223.40          -0.15368
223.60          -0.15419
223.80          -0.15471
224.00          -0.15522
224.20          -0.15575
224.40          -0.15628
224.60          -0.15682
224.80          -0.15738
225.00          -0.15795
