175.00          -0.061132
175.20          -0.061658
175.40          -0.062202
175.60          -0.062765
175.80          -0.063348
176.00          -0.063951
176.20          -0.064578
176.40          -0.065229
176.60          -0.065905
176.80          -0.066609
177.00          -0.067342
177.20          -0.068107
177.40          -0.068905
177.60          -0.069740
177.80          -0.070613
178.00          -0.071528
178.20          -0.072489
178.40          -0.073498
178.60          -0.074560
178.80          -0.075680
179.00          -0.076861
179.20          -0.078110
179.40          -0.079433
179.60          -0.080837
179.80          -0.082328
180.00          -0.083916
180.20          -0.085611
180.40          -0.087423
180.60          -0.089365
180.80          -0.091450
181.00          -0.093695
181.20          -0.096118
181.40          -0.098740
181.60          -0.10159
181.80          -0.10468
182.00          -0.10807
182.20          -0.11177
182.40          -0.11584
182.60          -0.12033
182.80          -0.12531
183.00          -0.13085
183.20          -0.13703
183.40          -0.14398
183.60          -0.15182
183.80          -0.16072
184.00          -0.17087
184.20          -0.18254
184.40          -0.19603
184.60          -0.21176
184.80          -0.23023
185.00          -0.25211
185.20          -0.27827
185.40          -0.30984
185.60          -0.34834
185.80          -0.39576
186.00          -0.45476
186.20          -0.52877
186.40          -0.62213
186.60          -0.73976
186.80          -0.88597
187.00          -1.0611
187.20          -1.2543
187.40          -1.4344
187.60          -1.5481
187.80          -1.5463
188.00          -1.4250
188.20          -1.2313
188.40          -1.0223
188.60          -0.83400
188.80          -0.67888
189.00          -0.55633
189.20          -0.46107
189.40          -0.38719
189.60          -0.32960
189.80          -0.28433
190.00          -0.24839
190.20          -0.21955
190.40          -0.19618
190.60          -0.17705
190.80          -0.16125
191.00          -0.14808
191.20          -0.13703
191.40          -0.12768
191.60          -0.11972
191.80          -0.11291
192.00          -0.10704
192.20          -0.10195
192.40          -0.097531
192.60          -0.093668
192.80          -0.090281
193.00          -0.087300
193.20          -0.084667
193.40          -0.082336
193.60          -0.080267
193.80          -0.078424
194.00          -0.076781
194.20          -0.075312
194.40          -0.073997
194.60          -0.072819
194.80          -0.071761
195.00          -0.070810
195.20          -0.069955
195.40          -0.069186
195.60          -0.068493
195.80          -0.067870
196.00          -0.067310
196.20          -0.066805
196.40          -0.066352
196.60          -0.065945
196.80          -0.065581
197.00          -0.065255
197.20          -0.064964
197.40          -0.064705
197.60          -0.064476
197.80          -0.064274
198.00          -0.064097
198.20          -0.063943
198.40          -0.063811
198.60          -0.063698
198.80          -0.063603
199.00          -0.063525
199.20          -0.063464
199.40          -0.063417
199.60          -0.063384
199.80          -0.063364
200.00          -0.063356
200.20          -0.063360
200.40          -0.063375
200.60          -0.063400
200.80          -0.063435
201.00          -0.063480
201.20          -0.063535
201.40          -0.063598
201.60          -0.063670
201.80          -0.063752
202.00          -0.063842
202.20          -0.063942
202.40          -0.064051
202.60          -0.064169
202.80          -0.064299
203.00          -0.064440
203.20          -0.064595
203.40          -0.064764
203.60          -0.064951
203.80          -0.065159
204.00          -0.065394
204.20          -0.065663
204.40          -0.065979
204.60          -0.066358
204.80          -0.066832
205.00          -0.067454
205.20          -0.068323
205.40          -0.069655
205.60          -0.071990
205.80          -0.077093
206.00          -0.094281
206.20          -0.34127
206.40          -0.14570
206.60          -0.072422
206.80          -0.066393
207.00          -0.065172
207.20          -0.064923
207.40          -0.064958
207.60          -0.065091
207.80          -0.065263
208.00          -0.065447
208.20          -0.065635
208.40          -0.065824
208.60          -0.066010
208.80          -0.066193
209.00          -0.066374
209.20          -0.066552
209.40          -0.066728
209.60          -0.066902
209.80          -0.067074
210.00          -0.067245
210.20          -0.067414
210.40          -0.067582
210.60          -0.067749
210.80          -0.067915
211.00          -0.068080
211.20          -0.068245
211.40          -0.068409
211.60          -0.068572
211.80          -0.068735
212.00          -0.068898
212.20          -0.069060
212.40          -0.069222
212.60          -0.069383
212.80          -0.069544
213.00          -0.069705
213.20          -0.069866
213.40          -0.070027
213.60          -0.070188
213.80          -0.070348
214.00          -0.070508
214.20          -0.070668
214.40          -0.070828
214.60          -0.070988
214.80          -0.071148
215.00          -0.071308
215.20          -0.071467
215.40          -0.071627
215.60          -0.071786
215.80          -0.071946
216.00          -0.072105
216.20          -0.072264
216.40          -0.072423
216.60          -0.072582
216.80          -0.072741
217.00          -0.072900
217.20          -0.073059
217.40          -0.073217
217.60          -0.073376
217.80          -0.073534
218.00          -0.073693
218.20          -0.073851
218.40          -0.074009
218.60          -0.074167
218.80          -0.074325
219.00          -0.074483
219.20          -0.074641
219.40          -0.074799
219.60          -0.074956
219.80          -0.075114
220.00          -0.075271
220.20          -0.075429
220.40          -0.075586
220.60          -0.075743
220.80          -0.075900
221.00          -0.076057
221.20          -0.076214
221.40          -0.076371
221.60          -0.076527
221.80          -0.076684
222.00          -0.076840
222.20          -0.076997
222.40          -0.077153
222.60          -0.077309
222.80          -0.077465
223.00          -0.077621
223.20          -0.077777
223.40          -0.077933
223.60          -0.078089
223.80          -0.078245
224.00          -0.078400
224.20          -0.078556
224.40          -0.078712
224.60          -0.078868
224.80          -0.079023
225.00          -0.079179
