175.00          -0.11770
175.20          -0.11770
175.40          -0.11771
175.60          -0.11774
175.80          -0.11778
176.00          -0.11783
176.20          -0.11789
176.40          -0.11796
176.60          -0.11803
176.80          -0.11812
177.00          -0.11822
177.20          -0.11832
177.40          -0.11843
177.60          -0.11855
177.80          -0.11868
178.00          -0.11881
178.20          -0.11894
178.40          -0.11908
178.60          -0.11923
178.80          -0.11938
179.00          -0.11954
179.20          -0.11969
179.40          -0.11986
179.60          -0.12002
179.80          -0.12019
180.00          -0.12036
180.20          -0.12053
180.40          -0.12070
180.60          -0.12088
180.80          -0.12105
181.00          -0.12123
181.20          -0.12141
181.40          -0.12159
181.60          -0.12177
181.80          -0.12195
182.00          -0.12213
182.20          -0.12231
182.40          -0.12249
182.60          -0.12267
182.80          -0.12285
183.00          -0.12303
183.20          -0.12321
183.40          -0.12338
183.60          -0.12356
183.80          -0.12373
184.00          -0.12390
184.20          -0.12407
184.40          -0.12424
184.60          -0.12441
184.80          -0.12457
185.00          -0.12473
185.20          -0.12490
185.40          -0.12505
185.60          -0.12521
185.80          -0.12536
186.00          -0.12551
186.20          -0.12566
186.40          -0.12581
186.60          -0.12595
186.80          -0.12609
187.00          -0.12622
187.20          -0.12636
187.40          -0.12649
187.60          -0.12662
187.80          -0.12674
188.00          -0.12686
188.20          -0.12698
188.40          -0.12710
188.60          -0.12721
188.80          -0.12732
189.00          -0.12742
189.20          -0.12752
189.40          -0.12762
189.60          -0.12772
189.80          -0.12781
190.00          -0.12790
190.20          -0.12798
190.40          -0.12807
190.60          -0.12814
190.80          -0.12822
191.00          -0.12829
191.20          -0.12836
191.40          -0.12842
191.60          -0.12849
191.80          -0.12855
192.00          -0.12860
192.20          -0.12865
192.40          -0.12870
192.60          -0.12875
192.80          -0.12879
193.00          -0.12883
193.20          -0.12887
193.40          -0.12890
193.60          -0.12893
193.80          -0.12896
194.00          -0.12898
194.20          -0.12900
194.40          -0.12902
194.60          -0.12904
194.80          -0.12905
195.00          -0.12906
195.20          -0.12907
195.40          -0.12908
195.60          -0.12908
195.80          -0.12908
196.00          -0.12908
196.20          -0.12907
196.40          -0.12907
196.60          -0.12906
196.80          -0.12905
197.00          -0.12904
197.20          -0.12903
197.40          -0.12901
197.60          -0.12899
197.80          -0.12897
198.00          -0.12895
198.20          -0.12893
198.40          -0.12891
198.60          -0.12889
198.80          -0.12886
199.00          -0.12884
199.20          -0.12881
199.40          -0.12878
199.60          -0.12875
199.80          -0.12873
200.00          -0.12870
200.20          -0.12867
200.40          -0.12864
200.60          -0.12861
200.80          -0.12858
201.00          -0.12856
201.20          -0.12853
201.40          -0.12850
201.60          -0.12847
201.80          -0.12845
202.00          -0.12843
202.20          -0.12840
202.40          -0.12838
202.60          -0.12836
202.80          -0.12834
203.00          -0.12833
203.20          -0.12832
203.40          -0.12831
203.60          -0.12830
203.80          -0.12830
204.00          -0.12830
204.20          -0.12831
204.40          -0.12832
204.60          -0.12834
204.80          -0.12838
205.00          -0.12843
205.20          -0.12852
205.40          -0.12867
205.60          -0.12897
205.80          -0.12983
206.00          -0.13462
206.20          -0.61013
206.40          -0.13398
206.60          -0.13006
206.80          -0.12933
207.00          -0.12911
207.20          -0.12905
207.40          -0.12906
207.60          -0.12911
207.80          -0.12918
208.00          -0.12926
208.20          -0.12937
208.40          -0.12948
208.60          -0.12961
208.80          -0.12976
209.00          -0.12991
209.20          -0.13008
209.40          -0.13026
209.60          -0.13046
209.80          -0.13067
210.00          -0.13089
210.20          -0.13113
210.40          -0.13138
210.60          -0.13165
210.80          -0.13194
211.00          -0.13225
211.20          -0.13258
211.40          -0.13292
211.60          -0.13329
211.80          -0.13368
212.00          -0.13409
212.20          -0.13452
212.40          -0.13499
212.60          -0.13547
212.80          -0.13599
213.00          -0.13653
213.20          -0.13711
213.40          -0.13772
213.60          -0.13836
213.80          -0.13904
214.00          -0.13976
214.20          -0.14052
214.40          -0.14132
214.60          -0.14216
214.80          -0.14305
215.00          -0.14400
215.20          -0.14499
215.40          -0.14604
215.60          -0.14715
215.80          -0.14833
216.00          -0.14957
216.20          -0.15088
216.40          -0.15227
216.60          -0.15374
216.80          -0.15529
217.00          -0.15694
217.20          -0.15869
217.40          -0.16053
217.60          -0.16250
217.80          -0.16458
218.00          -0.16678
218.20          -0.16913
218.40          -0.17163
218.60          -0.17428
218.80          -0.17710
219.00          -0.18011
219.20          -0.18332
219.40          -0.18675
219.60          -0.19041
219.80          -0.19432
220.00          -0.19850
220.20          -0.20299
220.40          -0.20780
220.60          -0.21296
220.80          -0.21852
221.00          -0.22449
221.20          -0.23093
221.40          -0.23788
221.60          -0.24538
221.80          -0.25350
222.00          -0.26230
222.20          -0.27185
222.40          -0.28222
222.60          -0.29350
222.80          -0.30578
223.00          -0.31919
223.20          -0.33382
223.40          -0.34983
223.60          -0.36734
223.80          -0.38652
224.00          -0.40753
224.20          -0.43055
224.40          -0.45575
224.60          -0.48330
224.80          -0.51337
225.00          -0.54606
