175.00          -0.18533
175.20          -0.18510
175.40          -0.18485
175.60          -0.18459
175.80          -0.18432
176.00          -0.18403
176.20          -0.18372
176.40          -0.18340
176.60          -0.18307
176.80          -0.18273
177.00          -0.18237
177.20          -0.18200
177.40          -0.18162
177.60          -0.18122
177.80          -0.18082
178.00          -0.18041
178.20          -0.17998
178.40          -0.17955
178.60          -0.17911
178.80          -0.17866
179.00          -0.17820
179.20          -0.17773
179.40          -0.17726
179.60          -0.17678
179.80          -0.17629
180.00          -0.17580
180.20          -0.17530
180.40          -0.17480
180.60          -0.17429
180.80          -0.17378
181.00          -0.17326
181.20          -0.17275
181.40          -0.17223
181.60          -0.17171
181.80          -0.17118
182.00          -0.17066
182.20          -0.17013
182.40          -0.16961
182.60          -0.16908
182.80          -0.16856
183.00          -0.16803
183.20          -0.16751
183.40          -0.16699
183.60          -0.16647
183.80          -0.16596
184.00          -0.16545
184.20          -0.16494
184.40          -0.16443
184.60          -0.16394
184.80          -0.16344
185.00          -0.16295
185.20          -0.16247
185.40          -0.16199
185.60          -0.16152
185.80          -0.16106
186.00          -0.16060
186.20          -0.16015
186.40          -0.15971
186.60          -0.15928
186.80          -0.15886
187.00          -0.15845
187.20          -0.15804
187.40          -0.15765
187.60          -0.15727
187.80          -0.15690
188.00          -0.15654
188.20          -0.15620
188.40          -0.15586
188.60          -0.15554
188.80          -0.15524
189.00          -0.15495
189.20          -0.15467
189.40          -0.15441
189.60          -0.15416
189.80          -0.15393
190.00          -0.15372
190.20          -0.15352
190.40          -0.15335
190.60          -0.15319
190.80          -0.15305
191.00          -0.15293
191.20          -0.15283
191.40          -0.15275
191.60          -0.15269
191.80          -0.15266
192.00          -0.15265
192.20          -0.15266
192.40          -0.15269
192.60          -0.15276
192.80          -0.15285
193.00          -0.15296
193.20          -0.15311
193.40          -0.15328
193.60          -0.15349
193.80          -0.15372
194.00          -0.15399
194.20          -0.15429
194.40          -0.15462
194.60          -0.15499
194.80          -0.15540
195.00          -0.15585
195.20          -0.15633
195.40          -0.15686
195.60          -0.15743
195.80          -0.15804
196.00          -0.15870
196.20          -0.15940
196.40          -0.16016
196.60          -0.16097
196.80          -0.16183
197.00          -0.16274
197.20          -0.16371
197.40          -0.16474
197.60          -0.16584
197.80          -0.16699
198.00          -0.16822
198.20          -0.16951
198.40          -0.17088
198.60          -0.17232
198.80          -0.17384
199.00          -0.17544
199.20          -0.17712
199.40          -0.17890
199.60          -0.18077
199.80          -0.18273
200.00          -0.18479
200.20          -0.18696
200.40          -0.18923
200.60          -0.19162
200.80          -0.19413
201.00          -0.19676
201.20          -0.19951
201.40          -0.20240
201.60          -0.20543
201.80          -0.20861
202.00          -0.21193
202.20          -0.21542
202.40          -0.21906
202.60          -0.22289
202.80          -0.22689
203.00          -0.23108
203.20          -0.23547
203.40          -0.24007
203.60          -0.24490
203.80          -0.24998
204.00          -0.25532
204.20          -0.26096
204.40          -0.26696
204.60          -0.27338
204.80          -0.28034
205.00          -0.28809
205.20          -0.29706
205.40          -0.30829
205.60          -0.32466
205.80          -0.35758
206.00          -0.50611
206.20          -2.5349
206.40          -0.34904
206.60          -0.32471
206.80          -0.32768
207.00          -0.33411
207.20          -0.34120
207.40          -0.34835
207.60          -0.35539
207.80          -0.36224
208.00          -0.36884
208.20          -0.37516
208.40          -0.38116
208.60          -0.38678
208.80          -0.39199
209.00          -0.39673
209.20          -0.40097
209.40          -0.40465
209.60          -0.40775
209.80          -0.41022
210.00          -0.41204
210.20          -0.41319
210.40          -0.41364
210.60          -0.41340
210.80          -0.41246
211.00          -0.41083
211.20          -0.40852
211.40          -0.40557
211.60          -0.40200
211.80          -0.39785
212.00          -0.39316
212.20          -0.38797
212.40          -0.38234
212.60          -0.37632
212.80          -0.36995
213.00          -0.36328
213.20          -0.35637
213.40          -0.34927
213.60          -0.34202
213.80          -0.33466
214.00          -0.32724
214.20          -0.31978
214.40          -0.31233
214.60          -0.30492
214.80          -0.29756
215.00          -0.29028
215.20          -0.28311
215.40          -0.27606
215.60          -0.26915
215.80          -0.26237
216.00          -0.25576
216.20          -0.24930
216.40          -0.24301
216.60          -0.23689
216.80          -0.23095
217.00          -0.22517
217.20          -0.21958
217.40          -0.21415
217.60          -0.20889
217.80          -0.20380
218.00          -0.19888
218.20          -0.19412
218.40          -0.18951
218.60          -0.18506
218.80          -0.18076
219.00          -0.17660
219.20          -0.17258
219.40          -0.16869
219.60          -0.16494
219.80          -0.16131
220.00          -0.15781
220.20          -0.15442
220.40          -0.15114
220.60          -0.14798
220.80          -0.14491
221.00          -0.14195
221.20          -0.13908
221.40          -0.13631
221.60          -0.13362
221.80          -0.13102
222.00          -0.12850
222.20          -0.12606
222.40          -0.12370
222.60          -0.12140
222.80          -0.11918
223.00          -0.11702
223.20          -0.11493
223.40          -0.11289
223.60          -0.11092
223.80          -0.10900
224.00          -0.10714
224.20          -0.10533
224.40          -0.10358
224.60          -0.10187
224.80          -0.10021
225.00          -0.098606
