175.00          -0.023508
175.20          -0.023544
175.40          -0.023580
175.60          -0.023616
175.80          -0.023652
176.00          -0.023688
176.20          -0.023724
176.40          -0.023761
176.60          -0.023797
176.80          -0.023833
177.00          -0.023870
177.20          -0.023906
177.40          -0.023943
177.60          -0.023979
177.80          -0.024016
178.00          -0.024053
178.20          -0.024090
178.40          -0.024127
178.60          -0.024164
178.80          -0.024201
179.00          -0.024238
179.20          -0.024275
179.40          -0.024312
179.60          -0.024349
179.80          -0.024387
180.00          -0.024424
180.20          -0.024462
180.40          -0.024499
180.60          -0.024537
180.80          -0.024575
181.00          -0.024613
181.20          -0.024650
181.40          -0.024688
181.60          -0.024726
181.80          -0.024764
182.00          -0.024803
182.20          -0.024841
182.40          -0.024879
182.60          -0.024917
182.80          -0.024956
183.00          -0.024994
183.20          -0.025033
183.40          -0.025072
183.60          -0.025110
183.80          -0.025149
184.00          -0.025188
184.20          -0.025227
184.40          -0.025266
184.60          -0.025305
184.80          -0.025344
185.00          -0.025383
185.20          -0.025423
185.40          -0.025462
185.60          -0.025502
185.80          -0.025541
186.00          -0.025581
186.20          -0.025620
186.40          -0.025660
186.60          -0.025700
186.80          -0.025740
187.00          -0.025780
187.20          -0.025820
187.40          -0.025860
187.60          -0.025900
187.80          -0.025940
188.00          -0.025981
188.20          -0.026021
188.40          -0.026062
188.60          -0.026102
188.80          -0.026143
189.00          -0.026184
189.20          -0.026225
189.40          -0.026265
189.60          -0.026306
189.80          -0.026347
190.00          -0.026389
190.20          -0.026430
190.40          -0.026471
190.60          -0.026512
190.80          -0.026554
191.00          -0.026595
191.20          -0.026637
191.40          -0.026679
191.60          -0.026720
191.80          -0.026762
192.00          -0.026804
192.20          -0.026846
192.40          -0.026888
192.60          -0.026930
192.80          -0.026973
193.00          -0.027015
193.20          -0.027058
193.40          -0.027100
193.60          -0.027143
193.80          -0.027185
194.00          -0.027228
194.20          -0.027271
194.40          -0.027314
194.60          -0.027357
194.80          -0.027400
195.00          -0.027443
195.20          -0.027487
195.40          -0.027530
195.60          -0.027573
195.80          -0.027617
196.00          -0.027661
196.20          -0.027705
196.40          -0.027748
196.60          -0.027792
196.80          -0.027836
197.00          -0.027881
197.20          -0.027925
197.40          -0.027969
197.60          -0.028014
197.80          -0.028058
198.00          -0.028103
198.20          -0.028148
198.40          -0.028193
198.60          -0.028238
198.80          -0.028283
199.00          -0.028328
199.20          -0.028374
199.40          -0.028419
199.60          -0.028465
199.80          -0.028511
200.00          -0.028557
200.20          -0.028603
200.40          -0.028649
200.60          -0.028695
200.80          -0.028742
201.00          -0.028789
201.20          -0.028836
201.40          -0.028883
201.60          -0.028931
201.80          -0.028978
202.00          -0.029026
202.20          -0.029075
202.40          -0.029124
202.60          -0.029173
202.80          -0.029223
203.00          -0.029273
203.20          -0.029324
203.40          -0.029376
203.60          -0.029429
203.80          -0.029483
204.00          -0.029540
204.20          -0.029599
204.40          -0.029661
204.60          -0.029730
204.80          -0.029807
205.00          -0.029900
205.20          -0.030022
205.40          -0.030213
205.60          -0.030613
205.80          -0.032148
206.00          -0.10879
206.20          -0.031811
206.40          -0.030257
206.60          -0.030095
206.80          -0.030091
207.00          -0.030124
207.20          -0.030168
207.40          -0.030217
207.60          -0.030268
207.80          -0.030319
208.00          -0.030371
208.20          -0.030423
208.40          -0.030474
208.60          -0.030526
208.80          -0.030578
209.00          -0.030629
209.20          -0.030681
209.40          -0.030733
209.60          -0.030784
209.80          -0.030836
210.00          -0.030888
210.20          -0.030939
210.40          -0.030991
210.60          -0.031043
210.80          -0.031095
211.00          -0.031147
211.20          -0.031199
211.40          -0.031252
211.60          -0.031304
211.80          -0.031356
212.00          -0.031409
212.20          -0.031462
212.40          -0.031515
212.60          -0.031568
212.80          -0.031621
213.00          -0.031675
213.20          -0.031728
213.40          -0.031782
213.60          -0.031836
213.80          -0.031890
214.00          -0.031945
214.20          -0.032000
214.40          -0.032054
214.60          -0.032110
214.80          -0.032165
215.00          -0.032221
215.20          -0.032277
215.40          -0.032333
215.60          -0.032389
215.80          -0.032446
216.00          -0.032503
216.20          -0.032561
216.40          -0.032619
216.60          -0.032677
216.80          -0.032736
217.00          -0.032795
217.20          -0.032854
217.40          -0.032914
217.60          -0.032975
217.80          -0.033036
218.00          -0.033098
218.20          -0.033161
218.40          -0.033224
218.60          -0.033288
218.80          -0.033353
219.00          -0.033418
219.20          -0.033485
219.40          -0.033553
219.60          -0.033622
219.80          -0.033692
220.00          -0.033764
220.20          -0.033837
220.40          -0.033912
220.60          -0.033989
220.80          -0.034068
221.00          -0.034150
221.20          -0.034235
221.40          -0.034323
221.60          -0.034415
221.80          -0.034512
222.00          -0.034614
222.20          -0.034721
222.40          -0.034837
222.60          -0.034961
222.80          -0.035095
223.00          -0.035244
223.20          -0.035408
223.40          -0.035593
223.60          -0.035806
223.80          -0.036054
224.00          -0.036349
224.20          -0.036711
224.40          -0.037168
224.60          -0.037766
224.80          -0.038584
225.00          -0.039769
