175.00          -0.044189
175.20          -0.044428
175.40          -0.044671
175.60          -0.044917
175.80          -0.045167
176.00          -0.045420
176.20          -0.045678
176.40          -0.045939
176.60          -0.046205
176.80          -0.046475
177.00          -0.046750
177.20          -0.047029
177.40          -0.047312
177.60          -0.047601
177.80          -0.047894
178.00          -0.048193
178.20          -0.048496
178.40          -0.048805
178.60          -0.049120
178.80          -0.049440
179.00          -0.049766
179.20          -0.050099
179.40          -0.050437
179.60          -0.050782
179.80          -0.051134
180.00          -0.051493
180.20          -0.051858
180.40          -0.052232
180.60          -0.052612
180.80          -0.053001
181.00          -0.053398
181.20          -0.053803
181.40          -0.054217
181.60          -0.054640
181.80          -0.055072
182.00          -0.055515
182.20          -0.055967
182.40          -0.056429
182.60          -0.056903
182.80          -0.057388
183.00          -0.057884
183.20          -0.058393
183.40          -0.058914
183.60          -0.059448
183.80          -0.059997
184.00          -0.060559
184.20          -0.061136
184.40          -0.061729
184.60          -0.062337
184.80          -0.062963
185.00          -0.063606
185.20          -0.064267
185.40          -0.064948
185.60          -0.065648
185.80          -0.066370
186.00          -0.067113
186.20          -0.067879
186.40          -0.068670
186.60          -0.069485
186.80          -0.070327
187.00          -0.071196
187.20          -0.072095
187.40          -0.073025
187.60          -0.073986
187.80          -0.074982
188.00          -0.076013
188.20          -0.077082
188.40          -0.078191
188.60          -0.079341
188.80          -0.080536
189.00          -0.081778
189.20          -0.083070
189.40          -0.084414
189.60          -0.085814
189.80          -0.087274
190.00          -0.088796
190.20          -0.090385
190.40          -0.092046
190.60          -0.093782
190.80          -0.095600
191.00          -0.097504
191.20          -0.099500
191.40          -0.10160
191.60          -0.10380
191.80          -0.10611
192.00          -0.10855
192.20          -0.11112
192.40          -0.11383
192.60          -0.11669
192.80          -0.11972
193.00          -0.12293
193.20          -0.12633
193.40          -0.12994
193.60          -0.13378
193.80          -0.13786
194.00          -0.14222
194.20          -0.14687
194.40          -0.15184
194.60          -0.15717
194.80          -0.16288
195.00          -0.16902
195.20          -0.17563
195.40          -0.18275
195.60          -0.19045
195.80          -0.19877
196.00          -0.20780
196.20          -0.21760
196.40          -0.22826
196.60          -0.23989
196.80          -0.25258
197.00          -0.26646
197.20          -0.28166
197.40          -0.29834
197.60          -0.31665
197.80          -0.33678
198.00          -0.35891
198.20          -0.38324
198.40          -0.40995
198.60          -0.43922
198.80          -0.47119
199.00          -0.50592
199.20          -0.54336
199.40          -0.58330
199.60          -0.62529
199.80          -0.66853
200.00          -0.71186
200.20          -0.75365
200.40          -0.79184
200.60          -0.82403
200.80          -0.84777
201.00          -0.86087
201.20          -0.86180
201.40          -0.85008
201.60          -0.82635
201.80          -0.79231
202.00          -0.75039
202.20          -0.70328
202.40          -0.65361
202.60          -0.60358
202.80          -0.55494
203.00          -0.50887
203.20          -0.46611
203.40          -0.42704
203.60          -0.39180
203.80          -0.36033
204.00          -0.33249
204.20          -0.30812
204.40          -0.28706
204.60          -0.26918
204.80          -0.25449
205.00          -0.24314
205.20          -0.23560
205.40          -0.23286
205.60          -0.23706
205.80          -0.25286
206.00          -0.29146
206.20          -0.38345
206.40          -0.61735
206.60          -1.0255
206.80          -0.73428
207.00          -0.35306
207.20          -0.21128
207.40          -0.15362
207.60          -0.12521
207.80          -0.10885
208.00          -0.098251
208.20          -0.090751
208.40          -0.085082
208.60          -0.080583
208.80          -0.076881
209.00          -0.073752
209.20          -0.071053
209.40          -0.068691
209.60          -0.066600
209.80          -0.064732
210.00          -0.063052
210.20          -0.061533
210.40          -0.060154
210.60          -0.058897
210.80          -0.057749
211.00          -0.056698
211.20          -0.055735
211.40          -0.054849
211.60          -0.054036
211.80          -0.053287
212.00          -0.052598
212.20          -0.051963
212.40          -0.051378
212.60          -0.050839
212.80          -0.050344
213.00          -0.049887
213.20          -0.049467
213.40          -0.049082
213.60          -0.048728
213.80          -0.048403
214.00          -0.048106
214.20          -0.047835
214.40          -0.047587
214.60          -0.047363
214.80          -0.047159
215.00          -0.046975
215.20          -0.046811
215.40          -0.046663
215.60          -0.046532
215.80          -0.046417
216.00          -0.046317
216.20          -0.046231
216.40          -0.046157
216.60          -0.046097
216.80          -0.046048
217.00          -0.046011
217.20          -0.045984
217.40          -0.045967
217.60          -0.045961
217.80          -0.045963
218.00          -0.045975
218.20          -0.045994
218.40          -0.046022
218.60          -0.046058
218.80          -0.046101
219.00          -0.046152
219.20          -0.046209
219.40          -0.046273
219.60          -0.046343
219.80          -0.046420
220.00          -0.046502
220.20          -0.046591
220.40          -0.046685
220.60          -0.046785
220.80          -0.046890
221.00          -0.047000
221.20          -0.047116
221.40          -0.047237
221.60          -0.047363
221.80          -0.047493
222.00          -0.047629
222.20          -0.047770
222.40          -0.047916
222.60          -0.048067
222.80          -0.048223
223.00          -0.048384
223.20          -0.048551
223.40          -0.048723
223.60          -0.048901
223.80          -0.049085
224.00          -0.049275
224.20          -0.049473
224.40          -0.049677
224.60          -0.049890
224.80          -0.050113
225.00          -0.050345
