175.00          -0.69904
175.20          -0.70586
175.40          -0.71285
175.60          -0.72002
175.80          -0.72738
176.00          -0.73493
176.20          -0.74269
176.40          -0.75066
176.60          -0.75886
176.80          -0.76728
177.00          -0.77595
177.20          -0.78488
177.40          -0.79407
177.60          -0.80354
177.80          -0.81330
178.00          -0.82337
178.20          -0.83376
178.40          -0.84449
178.60          -0.85558
178.80          -0.86703
179.00          -0.87888
179.20          -0.89114
179.40          -0.90383
179.60          -0.91697
179.80          -0.93059
180.00          -0.94471
180.20          -0.95936
180.40          -0.97455
180.60          -0.99033
180.80          -1.0067
181.00          -1.0238
181.20          -1.0415
181.40          -1.0599
181.60          -1.0790
181.80          -1.0989
182.00          -1.1197
182.20          -1.1412
182.40          -1.1637
182.60          -1.1870
182.80          -1.2113
183.00          -1.2365
183.20          -1.2627
183.40          -1.2898
183.60          -1.3180
183.80          -1.3471
184.00          -1.3772
184.20          -1.4082
184.40          -1.4400
184.60          -1.4725
184.80          -1.5056
185.00          -1.5390
185.20          -1.5726
185.40          -1.6061
185.60          -1.6390
185.80          -1.6709
186.00          -1.7013
186.20          -1.7296
186.40          -1.7549
186.60          -1.7767
186.80          -1.7940
187.00          -1.8059
187.20          -1.8117
187.40          -1.8105
187.60          -1.8016
187.80          -1.7846
188.00          -1.7591
188.20          -1.7252
188.40          -1.6831
188.60          -1.6336
188.80          -1.5774
189.00          -1.5156
189.20          -1.4496
189.40          -1.3806
189.60          -1.3101
189.80          -1.2392
190.00          -1.1691
190.20          -1.1008
190.40          -1.0350
190.60          -0.97241
190.80          -0.91342
191.00          -0.85830
191.20          -0.80717
191.40          -0.76005
191.60          -0.71689
191.80          -0.67754
192.00          -0.64183
192.20          -0.60955
192.40          -0.58048
192.60          -0.55439
192.80          -0.53103
193.00          -0.51019
193.20          -0.49164
193.40          -0.47518
193.60          -0.46063
193.80          -0.44779
194.00          -0.43652
194.20          -0.42665
194.40          -0.41806
194.60          -0.41061
194.80          -0.40420
195.00          -0.39872
195.20          -0.39408
195.40          -0.39020
195.60          -0.38700
195.80          -0.38442
196.00          -0.38239
196.20          -0.38087
196.40          -0.37980
196.60          -0.37913
196.80          -0.37884
197.00          -0.37887
197.20          -0.37921
197.40          -0.37982
197.60          -0.38067
197.80          -0.38174
198.00          -0.38302
198.20          -0.38447
198.40          -0.38609
198.60          -0.38786
198.80          -0.38976
199.00          -0.39178
199.20          -0.39392
199.40          -0.39615
199.60          -0.39847
199.80          -0.40087
200.00          -0.40334
200.20          -0.40589
200.40          -0.40849
200.60          -0.41114
200.80          -0.41384
201.00          -0.41659
201.20          -0.41937
201.40          -0.42219
201.60          -0.42504
201.80          -0.42792
202.00          -0.43083
202.20          -0.43376
202.40          -0.43670
202.60          -0.43967
202.80          -0.44265
203.00          -0.44565
203.20          -0.44865
203.40          -0.45167
203.60          -0.45470
203.80          -0.45773
204.00          -0.46078
204.20          -0.46383
204.40          -0.46688
204.60          -0.46994
204.80          -0.47300
205.00          -0.47606
205.20          -0.47913
205.40          -0.48219
205.60          -0.48526
205.80          -0.48833
206.00          -0.49140
206.20          -0.49447
206.40          -0.49754
206.60          -0.50061
206.80          -0.50367
207.00          -0.50674
207.20          -0.50980
207.40          -0.51287
207.60          -0.51593
207.80          -0.51899
208.00          -0.52205
208.20          -0.52511
208.40          -0.52817
208.60          -0.53123
208.80          -0.53428
209.00          -0.53734
209.20          -0.54039
209.40          -0.54344
209.60          -0.54650
209.80          -0.54955
210.00          -0.55260
210.20          -0.55565
210.40          -0.55870
210.60          -0.56175
210.80          -0.56481
211.00          -0.56786
211.20          -0.57092
211.40          -0.57397
211.60          -0.57703
211.80          -0.58009
212.00          -0.58316
212.20          -0.58622
212.40          -0.58929
212.60          -0.59237
212.80          -0.59545
213.00          -0.59854
213.20          -0.60163
213.40          -0.60473
213.60          -0.60783
213.80          -0.61095
214.00          -0.61407
214.20          -0.61720
214.40          -0.62035
214.60          -0.62350
214.80          -0.62667
215.00          -0.62986
215.20          -0.63306
215.40          -0.63628
215.60          -0.63951
215.80          -0.64277
216.00          -0.64606
216.20          -0.64936
216.40          -0.65270
216.60          -0.65606
216.80          -0.65947
217.00          -0.66290
217.20          -0.66638
217.40          -0.66991
217.60          -0.67348
217.80          -0.67712
218.00          -0.68081
218.20          -0.68458
218.40          -0.68843
218.60          -0.69237
218.80          -0.69641
219.00          -0.70056
219.20          -0.70485
219.40          -0.70929
219.60          -0.71391
219.80          -0.71873
220.00          -0.72378
220.20          -0.72913
220.40          -0.73481
220.60          -0.74090
220.80          -0.74748
221.00          -0.75468
221.20          -0.76264
221.40          -0.77159
221.60          -0.78183
221.80          -0.79377
222.00          -0.80808
222.20          -0.82577
222.40          -0.84849
222.60          -0.87918
222.80          -0.92342
223.00          -0.99299
223.20          -1.1150
223.40          -1.3398
223.60          -1.3581
223.80          -0.65500
224.00          -0.52730
224.20          -0.54993
224.40          -0.58146
224.60          -0.60752
224.80          -0.62817
225.00          -0.64477
