175.00          -0.027171
175.20          -0.027220
175.40          -0.027269
175.60          -0.027319
175.80          -0.027368
176.00          -0.027418
176.20          -0.027468
176.40          -0.027517
176.60          -0.027567
176.80          -0.027617
177.00          -0.027668
177.20          -0.027718
177.40          -0.027768
177.60          -0.027819
177.80          -0.027869
178.00          -0.027920
178.20          -0.027971
178.40          -0.028022
178.60          -0.028073
178.80          -0.028124
179.00          -0.028175
179.20          -0.028227
179.40          -0.028278
179.60          -0.028330
179.80          -0.028382
180.00          -0.028433
180.20          -0.028485
180.40          -0.028537
180.60          -0.028589
180.80          -0.028642
181.00          -0.028694
181.20          -0.028747
181.40          -0.028799
181.60          -0.028852
181.80          -0.028905
182.00          -0.028958
182.20          -0.029011
182.40          -0.029064
182.60          -0.029117
182.80          -0.029171
183.00          -0.029224
183.20          -0.029278
183.40          -0.029331
183.60          -0.029385
183.80          -0.029439
184.00          -0.029493
184.20          -0.029548
184.40          -0.029602
184.60          -0.029656
184.80          -0.029711
185.00          -0.029765
185.20          -0.029820
185.40          -0.029875
185.60          -0.029930
185.80          -0.029985
186.00          -0.030040
186.20          -0.030096
186.40          -0.030151
186.60          -0.030207
186.80          -0.030263
187.00          -0.030318
187.20          -0.030374
187.40          -0.030430
187.60          -0.030487
187.80          -0.030543
188.00          -0.030599
188.20          -0.030656
188.40          -0.030713
188.60          -0.030769
188.80          -0.030826
189.00          -0.030883
189.20          -0.030941
189.40          -0.030998
189.60          -0.031055
189.80          -0.031113
190.00          -0.031170
190.20          -0.031228
190.40          -0.031286
190.60          -0.031344
190.80          -0.031402
191.00          -0.031460
191.20          -0.031519
191.40          -0.031577
191.60          -0.031636
191.80          -0.031695
192.00          -0.031754
192.20          -0.031813
192.40          -0.031872
192.60          -0.031931
192.80          -0.031990
193.00          -0.032050
193.20          -0.032110
193.40          -0.032169
193.60          -0.032229
193.80          -0.032289
194.00          -0.032349
194.20          -0.032410
194.40          -0.032470
194.60          -0.032531
194.80          -0.032591
195.00          -0.032652
195.20          -0.032713
195.40          -0.032774
195.60          -0.032835
195.80          -0.032897
196.00          -0.032958
196.20          -0.033020
196.40          -0.033081
196.60          -0.033143
196.80          -0.033205
197.00          -0.033267
197.20          -0.033329
197.40          -0.033392
197.60          -0.033454
197.80          -0.033517
198.00          -0.033580
198.20          -0.033643
198.40          -0.033706
198.60          -0.033769
198.80          -0.033832
199.00          -0.033896
199.20          -0.033959
199.40          -0.034023
199.60          -0.034087
199.80          -0.034151
200.00          -0.034215
200.20          -0.034279
200.40          -0.034344
200.60          -0.034408
200.80          -0.034473
201.00          -0.034538
201.20          -0.034603
201.40          -0.034668
201.60          -0.034733
201.80          -0.034799
202.00          -0.034864
202.20          -0.034930
202.40          -0.034996
202.60          -0.035062
202.80          -0.035128
203.00          -0.035194
203.20          -0.035260
203.40          -0.035327
203.60          -0.035393
203.80          -0.035460
204.00          -0.035527
204.20          -0.035594
204.40          -0.035662
204.60          -0.035729
204.80          -0.035797
205.00          -0.035864
205.20          -0.035932
205.40          -0.036000
205.60          -0.036068
205.80          -0.036137
206.00          -0.036205
206.20          -0.036274
206.40          -0.036343
206.60          -0.036411
206.80          -0.036480
207.00          -0.036550
207.20          -0.036619
207.40          -0.036689
207.60          -0.036758
207.80          -0.036828
208.00          -0.036898
208.20          -0.036968
208.40          -0.037038
208.60          -0.037109
208.80          -0.037179
209.00          -0.037250
209.20          -0.037321
209.40          -0.037392
209.60          -0.037463
209.80          -0.037535
210.00          -0.037606
210.20          -0.037678
210.40          -0.037750
210.60          -0.037822
210.80          -0.037894
211.00          -0.037967
211.20          -0.038039
211.40          -0.038112
211.60          -0.038185
211.80          -0.038258
212.00          -0.038331
212.20          -0.038404
212.40          -0.038478
212.60          -0.038551
212.80          -0.038625
213.00          -0.038699
213.20          -0.038773
213.40          -0.038848
213.60          -0.038922
213.80          -0.038997
214.00          -0.039072
214.20          -0.039147
214.40          -0.039222
214.60          -0.039297
214.80          -0.039373
215.00          -0.039449
215.20          -0.039525
215.40          -0.039601
215.60          -0.039677
215.80          -0.039754
216.00          -0.039830
216.20          -0.039907
216.40          -0.039984
216.60          -0.040061
216.80          -0.040138
217.00          -0.040216
217.20          -0.040294
217.40          -0.040372
217.60          -0.040450
217.80          -0.040528
218.00          -0.040606
218.20          -0.040685
218.40          -0.040764
218.60          -0.040843
218.80          -0.040922
219.00          -0.041002
219.20          -0.041081
219.40          -0.041161
219.60          -0.041241
219.80          -0.041321
220.00          -0.041401
220.20          -0.041482
220.40          -0.041563
220.60          -0.041644
220.80          -0.041725
221.00          -0.041806
221.20          -0.041888
221.40          -0.041970
221.60          -0.042052
221.80          -0.042134
222.00          -0.042216
222.20          -0.042299
222.40          -0.042382
222.60          -0.042465
222.80          -0.042548
223.00          -0.042631
223.20          -0.042715
223.40          -0.042799
223.60          -0.042883
223.80          -0.042967
224.00          -0.043052
224.20          -0.043137
224.40          -0.043222
224.60          -0.043307
224.80          -0.043392
225.00          -0.043478
