175.00          -0.028856
175.20          -0.028913
175.40          -0.028969
175.60          -0.029026
175.80          -0.029082
176.00          -0.029139
176.20          -0.029196
176.40          -0.029253
176.60          -0.029311
176.80          -0.029368
177.00          -0.029426
177.20          -0.029483
177.40          -0.029541
177.60          -0.029599
177.80          -0.029657
178.00          -0.029715
178.20          -0.029774
178.40          -0.029832
178.60          -0.029891
178.80          -0.029950
179.00          -0.030008
179.20          -0.030068
179.40          -0.030127
179.60          -0.030186
179.80          -0.030246
180.00          -0.030305
180.20          -0.030365
180.40          -0.030425
180.60          -0.030485
180.80          -0.030545
181.00          -0.030605
181.20          -0.030666
181.40          -0.030726
181.60          -0.030787
181.80          -0.030848
182.00          -0.030909
182.20          -0.030970
182.40          -0.031032
182.60          -0.031093
182.80          -0.031155
183.00          -0.031217
183.20          -0.031279
183.40          -0.031341
183.60          -0.031403
183.80          -0.031465
184.00          -0.031528
184.20          -0.031590
184.40          -0.031653
184.60          -0.031716
184.80          -0.031779
185.00          -0.031843
185.20          -0.031906
185.40          -0.031970
185.60          -0.032033
185.80          -0.032097
186.00          -0.032161
186.20          -0.032225
186.40          -0.032290
186.60          -0.032354
186.80          -0.032419
187.00          -0.032484
187.20          -0.032549
187.40          -0.032614
187.60          -0.032679
187.80          -0.032745
188.00          -0.032810
188.20          -0.032876
188.40          -0.032942
188.60          -0.033008
188.80          -0.033074
189.00          -0.033140
189.20          -0.033207
189.40          -0.033274
189.60          -0.033341
189.80          -0.033408
190.00          -0.033475
190.20          -0.033542
190.40          -0.033610
190.60          -0.033677
190.80          -0.033745
191.00          -0.033813
191.20          -0.033881
191.40          -0.033950
191.60          -0.034018
191.80          -0.034087
192.00          -0.034156
192.20          -0.034225
192.40          -0.034294
192.60          -0.034363
192.80          -0.034433
193.00          -0.034503
193.20          -0.034572
193.40          -0.034643
193.60          -0.034713
193.80          -0.034783
194.00          -0.034854
194.20          -0.034924
194.40          -0.034995
194.60          -0.035066
194.80          -0.035138
195.00          -0.035209
195.20          -0.035281
195.40          -0.035352
195.60          -0.035424
195.80          -0.035497
196.00          -0.035569
196.20          -0.035641
196.40          -0.035714
196.60          -0.035787
196.80          -0.035860
197.00          -0.035933
197.20          -0.036007
197.40          -0.036080
197.60          -0.036154
197.80          -0.036228
198.00          -0.036302
198.20          -0.036376
198.40          -0.036451
198.60          -0.036526
198.80          -0.036601
199.00          -0.036676
199.20          -0.036751
199.40          -0.036826
199.60          -0.036902
199.80          -0.036978
200.00          -0.037054
200.20          -0.037130
200.40          -0.037207
200.60          -0.037283
200.80          -0.037360
201.00          -0.037437
201.20          -0.037514
201.40          -0.037592
201.60          -0.037669
201.80          -0.037747
202.00          -0.037825
202.20          -0.037903
202.40          -0.037982
202.60          -0.038061
202.80          -0.038139
203.00          -0.038218
203.20          -0.038298
203.40          -0.038377
203.60          -0.038457
203.80          -0.038537
204.00          -0.038617
204.20          -0.038697
204.40          -0.038778
204.60          -0.038858
204.80          -0.038939
205.00          -0.039020
205.20          -0.039102
205.40          -0.039183
205.60          -0.039265
205.80          -0.039347
206.00          -0.039429
206.20          -0.039512
206.40          -0.039594
206.60          -0.039677
206.80          -0.039760
207.00          -0.039844
207.20          -0.039927
207.40          -0.040011
207.60          -0.040095
207.80          -0.040179
208.00          -0.040264
208.20          -0.040349
208.40          -0.040434
208.60          -0.040519
208.80          -0.040604
209.00          -0.040690
209.20          -0.040776
209.40          -0.040862
209.60          -0.040948
209.80          -0.041035
210.00          -0.041122
210.20          -0.041209
210.40          -0.041296
210.60          -0.041384
210.80          -0.041472
211.00          -0.041560
211.20          -0.041648
211.40          -0.041737
211.60          -0.041826
211.80          -0.041915
212.00          -0.042004
212.20          -0.042094
212.40          -0.042184
212.60          -0.042274
212.80          -0.042365
213.00          -0.042455
213.20          -0.042546
213.40          -0.042638
213.60          -0.042729
213.80          -0.042821
214.00          -0.042913
214.20          -0.043005
214.40          -0.043098
214.60          -0.043191
214.80          -0.043284
215.00          -0.043378
215.20          -0.043471
215.40          -0.043565
215.60          -0.043660
215.80          -0.043754
216.00          -0.043849
216.20          -0.043944
216.40          -0.044040
216.60          -0.044136
216.80          -0.044232
217.00          -0.044328
217.20          -0.044425
217.40          -0.044522
217.60          -0.044620
217.80          -0.044717
218.00          -0.044815
218.20          -0.044914
218.40          -0.045012
218.60          -0.045111
218.80          -0.045211
219.00          -0.045310
219.20          -0.045410
219.40          -0.045510
219.60          -0.045611
219.80          -0.045712
220.00          -0.045813
220.20          -0.045915
220.40          -0.046017
220.60          -0.046119
220.80          -0.046222
221.00          -0.046325
221.20          -0.046429
221.40          -0.046533
221.60          -0.046637
221.80          -0.046741
222.00          -0.046846
222.20          -0.046952
222.40          -0.047057
222.60          -0.047163
222.80          -0.047270
223.00          -0.047377
223.20          -0.047484
223.40          -0.047592
223.60          -0.047700
223.80          -0.047808
224.00          -0.047917
224.20          -0.048027
224.40          -0.048136
224.60          -0.048247
224.80          -0.048357
225.00          -0.048468
