175.00          -0.15710
175.20          -0.15863
175.40          -0.16018
175.60          -0.16173
175.80          -0.16330
176.00          -0.16488
176.20          -0.16647
176.40          -0.16807
176.60          -0.16967
176.80          -0.17129
177.00          -0.17292
177.20          -0.17455
177.40          -0.17619
177.60          -0.17783
177.80          -0.17948
178.00          -0.18114
178.20          -0.18279
178.40          -0.18445
178.60          -0.18611
178.80          -0.18777
179.00          -0.18943
179.20          -0.19108
179.40          -0.19273
179.60          -0.19437
179.80          -0.19601
180.00          -0.19763
180.20          -0.19925
180.40          -0.20085
180.60          -0.20244
180.80          -0.20402
181.00          -0.20557
181.20          -0.20711
181.40          -0.20862
181.60          -0.21011
181.80          -0.21158
182.00          -0.21301
182.20          -0.21442
182.40          -0.21579
182.60          -0.21713
182.80          -0.21843
183.00          -0.21969
183.20          -0.22091
183.40          -0.22209
183.60          -0.22322
183.80          -0.22430
184.00          -0.22533
184.20          -0.22630
184.40          -0.22722
184.60          -0.22808
184.80          -0.22888
185.00          -0.22962
185.20          -0.23030
185.40          -0.23090
185.60          -0.23144
185.80          -0.23191
186.00          -0.23231
186.20          -0.23264
186.40          -0.23289
186.60          -0.23306
186.80          -0.23316
187.00          -0.23318
187.20          -0.23312
187.40          -0.23299
187.60          -0.23277
187.80          -0.23247
188.00          -0.23210
188.20          -0.23164
188.40          -0.23110
188.60          -0.23049
188.80          -0.22979
189.00          -0.22902
189.20          -0.22817
189.40          -0.22725
189.60          -0.22625
189.80          -0.22518
190.00          -0.22404
190.20          -0.22283
190.40          -0.22155
190.60          -0.22020
190.80          -0.21880
191.00          -0.21733
191.20          -0.21581
191.40          -0.21423
191.60          -0.21260
191.80          -0.21091
192.00          -0.20918
192.20          -0.20741
192.40          -0.20559
192.60          -0.20374
192.80          -0.20184
193.00          -0.19992
193.20          -0.19796
193.40          -0.19598
193.60          -0.19398
193.80          -0.19195
194.00          -0.18990
194.20          -0.18784
194.40          -0.18576
194.60          -0.18367
194.80          -0.18157
195.00          -0.17947
195.20          -0.17736
195.40          -0.17525
195.60          -0.17314
195.80          -0.17104
196.00          -0.16894
196.20          -0.16684
196.40          -0.16476
196.60          -0.16268
196.80          -0.16062
197.00          -0.15857
197.20          -0.15653
197.40          -0.15451
197.60          -0.15251
197.80          -0.15053
198.00          -0.14856
198.20          -0.14662
198.40          -0.14470
198.60          -0.14280
198.80          -0.14093
199.00          -0.13908
199.20          -0.13725
199.40          -0.13545
199.60          -0.13367
199.80          -0.13192
200.00          -0.13020
200.20          -0.12851
200.40          -0.12684
200.60          -0.12520
200.80          -0.12358
201.00          -0.12200
201.20          -0.12044
201.40          -0.11891
201.60          -0.11741
201.80          -0.11593
202.00          -0.11448
202.20          -0.11306
202.40          -0.11167
202.60          -0.11031
202.80          -0.10897
203.00          -0.10766
203.20          -0.10638
203.40          -0.10512
203.60          -0.10389
203.80          -0.10268
204.00          -0.10151
204.20          -0.10035
204.40          -0.099224
204.60          -0.098121
204.80          -0.097042
205.00          -0.095988
205.20          -0.094957
205.40          -0.093950
205.60          -0.092966
205.80          -0.092005
206.00          -0.091067
206.20          -0.090151
206.40          -0.089256
206.60          -0.088383
206.80          -0.087532
207.00          -0.086701
207.20          -0.085890
207.40          -0.085100
207.60          -0.084329
207.80          -0.083577
208.00          -0.082845
208.20          -0.082132
208.40          -0.081436
208.60          -0.080759
208.80          -0.080100
209.00          -0.079457
209.20          -0.078832
209.40          -0.078224
209.60          -0.077632
209.80          -0.077056
210.00          -0.076497
210.20          -0.075952
210.40          -0.075423
210.60          -0.074909
210.80          -0.074409
211.00          -0.073924
211.20          -0.073452
211.40          -0.072995
211.60          -0.072551
211.80          -0.072120
212.00          -0.071703
212.20          -0.071298
212.40          -0.070905
212.60          -0.070525
212.80          -0.070157
213.00          -0.069801
213.20          -0.069456
213.40          -0.069123
213.60          -0.068801
213.80          -0.068490
214.00          -0.068189
214.20          -0.067899
214.40          -0.067619
214.60          -0.067349
214.80          -0.067089
215.00          -0.066839
215.20          -0.066598
215.40          -0.066367
215.60          -0.066145
215.80          -0.065932
216.00          -0.065727
216.20          -0.065531
216.40          -0.065344
216.60          -0.065165
216.80          -0.064994
217.00          -0.064831
217.20          -0.064676
217.40          -0.064529
217.60          -0.064389
217.80          -0.064257
218.00          -0.064132
218.20          -0.064014
218.40          -0.063903
218.60          -0.063799
218.80          -0.063701
219.00          -0.063611
219.20          -0.063526
219.40          -0.063449
219.60          -0.063377
219.80          -0.063312
220.00          -0.063253
220.20          -0.063199
220.40          -0.063152
220.60          -0.063110
220.80          -0.063074
221.00          -0.063044
221.20          -0.063018
221.40          -0.062999
221.60          -0.062984
221.80          -0.062975
222.00          -0.062971
222.20          -0.062971
222.40          -0.062977
222.60          -0.062987
222.80          -0.063003
223.00          -0.063022
223.20          -0.063047
223.40          -0.063076
223.60          -0.063109
223.80          -0.063147
224.00          -0.063189
224.20          -0.063235
224.40          -0.063285
224.60          -0.063340
224.80          -0.063398
225.00          -0.063461
