175.00          -0.11802
175.20          -0.12055
175.40          -0.12318
175.60          -0.12590
175.80          -0.12873
176.00          -0.13165
176.20          -0.13469
176.40          -0.13783
176.60          -0.14109
176.80          -0.14446
177.00          -0.14795
177.20          -0.15156
177.40          -0.15529
177.60          -0.15915
177.80          -0.16312
178.00          -0.16722
178.20          -0.17144
178.40          -0.17578
178.60          -0.18022
178.80          -0.18478
179.00          -0.18943
179.20          -0.19417
179.40          -0.19900
179.60          -0.20388
179.80          -0.20881
180.00          -0.21376
180.20          -0.21872
180.40          -0.22365
180.60          -0.22853
180.80          -0.23332
181.00          -0.23799
181.20          -0.24249
181.40          -0.24679
181.60          -0.25083
181.80          -0.25459
182.00          -0.25800
182.20          -0.26103
182.40          -0.26363
182.60          -0.26576
182.80          -0.26738
183.00          -0.26847
183.20          -0.26899
183.40          -0.26893
183.60          -0.26827
183.80          -0.26703
184.00          -0.26520
184.20          -0.26280
184.40          -0.25986
184.60          -0.25641
184.80          -0.25248
185.00          -0.24812
185.20          -0.24338
185.40          -0.23831
185.60          -0.23296
185.80          -0.22737
186.00          -0.22161
186.20          -0.21572
186.40          -0.20974
186.60          -0.20372
186.80          -0.19770
187.00          -0.19171
187.20          -0.18578
187.40          -0.17993
187.60          -0.17420
187.80          -0.16860
188.00          -0.16314
188.20          -0.15783
188.40          -0.15269
188.60          -0.14773
188.80          -0.14294
189.00          -0.13832
189.20          -0.13389
189.40          -0.12963
189.60          -0.12555
189.80          -0.12164
190.00          -0.11789
190.20          -0.11432
190.40          -0.11090
190.60          -0.10764
190.80          -0.10452
191.00          -0.10155
191.20          -0.098720
191.40          -0.096019
191.60          -0.093445
191.80          -0.090992
192.00          -0.088654
192.20          -0.086426
192.40          -0.084304
192.60          -0.082282
192.80          -0.080356
193.00          -0.078520
193.20          -0.076771
193.40          -0.075105
193.60          -0.073516
193.80          -0.072002
194.00          -0.070559
194.20          -0.069184
194.40          -0.067872
194.60          -0.066622
194.80          -0.065429
195.00          -0.064292
195.20          -0.063207
195.40          -0.062172
195.60          -0.061185
195.80          -0.060244
196.00          -0.059346
196.20          -0.058489
196.40          -0.057671
196.60          -0.056892
196.80          -0.056148
197.00          -0.055439
197.20          -0.054762
197.40          -0.054117
197.60          -0.053503
197.80          -0.052917
198.00          -0.052360
198.20          -0.051829
198.40          -0.051325
198.60          -0.050845
198.80          -0.050390
199.00          -0.049958
199.20          -0.049550
199.40          -0.049164
199.60          -0.048800
199.80          -0.048457
200.00          -0.048137
200.20          -0.047837
200.40          -0.047560
200.60          -0.047304
200.80          -0.047070
201.00          -0.046860
201.20          -0.046674
201.40          -0.046513
201.60          -0.046380
201.80          -0.046277
202.00          -0.046208
202.20          -0.046178
202.40          -0.046192
202.60          -0.046261
202.80          -0.046396
203.00          -0.046615
203.20          -0.046946
203.40          -0.047427
203.60          -0.048124
203.80          -0.049144
204.00          -0.050685
204.20          -0.053138
204.40          -0.057390
204.60          -0.065894
204.80          -0.087994
205.00          -0.19452
205.20          -13.435
205.40          -0.11323
205.60          -0.050475
205.80          -0.040911
206.00          -0.038336
206.20          -0.037489
206.40          -0.037204
206.60          -0.037131
206.80          -0.037141
207.00          -0.037184
207.20          -0.037237
207.40          -0.037291
207.60          -0.037341
207.80          -0.037387
208.00          -0.037428
208.20          -0.037464
208.40          -0.037496
208.60          -0.037523
208.80          -0.037548
209.00          -0.037569
209.20          -0.037589
209.40          -0.037606
209.60          -0.037622
209.80          -0.037637
210.00          -0.037651
210.20          -0.037664
210.40          -0.037677
210.60          -0.037689
210.80          -0.037702
211.00          -0.037714
211.20          -0.037727
211.40          -0.037740
211.60          -0.037753
211.80          -0.037767
212.00          -0.037781
212.20          -0.037796
212.40          -0.037811
212.60          -0.037827
212.80          -0.037843
213.00          -0.037860
213.20          -0.037878
213.40          -0.037897
213.60          -0.037916
213.80          -0.037936
214.00          -0.037956
214.20          -0.037977
214.40          -0.037999
214.60          -0.038022
214.80          -0.038045
215.00          -0.038069
215.20          -0.038094
215.40          -0.038120
215.60          -0.038146
215.80          -0.038173
216.00          -0.038200
216.20          -0.038229
216.40          -0.038258
216.60          -0.038287
216.80          -0.038318
217.00          -0.038349
217.20          -0.038380
217.40          -0.038412
217.60          -0.038445
217.80          -0.038479
218.00          -0.038513
218.20          -0.038547
218.40          -0.038583
218.60          -0.038618
218.80          -0.038655
219.00          -0.038692
219.20          -0.038729
219.40          -0.038768
219.60          -0.038806
219.80          -0.038846
220.00          -0.038885
220.20          -0.038926
220.40          -0.038967
220.60          -0.039008
220.80          -0.039050
221.00          -0.039092
221.20          -0.039136
221.40          -0.039179
221.60          -0.039223
221.80          -0.039268
222.00          -0.039313
222.20          -0.039359
222.40          -0.039405
222.60          -0.039451
222.80          -0.039499
223.00          -0.039547
223.20          -0.039595
223.40          -0.039644
223.60          -0.039693
223.80          -0.039743
224.00          -0.039794
224.20          -0.039845
224.40          -0.039897
224.60          -0.039950
224.80          -0.040003
225.00          -0.040057
