175.00          -0.025755
175.20          -0.025800
175.40          -0.025846
175.60          -0.025891
175.80          -0.025936
176.00          -0.025982
176.20          -0.026028
176.40          -0.026073
176.60          -0.026119
176.80          -0.026165
177.00          -0.026212
177.20          -0.026258
177.40          -0.026304
177.60          -0.026351
177.80          -0.026398
178.00          -0.026445
178.20          -0.026492
178.40          -0.026539
178.60          -0.026586
178.80          -0.026633
179.00          -0.026681
179.20          -0.026729
179.40          -0.026776
179.60          -0.026824
179.80          -0.026873
180.00          -0.026921
180.20          -0.026969
180.40          -0.027018
180.60          -0.027067
180.80          -0.027116
181.00          -0.027165
181.20          -0.027214
181.40          -0.027263
181.60          -0.027313
181.80          -0.027363
182.00          -0.027413
182.20          -0.027463
182.40          -0.027513
182.60          -0.027564
182.80          -0.027615
183.00          -0.027666
183.20          -0.027717
183.40          -0.027768
183.60          -0.027820
183.80          -0.027872
184.00          -0.027924
184.20          -0.027976
184.40          -0.028029
184.60          -0.028082
184.80          -0.028135
185.00          -0.028188
185.20          -0.028242
185.40          -0.028296
185.60          -0.028351
185.80          -0.028405
186.00          -0.028460
186.20          -0.028516
186.40          -0.028572
186.60          -0.028628
186.80          -0.028685
187.00          -0.028743
187.20          -0.028800
187.40          -0.028859
187.60          -0.028918
187.80          -0.028978
188.00          -0.029039
188.20          -0.029101
188.40          -0.029163
188.60          -0.029227
188.80          -0.029292
189.00          -0.029359
189.20          -0.029428
189.40          -0.029499
189.60          -0.029572
189.80          -0.029649
190.00          -0.029730
190.20          -0.029816
190.40          -0.029910
190.60          -0.030013
190.80          -0.030130
191.00          -0.030268
191.20          -0.030439
191.40          -0.030667
191.60          -0.031005
191.80          -0.031593
192.00          -0.032929
192.20          -0.038238
192.40          -0.28960
192.60          -0.036776
192.80          -0.030992
193.00          -0.030335
193.20          -0.030232
193.40          -0.030254
193.60          -0.030313
193.80          -0.030385
194.00          -0.030462
194.20          -0.030541
194.40          -0.030619
194.60          -0.030698
194.80          -0.030776
195.00          -0.030855
195.20          -0.030933
195.40          -0.031011
195.60          -0.031090
195.80          -0.031169
196.00          -0.031248
196.20          -0.031328
196.40          -0.031408
196.60          -0.031490
196.80          -0.031572
197.00          -0.031656
197.20          -0.031740
197.40          -0.031826
197.60          -0.031914
197.80          -0.032003
198.00          -0.032094
198.20          -0.032186
198.40          -0.032281
198.60          -0.032379
198.80          -0.032479
199.00          -0.032582
199.20          -0.032688
199.40          -0.032797
199.60          -0.032911
199.80          -0.033029
200.00          -0.033151
200.20          -0.033279
200.40          -0.033413
200.60          -0.033554
200.80          -0.033702
201.00          -0.033859
201.20          -0.034026
201.40          -0.034204
201.60          -0.034395
201.80          -0.034601
202.00          -0.034824
202.20          -0.035068
202.40          -0.035336
202.60          -0.035632
202.80          -0.035964
203.00          -0.036337
203.20          -0.036761
203.40          -0.037250
203.60          -0.037820
203.80          -0.038494
204.00          -0.039303
204.20          -0.040292
204.40          -0.041528
204.60          -0.043110
204.80          -0.045198
205.00          -0.048052
205.20          -0.052134
205.40          -0.058318
205.60          -0.068446
205.80          -0.086967
206.00          -0.12713
206.20          -0.24479
206.40          -0.93256
206.60          -8.1520
206.80          -0.47456
207.00          -0.15919
207.20          -0.089623
207.40          -0.064227
207.60          -0.052402
207.80          -0.046046
208.00          -0.042292
208.20          -0.039924
208.40          -0.038357
208.60          -0.037283
208.80          -0.036528
209.00          -0.035987
209.20          -0.035594
209.40          -0.035307
209.60          -0.035097
209.80          -0.034945
210.00          -0.034837
210.20          -0.034762
210.40          -0.034714
210.60          -0.034686
210.80          -0.034674
211.00          -0.034676
211.20          -0.034689
211.40          -0.034711
211.60          -0.034740
211.80          -0.034775
212.00          -0.034815
212.20          -0.034859
212.40          -0.034908
212.60          -0.034959
212.80          -0.035013
213.00          -0.035069
213.20          -0.035128
213.40          -0.035188
213.60          -0.035250
213.80          -0.035314
214.00          -0.035378
214.20          -0.035444
214.40          -0.035512
214.60          -0.035580
214.80          -0.035650
215.00          -0.035722
215.20          -0.035796
215.40          -0.035876
215.60          -0.035979
215.80          -0.036725
216.00          -0.036077
216.20          -0.036130
216.40          -0.036206
216.60          -0.036282
216.80          -0.036360
217.00          -0.036437
217.20          -0.036516
217.40          -0.036595
217.60          -0.036675
217.80          -0.036756
218.00          -0.036838
218.20          -0.036922
218.40          -0.037007
218.60          -0.037094
218.80          -0.037182
219.00          -0.037273
219.20          -0.037367
219.40          -0.037463
219.60          -0.037562
219.80          -0.037666
220.00          -0.037775
220.20          -0.037889
220.40          -0.038011
220.60          -0.038141
220.80          -0.038284
221.00          -0.038440
221.20          -0.038617
221.40          -0.038820
221.60          -0.039060
221.80          -0.039355
222.00          -0.039733
222.20          -0.040246
222.40          -0.040998
222.60          -0.042222
222.80          -0.044551
223.00          -0.050299
223.20          -0.075004
223.40          -1.7842
223.60          -0.079202
223.80          -0.045237
224.00          -0.040519
224.20          -0.039215
224.40          -0.038763
224.60          -0.038607
224.80          -0.038573
225.00          -0.038598
