175.00          -0.27090
175.20          -0.25514
175.40          -0.24040
175.60          -0.22666
175.80          -0.21387
176.00          -0.20200
176.20          -0.19099
176.40          -0.18080
176.60          -0.17136
176.80          -0.16263
177.00          -0.15456
177.20          -0.14709
177.40          -0.14018
177.60          -0.13379
177.80          -0.12788
178.00          -0.12241
178.20          -0.11733
178.40          -0.11264
178.60          -0.10828
178.80          -0.10423
179.00          -0.10048
179.20          -0.096997
179.40          -0.093758
179.60          -0.090746
179.80          -0.087944
180.00          -0.085335
180.20          -0.082906
180.40          -0.080643
180.60          -0.078533
180.80          -0.076565
181.00          -0.074729
181.20          -0.073015
181.40          -0.071416
181.60          -0.069922
181.80          -0.068527
182.00          -0.067224
182.20          -0.066006
182.40          -0.064869
182.60          -0.063806
182.80          -0.062813
183.00          -0.061886
183.20          -0.061020
183.40          -0.060212
183.60          -0.059458
183.80          -0.058755
184.00          -0.058100
184.20          -0.057490
184.40          -0.056922
184.60          -0.056395
184.80          -0.055906
185.00          -0.055454
185.20          -0.055035
185.40          -0.054650
185.60          -0.054295
185.80          -0.053971
186.00          -0.053674
186.20          -0.053405
186.40          -0.053163
186.60          -0.052945
186.80          -0.052752
187.00          -0.052584
187.20          -0.052439
187.40          -0.052316
187.60          -0.052217
187.80          -0.052141
188.00          -0.052087
188.20          -0.052058
188.40          -0.052052
188.60          -0.052071
188.80          -0.052117
189.00          -0.052191
189.20          -0.052296
189.40          -0.052435
189.60          -0.052614
189.80          -0.052838
190.00          -0.053116
190.20          -0.053460
190.40          -0.053887
190.60          -0.054421
190.80          -0.055100
191.00          -0.055981
191.20          -0.057159
191.40          -0.058802
191.60          -0.061231
191.80          -0.065135
192.00          -0.072272
192.20          -0.088494
192.40          -0.14640
192.60          -1.2480
192.80          -0.21580
193.00          -0.064422
193.20          -0.050166
193.40          -0.047211
193.60          -0.046569
193.80          -0.046588
194.00          -0.046822
194.20          -0.047126
194.40          -0.047448
194.60          -0.047767
194.80          -0.048076
195.00          -0.048373
195.20          -0.048658
195.40          -0.048932
195.60          -0.049197
195.80          -0.049454
196.00          -0.049704
196.20          -0.049949
196.40          -0.050188
196.60          -0.050424
196.80          -0.050656
197.00          -0.050885
197.20          -0.051113
197.40          -0.051339
197.60          -0.051563
197.80          -0.051787
198.00          -0.052010
198.20          -0.052232
198.40          -0.052455
198.60          -0.052677
198.80          -0.052900
199.00          -0.053123
199.20          -0.053346
199.40          -0.053570
199.60          -0.053794
199.80          -0.054020
200.00          -0.054246
200.20          -0.054473
200.40          -0.054701
200.60          -0.054930
200.80          -0.055160
201.00          -0.055392
201.20          -0.055624
201.40          -0.055858
201.60          -0.056093
201.80          -0.056329
202.00          -0.056566
202.20          -0.056805
202.40          -0.057045
202.60          -0.057287
202.80          -0.057530
203.00          -0.057774
203.20          -0.058020
203.40          -0.058267
203.60          -0.058516
203.80          -0.058766
204.00          -0.059018
204.20          -0.059271
204.40          -0.059526
204.60          -0.059783
204.80          -0.060041
205.00          -0.060300
205.20          -0.060562
205.40          -0.060825
205.60          -0.061090
205.80          -0.061356
206.00          -0.061625
206.20          -0.061895
206.40          -0.062167
206.60          -0.062441
206.80          -0.062716
207.00          -0.062994
207.20          -0.063274
207.40          -0.063556
207.60          -0.063839
207.80          -0.064125
208.00          -0.064414
208.20          -0.064704
208.40          -0.064997
208.60          -0.065292
208.80          -0.065589
209.00          -0.065889
209.20          -0.066192
209.40          -0.066497
209.60          -0.066805
209.80          -0.067116
210.00          -0.067430
210.20          -0.067747
210.40          -0.068067
210.60          -0.068391
210.80          -0.068718
211.00          -0.069049
211.20          -0.069383
211.40          -0.069722
211.60          -0.070065
211.80          -0.070413
212.00          -0.070766
212.20          -0.071124
212.40          -0.071488
212.60          -0.071858
212.80          -0.072235
213.00          -0.072619
213.20          -0.073011
213.40          -0.073413
213.60          -0.073826
213.80          -0.074251
214.00          -0.074692
214.20          -0.075153
214.40          -0.075642
214.60          -0.076171
214.80          -0.076768
215.00          -0.077495
215.20          -0.078540
215.40          -0.080706
215.60          -0.092119
215.80          -0.20707
216.00          -0.083462
216.20          -0.080783
216.40          -0.080692
216.60          -0.081070
216.80          -0.081610
217.00          -0.082234
217.20          -0.082921
217.40          -0.083664
217.60          -0.084466
217.80          -0.085333
218.00          -0.086274
218.20          -0.087302
218.40          -0.088432
218.60          -0.089686
218.80          -0.091091
219.00          -0.092681
219.20          -0.094502
219.40          -0.096613
219.60          -0.099089
219.80          -0.10202
220.00          -0.10550
220.20          -0.10955
220.40          -0.11393
220.60          -0.11740
220.80          -0.11622
221.00          -0.10378
221.20          -0.080662
221.40          -0.061835
221.60          -0.054296
221.80          -0.053593
222.00          -0.055447
222.20          -0.057954
222.40          -0.060443
222.60          -0.062714
222.80          -0.064733
223.00          -0.066517
223.20          -0.068100
223.40          -0.069512
223.60          -0.070783
223.80          -0.071935
224.00          -0.072989
224.20          -0.073959
224.40          -0.074859
224.60          -0.075699
224.80          -0.076487
225.00          -0.077231
