175.00          -0.064780
175.20          -0.063847
175.40          -0.062964
175.60          -0.062127
175.80          -0.061334
176.00          -0.060584
176.20          -0.059873
176.40          -0.059201
176.60          -0.058565
176.80          -0.057964
177.00          -0.057395
177.20          -0.056859
177.40          -0.056352
177.60          -0.055874
177.80          -0.055423
178.00          -0.054999
178.20          -0.054599
178.40          -0.054224
178.60          -0.053871
178.80          -0.053541
179.00          -0.053231
179.20          -0.052942
179.40          -0.052672
179.60          -0.052420
179.80          -0.052187
180.00          -0.051970
180.20          -0.051770
180.40          -0.051586
180.60          -0.051417
180.80          -0.051262
181.00          -0.051122
181.20          -0.050995
181.40          -0.050882
181.60          -0.050781
181.80          -0.050692
182.00          -0.050615
182.20          -0.050550
182.40          -0.050496
182.60          -0.050453
182.80          -0.050420
183.00          -0.050397
183.20          -0.050384
183.40          -0.050381
183.60          -0.050387
183.80          -0.050402
184.00          -0.050426
184.20          -0.050459
184.40          -0.050501
184.60          -0.050551
184.80          -0.050609
185.00          -0.050675
185.20          -0.050749
185.40          -0.050832
185.60          -0.050922
185.80          -0.051021
186.00          -0.051127
186.20          -0.051241
186.40          -0.051363
186.60          -0.051494
186.80          -0.051633
187.00          -0.051780
187.20          -0.051936
187.40          -0.052101
187.60          -0.052276
187.80          -0.052461
188.00          -0.052657
188.20          -0.052865
188.40          -0.053085
188.60          -0.053318
188.80          -0.053568
189.00          -0.053835
189.20          -0.054121
189.40          -0.054431
189.60          -0.054768
189.80          -0.055139
190.00          -0.055549
190.20          -0.056011
190.40          -0.056538
190.60          -0.057152
190.80          -0.057885
191.00          -0.058786
191.20          -0.059940
191.40          -0.061495
191.60          -0.063741
191.80          -0.067314
192.00          -0.073892
192.20          -0.089417
192.40          -0.15174
192.60          -3.2025
192.80          -0.13859
193.00          -0.063893
193.20          -0.055186
193.40          -0.053382
193.60          -0.053105
193.80          -0.053281
194.00          -0.053607
194.20          -0.053982
194.40          -0.054369
194.60          -0.054753
194.80          -0.055128
195.00          -0.055494
195.20          -0.055850
195.40          -0.056197
195.60          -0.056537
195.80          -0.056871
196.00          -0.057198
196.20          -0.057521
196.40          -0.057840
196.60          -0.058156
196.80          -0.058469
197.00          -0.058779
197.20          -0.059088
197.40          -0.059396
197.60          -0.059702
197.80          -0.060007
198.00          -0.060312
198.20          -0.060617
198.40          -0.060921
198.60          -0.061226
198.80          -0.061531
199.00          -0.061835
199.20          -0.062141
199.40          -0.062447
199.60          -0.062753
199.80          -0.063060
200.00          -0.063368
200.20          -0.063677
200.40          -0.063987
200.60          -0.064297
200.80          -0.064609
201.00          -0.064921
201.20          -0.065235
201.40          -0.065550
201.60          -0.065866
201.80          -0.066183
202.00          -0.066501
202.20          -0.066821
202.40          -0.067141
202.60          -0.067463
202.80          -0.067787
203.00          -0.068111
203.20          -0.068437
203.40          -0.068764
203.60          -0.069093
203.80          -0.069423
204.00          -0.069754
204.20          -0.070086
204.40          -0.070420
204.60          -0.070756
204.80          -0.071092
205.00          -0.071431
205.20          -0.071770
205.40          -0.072111
205.60          -0.072454
205.80          -0.072798
206.00          -0.073143
206.20          -0.073490
206.40          -0.073838
206.60          -0.074188
206.80          -0.074540
207.00          -0.074893
207.20          -0.075247
207.40          -0.075603
207.60          -0.075961
207.80          -0.076321
208.00          -0.076682
208.20          -0.077044
208.40          -0.077409
208.60          -0.077775
208.80          -0.078143
209.00          -0.078512
209.20          -0.078884
209.40          -0.079258
209.60          -0.079633
209.80          -0.080011
210.00          -0.080390
210.20          -0.080772
210.40          -0.081156
210.60          -0.081543
210.80          -0.081932
211.00          -0.082324
211.20          -0.082719
211.40          -0.083116
211.60          -0.083517
211.80          -0.083922
212.00          -0.084330
212.20          -0.084742
212.40          -0.085160
212.60          -0.085582
212.80          -0.086011
213.00          -0.086447
213.20          -0.086892
213.40          -0.087347
213.60          -0.087815
213.80          -0.088301
214.00          -0.088809
214.20          -0.089350
214.40          -0.089941
214.60          -0.090614
214.80          -0.091432
215.00          -0.092554
215.20          -0.094448
215.40          -0.099172
215.60          -0.12871
215.80          -0.31876
216.00          -0.10184
216.20          -0.095424
216.40          -0.094461
216.60          -0.094466
216.80          -0.094765
217.00          -0.095181
217.20          -0.095654
217.40          -0.096160
217.60          -0.096686
217.80          -0.097225
218.00          -0.097769
218.20          -0.098312
218.40          -0.098842
218.60          -0.099344
218.80          -0.099791
219.00          -0.10014
219.20          -0.10033
219.40          -0.10025
219.60          -0.099704
219.80          -0.098392
220.00          -0.095831
220.20          -0.091336
220.40          -0.084210
220.60          -0.074495
220.80          -0.064164
221.00          -0.056820
221.20          -0.054625
221.40          -0.056617
221.60          -0.060610
221.80          -0.065026
222.00          -0.069140
222.20          -0.072729
222.40          -0.075788
222.60          -0.078382
222.80          -0.080589
223.00          -0.082483
223.20          -0.084122
223.40          -0.085554
223.60          -0.086817
223.80          -0.087941
224.00          -0.088949
224.20          -0.089859
224.40          -0.090686
224.60          -0.091442
224.80          -0.092137
225.00          -0.092779
