175.00          -0.063987
175.20          -0.064496
175.40          -0.065014
175.60          -0.065540
175.80          -0.066075
176.00          -0.066618
176.20          -0.067171
176.40          -0.067732
176.60          -0.068302
176.80          -0.068881
177.00          -0.069470
177.20          -0.070068
177.40          -0.070676
177.60          -0.071293
177.80          -0.071920
178.00          -0.072557
178.20          -0.073204
178.40          -0.073862
178.60          -0.074530
178.80          -0.075209
179.00          -0.075898
179.20          -0.076598
179.40          -0.077310
179.60          -0.078033
179.80          -0.078767
180.00          -0.079513
180.20          -0.080271
180.40          -0.081041
180.60          -0.081823
180.80          -0.082617
181.00          -0.083425
181.20          -0.084245
181.40          -0.085078
181.60          -0.085925
181.80          -0.086785
182.00          -0.087659
182.20          -0.088546
182.40          -0.089449
182.60          -0.090365
182.80          -0.091297
183.00          -0.092243
183.20          -0.093205
183.40          -0.094182
183.60          -0.095175
183.80          -0.096184
184.00          -0.097210
184.20          -0.098252
184.40          -0.099312
184.60          -0.10039
184.80          -0.10148
185.00          -0.10260
185.20          -0.10373
185.40          -0.10488
185.60          -0.10604
185.80          -0.10723
186.00          -0.10844
186.20          -0.10967
186.40          -0.11091
186.60          -0.11218
186.80          -0.11347
187.00          -0.11479
187.20          -0.11612
187.40          -0.11748
187.60          -0.11886
187.80          -0.12026
188.00          -0.12169
188.20          -0.12314
188.40          -0.12462
188.60          -0.12613
188.80          -0.12766
189.00          -0.12922
189.20          -0.13080
189.40          -0.13242
189.60          -0.13406
189.80          -0.13574
190.00          -0.13745
190.20          -0.13919
190.40          -0.14098
190.60          -0.14280
190.80          -0.14467
191.00          -0.14660
191.20          -0.14860
191.40          -0.15069
191.60          -0.15295
191.80          -0.15550
192.00          -0.15878
192.20          -0.16451
192.40          -0.18799
192.60          -1.6832
192.80          -0.18388
193.00          -0.17173
193.20          -0.17110
193.40          -0.17235
193.60          -0.17420
193.80          -0.17631
194.00          -0.17857
194.20          -0.18093
194.40          -0.18337
194.60          -0.18588
194.80          -0.18845
195.00          -0.19108
195.20          -0.19376
195.40          -0.19651
195.60          -0.19932
195.80          -0.20218
196.00          -0.20510
196.20          -0.20809
196.40          -0.21114
196.60          -0.21425
196.80          -0.21743
197.00          -0.22068
197.20          -0.22400
197.40          -0.22739
197.60          -0.23085
197.80          -0.23440
198.00          -0.23802
198.20          -0.24173
198.40          -0.24552
198.60          -0.24940
198.80          -0.25338
199.00          -0.25745
199.20          -0.26163
199.40          -0.26591
199.60          -0.27029
199.80          -0.27480
200.00          -0.27942
200.20          -0.28417
200.40          -0.28905
200.60          -0.29407
200.80          -0.29923
201.00          -0.30455
201.20          -0.31003
201.40          -0.31567
201.60          -0.32150
201.80          -0.32751
202.00          -0.33373
202.20          -0.34015
202.40          -0.34680
202.60          -0.35369
202.80          -0.36083
203.00          -0.36825
203.20          -0.37594
203.40          -0.38395
203.60          -0.39227
203.80          -0.40095
204.00          -0.41000
204.20          -0.41944
204.40          -0.42931
204.60          -0.43964
204.80          -0.45045
205.00          -0.46178
205.20          -0.47367
205.40          -0.48615
205.60          -0.49928
205.80          -0.51308
206.00          -0.52762
206.20          -0.54293
206.40          -0.55906
206.60          -0.57606
206.80          -0.59399
207.00          -0.61287
207.20          -0.63277
207.40          -0.65369
207.60          -0.67567
207.80          -0.69871
208.00          -0.72278
208.20          -0.74782
208.40          -0.77374
208.60          -0.80038
208.80          -0.82751
209.00          -0.85481
209.20          -0.88189
209.40          -0.90818
209.60          -0.93305
209.80          -0.95569
210.00          -0.97518
210.20          -0.99053
210.40          -1.0007
210.60          -1.0046
210.80          -1.0015
211.00          -0.99063
211.20          -0.97173
211.40          -0.94490
211.60          -0.91065
211.80          -0.86992
212.00          -0.82395
212.20          -0.77417
212.40          -0.72209
212.60          -0.66913
212.80          -0.61656
213.00          -0.56545
213.20          -0.51658
213.40          -0.47054
213.60          -0.42767
213.80          -0.38815
214.00          -0.35201
214.20          -0.31922
214.40          -0.28966
214.60          -0.26322
214.80          -0.23985
215.00          -0.21977
215.20          -0.20403
215.40          -0.19827
215.60          -0.27218
215.80          -0.49044
216.00          -0.15219
216.20          -0.12675
216.40          -0.11350
216.60          -0.10331
216.80          -0.094660
217.00          -0.087091
217.20          -0.080390
217.40          -0.074435
217.60          -0.069144
217.80          -0.064454
218.00          -0.060320
218.20          -0.056705
218.40          -0.053585
218.60          -0.050943
218.80          -0.048768
219.00          -0.047062
219.20          -0.045830
219.40          -0.045087
219.60          -0.044856
219.80          -0.045167
220.00          -0.046058
220.20          -0.047574
220.40          -0.049766
220.60          -0.052688
220.80          -0.056398
221.00          -0.060948
221.20          -0.066382
221.40          -0.072727
221.60          -0.079983
221.80          -0.088111
222.00          -0.097022
222.20          -0.10657
222.40          -0.11653
222.60          -0.12664
222.80          -0.13657
223.00          -0.14596
223.20          -0.15448
223.40          -0.16182
223.60          -0.16776
223.80          -0.17214
224.00          -0.17494
224.20          -0.17621
224.40          -0.17608
224.60          -0.17471
224.80          -0.17231
225.00          -0.16909
