175.00          -0.044250
175.20          -0.044460
175.40          -0.044675
175.60          -0.044895
175.80          -0.045119
176.00          -0.045348
176.20          -0.045583
176.40          -0.045822
176.60          -0.046068
176.80          -0.046319
177.00          -0.046576
177.20          -0.046840
177.40          -0.047110
177.60          -0.047388
177.80          -0.047672
178.00          -0.047964
178.20          -0.048264
178.40          -0.048573
178.60          -0.048890
178.80          -0.049216
179.00          -0.049551
179.20          -0.049897
179.40          -0.050253
179.60          -0.050620
179.80          -0.050999
180.00          -0.051390
180.20          -0.051794
180.40          -0.052211
180.60          -0.052642
180.80          -0.053089
181.00          -0.053551
181.20          -0.054030
181.40          -0.054526
181.60          -0.055041
181.80          -0.055576
182.00          -0.056132
182.20          -0.056710
182.40          -0.057312
182.60          -0.057938
182.80          -0.058592
183.00          -0.059273
183.20          -0.059985
183.40          -0.060729
183.60          -0.061507
183.80          -0.062322
184.00          -0.063176
184.20          -0.064072
184.40          -0.065014
184.60          -0.066003
184.80          -0.067045
185.00          -0.068143
185.20          -0.069302
185.40          -0.070526
185.60          -0.071820
185.80          -0.073191
186.00          -0.074645
186.20          -0.076190
186.40          -0.077832
186.60          -0.079581
186.80          -0.081448
187.00          -0.083442
187.20          -0.085576
187.40          -0.087864
187.60          -0.090322
187.80          -0.092967
188.00          -0.095818
188.20          -0.098899
188.40          -0.10223
188.60          -0.10585
188.80          -0.10979
189.00          -0.11408
189.20          -0.11876
189.40          -0.12389
189.60          -0.12953
189.80          -0.13573
190.00          -0.14258
190.20          -0.15015
190.40          -0.15857
190.60          -0.16793
190.80          -0.17838
191.00          -0.19007
191.20          -0.20319
191.40          -0.21792
191.60          -0.23452
191.80          -0.25321
192.00          -0.27428
192.20          -0.29799
192.40          -0.32459
192.60          -0.35426
192.80          -0.38704
193.00          -0.42274
193.20          -0.46080
193.40          -0.50013
193.60          -0.53897
193.80          -0.57484
194.00          -0.60468
194.20          -0.62527
194.40          -0.63390
194.60          -0.62914
194.80          -0.61129
195.00          -0.58232
195.20          -0.54531
195.40          -0.50366
195.60          -0.46047
195.80          -0.41809
196.00          -0.37810
196.20          -0.34138
196.40          -0.30830
196.60          -0.27886
196.80          -0.25289
197.00          -0.23008
197.20          -0.21010
197.40          -0.19262
197.60          -0.17731
197.80          -0.16390
198.00          -0.15211
198.20          -0.14174
198.40          -0.13259
198.60          -0.12450
198.80          -0.11732
199.00          -0.11094
199.20          -0.10525
199.40          -0.10016
199.60          -0.095604
199.80          -0.091510
200.00          -0.087826
200.20          -0.084503
200.40          -0.081501
200.60          -0.078784
200.80          -0.076321
201.00          -0.074087
201.20          -0.072057
201.40          -0.070213
201.60          -0.068536
201.80          -0.067013
202.00          -0.065630
202.20          -0.064377
202.40          -0.063244
202.60          -0.062225
202.80          -0.061315
203.00          -0.060508
203.20          -0.059805
203.40          -0.059206
203.60          -0.058714
203.80          -0.058338
204.00          -0.058091
204.20          -0.057996
204.40          -0.058088
204.60          -0.058423
204.80          -0.059098
205.00          -0.060283
205.20          -0.062299
205.40          -0.065829
205.60          -0.072559
205.80          -0.087792
206.00          -0.13739
206.20          -0.63670
206.40          -0.51485
206.60          -0.082297
206.80          -0.052972
207.00          -0.046433
207.20          -0.044299
207.40          -0.043460
207.60          -0.043092
207.80          -0.042916
208.00          -0.042825
208.20          -0.042772
208.40          -0.042736
208.60          -0.042708
208.80          -0.042682
209.00          -0.042657
209.20          -0.042632
209.40          -0.042606
209.60          -0.042579
209.80          -0.042553
210.00          -0.042526
210.20          -0.042500
210.40          -0.042475
210.60          -0.042450
210.80          -0.042426
211.00          -0.042403
211.20          -0.042381
211.40          -0.042361
211.60          -0.042341
211.80          -0.042324
212.00          -0.042307
212.20          -0.042292
212.40          -0.042279
212.60          -0.042267
212.80          -0.042256
213.00          -0.042247
213.20          -0.042239
213.40          -0.042233
213.60          -0.042228
213.80          -0.042224
214.00          -0.042222
214.20          -0.042221
214.40          -0.042221
214.60          -0.042222
214.80          -0.042225
215.00          -0.042228
215.20          -0.042233
215.40          -0.042239
215.60          -0.042246
215.80          -0.042254
216.00          -0.042263
216.20          -0.042273
216.40          -0.042284
216.60          -0.042295
216.80          -0.042308
217.00          -0.042321
217.20          -0.042335
217.40          -0.042350
217.60          -0.042366
217.80          -0.042383
218.00          -0.042400
218.20          -0.042418
218.40          -0.042436
218.60          -0.042456
218.80          -0.042475
219.00          -0.042496
219.20          -0.042517
219.40          -0.042538
219.60          -0.042561
219.80          -0.042583
220.00          -0.042606
220.20          -0.042630
220.40          -0.042654
220.60          -0.042679
220.80          -0.042704
221.00          -0.042730
221.20          -0.042756
221.40          -0.042782
221.60          -0.042809
221.80          -0.042837
222.00          -0.042865
222.20          -0.042893
222.40          -0.042921
222.60          -0.042951
222.80          -0.042980
223.00          -0.043010
223.20          -0.043040
223.40          -0.043071
223.60          -0.043102
223.80          -0.043134
224.00          -0.043166
224.20          -0.043198
224.40          -0.043231
224.60          -0.043265
224.80          -0.043300
225.00          -0.043335
