175.00          -0.10814
175.20          -0.10819
175.40          -0.10825
175.60          -0.10833
175.80          -0.10842
176.00          -0.10853
176.20          -0.10865
176.40          -0.10878
176.60          -0.10892
176.80          -0.10907
177.00          -0.10923
177.20          -0.10940
177.40          -0.10957
177.60          -0.10976
177.80          -0.10996
178.00          -0.11016
178.20          -0.11037
178.40          -0.11058
178.60          -0.11081
178.80          -0.11104
179.00          -0.11127
179.20          -0.11151
179.40          -0.11175
179.60          -0.11200
179.80          -0.11226
180.00          -0.11251
180.20          -0.11278
180.40          -0.11304
180.60          -0.11331
180.80          -0.11358
181.00          -0.11385
181.20          -0.11413
181.40          -0.11441
181.60          -0.11469
181.80          -0.11497
182.00          -0.11525
182.20          -0.11554
182.40          -0.11583
182.60          -0.11611
182.80          -0.11640
183.00          -0.11669
183.20          -0.11697
183.40          -0.11726
183.60          -0.11755
183.80          -0.11784
184.00          -0.11813
184.20          -0.11841
184.40          -0.11870
184.60          -0.11899
184.80          -0.11927
185.00          -0.11955
185.20          -0.11983
185.40          -0.12012
185.60          -0.12039
185.80          -0.12067
186.00          -0.12095
186.20          -0.12122
186.40          -0.12149
186.60          -0.12176
186.80          -0.12203
187.00          -0.12229
187.20          -0.12256
187.40          -0.12282
187.60          -0.12307
187.80          -0.12333
188.00          -0.12358
188.20          -0.12383
188.40          -0.12408
188.60          -0.12432
188.80          -0.12456
189.00          -0.12480
189.20          -0.12503
189.40          -0.12526
189.60          -0.12549
189.80          -0.12571
190.00          -0.12593
190.20          -0.12615
190.40          -0.12636
190.60          -0.12657
190.80          -0.12678
191.00          -0.12698
191.20          -0.12718
191.40          -0.12738
191.60          -0.12757
191.80          -0.12776
192.00          -0.12794
192.20          -0.12812
192.40          -0.12830
192.60          -0.12847
192.80          -0.12864
193.00          -0.12881
193.20          -0.12897
193.40          -0.12913
193.60          -0.12929
193.80          -0.12944
194.00          -0.12958
194.20          -0.12973
194.40          -0.12987
194.60          -0.13000
194.80          -0.13014
195.00          -0.13027
195.20          -0.13039
195.40          -0.13051
195.60          -0.13063
195.80          -0.13075
196.00          -0.13086
196.20          -0.13097
196.40          -0.13107
196.60          -0.13118
196.80          -0.13128
197.00          -0.13137
197.20          -0.13146
197.40          -0.13155
197.60          -0.13164
197.80          -0.13172
198.00          -0.13180
198.20          -0.13188
198.40          -0.13196
198.60          -0.13203
198.80          -0.13210
199.00          -0.13217
199.20          -0.13224
199.40          -0.13230
199.60          -0.13236
199.80          -0.13242
200.00          -0.13248
200.20          -0.13254
200.40          -0.13259
200.60          -0.13264
200.80          -0.13269
201.00          -0.13275
201.20          -0.13279
201.40          -0.13284
201.60          -0.13289
201.80          -0.13294
202.00          -0.13298
202.20          -0.13303
202.40          -0.13308
202.60          -0.13312
202.80          -0.13317
203.00          -0.13321
203.20          -0.13326
203.40          -0.13331
203.60          -0.13336
203.80          -0.13342
204.00          -0.13348
204.20          -0.13354
204.40          -0.13361
204.60          -0.13369
204.80          -0.13378
205.00          -0.13390
205.20          -0.13406
205.40          -0.13431
205.60          -0.13479
205.80          -0.13608
206.00          -0.14299
206.20          -0.81894
206.40          -0.14157
206.60          -0.13615
206.80          -0.13516
207.00          -0.13486
207.20          -0.13478
207.40          -0.13478
207.60          -0.13482
207.80          -0.13489
208.00          -0.13498
208.20          -0.13509
208.40          -0.13520
208.60          -0.13533
208.80          -0.13547
209.00          -0.13561
209.20          -0.13577
209.40          -0.13594
209.60          -0.13612
209.80          -0.13630
210.00          -0.13650
210.20          -0.13672
210.40          -0.13694
210.60          -0.13718
210.80          -0.13743
211.00          -0.13769
211.20          -0.13797
211.40          -0.13827
211.60          -0.13858
211.80          -0.13891
212.00          -0.13926
212.20          -0.13962
212.40          -0.14001
212.60          -0.14042
212.80          -0.14085
213.00          -0.14130
213.20          -0.14178
213.40          -0.14228
213.60          -0.14281
213.80          -0.14337
214.00          -0.14396
214.20          -0.14458
214.40          -0.14523
214.60          -0.14592
214.80          -0.14664
215.00          -0.14741
215.20          -0.14821
215.40          -0.14906
215.60          -0.14996
215.80          -0.15090
216.00          -0.15190
216.20          -0.15295
216.40          -0.15406
216.60          -0.15524
216.80          -0.15647
217.00          -0.15778
217.20          -0.15916
217.40          -0.16062
217.60          -0.16217
217.80          -0.16381
218.00          -0.16554
218.20          -0.16737
218.40          -0.16931
218.60          -0.17138
218.80          -0.17356
219.00          -0.17589
219.20          -0.17836
219.40          -0.18098
219.60          -0.18377
219.80          -0.18675
220.00          -0.18992
220.20          -0.19331
220.40          -0.19692
220.60          -0.20079
220.80          -0.20492
221.00          -0.20935
221.20          -0.21411
221.40          -0.21921
221.60          -0.22470
221.80          -0.23061
222.00          -0.23698
222.20          -0.24386
222.40          -0.25129
222.60          -0.25934
222.80          -0.26807
223.00          -0.27755
223.20          -0.28787
223.40          -0.29911
223.60          -0.31137
223.80          -0.32478
224.00          -0.33946
224.20          -0.35555
224.40          -0.37322
224.60          -0.39264
224.80          -0.41401
225.00          -0.43753
