175.00          -0.026931
175.20          -0.026979
175.40          -0.027028
175.60          -0.027077
175.80          -0.027126
176.00          -0.027175
176.20          -0.027224
176.40          -0.027273
176.60          -0.027323
176.80          -0.027372
177.00          -0.027422
177.20          -0.027471
177.40          -0.027521
177.60          -0.027571
177.80          -0.027621
178.00          -0.027671
178.20          -0.027721
178.40          -0.027772
178.60          -0.027822
178.80          -0.027873
179.00          -0.027923
179.20          -0.027974
179.40          -0.028025
179.60          -0.028076
179.80          -0.028127
180.00          -0.028179
180.20          -0.028230
180.40          -0.028281
180.60          -0.028333
180.80          -0.028385
181.00          -0.028437
181.20          -0.028489
181.40          -0.028541
181.60          -0.028593
181.80          -0.028645
182.00          -0.028697
182.20          -0.028750
182.40          -0.028803
182.60          -0.028855
182.80          -0.028908
183.00          -0.028961
183.20          -0.029014
183.40          -0.029068
183.60          -0.029121
183.80          -0.029174
184.00          -0.029228
184.20          -0.029282
184.40          -0.029336
184.60          -0.029389
184.80          -0.029444
185.00          -0.029498
185.20          -0.029552
185.40          -0.029606
185.60          -0.029661
185.80          -0.029716
186.00          -0.029771
186.20          -0.029825
186.40          -0.029881
186.60          -0.029936
186.80          -0.029991
187.00          -0.030046
187.20          -0.030102
187.40          -0.030158
187.60          -0.030213
187.80          -0.030269
188.00          -0.030325
188.20          -0.030382
188.40          -0.030438
188.60          -0.030494
188.80          -0.030551
189.00          -0.030608
189.20          -0.030665
189.40          -0.030721
189.60          -0.030779
189.80          -0.030836
190.00          -0.030893
190.20          -0.030951
190.40          -0.031008
190.60          -0.031066
190.80          -0.031124
191.00          -0.031182
191.20          -0.031240
191.40          -0.031298
191.60          -0.031357
191.80          -0.031415
192.00          -0.031474
192.20          -0.031533
192.40          -0.031592
192.60          -0.031651
192.80          -0.031710
193.00          -0.031770
193.20          -0.031829
193.40          -0.031889
193.60          -0.031949
193.80          -0.032008
194.00          -0.032069
194.20          -0.032129
194.40          -0.032189
194.60          -0.032250
194.80          -0.032310
195.00          -0.032371
195.20          -0.032432
195.40          -0.032493
195.60          -0.032554
195.80          -0.032616
196.00          -0.032677
196.20          -0.032739
196.40          -0.032801
196.60          -0.032863
196.80          -0.032925
197.00          -0.032987
197.20          -0.033049
197.40          -0.033112
197.60          -0.033175
197.80          -0.033238
198.00          -0.033301
198.20          -0.033364
198.40          -0.033427
198.60          -0.033491
198.80          -0.033554
199.00          -0.033618
199.20          -0.033682
199.40          -0.033746
199.60          -0.033811
199.80          -0.033875
200.00          -0.033940
200.20          -0.034004
200.40          -0.034069
200.60          -0.034134
200.80          -0.034200
201.00          -0.034265
201.20          -0.034331
201.40          -0.034396
201.60          -0.034462
201.80          -0.034528
202.00          -0.034595
202.20          -0.034661
202.40          -0.034728
202.60          -0.034794
202.80          -0.034861
203.00          -0.034928
203.20          -0.034996
203.40          -0.035063
203.60          -0.035131
203.80          -0.035199
204.00          -0.035267
204.20          -0.035335
204.40          -0.035403
204.60          -0.035472
204.80          -0.035541
205.00          -0.035610
205.20          -0.035679
205.40          -0.035748
205.60          -0.035817
205.80          -0.035887
206.00          -0.035957
206.20          -0.036027
206.40          -0.036097
206.60          -0.036168
206.80          -0.036238
207.00          -0.036309
207.20          -0.036380
207.40          -0.036452
207.60          -0.036523
207.80          -0.036595
208.00          -0.036667
208.20          -0.036739
208.40          -0.036811
208.60          -0.036883
208.80          -0.036956
209.00          -0.037029
209.20          -0.037102
209.40          -0.037176
209.60          -0.037249
209.80          -0.037323
210.00          -0.037397
210.20          -0.037471
210.40          -0.037546
210.60          -0.037620
210.80          -0.037695
211.00          -0.037771
211.20          -0.037846
211.40          -0.037922
211.60          -0.037998
211.80          -0.038074
212.00          -0.038150
212.20          -0.038227
212.40          -0.038304
212.60          -0.038381
212.80          -0.038458
213.00          -0.038536
213.20          -0.038614
213.40          -0.038692
213.60          -0.038770
213.80          -0.038849
214.00          -0.038928
214.20          -0.039007
214.40          -0.039087
214.60          -0.039167
214.80          -0.039247
215.00          -0.039327
215.20          -0.039408
215.40          -0.039489
215.60          -0.039570
215.80          -0.039652
216.00          -0.039734
216.20          -0.039816
216.40          -0.039898
216.60          -0.039981
216.80          -0.040064
217.00          -0.040148
217.20          -0.040232
217.40          -0.040316
217.60          -0.040400
217.80          -0.040485
218.00          -0.040570
218.20          -0.040656
218.40          -0.040742
218.60          -0.040828
218.80          -0.040915
219.00          -0.041002
219.20          -0.041089
219.40          -0.041177
219.60          -0.041265
219.80          -0.041354
220.00          -0.041443
220.20          -0.041533
220.40          -0.041622
220.60          -0.041713
220.80          -0.041804
221.00          -0.041895
221.20          -0.041986
221.40          -0.042079
221.60          -0.042171
221.80          -0.042264
222.00          -0.042358
222.20          -0.042452
222.40          -0.042547
222.60          -0.042642
222.80          -0.042738
223.00          -0.042834
223.20          -0.042931
223.40          -0.043028
223.60          -0.043126
223.80          -0.043224
224.00          -0.043324
224.20          -0.043423
224.40          -0.043524
224.60          -0.043625
224.80          -0.043727
225.00          -0.043829
