175.00          -0.033921
175.20          -0.034005
175.40          -0.034090
175.60          -0.034176
175.80          -0.034262
176.00          -0.034348
176.20          -0.034434
176.40          -0.034521
176.60          -0.034608
176.80          -0.034695
177.00          -0.034783
177.20          -0.034871
177.40          -0.034959
177.60          -0.035048
177.80          -0.035137
178.00          -0.035227
178.20          -0.035317
178.40          -0.035407
178.60          -0.035498
178.80          -0.035589
179.00          -0.035680
179.20          -0.035772
179.40          -0.035864
179.60          -0.035957
179.80          -0.036050
180.00          -0.036143
180.20          -0.036237
180.40          -0.036331
180.60          -0.036426
180.80          -0.036521
181.00          -0.036616
181.20          -0.036712
181.40          -0.036808
181.60          -0.036905
181.80          -0.037002
182.00          -0.037099
182.20          -0.037197
182.40          -0.037296
182.60          -0.037395
182.80          -0.037494
183.00          -0.037594
183.20          -0.037694
183.40          -0.037794
183.60          -0.037896
183.80          -0.037997
184.00          -0.038099
184.20          -0.038202
184.40          -0.038305
184.60          -0.038408
184.80          -0.038512
185.00          -0.038617
185.20          -0.038722
185.40          -0.038828
185.60          -0.038934
185.80          -0.039040
186.00          -0.039147
186.20          -0.039255
186.40          -0.039363
186.60          -0.039472
186.80          -0.039581
187.00          -0.039691
187.20          -0.039801
187.40          -0.039912
187.60          -0.040024
187.80          -0.040136
188.00          -0.040249
188.20          -0.040362
188.40          -0.040476
188.60          -0.040590
188.80          -0.040705
189.00          -0.040821
189.20          -0.040938
189.40          -0.041055
189.60          -0.041172
189.80          -0.041291
190.00          -0.041410
190.20          -0.041529
190.40          -0.041650
190.60          -0.041771
190.80          -0.041892
191.00          -0.042015
191.20          -0.042138
191.40          -0.042262
191.60          -0.042386
191.80          -0.042512
192.00          -0.042638
192.20          -0.042765
192.40          -0.042892
192.60          -0.043021
192.80          -0.043150
193.00          -0.043280
193.20          -0.043411
193.40          -0.043543
193.60          -0.043675
193.80          -0.043809
194.00          -0.043943
194.20          -0.044078
194.40          -0.044214
194.60          -0.044351
194.80          -0.044489
195.00          -0.044628
195.20          -0.044768
195.40          -0.044909
195.60          -0.045051
195.80          -0.045193
196.00          -0.045337
196.20          -0.045482
196.40          -0.045628
196.60          -0.045775
196.80          -0.045923
197.00          -0.046072
197.20          -0.046222
197.40          -0.046374
197.60          -0.046526
197.80          -0.046680
198.00          -0.046835
198.20          -0.046991
198.40          -0.047149
198.60          -0.047308
198.80          -0.047468
199.00          -0.047629
199.20          -0.047792
199.40          -0.047956
199.60          -0.048121
199.80          -0.048288
200.00          -0.048456
200.20          -0.048626
200.40          -0.048797
200.60          -0.048970
200.80          -0.049145
201.00          -0.049321
201.20          -0.049498
201.40          -0.049678
201.60          -0.049859
201.80          -0.050042
202.00          -0.050226
202.20          -0.050412
202.40          -0.050601
202.60          -0.050791
202.80          -0.050983
203.00          -0.051177
203.20          -0.051373
203.40          -0.051571
203.60          -0.051771
203.80          -0.051973
204.00          -0.052178
204.20          -0.052385
204.40          -0.052594
204.60          -0.052806
204.80          -0.053020
205.00          -0.053236
205.20          -0.053455
205.40          -0.053677
205.60          -0.053901
205.80          -0.054128
206.00          -0.054358
206.20          -0.054591
206.40          -0.054826
206.60          -0.055065
206.80          -0.055307
207.00          -0.055552
207.20          -0.055801
207.40          -0.056052
207.60          -0.056308
207.80          -0.056566
208.00          -0.056829
208.20          -0.057095
208.40          -0.057365
208.60          -0.057640
208.80          -0.057918
209.00          -0.058201
209.20          -0.058488
209.40          -0.058779
209.60          -0.059075
209.80          -0.059376
210.00          -0.059682
210.20          -0.059993
210.40          -0.060309
210.60          -0.060630
210.80          -0.060958
211.00          -0.061291
211.20          -0.061630
211.40          -0.061975
211.60          -0.062326
211.80          -0.062684
212.00          -0.063049
212.20          -0.063422
212.40          -0.063801
212.60          -0.064188
212.80          -0.064583
213.00          -0.064986
213.20          -0.065397
213.40          -0.065818
213.60          -0.066247
213.80          -0.066686
214.00          -0.067135
214.20          -0.067594
214.40          -0.068063
214.60          -0.068544
214.80          -0.069036
215.00          -0.069541
215.20          -0.070057
215.40          -0.070587
215.60          -0.071131
215.80          -0.071688
216.00          -0.072261
216.20          -0.072849
216.40          -0.073453
216.60          -0.074074
216.80          -0.074713
217.00          -0.075370
217.20          -0.076047
217.40          -0.076744
217.60          -0.077462
217.80          -0.078203
218.00          -0.078968
218.20          -0.079757
218.40          -0.080573
218.60          -0.081416
218.80          -0.082288
219.00          -0.083190
219.20          -0.084125
219.40          -0.085094
219.60          -0.086098
219.80          -0.087141
220.00          -0.088224
220.20          -0.089349
220.40          -0.090520
220.60          -0.091739
220.80          -0.093008
221.00          -0.094332
221.20          -0.095714
221.40          -0.097158
221.60          -0.098667
221.80          -0.10025
222.00          -0.10190
222.20          -0.10364
222.40          -0.10546
222.60          -0.10737
222.80          -0.10938
223.00          -0.11150
223.20          -0.11374
223.40          -0.11610
223.60          -0.11859
223.80          -0.12123
224.00          -0.12403
224.20          -0.12700
224.40          -0.13016
224.60          -0.13352
224.80          -0.13710
225.00          -0.14092
