175.00          -0.074424
175.20          -0.073579
175.40          -0.072757
175.60          -0.071958
175.80          -0.071180
176.00          -0.070423
176.20          -0.069687
176.40          -0.068971
176.60          -0.068275
176.80          -0.067599
177.00          -0.066941
177.20          -0.066301
177.40          -0.065680
177.60          -0.065076
177.80          -0.064489
178.00          -0.063919
178.20          -0.063365
178.40          -0.062828
178.60          -0.062305
178.80          -0.061798
179.00          -0.061306
179.20          -0.060829
179.40          -0.060365
179.60          -0.059916
179.80          -0.059480
180.00          -0.059057
180.20          -0.058647
180.40          -0.058250
180.60          -0.057866
180.80          -0.057493
181.00          -0.057132
181.20          -0.056783
181.40          -0.056445
181.60          -0.056119
181.80          -0.055803
182.00          -0.055497
182.20          -0.055203
182.40          -0.054918
182.60          -0.054643
182.80          -0.054378
183.00          -0.054122
183.20          -0.053876
183.40          -0.053639
183.60          -0.053411
183.80          -0.053192
184.00          -0.052982
184.20          -0.052779
184.40          -0.052586
184.60          -0.052400
184.80          -0.052222
185.00          -0.052052
185.20          -0.051890
185.40          -0.051735
185.60          -0.051588
185.80          -0.051447
186.00          -0.051314
186.20          -0.051188
186.40          -0.051069
186.60          -0.050957
186.80          -0.050851
187.00          -0.050752
187.20          -0.050659
187.40          -0.050572
187.60          -0.050492
187.80          -0.050417
188.00          -0.050349
188.20          -0.050287
188.40          -0.050230
188.60          -0.050179
188.80          -0.050133
189.00          -0.050094
189.20          -0.050059
189.40          -0.050030
189.60          -0.050006
189.80          -0.049988
190.00          -0.049974
190.20          -0.049966
190.40          -0.049962
190.60          -0.049964
190.80          -0.049970
191.00          -0.049981
191.20          -0.049997
191.40          -0.050018
191.60          -0.050043
191.80          -0.050072
192.00          -0.050106
192.20          -0.050145
192.40          -0.050188
192.60          -0.050235
192.80          -0.050286
193.00          -0.050342
193.20          -0.050402
193.40          -0.050466
193.60          -0.050534
193.80          -0.050606
194.00          -0.050682
194.20          -0.050762
194.40          -0.050846
194.60          -0.050934
194.80          -0.051025
195.00          -0.051121
195.20          -0.051220
195.40          -0.051323
195.60          -0.051430
195.80          -0.051540
196.00          -0.051654
196.20          -0.051771
196.40          -0.051893
196.60          -0.052017
196.80          -0.052145
197.00          -0.052277
197.20          -0.052412
197.40          -0.052551
197.60          -0.052693
197.80          -0.052838
198.00          -0.052987
198.20          -0.053139
198.40          -0.053294
198.60          -0.053453
198.80          -0.053615
199.00          -0.053780
199.20          -0.053949
199.40          -0.054120
199.60          -0.054295
199.80          -0.054473
200.00          -0.054655
200.20          -0.054839
200.40          -0.055026
200.60          -0.055217
200.80          -0.055411
201.00          -0.055608
201.20          -0.055808
201.40          -0.056011
201.60          -0.056217
201.80          -0.056426
202.00          -0.056638
202.20          -0.056853
202.40          -0.057071
202.60          -0.057292
202.80          -0.057516
203.00          -0.057744
203.20          -0.057974
203.40          -0.058207
203.60          -0.058443
203.80          -0.058681
204.00          -0.058923
204.20          -0.059168
204.40          -0.059416
204.60          -0.059666
204.80          -0.059920
205.00          -0.060176
205.20          -0.060435
205.40          -0.060697
205.60          -0.060962
205.80          -0.061230
206.00          -0.061501
206.20          -0.061774
206.40          -0.062051
206.60          -0.062330
206.80          -0.062612
207.00          -0.062897
207.20          -0.063185
207.40          -0.063475
207.60          -0.063769
207.80          -0.064065
208.00          -0.064364
208.20          -0.064666
208.40          -0.064970
208.60          -0.065278
208.80          -0.065588
209.00          -0.065901
209.20          -0.066217
209.40          -0.066535
209.60          -0.066856
209.80          -0.067181
210.00          -0.067507
210.20          -0.067837
210.40          -0.068169
210.60          -0.068505
210.80          -0.068842
211.00          -0.069183
211.20          -0.069527
211.40          -0.069873
211.60          -0.070222
211.80          -0.070573
212.00          -0.070927
212.20          -0.071285
212.40          -0.071644
212.60          -0.072007
212.80          -0.072372
213.00          -0.072740
213.20          -0.073111
213.40          -0.073484
213.60          -0.073860
213.80          -0.074239
214.00          -0.074620
214.20          -0.075004
214.40          -0.075391
214.60          -0.075780
214.80          -0.076173
215.00          -0.076567
215.20          -0.076965
215.40          -0.077365
215.60          -0.077768
215.80          -0.078173
216.00          -0.078581
216.20          -0.078992
216.40          -0.079405
216.60          -0.079821
216.80          -0.080239
217.00          -0.080660
217.20          -0.081084
217.40          -0.081510
217.60          -0.081939
217.80          -0.082370
218.00          -0.082804
218.20          -0.083240
218.40          -0.083679
218.60          -0.084121
218.80          -0.084565
219.00          -0.085011
219.20          -0.085460
219.40          -0.085911
219.60          -0.086365
219.80          -0.086822
220.00          -0.087280
220.20          -0.087742
220.40          -0.088205
220.60          -0.088671
220.80          -0.089140
221.00          -0.089611
221.20          -0.090084
221.40          -0.090559
221.60          -0.091037
221.80          -0.091517
222.00          -0.092000
222.20          -0.092484
222.40          -0.092971
222.60          -0.093461
222.80          -0.093952
223.00          -0.094446
223.20          -0.094942
223.40          -0.095440
223.60          -0.095940
223.80          -0.096442
224.00          -0.096946
224.20          -0.097453
224.40          -0.097961
224.60          -0.098472
224.80          -0.098985
225.00          -0.099499
