175.00          -0.053902
175.20          -0.053580
175.40          -0.053269
175.60          -0.052967
175.80          -0.052676
176.00          -0.052394
176.20          -0.052121
176.40          -0.051857
176.60          -0.051603
176.80          -0.051357
177.00          -0.051120
177.20          -0.050891
177.40          -0.050671
177.60          -0.050459
177.80          -0.050255
178.00          -0.050059
178.20          -0.049870
178.40          -0.049689
178.60          -0.049516
178.80          -0.049350
179.00          -0.049190
179.20          -0.049038
179.40          -0.048893
179.60          -0.048755
179.80          -0.048623
180.00          -0.048498
180.20          -0.048379
180.40          -0.048267
180.60          -0.048161
180.80          -0.048061
181.00          -0.047967
181.20          -0.047879
181.40          -0.047796
181.60          -0.047720
181.80          -0.047649
182.00          -0.047584
182.20          -0.047524
182.40          -0.047470
182.60          -0.047421
182.80          -0.047377
183.00          -0.047338
183.20          -0.047305
183.40          -0.047277
183.60          -0.047253
183.80          -0.047235
184.00          -0.047221
184.20          -0.047212
184.40          -0.047208
184.60          -0.047209
184.80          -0.047214
185.00          -0.047224
185.20          -0.047238
185.40          -0.047256
185.60          -0.047280
185.80          -0.047307
186.00          -0.047339
186.20          -0.047375
186.40          -0.047415
186.60          -0.047460
186.80          -0.047508
187.00          -0.047561
187.20          -0.047618
187.40          -0.047679
187.60          -0.047744
187.80          -0.047812
188.00          -0.047885
188.20          -0.047962
188.40          -0.048042
188.60          -0.048127
188.80          -0.048215
189.00          -0.048307
189.20          -0.048402
189.40          -0.048502
189.60          -0.048605
189.80          -0.048712
190.00          -0.048822
190.20          -0.048936
190.40          -0.049054
190.60          -0.049175
190.80          -0.049300
191.00          -0.049429
191.20          -0.049561
191.40          -0.049696
191.60          -0.049835
191.80          -0.049978
192.00          -0.050124
192.20          -0.050274
192.40          -0.050426
192.60          -0.050583
192.80          -0.050743
193.00          -0.050906
193.20          -0.051073
193.40          -0.051243
193.60          -0.051416
193.80          -0.051593
194.00          -0.051773
194.20          -0.051957
194.40          -0.052144
194.60          -0.052334
194.80          -0.052528
195.00          -0.052725
195.20          -0.052925
195.40          -0.053129
195.60          -0.053336
195.80          -0.053547
196.00          -0.053760
196.20          -0.053977
196.40          -0.054198
196.60          -0.054422
196.80          -0.054649
197.00          -0.054879
197.20          -0.055113
197.40          -0.055350
197.60          -0.055590
197.80          -0.055834
198.00          -0.056081
198.20          -0.056332
198.40          -0.056586
198.60          -0.056843
198.80          -0.057104
199.00          -0.057367
199.20          -0.057635
199.40          -0.057906
199.60          -0.058180
199.80          -0.058457
200.00          -0.058738
200.20          -0.059022
200.40          -0.059310
200.60          -0.059601
200.80          -0.059896
201.00          -0.060194
201.20          -0.060495
201.40          -0.060800
201.60          -0.061108
201.80          -0.061420
202.00          -0.061735
202.20          -0.062054
202.40          -0.062377
202.60          -0.062702
202.80          -0.063032
203.00          -0.063365
203.20          -0.063701
203.40          -0.064041
203.60          -0.064385
203.80          -0.064732
204.00          -0.065083
204.20          -0.065437
204.40          -0.065795
204.60          -0.066157
204.80          -0.066522
205.00          -0.066891
205.20          -0.067264
205.40          -0.067640
205.60          -0.068021
205.80          -0.068404
206.00          -0.068792
206.20          -0.069183
206.40          -0.069579
206.60          -0.069977
206.80          -0.070380
207.00          -0.070787
207.20          -0.071197
207.40          -0.071611
207.60          -0.072029
207.80          -0.072451
208.00          -0.072877
208.20          -0.073307
208.40          -0.073741
208.60          -0.074179
208.80          -0.074620
209.00          -0.075066
209.20          -0.075516
209.40          -0.075969
209.60          -0.076427
209.80          -0.076889
210.00          -0.077355
210.20          -0.077825
210.40          -0.078299
210.60          -0.078777
210.80          -0.079259
211.00          -0.079746
211.20          -0.080236
211.40          -0.080731
211.60          -0.081230
211.80          -0.081734
212.00          -0.082241
212.20          -0.082753
212.40          -0.083269
212.60          -0.083789
212.80          -0.084314
213.00          -0.084843
213.20          -0.085377
213.40          -0.085914
213.60          -0.086457
213.80          -0.087003
214.00          -0.087554
214.20          -0.088109
214.40          -0.088669
214.60          -0.089234
214.80          -0.089802
215.00          -0.090376
215.20          -0.090954
215.40          -0.091536
215.60          -0.092123
215.80          -0.092714
216.00          -0.093311
216.20          -0.093911
216.40          -0.094517
216.60          -0.095126
216.80          -0.095741
217.00          -0.096360
217.20          -0.096984
217.40          -0.097613
217.60          -0.098246
217.80          -0.098884
218.00          -0.099527
218.20          -0.10017
218.40          -0.10083
218.60          -0.10148
218.80          -0.10215
219.00          -0.10281
219.20          -0.10348
219.40          -0.10416
219.60          -0.10484
219.80          -0.10553
220.00          -0.10622
220.20          -0.10691
220.40          -0.10761
220.60          -0.10832
220.80          -0.10903
221.00          -0.10974
221.20          -0.11046
221.40          -0.11119
221.60          -0.11192
221.80          -0.11265
222.00          -0.11339
222.20          -0.11414
222.40          -0.11489
222.60          -0.11564
222.80          -0.11640
223.00          -0.11717
223.20          -0.11794
223.40          -0.11871
223.60          -0.11949
223.80          -0.12027
224.00          -0.12106
224.20          -0.12186
224.40          -0.12266
224.60          -0.12346
224.80          -0.12427
225.00          -0.12509
