175.00          -0.031076
175.20          -0.031152
175.40          -0.031229
175.60          -0.031307
175.80          -0.031384
176.00          -0.031462
176.20          -0.031541
176.40          -0.031620
176.60          -0.031699
176.80          -0.031779
177.00          -0.031859
177.20          -0.031940
177.40          -0.032021
177.60          -0.032103
177.80          -0.032185
178.00          -0.032268
178.20          -0.032351
178.40          -0.032435
178.60          -0.032519
178.80          -0.032604
179.00          -0.032689
179.20          -0.032774
179.40          -0.032861
179.60          -0.032948
179.80          -0.033035
180.00          -0.033123
180.20          -0.033212
180.40          -0.033301
180.60          -0.033390
180.80          -0.033481
181.00          -0.033572
181.20          -0.033663
181.40          -0.033756
181.60          -0.033849
181.80          -0.033942
182.00          -0.034037
182.20          -0.034132
182.40          -0.034228
182.60          -0.034324
182.80          -0.034421
183.00          -0.034519
183.20          -0.034618
183.40          -0.034718
183.60          -0.034818
183.80          -0.034920
184.00          -0.035022
184.20          -0.035125
184.40          -0.035229
184.60          -0.035334
184.80          -0.035439
185.00          -0.035546
185.20          -0.035654
185.40          -0.035763
185.60          -0.035872
185.80          -0.035983
186.00          -0.036095
186.20          -0.036208
186.40          -0.036323
186.60          -0.036438
186.80          -0.036555
187.00          -0.036673
187.20          -0.036792
187.40          -0.036912
187.60          -0.037034
187.80          -0.037157
188.00          -0.037282
188.20          -0.037408
188.40          -0.037536
188.60          -0.037665
188.80          -0.037796
189.00          -0.037929
189.20          -0.038063
189.40          -0.038199
189.60          -0.038337
189.80          -0.038477
190.00          -0.038619
190.20          -0.038763
190.40          -0.038909
190.60          -0.039057
190.80          -0.039207
191.00          -0.039360
191.20          -0.039515
191.40          -0.039673
191.60          -0.039834
191.80          -0.039997
192.00          -0.040163
192.20          -0.040332
192.40          -0.040504
192.60          -0.040679
192.80          -0.040858
193.00          -0.041040
193.20          -0.041226
193.40          -0.041415
193.60          -0.041609
193.80          -0.041807
194.00          -0.042009
194.20          -0.042216
194.40          -0.042427
194.60          -0.042644
194.80          -0.042866
195.00          -0.043093
195.20          -0.043327
195.40          -0.043566
195.60          -0.043812
195.80          -0.044065
196.00          -0.044326
196.20          -0.044594
196.40          -0.044870
196.60          -0.045155
196.80          -0.045450
197.00          -0.045754
197.20          -0.046069
197.40          -0.046395
197.60          -0.046733
197.80          -0.047085
198.00          -0.047450
198.20          -0.047830
198.40          -0.048226
198.60          -0.048640
198.80          -0.049073
199.00          -0.049526
199.20          -0.050002
199.40          -0.050502
199.60          -0.051030
199.80          -0.051586
200.00          -0.052176
200.20          -0.052802
200.40          -0.053468
200.60          -0.054178
200.80          -0.054940
201.00          -0.055759
201.20          -0.056642
201.40          -0.057600
201.60          -0.058644
201.80          -0.059787
202.00          -0.061047
202.20          -0.062445
202.40          -0.064008
202.60          -0.065772
202.80          -0.067783
203.00          -0.070102
203.20          -0.072815
203.40          -0.076040
203.60          -0.079953
203.80          -0.084815
204.00          -0.091040
204.20          -0.099315
204.40          -0.11087
204.60          -0.12808
204.80          -0.15622
205.00          -0.20898
205.20          -0.33342
205.40          -0.79760
205.60          -7.4890
205.80          -1.1219
206.00          -0.22723
206.20          -0.10455
206.40          -0.072027
206.60          -0.061437
206.80          -0.058342
207.00          -0.058416
207.20          -0.060080
207.40          -0.062699
207.60          -0.066014
207.80          -0.069942
208.00          -0.074498
208.20          -0.079761
208.40          -0.085869
208.60          -0.093021
208.80          -0.10150
209.00          -0.11168
209.20          -0.12410
209.40          -0.13954
209.60          -0.15908
209.80          -0.18438
210.00          -0.21797
210.20          -0.26384
210.40          -0.32851
210.60          -0.42289
210.80          -0.56531
211.00          -0.78467
211.20          -1.1125
211.40          -1.5174
211.60          -1.7532
211.80          -1.5515
212.00          -1.1285
212.20          -0.77312
212.40          -0.53771
212.60          -0.38876
212.80          -0.29298
213.00          -0.22934
213.20          -0.18557
213.40          -0.15448
213.60          -0.13176
213.80          -0.11477
214.00          -0.10178
214.20          -0.091664
214.40          -0.083670
214.60          -0.077262
214.80          -0.072065
215.00          -0.067806
215.20          -0.064283
215.40          -0.061345
215.60          -0.058878
215.80          -0.056794
216.00          -0.055023
216.20          -0.053512
216.40          -0.052217
216.60          -0.051102
216.80          -0.050141
217.00          -0.049311
217.20          -0.048591
217.40          -0.047967
217.60          -0.047425
217.80          -0.046955
218.00          -0.046547
218.20          -0.046194
218.40          -0.045888
218.60          -0.045625
218.80          -0.045398
219.00          -0.045205
219.20          -0.045041
219.40          -0.044903
219.60          -0.044789
219.80          -0.044696
220.00          -0.044622
220.20          -0.044564
220.40          -0.044522
220.60          -0.044495
220.80          -0.044479
221.00          -0.044476
221.20          -0.044483
221.40          -0.044499
221.60          -0.044525
221.80          -0.044558
222.00          -0.044599
222.20          -0.044647
222.40          -0.044702
222.60          -0.044763
222.80          -0.044829
223.00          -0.044900
223.20          -0.044977
223.40          -0.045058
223.60          -0.045143
223.80          -0.045233
224.00          -0.045327
224.20          -0.045426
224.40          -0.045528
224.60          -0.045634
224.80          -0.045744
225.00          -0.045859
