175.00          -0.024075
175.20          -0.024113
175.40          -0.024151
175.60          -0.024189
175.80          -0.024228
176.00          -0.024266
176.20          -0.024305
176.40          -0.024343
176.60          -0.024382
176.80          -0.024421
177.00          -0.024460
177.20          -0.024498
177.40          -0.024537
177.60          -0.024576
177.80          -0.024616
178.00          -0.024655
178.20          -0.024694
178.40          -0.024733
178.60          -0.024773
178.80          -0.024812
179.00          -0.024852
179.20          -0.024892
179.40          -0.024931
179.60          -0.024971
179.80          -0.025011
180.00          -0.025051
180.20          -0.025091
180.40          -0.025131
180.60          -0.025172
180.80          -0.025212
181.00          -0.025252
181.20          -0.025293
181.40          -0.025333
181.60          -0.025374
181.80          -0.025415
182.00          -0.025456
182.20          -0.025497
182.40          -0.025538
182.60          -0.025579
182.80          -0.025620
183.00          -0.025661
183.20          -0.025702
183.40          -0.025744
183.60          -0.025785
183.80          -0.025827
184.00          -0.025869
184.20          -0.025910
184.40          -0.025952
184.60          -0.025994
184.80          -0.026036
185.00          -0.026078
185.20          -0.026120
185.40          -0.026163
185.60          -0.026205
185.80          -0.026247
186.00          -0.026290
186.20          -0.026333
186.40          -0.026375
186.60          -0.026418
186.80          -0.026461
187.00          -0.026504
187.20          -0.026547
187.40          -0.026590
187.60          -0.026634
187.80          -0.026677
188.00          -0.026720
188.20          -0.026764
188.40          -0.026808
188.60          -0.026851
188.80          -0.026895
189.00          -0.026939
189.20          -0.026983
189.40          -0.027027
189.60          -0.027072
189.80          -0.027116
190.00          -0.027160
190.20          -0.027205
190.40          -0.027249
190.60          -0.027294
190.80          -0.027339
191.00          -0.027384
191.20          -0.027429
191.40          -0.027474
191.60          -0.027519
191.80          -0.027565
192.00          -0.027610
192.20          -0.027656
192.40          -0.027701
192.60          -0.027747
192.80          -0.027793
193.00          -0.027839
193.20          -0.027885
193.40          -0.027931
193.60          -0.027977
193.80          -0.028024
194.00          -0.028070
194.20          -0.028117
194.40          -0.028164
194.60          -0.028211
194.80          -0.028258
195.00          -0.028305
195.20          -0.028352
195.40          -0.028400
195.60          -0.028447
195.80          -0.028495
196.00          -0.028543
196.20          -0.028591
196.40          -0.028639
196.60          -0.028687
196.80          -0.028735
197.00          -0.028784
197.20          -0.028833
197.40          -0.028881
197.60          -0.028930
197.80          -0.028979
198.00          -0.029029
198.20          -0.029078
198.40          -0.029128
198.60          -0.029178
198.80          -0.029228
199.00          -0.029278
199.20          -0.029329
199.40          -0.029379
199.60          -0.029430
199.80          -0.029481
200.00          -0.029533
200.20          -0.029584
200.40          -0.029636
200.60          -0.029689
200.80          -0.029741
201.00          -0.029794
201.20          -0.029848
201.40          -0.029902
201.60          -0.029956
201.80          -0.030011
202.00          -0.030067
202.20          -0.030123
202.40          -0.030180
202.60          -0.030238
202.80          -0.030297
203.00          -0.030358
203.20          -0.030420
203.40          -0.030485
203.60          -0.030551
203.80          -0.030622
204.00          -0.030697
204.20          -0.030778
204.40          -0.030868
204.60          -0.030972
204.80          -0.031098
205.00          -0.031262
205.20          -0.031499
205.40          -0.031906
205.60          -0.032834
205.80          -0.036633
206.00          -0.24747
206.20          -0.035340
206.40          -0.031667
206.60          -0.031222
206.80          -0.031151
207.00          -0.031168
207.20          -0.031213
207.40          -0.031269
207.60          -0.031328
207.80          -0.031389
208.00          -0.031450
208.20          -0.031512
208.40          -0.031573
208.60          -0.031634
208.80          -0.031695
209.00          -0.031756
209.20          -0.031817
209.40          -0.031877
209.60          -0.031938
209.80          -0.031998
210.00          -0.032059
210.20          -0.032119
210.40          -0.032180
210.60          -0.032241
210.80          -0.032301
211.00          -0.032362
211.20          -0.032424
211.40          -0.032485
211.60          -0.032546
211.80          -0.032608
212.00          -0.032670
212.20          -0.032732
212.40          -0.032795
212.60          -0.032857
212.80          -0.032921
213.00          -0.032984
213.20          -0.033048
213.40          -0.033112
213.60          -0.033176
213.80          -0.033241
214.00          -0.033307
214.20          -0.033373
214.40          -0.033439
214.60          -0.033506
214.80          -0.033573
215.00          -0.033641
215.20          -0.033710
215.40          -0.033779
215.60          -0.033849
215.80          -0.033919
216.00          -0.033990
216.20          -0.034062
216.40          -0.034135
216.60          -0.034209
216.80          -0.034284
217.00          -0.034360
217.20          -0.034437
217.40          -0.034515
217.60          -0.034594
217.80          -0.034675
218.00          -0.034757
218.20          -0.034841
218.40          -0.034926
218.60          -0.035014
218.80          -0.035103
219.00          -0.035195
219.20          -0.035289
219.40          -0.035385
219.60          -0.035485
219.80          -0.035588
220.00          -0.035694
220.20          -0.035805
220.40          -0.035920
220.60          -0.036040
220.80          -0.036165
221.00          -0.036298
221.20          -0.036437
221.40          -0.036585
221.60          -0.036742
221.80          -0.036911
222.00          -0.037093
222.20          -0.037290
222.40          -0.037506
222.60          -0.037743
222.80          -0.038008
223.00          -0.038306
223.20          -0.038644
223.40          -0.039034
223.60          -0.039490
223.80          -0.040033
224.00          -0.040691
224.20          -0.041509
224.40          -0.042553
224.60          -0.043928
224.80          -0.045813
225.00          -0.048532
