175.00          -0.027568
175.20          -0.027624
175.40          -0.027681
175.60          -0.027737
175.80          -0.027794
176.00          -0.027851
176.20          -0.027908
176.40          -0.027965
176.60          -0.028023
176.80          -0.028081
177.00          -0.028138
177.20          -0.028197
177.40          -0.028255
177.60          -0.028314
177.80          -0.028372
178.00          -0.028431
178.20          -0.028491
178.40          -0.028550
178.60          -0.028610
178.80          -0.028670
179.00          -0.028730
179.20          -0.028790
179.40          -0.028851
179.60          -0.028912
179.80          -0.028973
180.00          -0.029034
180.20          -0.029096
180.40          -0.029158
180.60          -0.029220
180.80          -0.029282
181.00          -0.029345
181.20          -0.029407
181.40          -0.029470
181.60          -0.029534
181.80          -0.029597
182.00          -0.029661
182.20          -0.029726
182.40          -0.029790
182.60          -0.029855
182.80          -0.029920
183.00          -0.029985
183.20          -0.030051
183.40          -0.030116
183.60          -0.030183
183.80          -0.030249
184.00          -0.030316
184.20          -0.030383
184.40          -0.030450
184.60          -0.030518
184.80          -0.030586
185.00          -0.030654
185.20          -0.030723
185.40          -0.030792
185.60          -0.030861
185.80          -0.030931
186.00          -0.031001
186.20          -0.031071
186.40          -0.031142
186.60          -0.031213
186.80          -0.031285
187.00          -0.031356
187.20          -0.031429
187.40          -0.031501
187.60          -0.031574
187.80          -0.031648
188.00          -0.031721
188.20          -0.031796
188.40          -0.031870
188.60          -0.031945
188.80          -0.032021
189.00          -0.032097
189.20          -0.032173
189.40          -0.032250
189.60          -0.032327
189.80          -0.032405
190.00          -0.032483
190.20          -0.032562
190.40          -0.032641
190.60          -0.032721
190.80          -0.032801
191.00          -0.032882
191.20          -0.032964
191.40          -0.033045
191.60          -0.033128
191.80          -0.033211
192.00          -0.033295
192.20          -0.033379
192.40          -0.033464
192.60          -0.033550
192.80          -0.033636
193.00          -0.033723
193.20          -0.033811
193.40          -0.033899
193.60          -0.033988
193.80          -0.034078
194.00          -0.034168
194.20          -0.034260
194.40          -0.034352
194.60          -0.034445
194.80          -0.034539
195.00          -0.034634
195.20          -0.034730
195.40          -0.034827
195.60          -0.034925
195.80          -0.035023
196.00          -0.035123
196.20          -0.035224
196.40          -0.035327
196.60          -0.035430
196.80          -0.035535
197.00          -0.035641
197.20          -0.035748
197.40          -0.035857
197.60          -0.035967
197.80          -0.036079
198.00          -0.036193
198.20          -0.036309
198.40          -0.036426
198.60          -0.036545
198.80          -0.036666
199.00          -0.036790
199.20          -0.036916
199.40          -0.037045
199.60          -0.037176
199.80          -0.037310
200.00          -0.037448
200.20          -0.037589
200.40          -0.037733
200.60          -0.037882
200.80          -0.038036
201.00          -0.038194
201.20          -0.038358
201.40          -0.038528
201.60          -0.038706
201.80          -0.038891
202.00          -0.039086
202.20          -0.039291
202.40          -0.039509
202.60          -0.039741
202.80          -0.039991
203.00          -0.040262
203.20          -0.040560
203.40          -0.040890
203.60          -0.041263
203.80          -0.041692
204.00          -0.042195
204.20          -0.042804
204.40          -0.043565
204.60          -0.044562
204.80          -0.045945
205.00          -0.048022
205.20          -0.051515
205.40          -0.058525
205.60          -0.077869
205.80          -0.19576
206.00          -1.0193
206.20          -0.071601
206.40          -0.045517
206.60          -0.040923
206.80          -0.039767
207.00          -0.039532
207.20          -0.039612
207.40          -0.039813
207.60          -0.040064
207.80          -0.040336
208.00          -0.040616
208.20          -0.040899
208.40          -0.041182
208.60          -0.041465
208.80          -0.041748
209.00          -0.042032
209.20          -0.042317
209.40          -0.042604
209.60          -0.042894
209.80          -0.043187
210.00          -0.043485
210.20          -0.043788
210.40          -0.044097
210.60          -0.044413
210.80          -0.044736
211.00          -0.045068
211.20          -0.045410
211.40          -0.045761
211.60          -0.046125
211.80          -0.046500
212.00          -0.046889
212.20          -0.047293
212.40          -0.047714
212.60          -0.048152
212.80          -0.048609
213.00          -0.049087
213.20          -0.049588
213.40          -0.050115
213.60          -0.050669
213.80          -0.051253
214.00          -0.051870
214.20          -0.052524
214.40          -0.053219
214.60          -0.053959
214.80          -0.054748
215.00          -0.055593
215.20          -0.056500
215.40          -0.057477
215.60          -0.058532
215.80          -0.059675
216.00          -0.060919
216.20          -0.062277
216.40          -0.063766
216.60          -0.065406
216.80          -0.067221
217.00          -0.069238
217.20          -0.071494
217.40          -0.074031
217.60          -0.076903
217.80          -0.080178
218.00          -0.083939
218.20          -0.088297
218.40          -0.093394
218.60          -0.099420
218.80          -0.10663
219.00          -0.11536
219.20          -0.12611
219.40          -0.13958
219.60          -0.15679
219.80          -0.17933
220.00          -0.20968
220.20          -0.25198
220.40          -0.31342
220.60          -0.40731
220.80          -0.55990
221.00          -0.82605
221.20          -1.3184
221.40          -2.1730
221.60          -2.8803
221.80          -2.2270
222.00          -1.2867
222.20          -0.75000
222.40          -0.47397
222.60          -0.32407
222.80          -0.23651
223.00          -0.18195
223.20          -0.14611
223.40          -0.12153
223.60          -0.10409
223.80          -0.091357
224.00          -0.081839
224.20          -0.074587
224.40          -0.068974
224.60          -0.064575
224.80          -0.061092
225.00          -0.058316
