175.00          -0.027967
175.20          -0.028026
175.40          -0.028084
175.60          -0.028144
175.80          -0.028203
176.00          -0.028263
176.20          -0.028322
176.40          -0.028382
176.60          -0.028443
176.80          -0.028503
177.00          -0.028564
177.20          -0.028625
177.40          -0.028686
177.60          -0.028748
177.80          -0.028809
178.00          -0.028871
178.20          -0.028934
178.40          -0.028996
178.60          -0.029059
178.80          -0.029122
179.00          -0.029185
179.20          -0.029248
179.40          -0.029312
179.60          -0.029376
179.80          -0.029441
180.00          -0.029505
180.20          -0.029570
180.40          -0.029635
180.60          -0.029701
180.80          -0.029766
181.00          -0.029832
181.20          -0.029899
181.40          -0.029965
181.60          -0.030032
181.80          -0.030099
182.00          -0.030167
182.20          -0.030235
182.40          -0.030303
182.60          -0.030371
182.80          -0.030440
183.00          -0.030509
183.20          -0.030579
183.40          -0.030648
183.60          -0.030719
183.80          -0.030789
184.00          -0.030860
184.20          -0.030931
184.40          -0.031003
184.60          -0.031074
184.80          -0.031147
185.00          -0.031219
185.20          -0.031292
185.40          -0.031366
185.60          -0.031440
185.80          -0.031514
186.00          -0.031588
186.20          -0.031664
186.40          -0.031739
186.60          -0.031815
186.80          -0.031891
187.00          -0.031968
187.20          -0.032045
187.40          -0.032123
187.60          -0.032201
187.80          -0.032279
188.00          -0.032358
188.20          -0.032438
188.40          -0.032518
188.60          -0.032599
188.80          -0.032680
189.00          -0.032761
189.20          -0.032843
189.40          -0.032926
189.60          -0.033009
189.80          -0.033093
190.00          -0.033177
190.20          -0.033262
190.40          -0.033348
190.60          -0.033434
190.80          -0.033521
191.00          -0.033608
191.20          -0.033696
191.40          -0.033785
191.60          -0.033875
191.80          -0.033965
192.00          -0.034056
192.20          -0.034148
192.40          -0.034240
192.60          -0.034333
192.80          -0.034427
193.00          -0.034522
193.20          -0.034618
193.40          -0.034714
193.60          -0.034812
193.80          -0.034910
194.00          -0.035009
194.20          -0.035110
194.40          -0.035211
194.60          -0.035313
194.80          -0.035417
195.00          -0.035521
195.20          -0.035627
195.40          -0.035734
195.60          -0.035842
195.80          -0.035952
196.00          -0.036062
196.20          -0.036175
196.40          -0.036288
196.60          -0.036403
196.80          -0.036520
197.00          -0.036638
197.20          -0.036758
197.40          -0.036880
197.60          -0.037004
197.80          -0.037130
198.00          -0.037258
198.20          -0.037388
198.40          -0.037520
198.60          -0.037655
198.80          -0.037793
199.00          -0.037933
199.20          -0.038076
199.40          -0.038223
199.60          -0.038373
199.80          -0.038527
200.00          -0.038684
200.20          -0.038846
200.40          -0.039013
200.60          -0.039185
200.80          -0.039363
201.00          -0.039547
201.20          -0.039738
201.40          -0.039938
201.60          -0.040146
201.80          -0.040364
202.00          -0.040594
202.20          -0.040837
202.40          -0.041096
202.60          -0.041373
202.80          -0.041673
203.00          -0.042000
203.20          -0.042360
203.40          -0.042762
203.60          -0.043218
203.80          -0.043744
204.00          -0.044365
204.20          -0.045121
204.40          -0.046071
204.60          -0.047323
204.80          -0.049070
205.00          -0.051714
205.20          -0.056200
205.40          -0.065317
205.60          -0.091070
205.80          -0.25958
206.00          -0.93382
206.20          -0.077410
206.40          -0.047897
206.60          -0.042508
206.80          -0.041133
207.00          -0.040852
207.20          -0.040949
207.40          -0.041194
207.60          -0.041500
207.80          -0.041831
208.00          -0.042173
208.20          -0.042519
208.40          -0.042867
208.60          -0.043215
208.80          -0.043565
209.00          -0.043916
209.20          -0.044270
209.40          -0.044627
209.60          -0.044989
209.80          -0.045357
210.00          -0.045732
210.20          -0.046115
210.40          -0.046508
210.60          -0.046910
210.80          -0.047325
211.00          -0.047752
211.20          -0.048194
211.40          -0.048651
211.60          -0.049126
211.80          -0.049620
212.00          -0.050134
212.20          -0.050672
212.40          -0.051234
212.60          -0.051823
212.80          -0.052443
213.00          -0.053095
213.20          -0.053784
213.40          -0.054512
213.60          -0.055285
213.80          -0.056106
214.00          -0.056980
214.20          -0.057915
214.40          -0.058917
214.60          -0.059993
214.80          -0.061153
215.00          -0.062408
215.20          -0.063769
215.40          -0.065251
215.60          -0.066871
215.80          -0.068649
216.00          -0.070609
216.20          -0.072780
216.40          -0.075196
216.60          -0.077900
216.80          -0.080943
217.00          -0.084392
217.20          -0.088325
217.40          -0.092847
217.60          -0.098089
217.80          -0.10422
218.00          -0.11147
218.20          -0.12015
218.40          -0.13066
218.60          -0.14359
218.80          -0.15976
219.00          -0.18040
219.20          -0.20735
219.40          -0.24348
219.60          -0.29349
219.80          -0.36539
220.00          -0.47340
220.20          -0.64396
220.40          -0.92643
220.60          -1.3999
220.80          -2.0809
221.00          -2.4896
221.20          -2.0064
221.40          -1.2813
221.60          -0.79947
221.80          -0.52467
222.00          -0.36584
222.20          -0.26940
222.40          -0.20775
222.60          -0.16652
222.80          -0.13788
223.00          -0.11734
223.20          -0.10221
223.40          -0.090821
223.60          -0.082083
223.80          -0.075273
224.00          -0.069897
224.20          -0.065606
224.40          -0.062151
224.60          -0.059351
224.80          -0.057072
225.00          -0.055214
