175.00          -0.039324
175.20          -0.039501
175.40          -0.039680
175.60          -0.039861
175.80          -0.040045
176.00          -0.040230
176.20          -0.040418
176.40          -0.040609
176.60          -0.040801
176.80          -0.040996
177.00          -0.041194
177.20          -0.041394
177.40          -0.041597
177.60          -0.041802
177.80          -0.042011
178.00          -0.042222
178.20          -0.042436
178.40          -0.042652
178.60          -0.042872
178.80          -0.043095
179.00          -0.043321
179.20          -0.043550
179.40          -0.043783
179.60          -0.044019
179.80          -0.044258
180.00          -0.044502
180.20          -0.044748
180.40          -0.044999
180.60          -0.045253
180.80          -0.045512
181.00          -0.045774
181.20          -0.046041
181.40          -0.046312
181.60          -0.046587
181.80          -0.046867
182.00          -0.047152
182.20          -0.047441
182.40          -0.047735
182.60          -0.048035
182.80          -0.048340
183.00          -0.048650
183.20          -0.048966
183.40          -0.049287
183.60          -0.049614
183.80          -0.049948
184.00          -0.050288
184.20          -0.050634
184.40          -0.050987
184.60          -0.051347
184.80          -0.051714
185.00          -0.052089
185.20          -0.052471
185.40          -0.052861
185.60          -0.053259
185.80          -0.053666
186.00          -0.054081
186.20          -0.054505
186.40          -0.054939
186.60          -0.055383
186.80          -0.055836
187.00          -0.056300
187.20          -0.056775
187.40          -0.057261
187.60          -0.057758
187.80          -0.058268
188.00          -0.058790
188.20          -0.059326
188.40          -0.059875
188.60          -0.060438
188.80          -0.061016
189.00          -0.061609
189.20          -0.062219
189.40          -0.062845
189.60          -0.063488
189.80          -0.064149
190.00          -0.064830
190.20          -0.065530
190.40          -0.066251
190.60          -0.066994
190.80          -0.067760
191.00          -0.068549
191.20          -0.069363
191.40          -0.070204
191.60          -0.071072
191.80          -0.071968
192.00          -0.072895
192.20          -0.073854
192.40          -0.074847
192.60          -0.075875
192.80          -0.076940
193.00          -0.078045
193.20          -0.079191
193.40          -0.080382
193.60          -0.081618
193.80          -0.082904
194.00          -0.084243
194.20          -0.085637
194.40          -0.087089
194.60          -0.088605
194.80          -0.090187
195.00          -0.091840
195.20          -0.093569
195.40          -0.095379
195.60          -0.097276
195.80          -0.099266
196.00          -0.10136
196.20          -0.10355
196.40          -0.10586
196.60          -0.10830
196.80          -0.11087
197.00          -0.11358
197.20          -0.11646
197.40          -0.11950
197.60          -0.12273
197.80          -0.12615
198.00          -0.12980
198.20          -0.13369
198.40          -0.13785
198.60          -0.14229
198.80          -0.14705
199.00          -0.15217
199.20          -0.15768
199.40          -0.16363
199.60          -0.17006
199.80          -0.17704
200.00          -0.18462
200.20          -0.19290
200.40          -0.20196
200.60          -0.21191
200.80          -0.22287
201.00          -0.23501
201.20          -0.24849
201.40          -0.26353
201.60          -0.28042
201.80          -0.29945
202.00          -0.32105
202.20          -0.34570
202.40          -0.37404
202.60          -0.40686
202.80          -0.44516
203.00          -0.49026
203.20          -0.54381
203.40          -0.60797
203.60          -0.68545
203.80          -0.77956
204.00          -0.89391
204.20          -1.0313
204.40          -1.1905
204.60          -1.3590
204.80          -1.5008
205.00          -1.5493
205.20          -1.4405
205.40          -1.1851
205.60          -0.87861
205.80          -0.61371
206.00          -0.42616
206.20          -0.31129
206.40          -0.25221
206.60          -0.23328
206.80          -0.24298
207.00          -0.27306
207.20          -0.31710
207.40          -0.36916
207.60          -0.42311
207.80          -0.47256
208.00          -0.51163
208.20          -0.53608
208.40          -0.54419
208.60          -0.53695
208.80          -0.51731
209.00          -0.48909
209.20          -0.45597
209.40          -0.42097
209.60          -0.38623
209.80          -0.35311
210.00          -0.32235
210.20          -0.29428
210.40          -0.26896
210.60          -0.24628
210.80          -0.22605
211.00          -0.20805
211.20          -0.19204
211.40          -0.17780
211.60          -0.16512
211.80          -0.15382
212.00          -0.14374
212.20          -0.13471
212.40          -0.12663
212.60          -0.11936
212.80          -0.11283
213.00          -0.10694
213.20          -0.10161
213.40          -0.096796
213.60          -0.092427
213.80          -0.088459
214.00          -0.084847
214.20          -0.081557
214.40          -0.078553
214.60          -0.075808
214.80          -0.073296
215.00          -0.070994
215.20          -0.068882
215.40          -0.066944
215.60          -0.065161
215.80          -0.063522
216.00          -0.062013
216.20          -0.060623
216.40          -0.059342
216.60          -0.058160
216.80          -0.057071
217.00          -0.056065
217.20          -0.055137
217.40          -0.054281
217.60          -0.053491
217.80          -0.052763
218.00          -0.052091
218.20          -0.051472
218.40          -0.050902
218.60          -0.050377
218.80          -0.049896
219.00          -0.049454
219.20          -0.049049
219.40          -0.048679
219.60          -0.048342
219.80          -0.048035
220.00          -0.047758
220.20          -0.047507
220.40          -0.047283
220.60          -0.047083
220.80          -0.046906
221.00          -0.046752
221.20          -0.046618
221.40          -0.046505
221.60          -0.046410
221.80          -0.046335
222.00          -0.046277
222.20          -0.046237
222.40          -0.046214
222.60          -0.046208
222.80          -0.046217
223.00          -0.046244
223.20          -0.046286
223.40          -0.046345
223.60          -0.046421
223.80          -0.046513
224.00          -0.046624
224.20          -0.046754
224.40          -0.046904
224.60          -0.047076
224.80          -0.047273
225.00          -0.047498
