175.00          -0.074702
175.20          -0.075634
175.40          -0.076591
175.60          -0.077574
175.80          -0.078584
176.00          -0.079623
176.20          -0.080692
176.40          -0.081792
176.60          -0.082923
176.80          -0.084088
177.00          -0.085288
177.20          -0.086525
177.40          -0.087799
177.60          -0.089113
177.80          -0.090468
178.00          -0.091866
178.20          -0.093309
178.40          -0.094798
178.60          -0.096337
178.80          -0.097928
179.00          -0.099572
179.20          -0.10127
179.40          -0.10303
179.60          -0.10485
179.80          -0.10674
180.00          -0.10869
180.20          -0.11071
180.40          -0.11281
180.60          -0.11499
180.80          -0.11725
181.00          -0.11960
181.20          -0.12203
181.40          -0.12456
181.60          -0.12720
181.80          -0.12994
182.00          -0.13279
182.20          -0.13575
182.40          -0.13884
182.60          -0.14207
182.80          -0.14542
183.00          -0.14893
183.20          -0.15259
183.40          -0.15640
183.60          -0.16039
183.80          -0.16456
184.00          -0.16892
184.20          -0.17348
184.40          -0.17825
184.60          -0.18325
184.80          -0.18848
185.00          -0.19397
185.20          -0.19971
185.40          -0.20574
185.60          -0.21205
185.80          -0.21868
186.00          -0.22563
186.20          -0.23292
186.40          -0.24056
186.60          -0.24858
186.80          -0.25700
187.00          -0.26581
187.20          -0.27505
187.40          -0.28473
187.60          -0.29485
187.80          -0.30543
188.00          -0.31648
188.20          -0.32799
188.40          -0.33997
188.60          -0.35241
188.80          -0.36528
189.00          -0.37857
189.20          -0.39223
189.40          -0.40621
189.60          -0.42046
189.80          -0.43488
190.00          -0.44937
190.20          -0.46382
190.40          -0.47809
190.60          -0.49201
190.80          -0.50540
191.00          -0.51807
191.20          -0.52980
191.40          -0.54039
191.60          -0.54961
191.80          -0.55725
192.00          -0.56312
192.20          -0.56707
192.40          -0.56894
192.60          -0.56868
192.80          -0.56622
193.00          -0.56161
193.20          -0.55489
193.40          -0.54620
193.60          -0.53569
193.80          -0.52355
194.00          -0.51002
194.20          -0.49533
194.40          -0.47971
194.60          -0.46341
194.80          -0.44665
195.00          -0.42963
195.20          -0.41255
195.40          -0.39557
195.60          -0.37883
195.80          -0.36244
196.00          -0.34649
196.20          -0.33106
196.40          -0.31620
196.60          -0.30194
196.80          -0.28831
197.00          -0.27532
197.20          -0.26296
197.40          -0.25124
197.60          -0.24014
197.80          -0.22965
198.00          -0.21973
198.20          -0.21038
198.40          -0.20157
198.60          -0.19327
198.80          -0.18546
199.00          -0.17811
199.20          -0.17120
199.40          -0.16471
199.60          -0.15860
199.80          -0.15287
200.00          -0.14749
200.20          -0.14245
200.40          -0.13771
200.60          -0.13327
200.80          -0.12912
201.00          -0.12523
201.20          -0.12159
201.40          -0.11820
201.60          -0.11504
201.80          -0.11211
202.00          -0.10939
202.20          -0.10689
202.40          -0.10461
202.60          -0.10253
202.80          -0.10067
203.00          -0.099029
203.20          -0.097625
203.40          -0.096474
203.60          -0.095604
203.80          -0.095056
204.00          -0.094890
204.20          -0.095196
204.40          -0.096110
204.60          -0.097845
204.80          -0.10075
205.00          -0.10542
205.20          -0.11300
205.40          -0.12578
205.60          -0.14928
205.80          -0.19958
206.00          -0.34342
206.20          -1.1315
206.40          -2.2119
206.60          -0.28327
206.80          -0.10898
207.00          -0.070041
207.20          -0.056911
207.40          -0.051415
207.60          -0.048775
207.80          -0.047367
208.00          -0.046543
208.20          -0.046014
208.40          -0.045642
208.60          -0.045356
208.80          -0.045119
209.00          -0.044910
209.20          -0.044718
209.40          -0.044537
209.60          -0.044363
209.80          -0.044196
210.00          -0.044033
210.20          -0.043876
210.40          -0.043723
210.60          -0.043575
210.80          -0.043433
211.00          -0.043296
211.20          -0.043165
211.40          -0.043039
211.60          -0.042920
211.80          -0.042806
212.00          -0.042700
212.20          -0.042599
212.40          -0.042505
212.60          -0.042417
212.80          -0.042336
213.00          -0.042262
213.20          -0.042193
213.40          -0.042132
213.60          -0.042076
213.80          -0.042027
214.00          -0.041985
214.20          -0.041948
214.40          -0.041918
214.60          -0.041893
214.80          -0.041875
215.00          -0.041862
215.20          -0.041856
215.40          -0.041855
215.60          -0.041860
215.80          -0.041871
216.00          -0.041887
216.20          -0.041908
216.40          -0.041935
216.60          -0.041968
216.80          -0.042005
217.00          -0.042048
217.20          -0.042097
217.40          -0.042150
217.60          -0.042209
217.80          -0.042272
218.00          -0.042341
218.20          -0.042415
218.40          -0.042494
218.60          -0.042578
218.80          -0.042667
219.00          -0.042761
219.20          -0.042861
219.40          -0.042965
219.60          -0.043074
219.80          -0.043189
220.00          -0.043309
220.20          -0.043434
220.40          -0.043564
220.60          -0.043700
220.80          -0.043842
221.00          -0.043989
221.20          -0.044142
221.40          -0.044301
221.60          -0.044467
221.80          -0.044639
222.00          -0.044817
222.20          -0.045002
222.40          -0.045195
222.60          -0.045396
222.80          -0.045604
223.00          -0.045822
223.20          -0.046048
223.40          -0.046285
223.60          -0.046533
223.80          -0.046793
224.00          -0.047067
224.20          -0.047355
224.40          -0.047661
224.60          -0.047986
224.80          -0.048333
225.00          -0.048707
