175.00          -0.12195
175.20          -0.12015
175.40          -0.11838
175.60          -0.11664
175.80          -0.11495
176.00          -0.11328
176.20          -0.11165
176.40          -0.11005
176.60          -0.10849
176.80          -0.10696
177.00          -0.10546
177.20          -0.10399
177.40          -0.10256
177.60          -0.10115
177.80          -0.099779
178.00          -0.098436
178.20          -0.097122
178.40          -0.095838
178.60          -0.094583
178.80          -0.093356
179.00          -0.092157
179.20          -0.090985
179.40          -0.089841
179.60          -0.088722
179.80          -0.087630
180.00          -0.086563
180.20          -0.085522
180.40          -0.084504
180.60          -0.083511
180.80          -0.082541
181.00          -0.081595
181.20          -0.080671
181.40          -0.079769
181.60          -0.078889
181.80          -0.078031
182.00          -0.077193
182.20          -0.076376
182.40          -0.075579
182.60          -0.074802
182.80          -0.074044
183.00          -0.073304
183.20          -0.072584
183.40          -0.071881
183.60          -0.071196
183.80          -0.070528
184.00          -0.069878
184.20          -0.069244
184.40          -0.068626
184.60          -0.068024
184.80          -0.067438
185.00          -0.066867
185.20          -0.066311
185.40          -0.065770
185.60          -0.065243
185.80          -0.064730
186.00          -0.064231
186.20          -0.063746
186.40          -0.063273
186.60          -0.062814
186.80          -0.062367
187.00          -0.061933
187.20          -0.061511
187.40          -0.061101
187.60          -0.060702
187.80          -0.060315
188.00          -0.059939
188.20          -0.059574
188.40          -0.059220
188.60          -0.058876
188.80          -0.058543
189.00          -0.058220
189.20          -0.057907
189.40          -0.057603
189.60          -0.057310
189.80          -0.057025
190.00          -0.056750
190.20          -0.056484
190.40          -0.056226
190.60          -0.055978
190.80          -0.055738
191.00          -0.055506
191.20          -0.055282
191.40          -0.055067
191.60          -0.054859
191.80          -0.054659
192.00          -0.054467
192.20          -0.054283
192.40          -0.054105
192.60          -0.053935
192.80          -0.053772
193.00          -0.053616
193.20          -0.053467
193.40          -0.053325
193.60          -0.053189
193.80          -0.053060
194.00          -0.052937
194.20          -0.052821
194.40          -0.052710
194.60          -0.052606
194.80          -0.052508
195.00          -0.052416
195.20          -0.052329
195.40          -0.052249
195.60          -0.052174
195.80          -0.052104
196.00          -0.052040
196.20          -0.051982
196.40          -0.051928
196.60          -0.051880
196.80          -0.051837
197.00          -0.051800
197.20          -0.051767
197.40          -0.051739
197.60          -0.051716
197.80          -0.051698
198.00          -0.051684
198.20          -0.051675
198.40          -0.051671
198.60          -0.051672
198.80          -0.051676
199.00          -0.051686
199.20          -0.051699
199.40          -0.051717
199.60          -0.051740
199.80          -0.051766
200.00          -0.051797
200.20          -0.051832
200.40          -0.051871
200.60          -0.051913
200.80          -0.051960
201.00          -0.052011
201.20          -0.052066
201.40          -0.052124
201.60          -0.052187
201.80          -0.052253
202.00          -0.052323
202.20          -0.052396
202.40          -0.052473
202.60          -0.052554
202.80          -0.052639
203.00          -0.052727
203.20          -0.052818
203.40          -0.052913
203.60          -0.053011
203.80          -0.053113
204.00          -0.053218
204.20          -0.053327
204.40          -0.053439
204.60          -0.053554
204.80          -0.053673
205.00          -0.053794
205.20          -0.053919
205.40          -0.054047
205.60          -0.054179
205.80          -0.054313
206.00          -0.054451
206.20          -0.054591
206.40          -0.054735
206.60          -0.054882
206.80          -0.055032
207.00          -0.055185
207.20          -0.055340
207.40          -0.055499
207.60          -0.055661
207.80          -0.055826
208.00          -0.055993
208.20          -0.056164
208.40          -0.056337
208.60          -0.056514
208.80          -0.056693
209.00          -0.056875
209.20          -0.057060
209.40          -0.057247
209.60          -0.057437
209.80          -0.057631
210.00          -0.057827
210.20          -0.058025
210.40          -0.058227
210.60          -0.058431
210.80          -0.058638
211.00          -0.058847
211.20          -0.059059
211.40          -0.059274
211.60          -0.059492
211.80          -0.059712
212.00          -0.059935
212.20          -0.060160
212.40          -0.060388
212.60          -0.060619
212.80          -0.060852
213.00          -0.061088
213.20          -0.061326
213.40          -0.061567
213.60          -0.061811
213.80          -0.062057
214.00          -0.062305
214.20          -0.062556
214.40          -0.062810
214.60          -0.063066
214.80          -0.063325
215.00          -0.063586
215.20          -0.063849
215.40          -0.064116
215.60          -0.064384
215.80          -0.064655
216.00          -0.064929
216.20          -0.065204
216.40          -0.065483
216.60          -0.065763
216.80          -0.066047
217.00          -0.066332
217.20          -0.066620
217.40          -0.066911
217.60          -0.067203
217.80          -0.067499
218.00          -0.067796
218.20          -0.068096
218.40          -0.068398
218.60          -0.068703
218.80          -0.069010
219.00          -0.069319
219.20          -0.069631
219.40          -0.069945
219.60          -0.070261
219.80          -0.070579
220.00          -0.070900
220.20          -0.071223
220.40          -0.071549
220.60          -0.071877
220.80          -0.072207
221.00          -0.072539
221.20          -0.072873
221.40          -0.073210
221.60          -0.073549
221.80          -0.073890
222.00          -0.074234
222.20          -0.074580
222.40          -0.074927
222.60          -0.075278
222.80          -0.075630
223.00          -0.075984
223.20          -0.076341
223.40          -0.076700
223.60          -0.077061
223.80          -0.077424
224.00          -0.077789
224.20          -0.078156
224.40          -0.078526
224.60          -0.078898
224.80          -0.079271
225.00          -0.079647
