175.00          -0.081517
175.20          -0.080789
175.40          -0.080102
175.60          -0.079455
175.80          -0.078847
176.00          -0.078276
176.20          -0.077740
176.40          -0.077239
176.60          -0.076770
176.80          -0.076334
177.00          -0.075928
177.20          -0.075551
177.40          -0.075202
177.60          -0.074881
177.80          -0.074587
178.00          -0.074318
178.20          -0.074073
178.40          -0.073852
178.60          -0.073654
178.80          -0.073478
179.00          -0.073323
179.20          -0.073189
179.40          -0.073075
179.60          -0.072981
179.80          -0.072905
180.00          -0.072847
180.20          -0.072806
180.40          -0.072783
180.60          -0.072775
180.80          -0.072784
181.00          -0.072808
181.20          -0.072848
181.40          -0.072901
181.60          -0.072969
181.80          -0.073050
182.00          -0.073145
182.20          -0.073253
182.40          -0.073373
182.60          -0.073506
182.80          -0.073650
183.00          -0.073806
183.20          -0.073973
183.40          -0.074151
183.60          -0.074340
183.80          -0.074539
184.00          -0.074749
184.20          -0.074968
184.40          -0.075197
184.60          -0.075436
184.80          -0.075684
185.00          -0.075940
185.20          -0.076206
185.40          -0.076480
185.60          -0.076763
185.80          -0.077054
186.00          -0.077353
186.20          -0.077660
186.40          -0.077974
186.60          -0.078297
186.80          -0.078626
187.00          -0.078963
187.20          -0.079308
187.40          -0.079659
187.60          -0.080017
187.80          -0.080382
188.00          -0.080754
188.20          -0.081132
188.40          -0.081517
188.60          -0.081908
188.80          -0.082306
189.00          -0.082710
189.20          -0.083119
189.40          -0.083535
189.60          -0.083957
189.80          -0.084384
190.00          -0.084818
190.20          -0.085257
190.40          -0.085701
190.60          -0.086152
190.80          -0.086607
191.00          -0.087069
191.20          -0.087535
191.40          -0.088007
191.60          -0.088484
191.80          -0.088967
192.00          -0.089455
192.20          -0.089947
192.40          -0.090445
192.60          -0.090948
192.80          -0.091457
193.00          -0.091970
193.20          -0.092488
193.40          -0.093011
193.60          -0.093539
193.80          -0.094072
194.00          -0.094610
194.20          -0.095152
194.40          -0.095700
194.60          -0.096252
194.80          -0.096810
195.00          -0.097372
195.20          -0.097939
195.40          -0.098511
195.60          -0.099088
195.80          -0.099670
196.00          -0.10026
196.20          -0.10085
196.40          -0.10145
196.60          -0.10205
196.80          -0.10266
197.00          -0.10327
197.20          -0.10389
197.40          -0.10451
197.60          -0.10514
197.80          -0.10577
198.00          -0.10641
198.20          -0.10706
198.40          -0.10771
198.60          -0.10837
198.80          -0.10903
199.00          -0.10970
199.20          -0.11038
199.40          -0.11106
199.60          -0.11176
199.80          -0.11246
200.00          -0.11316
200.20          -0.11388
200.40          -0.11461
200.60          -0.11535
200.80          -0.11610
201.00          -0.11686
201.20          -0.11763
201.40          -0.11842
201.60          -0.11922
201.80          -0.12005
202.00          -0.12089
202.20          -0.12176
202.40          -0.12266
202.60          -0.12359
202.80          -0.12455
203.00          -0.12557
203.20          -0.12664
203.40          -0.12777
203.60          -0.12900
203.80          -0.13034
204.00          -0.13182
204.20          -0.13351
204.40          -0.13548
204.60          -0.13787
204.80          -0.14089
205.00          -0.14496
205.20          -0.15092
205.40          -0.16073
205.60          -0.18004
205.80          -0.23208
206.00          -0.52854
206.20          -3.9434
206.40          -0.23984
206.60          -0.15224
206.80          -0.13685
207.00          -0.13285
207.20          -0.13193
207.40          -0.13209
207.60          -0.13269
207.80          -0.13347
208.00          -0.13433
208.20          -0.13522
208.40          -0.13613
208.60          -0.13704
208.80          -0.13794
209.00          -0.13883
209.20          -0.13972
209.40          -0.14059
209.60          -0.14146
209.80          -0.14232
210.00          -0.14317
210.20          -0.14402
210.40          -0.14486
210.60          -0.14569
210.80          -0.14652
211.00          -0.14735
211.20          -0.14817
211.40          -0.14898
211.60          -0.14979
211.80          -0.15060
212.00          -0.15141
212.20          -0.15221
212.40          -0.15301
212.60          -0.15381
212.80          -0.15461
213.00          -0.15540
213.20          -0.15619
213.40          -0.15698
213.60          -0.15776
213.80          -0.15855
214.00          -0.15933
214.20          -0.16011
214.40          -0.16088
214.60          -0.16166
214.80          -0.16243
215.00          -0.16320
215.20          -0.16397
215.40          -0.16473
215.60          -0.16549
215.80          -0.16625
216.00          -0.16701
216.20          -0.16776
216.40          -0.16851
216.60          -0.16926
216.80          -0.17001
217.00          -0.17075
217.20          -0.17149
217.40          -0.17222
217.60          -0.17295
217.80          -0.17368
218.00          -0.17440
218.20          -0.17512
218.40          -0.17584
218.60          -0.17655
218.80          -0.17726
219.00          -0.17796
219.20          -0.17866
219.40          -0.17935
219.60          -0.18004
219.80          -0.18072
220.00          -0.18140
220.20          -0.18207
220.40          -0.18273
220.60          -0.18339
220.80          -0.18405
221.00          -0.18470
221.20          -0.18534
221.40          -0.18597
221.60          -0.18660
221.80          -0.18722
222.00          -0.18783
222.20          -0.18844
222.40          -0.18904
222.60          -0.18963
222.80          -0.19021
223.00          -0.19078
223.20          -0.19135
223.40          -0.19191
223.60          -0.19245
223.80          -0.19299
224.00          -0.19353
224.20          -0.19405
224.40          -0.19457
224.60          -0.19507
224.80          -0.19558
225.00          -0.19607
