175.00          -0.068333
175.20          -0.068269
175.40          -0.068220
175.60          -0.068187
175.80          -0.068168
176.00          -0.068165
176.20          -0.068175
176.40          -0.068200
176.60          -0.068237
176.80          -0.068288
177.00          -0.068352
177.20          -0.068428
177.40          -0.068516
177.60          -0.068617
177.80          -0.068728
178.00          -0.068852
178.20          -0.068986
178.40          -0.069131
178.60          -0.069286
178.80          -0.069452
179.00          -0.069628
179.20          -0.069814
179.40          -0.070010
179.60          -0.070215
179.80          -0.070429
180.00          -0.070653
180.20          -0.070885
180.40          -0.071126
180.60          -0.071376
180.80          -0.071635
181.00          -0.071901
181.20          -0.072176
181.40          -0.072459
181.60          -0.072749
181.80          -0.073048
182.00          -0.073354
182.20          -0.073668
182.40          -0.073988
182.60          -0.074317
182.80          -0.074652
183.00          -0.074995
183.20          -0.075344
183.40          -0.075700
183.60          -0.076063
183.80          -0.076433
184.00          -0.076810
184.20          -0.077193
184.40          -0.077582
184.60          -0.077978
184.80          -0.078380
185.00          -0.078788
185.20          -0.079203
185.40          -0.079623
185.60          -0.080050
185.80          -0.080482
186.00          -0.080921
186.20          -0.081365
186.40          -0.081815
186.60          -0.082271
186.80          -0.082733
187.00          -0.083200
187.20          -0.083673
187.40          -0.084152
187.60          -0.084636
187.80          -0.085125
188.00          -0.085620
188.20          -0.086121
188.40          -0.086626
188.60          -0.087138
188.80          -0.087654
189.00          -0.088176
189.20          -0.088703
189.40          -0.089235
189.60          -0.089773
189.80          -0.090315
190.00          -0.090863
190.20          -0.091416
190.40          -0.091974
190.60          -0.092538
190.80          -0.093106
191.00          -0.093679
191.20          -0.094258
191.40          -0.094841
191.60          -0.095430
191.80          -0.096023
192.00          -0.096622
192.20          -0.097225
192.40          -0.097833
192.60          -0.098447
192.80          -0.099065
193.00          -0.099688
193.20          -0.10032
193.40          -0.10095
193.60          -0.10159
193.80          -0.10223
194.00          -0.10288
194.20          -0.10353
194.40          -0.10419
194.60          -0.10485
194.80          -0.10552
195.00          -0.10619
195.20          -0.10687
195.40          -0.10756
195.60          -0.10824
195.80          -0.10894
196.00          -0.10963
196.20          -0.11034
196.40          -0.11105
196.60          -0.11176
196.80          -0.11248
197.00          -0.11320
197.20          -0.11393
197.40          -0.11467
197.60          -0.11541
197.80          -0.11616
198.00          -0.11691
198.20          -0.11767
198.40          -0.11843
198.60          -0.11920
198.80          -0.11998
199.00          -0.12076
199.20          -0.12155
199.40          -0.12234
199.60          -0.12315
199.80          -0.12396
200.00          -0.12478
200.20          -0.12561
200.40          -0.12644
200.60          -0.12729
200.80          -0.12814
201.00          -0.12901
201.20          -0.12989
201.40          -0.13078
201.60          -0.13169
201.80          -0.13261
202.00          -0.13355
202.20          -0.13452
202.40          -0.13550
202.60          -0.13652
202.80          -0.13756
203.00          -0.13865
203.20          -0.13979
203.40          -0.14098
203.60          -0.14225
203.80          -0.14362
204.00          -0.14512
204.20          -0.14679
204.40          -0.14871
204.60          -0.15100
204.80          -0.15386
205.00          -0.15767
205.20          -0.16322
205.40          -0.17238
205.60          -0.19077
205.80          -0.24296
206.00          -0.59508
206.20          -1.9061
206.40          -0.23029
206.60          -0.16646
206.80          -0.15415
207.00          -0.15084
207.20          -0.15012
207.40          -0.15035
207.60          -0.15098
207.80          -0.15180
208.00          -0.15270
208.20          -0.15364
208.40          -0.15460
208.60          -0.15557
208.80          -0.15654
209.00          -0.15751
209.20          -0.15847
209.40          -0.15943
209.60          -0.16039
209.80          -0.16133
210.00          -0.16228
210.20          -0.16322
210.40          -0.16415
210.60          -0.16508
210.80          -0.16600
211.00          -0.16692
211.20          -0.16784
211.40          -0.16875
211.60          -0.16965
211.80          -0.17056
212.00          -0.17146
212.20          -0.17235
212.40          -0.17324
212.60          -0.17413
212.80          -0.17501
213.00          -0.17589
213.20          -0.17677
213.40          -0.17764
213.60          -0.17851
213.80          -0.17937
214.00          -0.18023
214.20          -0.18109
214.40          -0.18194
214.60          -0.18278
214.80          -0.18362
215.00          -0.18446
215.20          -0.18529
215.40          -0.18611
215.60          -0.18693
215.80          -0.18775
216.00          -0.18855
216.20          -0.18935
216.40          -0.19015
216.60          -0.19094
216.80          -0.19172
217.00          -0.19249
217.20          -0.19326
217.40          -0.19402
217.60          -0.19477
217.80          -0.19552
218.00          -0.19625
218.20          -0.19698
218.40          -0.19770
218.60          -0.19841
218.80          -0.19911
219.00          -0.19980
219.20          -0.20048
219.40          -0.20115
219.60          -0.20181
219.80          -0.20246
220.00          -0.20310
220.20          -0.20373
220.40          -0.20435
220.60          -0.20495
220.80          -0.20554
221.00          -0.20612
221.20          -0.20669
221.40          -0.20724
221.60          -0.20778
221.80          -0.20831
222.00          -0.20882
222.20          -0.20931
222.40          -0.20980
222.60          -0.21027
222.80          -0.21072
223.00          -0.21116
223.20          -0.21158
223.40          -0.21199
223.60          -0.21238
223.80          -0.21276
224.00          -0.21312
224.20          -0.21347
224.40          -0.21381
224.60          -0.21413
224.80          -0.21445
225.00          -0.21476
