175.00          -0.030592
175.20          -0.030901
175.40          -0.031220
175.60          -0.031548
175.80          -0.031885
176.00          -0.032233
176.20          -0.032592
176.40          -0.032961
176.60          -0.033342
176.80          -0.033736
177.00          -0.034142
177.20          -0.034561
177.40          -0.034995
177.60          -0.035442
177.80          -0.035906
178.00          -0.036385
178.20          -0.036881
178.40          -0.037395
178.60          -0.037928
178.80          -0.038480
179.00          -0.039053
179.20          -0.039648
179.40          -0.040265
179.60          -0.040907
179.80          -0.041574
180.00          -0.042269
180.20          -0.042992
180.40          -0.043745
180.60          -0.044530
180.80          -0.045349
181.00          -0.046204
181.20          -0.047097
181.40          -0.048031
181.60          -0.049008
181.80          -0.050031
182.00          -0.051103
182.20          -0.052227
182.40          -0.053407
182.60          -0.054647
182.80          -0.055951
183.00          -0.057323
183.20          -0.058769
183.40          -0.060293
183.60          -0.061903
183.80          -0.063604
184.00          -0.065403
184.20          -0.067309
184.40          -0.069329
184.60          -0.071474
184.80          -0.073754
185.00          -0.076180
185.20          -0.078765
185.40          -0.081524
185.60          -0.084471
185.80          -0.087624
186.00          -0.091003
186.20          -0.094629
186.40          -0.098526
186.60          -0.10272
186.80          -0.10724
187.00          -0.11213
187.20          -0.11741
187.40          -0.12313
187.60          -0.12934
187.80          -0.13610
188.00          -0.14345
188.20          -0.15147
188.40          -0.16022
188.60          -0.16980
188.80          -0.18029
189.00          -0.19180
189.20          -0.20442
189.40          -0.21827
189.60          -0.23348
189.80          -0.25016
190.00          -0.26843
190.20          -0.28839
190.40          -0.31010
190.60          -0.33359
190.80          -0.35880
191.00          -0.38555
191.20          -0.41352
191.40          -0.44219
191.60          -0.47078
191.80          -0.49827
192.00          -0.52341
192.20          -0.54477
192.40          -0.56088
192.60          -0.57046
192.80          -0.57262
193.00          -0.56699
193.20          -0.55387
193.40          -0.53414
193.60          -0.50913
193.80          -0.48035
194.00          -0.44935
194.20          -0.41748
194.40          -0.38586
194.60          -0.35530
194.80          -0.32638
195.00          -0.29940
195.20          -0.27453
195.40          -0.25180
195.60          -0.23113
195.80          -0.21243
196.00          -0.19555
196.20          -0.18034
196.40          -0.16664
196.60          -0.15430
196.80          -0.14319
197.00          -0.13317
197.20          -0.12412
197.40          -0.11595
197.60          -0.10855
197.80          -0.10184
198.00          -0.095742
198.20          -0.090198
198.40          -0.085147
198.60          -0.080535
198.80          -0.076319
199.00          -0.072457
199.20          -0.068914
199.40          -0.065658
199.60          -0.062661
199.80          -0.059899
200.00          -0.057349
200.20          -0.054991
200.40          -0.052808
200.60          -0.050785
200.80          -0.048907
201.00          -0.047161
201.20          -0.045537
201.40          -0.044023
201.60          -0.042611
201.80          -0.041293
202.00          -0.040061
202.20          -0.038908
202.40          -0.037828
202.60          -0.036816
202.80          -0.035866
203.00          -0.034974
203.20          -0.034136
203.40          -0.033347
203.60          -0.032605
203.80          -0.031906
204.00          -0.031247
204.20          -0.030625
204.40          -0.030039
204.60          -0.029485
204.80          -0.028962
205.00          -0.028469
205.20          -0.028004
205.40          -0.027567
205.60          -0.027158
205.80          -0.026788
206.00          -0.026528
206.20          -0.032909
206.40          -0.025724
206.60          -0.025310
206.80          -0.024995
207.00          -0.024703
207.20          -0.024427
207.40          -0.024164
207.60          -0.023914
207.80          -0.023677
208.00          -0.023451
208.20          -0.023236
208.40          -0.023031
208.60          -0.022836
208.80          -0.022650
209.00          -0.022474
209.20          -0.022306
209.40          -0.022145
209.60          -0.021993
209.80          -0.021848
210.00          -0.021709
210.20          -0.021578
210.40          -0.021453
210.60          -0.021333
210.80          -0.021220
211.00          -0.021112
211.20          -0.021009
211.40          -0.020911
211.60          -0.020818
211.80          -0.020730
212.00          -0.020646
212.20          -0.020567
212.40          -0.020491
212.60          -0.020419
212.80          -0.020351
213.00          -0.020287
213.20          -0.020226
213.40          -0.020168
213.60          -0.020114
213.80          -0.020062
214.00          -0.020014
214.20          -0.019968
214.40          -0.019925
214.60          -0.019885
214.80          -0.019847
215.00          -0.019812
215.20          -0.019779
215.40          -0.019748
215.60          -0.019720
215.80          -0.019693
216.00          -0.019669
216.20          -0.019646
216.40          -0.019626
216.60          -0.019607
216.80          -0.019591
217.00          -0.019575
217.20          -0.019562
217.40          -0.019550
217.60          -0.019540
217.80          -0.019532
218.00          -0.019525
218.20          -0.019519
218.40          -0.019515
218.60          -0.019512
218.80          -0.019511
219.00          -0.019511
219.20          -0.019512
219.40          -0.019514
219.60          -0.019518
219.80          -0.019523
220.00          -0.019529
220.20          -0.019536
220.40          -0.019544
220.60          -0.019554
220.80          -0.019565
221.00          -0.019576
221.20          -0.019589
221.40          -0.019603
221.60          -0.019618
221.80          -0.019633
222.00          -0.019650
222.20          -0.019668
222.40          -0.019687
222.60          -0.019707
222.80          -0.019728
223.00          -0.019749
223.20          -0.019772
223.40          -0.019796
223.60          -0.019821
223.80          -0.019846
224.00          -0.019873
224.20          -0.019901
224.40          -0.019929
224.60          -0.019959
224.80          -0.019990
225.00          -0.020022
