175.00          -0.049929
175.20          -0.050399
175.40          -0.050881
175.60          -0.051376
175.80          -0.051884
176.00          -0.052407
176.20          -0.052945
176.40          -0.053499
176.60          -0.054069
176.80          -0.054655
177.00          -0.055260
177.20          -0.055883
177.40          -0.056526
177.60          -0.057189
177.80          -0.057874
178.00          -0.058581
178.20          -0.059312
178.40          -0.060068
178.60          -0.060851
178.80          -0.061660
179.00          -0.062499
179.20          -0.063368
179.40          -0.064270
179.60          -0.065206
179.80          -0.066177
180.00          -0.067187
180.20          -0.068237
180.40          -0.069330
180.60          -0.070467
180.80          -0.071653
181.00          -0.072890
181.20          -0.074181
181.40          -0.075529
181.60          -0.076939
181.80          -0.078414
182.00          -0.079959
182.20          -0.081579
182.40          -0.083278
182.60          -0.085063
182.80          -0.086939
183.00          -0.088913
183.20          -0.090993
183.40          -0.093186
183.60          -0.095501
183.80          -0.097949
184.00          -0.10054
184.20          -0.10328
184.40          -0.10619
184.60          -0.10928
184.80          -0.11257
185.00          -0.11607
185.20          -0.11981
185.40          -0.12380
185.60          -0.12807
185.80          -0.13264
186.00          -0.13754
186.20          -0.14281
186.40          -0.14848
186.60          -0.15460
186.80          -0.16120
187.00          -0.16834
187.20          -0.17608
187.40          -0.18448
187.60          -0.19361
187.80          -0.20356
188.00          -0.21440
188.20          -0.22624
188.40          -0.23918
188.60          -0.25334
188.80          -0.26885
189.00          -0.28584
189.20          -0.30445
189.40          -0.32480
189.60          -0.34703
189.80          -0.37123
190.00          -0.39746
190.20          -0.42569
190.40          -0.45582
190.60          -0.48756
190.80          -0.52046
191.00          -0.55377
191.20          -0.58651
191.40          -0.61735
191.60          -0.64471
191.80          -0.66690
192.00          -0.68222
192.20          -0.68930
192.40          -0.68731
192.60          -0.67611
192.80          -0.65635
193.00          -0.62932
193.20          -0.59674
193.40          -0.56048
193.60          -0.52235
193.80          -0.48386
194.00          -0.44622
194.20          -0.41028
194.40          -0.37658
194.60          -0.34541
194.80          -0.31687
195.00          -0.29093
195.20          -0.26748
195.40          -0.24635
195.60          -0.22737
195.80          -0.21032
196.00          -0.19503
196.20          -0.18131
196.40          -0.16899
196.60          -0.15791
196.80          -0.14795
197.00          -0.13898
197.20          -0.13088
197.40          -0.12357
197.60          -0.11695
197.80          -0.11095
198.00          -0.10551
198.20          -0.10056
198.40          -0.096054
198.60          -0.091946
198.80          -0.088196
199.00          -0.084768
199.20          -0.081631
199.40          -0.078757
199.60          -0.076121
199.80          -0.073702
200.00          -0.071480
200.20          -0.069438
200.40          -0.067560
200.60          -0.065833
200.80          -0.064244
201.00          -0.062784
201.20          -0.061442
201.40          -0.060210
201.60          -0.059081
201.80          -0.058049
202.00          -0.057108
202.20          -0.056254
202.40          -0.055483
202.60          -0.054794
202.80          -0.054184
203.00          -0.053655
203.20          -0.053208
203.40          -0.052847
203.60          -0.052579
203.80          -0.052414
204.00          -0.052369
204.20          -0.052470
204.40          -0.052754
204.60          -0.053285
204.80          -0.054163
205.00          -0.055569
205.20          -0.057846
205.40          -0.061716
205.60          -0.068976
205.80          -0.085307
206.00          -0.13893
206.20          -0.71853
206.40          -0.45313
206.60          -0.074657
206.80          -0.047358
207.00          -0.041357
207.20          -0.039505
207.40          -0.038863
207.60          -0.038652
207.80          -0.038612
208.00          -0.038643
208.20          -0.038703
208.40          -0.038774
208.60          -0.038846
208.80          -0.038918
209.00          -0.038987
209.20          -0.039053
209.40          -0.039117
209.60          -0.039179
209.80          -0.039240
210.00          -0.039300
210.20          -0.039359
210.40          -0.039418
210.60          -0.039478
210.80          -0.039538
211.00          -0.039598
211.20          -0.039660
211.40          -0.039723
211.60          -0.039787
211.80          -0.039853
212.00          -0.039920
212.20          -0.039989
212.40          -0.040059
212.60          -0.040131
212.80          -0.040205
213.00          -0.040281
213.20          -0.040358
213.40          -0.040437
213.60          -0.040517
213.80          -0.040600
214.00          -0.040684
214.20          -0.040769
214.40          -0.040857
214.60          -0.040946
214.80          -0.041036
215.00          -0.041129
215.20          -0.041223
215.40          -0.041318
215.60          -0.041415
215.80          -0.041513
216.00          -0.041613
216.20          -0.041715
216.40          -0.041818
216.60          -0.041922
216.80          -0.042028
217.00          -0.042135
217.20          -0.042243
217.40          -0.042353
217.60          -0.042464
217.80          -0.042577
218.00          -0.042691
218.20          -0.042806
218.40          -0.042922
218.60          -0.043040
218.80          -0.043159
219.00          -0.043279
219.20          -0.043400
219.40          -0.043523
219.60          -0.043647
219.80          -0.043772
220.00          -0.043898
220.20          -0.044026
220.40          -0.044154
220.60          -0.044284
220.80          -0.044415
221.00          -0.044547
221.20          -0.044681
221.40          -0.044816
221.60          -0.044951
221.80          -0.045089
222.00          -0.045227
222.20          -0.045366
222.40          -0.045507
222.60          -0.045649
222.80          -0.045793
223.00          -0.045937
223.20          -0.046084
223.40          -0.046231
223.60          -0.046380
223.80          -0.046530
224.00          -0.046681
224.20          -0.046834
224.40          -0.046989
224.60          -0.047145
224.80          -0.047303
225.00          -0.047462
