175.00          -0.021717
175.20          -0.021794
175.40          -0.021872
175.60          -0.021951
175.80          -0.022031
176.00          -0.022111
176.20          -0.022193
176.40          -0.022275
176.60          -0.022358
176.80          -0.022442
177.00          -0.022528
177.20          -0.022614
177.40          -0.022701
177.60          -0.022789
177.80          -0.022878
178.00          -0.022968
178.20          -0.023059
178.40          -0.023151
178.60          -0.023244
178.80          -0.023339
179.00          -0.023434
179.20          -0.023531
179.40          -0.023629
179.60          -0.023728
179.80          -0.023828
180.00          -0.023929
180.20          -0.024032
180.40          -0.024136
180.60          -0.024242
180.80          -0.024349
181.00          -0.024457
181.20          -0.024566
181.40          -0.024677
181.60          -0.024790
181.80          -0.024904
182.00          -0.025019
182.20          -0.025136
182.40          -0.025255
182.60          -0.025375
182.80          -0.025497
183.00          -0.025620
183.20          -0.025746
183.40          -0.025873
183.60          -0.026002
183.80          -0.026132
184.00          -0.026265
184.20          -0.026400
184.40          -0.026536
184.60          -0.026675
184.80          -0.026815
185.00          -0.026958
185.20          -0.027103
185.40          -0.027250
185.60          -0.027399
185.80          -0.027551
186.00          -0.027705
186.20          -0.027862
186.40          -0.028021
186.60          -0.028182
186.80          -0.028346
187.00          -0.028513
187.20          -0.028682
187.40          -0.028855
187.60          -0.029030
187.80          -0.029208
188.00          -0.029389
188.20          -0.029574
188.40          -0.029761
188.60          -0.029952
188.80          -0.030146
189.00          -0.030343
189.20          -0.030544
189.40          -0.030749
189.60          -0.030957
189.80          -0.031169
190.00          -0.031385
190.20          -0.031605
190.40          -0.031829
190.60          -0.032058
190.80          -0.032291
191.00          -0.032528
191.20          -0.032770
191.40          -0.033016
191.60          -0.033268
191.80          -0.033525
192.00          -0.033786
192.20          -0.034053
192.40          -0.034326
192.60          -0.034604
192.80          -0.034888
193.00          -0.035178
193.20          -0.035474
193.40          -0.035776
193.60          -0.036086
193.80          -0.036401
194.00          -0.036724
194.20          -0.037054
194.40          -0.037391
194.60          -0.037737
194.80          -0.038090
195.00          -0.038451
195.20          -0.038820
195.40          -0.039199
195.60          -0.039586
195.80          -0.039983
196.00          -0.040389
196.20          -0.040805
196.40          -0.041232
196.60          -0.041669
196.80          -0.042118
197.00          -0.042577
197.20          -0.043049
197.40          -0.043533
197.60          -0.044030
197.80          -0.044540
198.00          -0.045063
198.20          -0.045601
198.40          -0.046154
198.60          -0.046722
198.80          -0.047306
199.00          -0.047906
199.20          -0.048524
199.40          -0.049159
199.60          -0.049813
199.80          -0.050486
200.00          -0.051180
200.20          -0.051894
200.40          -0.052630
200.60          -0.053389
200.80          -0.054171
201.00          -0.054978
201.20          -0.055811
201.40          -0.056671
201.60          -0.057558
201.80          -0.058475
202.00          -0.059422
202.20          -0.060402
202.40          -0.061414
202.60          -0.062461
202.80          -0.063545
203.00          -0.064667
203.20          -0.065829
203.40          -0.067033
203.60          -0.068280
203.80          -0.069573
204.00          -0.070915
204.20          -0.072307
204.40          -0.073752
204.60          -0.075252
204.80          -0.076811
205.00          -0.078431
205.20          -0.080115
205.40          -0.081868
205.60          -0.083691
205.80          -0.085589
206.00          -0.087566
206.20          -0.089626
206.40          -0.091772
206.60          -0.094011
206.80          -0.096346
207.00          -0.098783
207.20          -0.10133
207.40          -0.10398
207.60          -0.10676
207.80          -0.10966
208.00          -0.11269
208.20          -0.11586
208.40          -0.11918
208.60          -0.12265
208.80          -0.12628
209.00          -0.13008
209.20          -0.13406
209.40          -0.13823
209.60          -0.14259
209.80          -0.14715
210.00          -0.15193
210.20          -0.15693
210.40          -0.16216
210.60          -0.16763
210.80          -0.17334
211.00          -0.17930
211.20          -0.18553
211.40          -0.19201
211.60          -0.19876
211.80          -0.20577
212.00          -0.21304
212.20          -0.22056
212.40          -0.22833
212.60          -0.23632
212.80          -0.24452
213.00          -0.25289
213.20          -0.26140
213.40          -0.27001
213.60          -0.27866
213.80          -0.28729
214.00          -0.29583
214.20          -0.30419
214.40          -0.31230
214.60          -0.32004
214.80          -0.32732
215.00          -0.33402
215.20          -0.34005
215.40          -0.34528
215.60          -0.34962
215.80          -0.35299
216.00          -0.35529
216.20          -0.35648
216.40          -0.35652
216.60          -0.35539
216.80          -0.35310
217.00          -0.34968
217.20          -0.34519
217.40          -0.33970
217.60          -0.33331
217.80          -0.32611
218.00          -0.31823
218.20          -0.30977
218.40          -0.30086
218.60          -0.29160
218.80          -0.28211
219.00          -0.27248
219.20          -0.26280
219.40          -0.25314
219.60          -0.24359
219.80          -0.23420
220.00          -0.22501
220.20          -0.21605
220.40          -0.20738
220.60          -0.19899
220.80          -0.19091
221.00          -0.18315
221.20          -0.17571
221.40          -0.16860
221.60          -0.16180
221.80          -0.15532
222.00          -0.14915
222.20          -0.14327
222.40          -0.13769
222.60          -0.13238
222.80          -0.12734
223.00          -0.12256
223.20          -0.11801
223.40          -0.11370
223.60          -0.10961
223.80          -0.10573
224.00          -0.10205
224.20          -0.098549
224.40          -0.095230
224.60          -0.092080
224.80          -0.089087
225.00          -0.086245
