175.00          -0.020947
175.20          -0.021003
175.40          -0.021059
175.60          -0.021116
175.80          -0.021173
176.00          -0.021231
176.20          -0.021289
176.40          -0.021347
176.60          -0.021406
176.80          -0.021466
177.00          -0.021525
177.20          -0.021585
177.40          -0.021646
177.60          -0.021707
177.80          -0.021768
178.00          -0.021830
178.20          -0.021893
178.40          -0.021956
178.60          -0.022019
178.80          -0.022083
179.00          -0.022147
179.20          -0.022212
179.40          -0.022277
179.60          -0.022343
179.80          -0.022409
180.00          -0.022476
180.20          -0.022543
180.40          -0.022611
180.60          -0.022679
180.80          -0.022748
181.00          -0.022817
181.20          -0.022887
181.40          -0.022958
181.60          -0.023029
181.80          -0.023101
182.00          -0.023173
182.20          -0.023246
182.40          -0.023319
182.60          -0.023393
182.80          -0.023468
183.00          -0.023543
183.20          -0.023619
183.40          -0.023696
183.60          -0.023773
183.80          -0.023851
184.00          -0.023929
184.20          -0.024009
184.40          -0.024089
184.60          -0.024169
184.80          -0.024251
185.00          -0.024333
185.20          -0.024415
185.40          -0.024499
185.60          -0.024583
185.80          -0.024668
186.00          -0.024754
186.20          -0.024841
186.40          -0.024928
186.60          -0.025016
186.80          -0.025105
187.00          -0.025195
187.20          -0.025286
187.40          -0.025377
187.60          -0.025469
187.80          -0.025563
188.00          -0.025657
188.20          -0.025752
188.40          -0.025848
188.60          -0.025945
188.80          -0.026043
189.00          -0.026142
189.20          -0.026241
189.40          -0.026342
189.60          -0.026444
189.80          -0.026547
190.00          -0.026651
190.20          -0.026756
190.40          -0.026862
190.60          -0.026969
190.80          -0.027077
191.00          -0.027187
191.20          -0.027297
191.40          -0.027409
191.60          -0.027522
191.80          -0.027636
192.00          -0.027752
192.20          -0.027868
192.40          -0.027986
192.60          -0.028105
192.80          -0.028226
193.00          -0.028348
193.20          -0.028471
193.40          -0.028596
193.60          -0.028722
193.80          -0.028849
194.00          -0.028978
194.20          -0.029108
194.40          -0.029240
194.60          -0.029374
194.80          -0.029509
195.00          -0.029645
195.20          -0.029784
195.40          -0.029923
195.60          -0.030065
195.80          -0.030208
196.00          -0.030353
196.20          -0.030500
196.40          -0.030649
196.60          -0.030799
196.80          -0.030952
197.00          -0.031106
197.20          -0.031262
197.40          -0.031421
197.60          -0.031581
197.80          -0.031743
198.00          -0.031908
198.20          -0.032074
198.40          -0.032243
198.60          -0.032414
198.80          -0.032588
199.00          -0.032763
199.20          -0.032941
199.40          -0.033122
199.60          -0.033305
199.80          -0.033490
200.00          -0.033678
200.20          -0.033869
200.40          -0.034062
200.60          -0.034258
200.80          -0.034457
201.00          -0.034659
201.20          -0.034864
201.40          -0.035071
201.60          -0.035282
201.80          -0.035496
202.00          -0.035713
202.20          -0.035933
202.40          -0.036157
202.60          -0.036383
202.80          -0.036614
203.00          -0.036848
203.20          -0.037085
203.40          -0.037326
203.60          -0.037571
203.80          -0.037820
204.00          -0.038073
204.20          -0.038330
204.40          -0.038591
204.60          -0.038856
204.80          -0.039126
205.00          -0.039400
205.20          -0.039678
205.40          -0.039961
205.60          -0.040249
205.80          -0.040542
206.00          -0.040840
206.20          -0.041143
206.40          -0.041451
206.60          -0.041764
206.80          -0.042083
207.00          -0.042408
207.20          -0.042738
207.40          -0.043074
207.60          -0.043416
207.80          -0.043765
208.00          -0.044120
208.20          -0.044481
208.40          -0.044849
208.60          -0.045224
208.80          -0.045606
209.00          -0.045995
209.20          -0.046391
209.40          -0.046796
209.60          -0.047207
209.80          -0.047627
210.00          -0.048056
210.20          -0.048492
210.40          -0.048937
210.60          -0.049392
210.80          -0.049855
211.00          -0.050328
211.20          -0.050810
211.40          -0.051302
211.60          -0.051805
211.80          -0.052318
212.00          -0.052842
212.20          -0.053377
212.40          -0.053923
212.60          -0.054481
212.80          -0.055051
213.00          -0.055633
213.20          -0.056228
213.40          -0.056837
213.60          -0.057459
213.80          -0.058094
214.00          -0.058744
214.20          -0.059409
214.40          -0.060089
214.60          -0.060785
214.80          -0.061496
215.00          -0.062225
215.20          -0.062970
215.40          -0.063733
215.60          -0.064514
215.80          -0.065313
216.00          -0.066132
216.20          -0.066971
216.40          -0.067830
216.60          -0.068710
216.80          -0.069612
217.00          -0.070536
217.20          -0.071484
217.40          -0.072455
217.60          -0.073450
217.80          -0.074471
218.00          -0.075518
218.20          -0.076591
218.40          -0.077693
218.60          -0.078823
218.80          -0.079982
219.00          -0.081172
219.20          -0.082392
219.40          -0.083645
219.60          -0.084932
219.80          -0.086252
220.00          -0.087608
220.20          -0.088999
220.40          -0.090429
220.60          -0.091896
220.80          -0.093403
221.00          -0.094951
221.20          -0.096541
221.40          -0.098174
221.60          -0.099851
221.80          -0.10157
222.00          -0.10334
222.20          -0.10516
222.40          -0.10703
222.60          -0.10894
222.80          -0.11091
223.00          -0.11293
223.20          -0.11500
223.40          -0.11713
223.60          -0.11932
223.80          -0.12156
224.00          -0.12386
224.20          -0.12622
224.40          -0.12864
224.60          -0.13111
224.80          -0.13365
225.00          -0.13625
