175.00          -0.20686
175.20          -0.20356
175.40          -0.20026
175.60          -0.19696
175.80          -0.19368
176.00          -0.19041
176.20          -0.18717
176.40          -0.18395
176.60          -0.18075
176.80          -0.17759
177.00          -0.17446
177.20          -0.17137
177.40          -0.16833
177.60          -0.16532
177.80          -0.16236
178.00          -0.15944
178.20          -0.15658
178.40          -0.15376
178.60          -0.15099
178.80          -0.14828
179.00          -0.14562
179.20          -0.14301
179.40          -0.14045
179.60          -0.13795
179.80          -0.13550
180.00          -0.13311
180.20          -0.13077
180.40          -0.12848
180.60          -0.12625
180.80          -0.12406
181.00          -0.12194
181.20          -0.11986
181.40          -0.11783
181.60          -0.11586
181.80          -0.11393
182.00          -0.11205
182.20          -0.11023
182.40          -0.10844
182.60          -0.10671
182.80          -0.10502
183.00          -0.10338
183.20          -0.10178
183.40          -0.10022
183.60          -0.098710
183.80          -0.097238
184.00          -0.095806
184.20          -0.094414
184.40          -0.093061
184.60          -0.091746
184.80          -0.090468
185.00          -0.089226
185.20          -0.088020
185.40          -0.086848
185.60          -0.085710
185.80          -0.084604
186.00          -0.083531
186.20          -0.082489
186.40          -0.081478
186.60          -0.080496
186.80          -0.079543
187.00          -0.078618
187.20          -0.077721
187.40          -0.076851
187.60          -0.076007
187.80          -0.075189
188.00          -0.074396
188.20          -0.073626
188.40          -0.072880
188.60          -0.072158
188.80          -0.071458
189.00          -0.070779
189.20          -0.070122
189.40          -0.069486
189.60          -0.068869
189.80          -0.068273
190.00          -0.067696
190.20          -0.067137
190.40          -0.066597
190.60          -0.066074
190.80          -0.065569
191.00          -0.065081
191.20          -0.064609
191.40          -0.064153
191.60          -0.063713
191.80          -0.063289
192.00          -0.062879
192.20          -0.062483
192.40          -0.062102
192.60          -0.061735
192.80          -0.061381
193.00          -0.061040
193.20          -0.060712
193.40          -0.060397
193.60          -0.060094
193.80          -0.059803
194.00          -0.059523
194.20          -0.059255
194.40          -0.058998
194.60          -0.058752
194.80          -0.058517
195.00          -0.058292
195.20          -0.058077
195.40          -0.057872
195.60          -0.057677
195.80          -0.057491
196.00          -0.057314
196.20          -0.057146
196.40          -0.056988
196.60          -0.056838
196.80          -0.056696
197.00          -0.056563
197.20          -0.056438
197.40          -0.056320
197.60          -0.056211
197.80          -0.056109
198.00          -0.056015
198.20          -0.055928
198.40          -0.055848
198.60          -0.055775
198.80          -0.055708
199.00          -0.055649
199.20          -0.055596
199.40          -0.055550
199.60          -0.055510
199.80          -0.055476
200.00          -0.055448
200.20          -0.055427
200.40          -0.055411
200.60          -0.055401
200.80          -0.055396
201.00          -0.055397
201.20          -0.055404
201.40          -0.055416
201.60          -0.055433
201.80          -0.055455
202.00          -0.055482
202.20          -0.055515
202.40          -0.055552
202.60          -0.055594
202.80          -0.055641
203.00          -0.055692
203.20          -0.055748
203.40          -0.055808
203.60          -0.055873
203.80          -0.055942
204.00          -0.056016
204.20          -0.056093
204.40          -0.056175
204.60          -0.056261
204.80          -0.056351
205.00          -0.056445
205.20          -0.056542
205.40          -0.056644
205.60          -0.056749
205.80          -0.056858
206.00          -0.056971
206.20          -0.057087
206.40          -0.057207
206.60          -0.057331
206.80          -0.057458
207.00          -0.057588
207.20          -0.057722
207.40          -0.057858
207.60          -0.057999
207.80          -0.058142
208.00          -0.058289
208.20          -0.058439
208.40          -0.058592
208.60          -0.058748
208.80          -0.058907
209.00          -0.059068
209.20          -0.059233
209.40          -0.059401
209.60          -0.059572
209.80          -0.059746
210.00          -0.059922
210.20          -0.060101
210.40          -0.060283
210.60          -0.060467
210.80          -0.060655
211.00          -0.060844
211.20          -0.061037
211.40          -0.061232
211.60          -0.061430
211.80          -0.061630
212.00          -0.061832
212.20          -0.062037
212.40          -0.062245
212.60          -0.062455
212.80          -0.062667
213.00          -0.062882
213.20          -0.063099
213.40          -0.063318
213.60          -0.063540
213.80          -0.063763
214.00          -0.063989
214.20          -0.064218
214.40          -0.064448
214.60          -0.064680
214.80          -0.064915
215.00          -0.065152
215.20          -0.065391
215.40          -0.065632
215.60          -0.065874
215.80          -0.066119
216.00          -0.066366
216.20          -0.066615
216.40          -0.066866
216.60          -0.067119
216.80          -0.067373
217.00          -0.067630
217.20          -0.067888
217.40          -0.068149
217.60          -0.068411
217.80          -0.068675
218.00          -0.068940
218.20          -0.069208
218.40          -0.069477
218.60          -0.069748
218.80          -0.070020
219.00          -0.070294
219.20          -0.070570
219.40          -0.070848
219.60          -0.071127
219.80          -0.071407
220.00          -0.071690
220.20          -0.071974
220.40          -0.072259
220.60          -0.072546
220.80          -0.072834
221.00          -0.073124
221.20          -0.073415
221.40          -0.073708
221.60          -0.074002
221.80          -0.074297
222.00          -0.074594
222.20          -0.074893
222.40          -0.075192
222.60          -0.075493
222.80          -0.075795
223.00          -0.076099
223.20          -0.076403
223.40          -0.076709
223.60          -0.077016
223.80          -0.077325
224.00          -0.077634
224.20          -0.077945
224.40          -0.078256
224.60          -0.078569
224.80          -0.078883
225.00          -0.079198
