175.00          -0.32674
175.20          -0.28663
175.40          -0.25326
175.60          -0.22542
175.80          -0.20209
176.00          -0.18244
176.20          -0.16582
176.40          -0.15168
176.60          -0.13959
176.80          -0.12921
177.00          -0.12025
177.20          -0.11248
177.40          -0.10572
177.60          -0.099812
177.80          -0.094630
178.00          -0.090070
178.20          -0.086044
178.40          -0.082480
178.60          -0.079317
178.80          -0.076501
179.00          -0.073991
179.20          -0.071748
179.40          -0.069741
179.60          -0.067942
179.80          -0.066328
180.00          -0.064878
180.20          -0.063575
180.40          -0.062403
180.60          -0.061349
180.80          -0.060402
181.00          -0.059551
181.20          -0.058788
181.40          -0.058105
181.60          -0.057494
181.80          -0.056951
182.00          -0.056471
182.20          -0.056048
182.40          -0.055680
182.60          -0.055363
182.80          -0.055096
183.00          -0.054877
183.20          -0.054705
183.40          -0.054580
183.60          -0.054505
183.80          -0.054481
184.00          -0.054514
184.20          -0.054611
184.40          -0.054784
184.60          -0.055052
184.80          -0.055443
185.00          -0.056004
185.20          -0.056817
185.40          -0.058033
185.60          -0.059958
185.80          -0.063316
186.00          -0.070226
186.20          -0.089776
186.40          -0.22029
186.60          -0.67593
186.80          -0.070178
187.00          -0.052187
187.20          -0.049263
187.40          -0.048684
187.60          -0.048686
187.80          -0.048860
188.00          -0.049084
188.20          -0.049319
188.40          -0.049551
188.60          -0.049775
188.80          -0.049990
189.00          -0.050197
189.20          -0.050398
189.40          -0.050592
189.60          -0.050782
189.80          -0.050968
190.00          -0.051151
190.20          -0.051331
190.40          -0.051510
190.60          -0.051687
190.80          -0.051863
191.00          -0.052039
191.20          -0.052214
191.40          -0.052389
191.60          -0.052563
191.80          -0.052738
192.00          -0.052913
192.20          -0.053089
192.40          -0.053265
192.60          -0.053442
192.80          -0.053619
193.00          -0.053796
193.20          -0.053975
193.40          -0.054154
193.60          -0.054334
193.80          -0.054514
194.00          -0.054696
194.20          -0.054878
194.40          -0.055061
194.60          -0.055244
194.80          -0.055429
195.00          -0.055614
195.20          -0.055800
195.40          -0.055987
195.60          -0.056175
195.80          -0.056364
196.00          -0.056553
196.20          -0.056744
196.40          -0.056935
196.60          -0.057127
196.80          -0.057320
197.00          -0.057513
197.20          -0.057708
197.40          -0.057903
197.60          -0.058099
197.80          -0.058296
198.00          -0.058494
198.20          -0.058693
198.40          -0.058892
198.60          -0.059093
198.80          -0.059294
199.00          -0.059496
199.20          -0.059699
199.40          -0.059903
199.60          -0.060108
199.80          -0.060314
200.00          -0.060520
200.20          -0.060728
200.40          -0.060936
200.60          -0.061146
200.80          -0.061356
201.00          -0.061568
201.20          -0.061780
201.40          -0.061994
201.60          -0.062209
201.80          -0.062424
202.00          -0.062641
202.20          -0.062859
202.40          -0.063079
202.60          -0.063299
202.80          -0.063521
203.00          -0.063744
203.20          -0.063969
203.40          -0.064195
203.60          -0.064422
203.80          -0.064652
204.00          -0.064882
204.20          -0.065115
204.40          -0.065349
204.60          -0.065586
204.80          -0.065824
205.00          -0.066065
205.20          -0.066308
205.40          -0.066553
205.60          -0.066802
205.80          -0.067053
206.00          -0.067307
206.20          -0.067565
206.40          -0.067827
206.60          -0.068092
206.80          -0.068363
207.00          -0.068639
207.20          -0.068921
207.40          -0.069209
207.60          -0.069506
207.80          -0.069812
208.00          -0.070130
208.20          -0.070462
208.40          -0.070812
208.60          -0.071187
208.80          -0.071596
209.00          -0.072056
209.20          -0.072600
209.40          -0.073292
209.60          -0.074297
209.80          -0.076121
210.00          -0.081183
210.20          -0.12362
210.40          -0.15593
210.60          -0.080121
210.80          -0.076110
211.00          -0.075537
211.20          -0.075665
211.40          -0.076038
211.60          -0.076537
211.80          -0.077128
212.00          -0.077804
212.20          -0.078574
212.40          -0.079458
212.60          -0.080486
212.80          -0.081704
213.00          -0.083184
213.20          -0.085035
213.40          -0.087443
213.60          -0.090727
213.80          -0.095498
214.00          -0.10303
214.20          -0.11633
214.40          -0.14298
214.60          -0.19002
214.80          -0.15533
215.00          -0.085820
215.20          -0.068605
215.40          -0.065457
215.60          -0.065471
215.80          -0.066250
216.00          -0.067179
216.20          -0.068087
216.40          -0.068928
216.60          -0.069696
216.80          -0.070396
217.00          -0.071037
217.20          -0.071627
217.40          -0.072175
217.60          -0.072687
217.80          -0.073167
218.00          -0.073622
218.20          -0.074053
218.40          -0.074465
218.60          -0.074860
218.80          -0.075240
219.00          -0.075607
219.20          -0.075963
219.40          -0.076309
219.60          -0.076645
219.80          -0.076974
220.00          -0.077296
220.20          -0.077611
220.40          -0.077920
220.60          -0.078224
220.80          -0.078524
221.00          -0.078819
221.20          -0.079111
221.40          -0.079399
221.60          -0.079684
221.80          -0.079966
222.00          -0.080246
222.20          -0.080523
222.40          -0.080798
222.60          -0.081071
222.80          -0.081342
223.00          -0.081612
223.20          -0.081880
223.40          -0.082147
223.60          -0.082413
223.80          -0.082677
224.00          -0.082941
224.20          -0.083204
224.40          -0.083466
224.60          -0.083727
224.80          -0.083988
225.00          -0.084249
