175.00          -0.091954
175.20          -0.088117
175.40          -0.084754
175.60          -0.081797
175.80          -0.079190
176.00          -0.076884
176.20          -0.074840
176.40          -0.073025
176.60          -0.071409
176.80          -0.069968
177.00          -0.068682
177.20          -0.067532
177.40          -0.066504
177.60          -0.065584
177.80          -0.064760
178.00          -0.064022
178.20          -0.063362
178.40          -0.062772
178.60          -0.062244
178.80          -0.061774
179.00          -0.061355
179.20          -0.060983
179.40          -0.060654
179.60          -0.060364
179.80          -0.060109
180.00          -0.059888
180.20          -0.059697
180.40          -0.059533
180.60          -0.059396
180.80          -0.059283
181.00          -0.059192
181.20          -0.059122
181.40          -0.059072
181.60          -0.059040
181.80          -0.059026
182.00          -0.059029
182.20          -0.059048
182.40          -0.059084
182.60          -0.059135
182.80          -0.059201
183.00          -0.059284
183.20          -0.059383
183.40          -0.059499
183.60          -0.059635
183.80          -0.059791
184.00          -0.059972
184.20          -0.060182
184.40          -0.060427
184.60          -0.060718
184.80          -0.061071
185.00          -0.061513
185.20          -0.062087
185.40          -0.062878
185.60          -0.064059
185.80          -0.066045
186.00          -0.070093
186.20          -0.081963
186.40          -0.17945
186.60          -0.22239
186.80          -0.067456
187.00          -0.060419
187.20          -0.059308
187.40          -0.059193
187.60          -0.059331
187.80          -0.059543
188.00          -0.059775
188.20          -0.060011
188.40          -0.060242
188.60          -0.060469
188.80          -0.060691
189.00          -0.060907
189.20          -0.061120
189.40          -0.061329
189.60          -0.061535
189.80          -0.061738
190.00          -0.061940
190.20          -0.062139
190.40          -0.062338
190.60          -0.062535
190.80          -0.062731
191.00          -0.062927
191.20          -0.063122
191.40          -0.063317
191.60          -0.063511
191.80          -0.063705
192.00          -0.063899
192.20          -0.064093
192.40          -0.064286
192.60          -0.064480
192.80          -0.064674
193.00          -0.064868
193.20          -0.065062
193.40          -0.065256
193.60          -0.065450
193.80          -0.065644
194.00          -0.065839
194.20          -0.066033
194.40          -0.066228
194.60          -0.066423
194.80          -0.066618
195.00          -0.066814
195.20          -0.067010
195.40          -0.067205
195.60          -0.067401
195.80          -0.067598
196.00          -0.067794
196.20          -0.067991
196.40          -0.068188
196.60          -0.068385
196.80          -0.068582
197.00          -0.068779
197.20          -0.068977
197.40          -0.069175
197.60          -0.069373
197.80          -0.069571
198.00          -0.069770
198.20          -0.069968
198.40          -0.070167
198.60          -0.070366
198.80          -0.070565
199.00          -0.070765
199.20          -0.070964
199.40          -0.071164
199.60          -0.071364
199.80          -0.071564
200.00          -0.071765
200.20          -0.071965
200.40          -0.072166
200.60          -0.072367
200.80          -0.072568
201.00          -0.072770
201.20          -0.072972
201.40          -0.073174
201.60          -0.073376
201.80          -0.073578
202.00          -0.073781
202.20          -0.073984
202.40          -0.074187
202.60          -0.074391
202.80          -0.074595
203.00          -0.074799
203.20          -0.075004
203.40          -0.075209
203.60          -0.075414
203.80          -0.075620
204.00          -0.075827
204.20          -0.076034
204.40          -0.076241
204.60          -0.076450
204.80          -0.076659
205.00          -0.076869
205.20          -0.077080
205.40          -0.077291
205.60          -0.077504
205.80          -0.077718
206.00          -0.077934
206.20          -0.078150
206.40          -0.078369
206.60          -0.078590
206.80          -0.078813
207.00          -0.079039
207.20          -0.079268
207.40          -0.079501
207.60          -0.079738
207.80          -0.079982
208.00          -0.080233
208.20          -0.080493
208.40          -0.080765
208.60          -0.081055
208.80          -0.081371
209.00          -0.081725
209.20          -0.082144
209.40          -0.082682
209.60          -0.083473
209.80          -0.084941
210.00          -0.089127
210.20          -0.12608
210.40          -0.14413
210.60          -0.087855
210.80          -0.084632
211.00          -0.084102
211.20          -0.084122
211.40          -0.084326
211.60          -0.084619
211.80          -0.084969
212.00          -0.085368
212.20          -0.085818
212.40          -0.086330
212.60          -0.086920
212.80          -0.087615
213.00          -0.088458
213.20          -0.089519
213.40          -0.090917
213.60          -0.092877
213.80          -0.095860
214.00          -0.10095
214.20          -0.11128
214.40          -0.13870
214.60          -0.22823
214.80          -0.17076
215.00          -0.10005
215.20          -0.087120
215.40          -0.084020
215.60          -0.083229
215.80          -0.083145
216.00          -0.083311
216.20          -0.083569
216.40          -0.083860
216.60          -0.084158
216.80          -0.084452
217.00          -0.084739
217.20          -0.085016
217.40          -0.085283
217.60          -0.085541
217.80          -0.085791
218.00          -0.086033
218.20          -0.086268
218.40          -0.086496
218.60          -0.086718
218.80          -0.086936
219.00          -0.087148
219.20          -0.087356
219.40          -0.087560
219.60          -0.087760
219.80          -0.087956
220.00          -0.088150
220.20          -0.088340
220.40          -0.088527
220.60          -0.088712
220.80          -0.088894
221.00          -0.089074
221.20          -0.089252
221.40          -0.089427
221.60          -0.089601
221.80          -0.089772
222.00          -0.089942
222.20          -0.090110
222.40          -0.090276
222.60          -0.090440
222.80          -0.090603
223.00          -0.090764
223.20          -0.090923
223.40          -0.091081
223.60          -0.091238
223.80          -0.091393
224.00          -0.091546
224.20          -0.091699
224.40          -0.091849
224.60          -0.091999
224.80          -0.092147
225.00          -0.092293
