175.00          -0.019929
175.20          -0.020021
175.40          -0.020115
175.60          -0.020210
175.80          -0.020308
176.00          -0.020407
176.20          -0.020508
176.40          -0.020612
176.60          -0.020717
176.80          -0.020824
177.00          -0.020934
177.20          -0.021046
177.40          -0.021160
177.60          -0.021276
177.80          -0.021395
178.00          -0.021517
178.20          -0.021641
178.40          -0.021768
178.60          -0.021898
178.80          -0.022031
179.00          -0.022167
179.20          -0.022306
179.40          -0.022449
179.60          -0.022594
179.80          -0.022744
180.00          -0.022897
180.20          -0.023054
180.40          -0.023215
180.60          -0.023379
180.80          -0.023549
181.00          -0.023722
181.20          -0.023901
181.40          -0.024084
181.60          -0.024272
181.80          -0.024466
182.00          -0.024665
182.20          -0.024869
182.40          -0.025080
182.60          -0.025297
182.80          -0.025520
183.00          -0.025751
183.20          -0.025988
183.40          -0.026233
183.60          -0.026485
183.80          -0.026746
184.00          -0.027016
184.20          -0.027294
184.40          -0.027582
184.60          -0.027880
184.80          -0.028188
185.00          -0.028508
185.20          -0.028839
185.40          -0.029182
185.60          -0.029538
185.80          -0.029908
186.00          -0.030292
186.20          -0.030691
186.40          -0.031107
186.60          -0.031539
186.80          -0.031990
187.00          -0.032459
187.20          -0.032949
187.40          -0.033461
187.60          -0.033996
187.80          -0.034555
188.00          -0.035141
188.20          -0.035754
188.40          -0.036398
188.60          -0.037073
188.80          -0.037783
189.00          -0.038530
189.20          -0.039316
189.40          -0.040145
189.60          -0.041019
189.80          -0.041944
190.00          -0.042921
190.20          -0.043957
190.40          -0.045056
190.60          -0.046222
190.80          -0.047464
191.00          -0.048786
191.20          -0.050197
191.40          -0.051705
191.60          -0.053319
191.80          -0.055050
192.00          -0.056910
192.20          -0.058913
192.40          -0.061073
192.60          -0.063409
192.80          -0.065940
193.00          -0.068690
193.20          -0.071684
193.40          -0.074952
193.60          -0.078531
193.80          -0.082461
194.00          -0.086790
194.20          -0.091575
194.40          -0.096881
194.60          -0.10279
194.80          -0.10939
195.00          -0.11679
195.20          -0.12514
195.40          -0.13459
195.60          -0.14535
195.80          -0.15765
196.00          -0.17180
196.20          -0.18816
196.40          -0.20719
196.60          -0.22945
196.80          -0.25565
197.00          -0.28666
197.20          -0.32353
197.40          -0.36750
197.60          -0.42002
197.80          -0.48253
198.00          -0.55623
198.20          -0.64137
198.40          -0.73613
198.60          -0.83487
198.80          -0.92667
199.00          -0.99560
199.20          -1.0251
199.40          -1.0060
199.60          -0.94208
199.80          -0.84809
200.00          -0.74183
200.20          -0.63734
200.40          -0.54265
200.60          -0.46087
200.80          -0.39212
201.00          -0.33512
201.20          -0.28812
201.40          -0.24938
201.60          -0.21736
201.80          -0.19078
202.00          -0.16860
202.20          -0.14997
202.40          -0.13423
202.60          -0.12085
202.80          -0.10942
203.00          -0.099587
203.20          -0.091088
203.40          -0.083704
203.60          -0.077258
203.80          -0.071606
204.00          -0.066630
204.20          -0.062234
204.40          -0.058341
204.60          -0.054893
204.80          -0.051874
205.00          -0.049542
205.20          -0.079772
205.40          -0.044252
205.60          -0.042022
205.80          -0.040141
206.00          -0.038448
206.20          -0.036910
206.40          -0.035507
206.60          -0.034224
206.80          -0.033048
207.00          -0.031969
207.20          -0.030977
207.40          -0.030064
207.60          -0.029222
207.80          -0.028444
208.00          -0.027724
208.20          -0.027059
208.40          -0.026441
208.60          -0.025869
208.80          -0.025337
209.00          -0.024845
209.20          -0.024382
209.40          -0.023953
209.60          -0.023553
209.80          -0.023180
210.00          -0.022832
210.20          -0.022507
210.40          -0.022203
210.60          -0.021919
210.80          -0.021653
211.00          -0.021404
211.20          -0.021171
211.40          -0.020953
211.60          -0.020749
211.80          -0.020557
212.00          -0.020378
212.20          -0.020209
212.40          -0.020052
212.60          -0.019904
212.80          -0.019765
213.00          -0.019636
213.20          -0.019514
213.40          -0.019400
213.60          -0.019294
213.80          -0.019194
214.00          -0.019101
214.20          -0.019014
214.40          -0.018933
214.60          -0.018857
214.80          -0.018786
215.00          -0.018721
215.20          -0.018659
215.40          -0.018603
215.60          -0.018550
215.80          -0.018502
216.00          -0.018457
216.20          -0.018416
216.40          -0.018378
216.60          -0.018344
216.80          -0.018313
217.00          -0.018284
217.20          -0.018259
217.40          -0.018236
217.60          -0.018216
217.80          -0.018198
218.00          -0.018183
218.20          -0.018170
218.40          -0.018159
218.60          -0.018151
218.80          -0.018144
219.00          -0.018139
219.20          -0.018137
219.40          -0.018136
219.60          -0.018136
219.80          -0.018139
220.00          -0.018143
220.20          -0.018149
220.40          -0.018156
220.60          -0.018165
220.80          -0.018175
221.00          -0.018187
221.20          -0.018200
221.40          -0.018214
221.60          -0.018230
221.80          -0.018246
222.00          -0.018265
222.20          -0.018284
222.40          -0.018305
222.60          -0.018326
222.80          -0.018349
223.00          -0.018374
223.20          -0.018399
223.40          -0.018425
223.60          -0.018453
223.80          -0.018481
224.00          -0.018511
224.20          -0.018542
224.40          -0.018574
224.60          -0.018607
224.80          -0.018641
225.00          -0.018677
