175.00          -0.046657
175.20          -0.046626
175.40          -0.046600
175.60          -0.046580
175.80          -0.046566
176.00          -0.046558
176.20          -0.046555
176.40          -0.046557
176.60          -0.046565
176.80          -0.046578
177.00          -0.046596
177.20          -0.046620
177.40          -0.046648
177.60          -0.046682
177.80          -0.046720
178.00          -0.046764
178.20          -0.046812
178.40          -0.046865
178.60          -0.046923
178.80          -0.046985
179.00          -0.047053
179.20          -0.047124
179.40          -0.047201
179.60          -0.047282
179.80          -0.047367
180.00          -0.047457
180.20          -0.047552
180.40          -0.047650
180.60          -0.047753
180.80          -0.047861
181.00          -0.047973
181.20          -0.048089
181.40          -0.048209
181.60          -0.048333
181.80          -0.048462
182.00          -0.048595
182.20          -0.048732
182.40          -0.048873
182.60          -0.049018
182.80          -0.049167
183.00          -0.049321
183.20          -0.049478
183.40          -0.049640
183.60          -0.049805
183.80          -0.049975
184.00          -0.050148
184.20          -0.050325
184.40          -0.050507
184.60          -0.050692
184.80          -0.050882
185.00          -0.051075
185.20          -0.051272
185.40          -0.051473
185.60          -0.051678
185.80          -0.051887
186.00          -0.052100
186.20          -0.052317
186.40          -0.052538
186.60          -0.052763
186.80          -0.052991
187.00          -0.053224
187.20          -0.053460
187.40          -0.053701
187.60          -0.053945
187.80          -0.054193
188.00          -0.054446
188.20          -0.054702
188.40          -0.054962
188.60          -0.055226
188.80          -0.055494
189.00          -0.055766
189.20          -0.056042
189.40          -0.056322
189.60          -0.056606
189.80          -0.056893
190.00          -0.057185
190.20          -0.057481
190.40          -0.057781
190.60          -0.058085
190.80          -0.058394
191.00          -0.058706
191.20          -0.059022
191.40          -0.059343
191.60          -0.059667
191.80          -0.059996
192.00          -0.060329
192.20          -0.060666
192.40          -0.061007
192.60          -0.061352
192.80          -0.061702
193.00          -0.062056
193.20          -0.062414
193.40          -0.062777
193.60          -0.063143
193.80          -0.063515
194.00          -0.063890
194.20          -0.064270
194.40          -0.064654
194.60          -0.065043
194.80          -0.065436
195.00          -0.065834
195.20          -0.066236
195.40          -0.066642
195.60          -0.067053
195.80          -0.067469
196.00          -0.067889
196.20          -0.068314
196.40          -0.068744
196.60          -0.069178
196.80          -0.069617
197.00          -0.070061
197.20          -0.070509
197.40          -0.070962
197.60          -0.071420
197.80          -0.071883
198.00          -0.072351
198.20          -0.072824
198.40          -0.073301
198.60          -0.073784
198.80          -0.074271
199.00          -0.074764
199.20          -0.075261
199.40          -0.075764
199.60          -0.076272
199.80          -0.076785
200.00          -0.077303
200.20          -0.077826
200.40          -0.078355
200.60          -0.078888
200.80          -0.079428
201.00          -0.079972
201.20          -0.080522
201.40          -0.081077
201.60          -0.081638
201.80          -0.082204
202.00          -0.082776
202.20          -0.083353
202.40          -0.083936
202.60          -0.084524
202.80          -0.085119
203.00          -0.085718
203.20          -0.086324
203.40          -0.086935
203.60          -0.087552
203.80          -0.088175
204.00          -0.088804
204.20          -0.089438
204.40          -0.090079
204.60          -0.090725
204.80          -0.091378
205.00          -0.092036
205.20          -0.092701
205.40          -0.093371
205.60          -0.094048
205.80          -0.094731
206.00          -0.095420
206.20          -0.096115
206.40          -0.096817
206.60          -0.097525
206.80          -0.098239
207.00          -0.098960
207.20          -0.099687
207.40          -0.10042
207.60          -0.10116
207.80          -0.10191
208.00          -0.10266
208.20          -0.10342
208.40          -0.10419
208.60          -0.10496
208.80          -0.10574
209.00          -0.10652
209.20          -0.10732
209.40          -0.10812
209.60          -0.10892
209.80          -0.10974
210.00          -0.11056
210.20          -0.11138
210.40          -0.11222
210.60          -0.11306
210.80          -0.11391
211.00          -0.11476
211.20          -0.11562
211.40          -0.11649
211.60          -0.11737
211.80          -0.11825
212.00          -0.11914
212.20          -0.12004
212.40          -0.12094
212.60          -0.12186
212.80          -0.12278
213.00          -0.12370
213.20          -0.12464
213.40          -0.12558
213.60          -0.12653
213.80          -0.12748
214.00          -0.12845
214.20          -0.12942
214.40          -0.13040
214.60          -0.13139
214.80          -0.13238
215.00          -0.13338
215.20          -0.13439
215.40          -0.13541
215.60          -0.13644
215.80          -0.13747
216.00          -0.13851
216.20          -0.13956
216.40          -0.14062
216.60          -0.14168
216.80          -0.14276
217.00          -0.14384
217.20          -0.14493
217.40          -0.14602
217.60          -0.14713
217.80          -0.14824
218.00          -0.14937
218.20          -0.15050
218.40          -0.15164
218.60          -0.15279
218.80          -0.15395
219.00          -0.15511
219.20          -0.15629
219.40          -0.15747
219.60          -0.15867
219.80          -0.15987
220.00          -0.16108
220.20          -0.16230
220.40          -0.16353
220.60          -0.16477
220.80          -0.16602
221.00          -0.16728
221.20          -0.16855
221.40          -0.16982
221.60          -0.17111
221.80          -0.17241
222.00          -0.17371
222.20          -0.17502
222.40          -0.17634
222.60          -0.17767
222.80          -0.17900
223.00          -0.18033
223.20          -0.18166
223.40          -0.18299
223.60          -0.18434
223.80          -0.18587
224.00          -0.18974
224.20          -0.51522
224.40          -0.20020
224.60          -0.19609
224.80          -0.19622
225.00          -0.19717
