175.00          -0.035915
175.20          -0.036015
175.40          -0.036115
175.60          -0.036215
175.80          -0.036316
176.00          -0.036418
176.20          -0.036520
176.40          -0.036622
176.60          -0.036725
176.80          -0.036828
177.00          -0.036932
177.20          -0.037037
177.40          -0.037142
177.60          -0.037248
177.80          -0.037354
178.00          -0.037461
178.20          -0.037568
178.40          -0.037676
178.60          -0.037784
178.80          -0.037893
179.00          -0.038003
179.20          -0.038113
179.40          -0.038224
179.60          -0.038335
179.80          -0.038447
180.00          -0.038560
180.20          -0.038673
180.40          -0.038787
180.60          -0.038901
180.80          -0.039017
181.00          -0.039132
181.20          -0.039249
181.40          -0.039366
181.60          -0.039484
181.80          -0.039603
182.00          -0.039722
182.20          -0.039842
182.40          -0.039963
182.60          -0.040084
182.80          -0.040206
183.00          -0.040329
183.20          -0.040453
183.40          -0.040577
183.60          -0.040702
183.80          -0.040828
184.00          -0.040955
184.20          -0.041083
184.40          -0.041211
184.60          -0.041340
184.80          -0.041470
185.00          -0.041601
185.20          -0.041733
185.40          -0.041866
185.60          -0.042000
185.80          -0.042134
186.00          -0.042270
186.20          -0.042406
186.40          -0.042543
186.60          -0.042682
186.80          -0.042821
187.00          -0.042961
187.20          -0.043102
187.40          -0.043245
187.60          -0.043388
187.80          -0.043533
188.00          -0.043678
188.20          -0.043825
188.40          -0.043972
188.60          -0.044121
188.80          -0.044271
189.00          -0.044422
189.20          -0.044575
189.40          -0.044728
189.60          -0.044883
189.80          -0.045039
190.00          -0.045197
190.20          -0.045355
190.40          -0.045515
190.60          -0.045676
190.80          -0.045839
191.00          -0.046003
191.20          -0.046169
191.40          -0.046336
191.60          -0.046504
191.80          -0.046674
192.00          -0.046845
192.20          -0.047019
192.40          -0.047193
192.60          -0.047369
192.80          -0.047547
193.00          -0.047727
193.20          -0.047908
193.40          -0.048091
193.60          -0.048276
193.80          -0.048463
194.00          -0.048652
194.20          -0.048842
194.40          -0.049035
194.60          -0.049229
194.80          -0.049426
195.00          -0.049625
195.20          -0.049825
195.40          -0.050028
195.60          -0.050234
195.80          -0.050441
196.00          -0.050651
196.20          -0.050863
196.40          -0.051078
196.60          -0.051295
196.80          -0.051515
197.00          -0.051737
197.20          -0.051963
197.40          -0.052191
197.60          -0.052421
197.80          -0.052655
198.00          -0.052892
198.20          -0.053131
198.40          -0.053374
198.60          -0.053620
198.80          -0.053870
199.00          -0.054122
199.20          -0.054379
199.40          -0.054638
199.60          -0.054902
199.80          -0.055169
200.00          -0.055440
200.20          -0.055716
200.40          -0.055995
200.60          -0.056279
200.80          -0.056567
201.00          -0.056859
201.20          -0.057156
201.40          -0.057458
201.60          -0.057764
201.80          -0.058076
202.00          -0.058393
202.20          -0.058716
202.40          -0.059044
202.60          -0.059377
202.80          -0.059717
203.00          -0.060063
203.20          -0.060415
203.40          -0.060773
203.60          -0.061138
203.80          -0.061511
204.00          -0.061890
204.20          -0.062277
204.40          -0.062672
204.60          -0.063075
204.80          -0.063486
205.00          -0.063905
205.20          -0.064334
205.40          -0.064772
205.60          -0.065219
205.80          -0.065677
206.00          -0.066145
206.20          -0.066623
206.40          -0.067113
206.60          -0.067615
206.80          -0.068129
207.00          -0.068655
207.20          -0.069195
207.40          -0.069748
207.60          -0.070315
207.80          -0.070898
208.00          -0.071496
208.20          -0.072111
208.40          -0.072742
208.60          -0.073391
208.80          -0.074059
209.00          -0.074747
209.20          -0.075455
209.40          -0.076184
209.60          -0.076936
209.80          -0.077711
210.00          -0.078511
210.20          -0.079337
210.40          -0.080191
210.60          -0.081073
210.80          -0.081986
211.00          -0.082930
211.20          -0.083908
211.40          -0.084922
211.60          -0.085974
211.80          -0.087065
212.00          -0.088198
212.20          -0.089376
212.40          -0.090601
212.60          -0.091877
212.80          -0.093205
213.00          -0.094590
213.20          -0.096036
213.40          -0.097545
213.60          -0.099123
213.80          -0.10077
214.00          -0.10250
214.20          -0.10431
214.40          -0.10622
214.60          -0.10821
214.80          -0.11031
215.00          -0.11253
215.20          -0.11486
215.40          -0.11732
215.60          -0.11991
215.80          -0.12266
216.00          -0.12557
216.20          -0.12866
216.40          -0.13193
216.60          -0.13542
216.80          -0.13913
217.00          -0.14309
217.20          -0.14732
217.40          -0.15184
217.60          -0.15669
217.80          -0.16190
218.00          -0.16750
218.20          -0.17353
218.40          -0.18004
218.60          -0.18708
218.80          -0.19471
219.00          -0.20300
219.20          -0.21201
219.40          -0.22184
219.60          -0.23257
219.80          -0.24432
220.00          -0.25720
220.20          -0.27136
220.40          -0.28694
220.60          -0.30412
220.80          -0.32308
221.00          -0.34403
221.20          -0.36719
221.40          -0.39278
221.60          -0.42102
221.80          -0.45212
222.00          -0.48623
222.20          -0.52340
222.40          -0.56354
222.60          -0.60633
222.80          -0.65112
223.00          -0.69684
223.20          -0.74191
223.40          -0.78420
223.60          -0.82109
223.80          -0.84974
224.00          -0.86745
224.20          -0.87220
224.40          -0.86306
224.60          -0.84048
224.80          -0.80622
225.00          -0.76294
