175.00          -0.15496
175.20          -0.15723
175.40          -0.15956
175.60          -0.16193
175.80          -0.16436
176.00          -0.16684
176.20          -0.16937
176.40          -0.17195
176.60          -0.17459
176.80          -0.17728
177.00          -0.18003
177.20          -0.18284
177.40          -0.18569
177.60          -0.18861
177.80          -0.19158
178.00          -0.19460
178.20          -0.19768
178.40          -0.20081
178.60          -0.20399
178.80          -0.20722
179.00          -0.21051
179.20          -0.21384
179.40          -0.21721
179.60          -0.22063
179.80          -0.22409
180.00          -0.22758
180.20          -0.23111
180.40          -0.23466
180.60          -0.23824
180.80          -0.24183
181.00          -0.24543
181.20          -0.24904
181.40          -0.25265
181.60          -0.25624
181.80          -0.25981
182.00          -0.26335
182.20          -0.26685
182.40          -0.27030
182.60          -0.27369
182.80          -0.27701
183.00          -0.28023
183.20          -0.28336
183.40          -0.28637
183.60          -0.28926
183.80          -0.29201
184.00          -0.29459
184.20          -0.29701
184.40          -0.29924
184.60          -0.30128
184.80          -0.30310
185.00          -0.30469
185.20          -0.30604
185.40          -0.30714
185.60          -0.30798
185.80          -0.30855
186.00          -0.30884
186.20          -0.30884
186.40          -0.30856
186.60          -0.30798
186.80          -0.30710
187.00          -0.30593
187.20          -0.30447
187.40          -0.30271
187.60          -0.30068
187.80          -0.29838
188.00          -0.29581
188.20          -0.29298
188.40          -0.28992
188.60          -0.28663
188.80          -0.28313
189.00          -0.27944
189.20          -0.27556
189.40          -0.27153
189.60          -0.26735
189.80          -0.26304
190.00          -0.25863
190.20          -0.25412
190.40          -0.24954
190.60          -0.24490
190.80          -0.24021
191.00          -0.23550
191.20          -0.23078
191.40          -0.22605
191.60          -0.22134
191.80          -0.21665
192.00          -0.21200
192.20          -0.20739
192.40          -0.20283
192.60          -0.19834
192.80          -0.19391
193.00          -0.18956
193.20          -0.18529
193.40          -0.18110
193.60          -0.17699
193.80          -0.17298
194.00          -0.16907
194.20          -0.16524
194.40          -0.16152
194.60          -0.15789
194.80          -0.15436
195.00          -0.15093
195.20          -0.14760
195.40          -0.14436
195.60          -0.14122
195.80          -0.13818
196.00          -0.13523
196.20          -0.13238
196.40          -0.12961
196.60          -0.12694
196.80          -0.12435
197.00          -0.12185
197.20          -0.11943
197.40          -0.11709
197.60          -0.11483
197.80          -0.11266
198.00          -0.11055
198.20          -0.10852
198.40          -0.10656
198.60          -0.10467
198.80          -0.10285
199.00          -0.10109
199.20          -0.099398
199.40          -0.097764
199.60          -0.096190
199.80          -0.094672
200.00          -0.093210
200.20          -0.091802
200.40          -0.090445
200.60          -0.089139
200.80          -0.087881
201.00          -0.086670
201.20          -0.085504
201.40          -0.084381
201.60          -0.083301
201.80          -0.082262
202.00          -0.081262
202.20          -0.080300
202.40          -0.079375
202.60          -0.078486
202.80          -0.077631
203.00          -0.076809
203.20          -0.076019
203.40          -0.075260
203.60          -0.074531
203.80          -0.073831
204.00          -0.073158
204.20          -0.072513
204.40          -0.071894
204.60          -0.071300
204.80          -0.070731
205.00          -0.070185
205.20          -0.069661
205.40          -0.069160
205.60          -0.068680
205.80          -0.068221
206.00          -0.067782
206.20          -0.067362
206.40          -0.066960
206.60          -0.066577
206.80          -0.066211
207.00          -0.065862
207.20          -0.065530
207.40          -0.065213
207.60          -0.064912
207.80          -0.064626
208.00          -0.064354
208.20          -0.064096
208.40          -0.063851
208.60          -0.063620
208.80          -0.063402
209.00          -0.063195
209.20          -0.063001
209.40          -0.062819
209.60          -0.062647
209.80          -0.062487
210.00          -0.062337
210.20          -0.062198
210.40          -0.062069
210.60          -0.061949
210.80          -0.061839
211.00          -0.061737
211.20          -0.061645
211.40          -0.061562
211.60          -0.061487
211.80          -0.061420
212.00          -0.061361
212.20          -0.061309
212.40          -0.061265
212.60          -0.061229
212.80          -0.061200
213.00          -0.061177
213.20          -0.061162
213.40          -0.061152
213.60          -0.061150
213.80          -0.061153
214.00          -0.061163
214.20          -0.061178
214.40          -0.061199
214.60          -0.061226
214.80          -0.061258
215.00          -0.061296
215.20          -0.061339
215.40          -0.061386
215.60          -0.061439
215.80          -0.061497
216.00          -0.061559
216.20          -0.061626
216.40          -0.061697
216.60          -0.061773
216.80          -0.061853
217.00          -0.061937
217.20          -0.062025
217.40          -0.062117
217.60          -0.062213
217.80          -0.062313
218.00          -0.062416
218.20          -0.062523
218.40          -0.062634
218.60          -0.062748
218.80          -0.062865
219.00          -0.062986
219.20          -0.063110
219.40          -0.063237
219.60          -0.063368
219.80          -0.063501
220.00          -0.063637
220.20          -0.063776
220.40          -0.063919
220.60          -0.064063
220.80          -0.064211
221.00          -0.064361
221.20          -0.064514
221.40          -0.064670
221.60          -0.064828
221.80          -0.064988
222.00          -0.065151
222.20          -0.065316
222.40          -0.065484
222.60          -0.065654
222.80          -0.065826
223.00          -0.066000
223.20          -0.066177
223.40          -0.066355
223.60          -0.066536
223.80          -0.066719
224.00          -0.066904
224.20          -0.067091
224.40          -0.067280
224.60          -0.067471
224.80          -0.067663
225.00          -0.067858
