175.00          -0.28335
175.20          -0.28254
175.40          -0.28153
175.60          -0.28031
175.80          -0.27889
176.00          -0.27728
176.20          -0.27548
176.40          -0.27349
176.60          -0.27133
176.80          -0.26900
177.00          -0.26650
177.20          -0.26386
177.40          -0.26106
177.60          -0.25814
177.80          -0.25509
178.00          -0.25192
178.20          -0.24865
178.40          -0.24529
178.60          -0.24184
178.80          -0.23832
179.00          -0.23474
179.20          -0.23110
179.40          -0.22742
179.60          -0.22371
179.80          -0.21997
180.00          -0.21622
180.20          -0.21246
180.40          -0.20870
180.60          -0.20495
180.80          -0.20122
181.00          -0.19750
181.20          -0.19381
181.40          -0.19016
181.60          -0.18654
181.80          -0.18296
182.00          -0.17943
182.20          -0.17595
182.40          -0.17253
182.60          -0.16916
182.80          -0.16584
183.00          -0.16259
183.20          -0.15940
183.40          -0.15627
183.60          -0.15321
183.80          -0.15022
184.00          -0.14729
184.20          -0.14443
184.40          -0.14163
184.60          -0.13890
184.80          -0.13624
185.00          -0.13365
185.20          -0.13112
185.40          -0.12865
185.60          -0.12626
185.80          -0.12392
186.00          -0.12165
186.20          -0.11945
186.40          -0.11730
186.60          -0.11521
186.80          -0.11319
187.00          -0.11122
187.20          -0.10931
187.40          -0.10745
187.60          -0.10565
187.80          -0.10391
188.00          -0.10221
188.20          -0.10057
188.40          -0.098972
188.60          -0.097426
188.80          -0.095928
189.00          -0.094475
189.20          -0.093068
189.40          -0.091704
189.60          -0.090383
189.80          -0.089104
190.00          -0.087865
190.20          -0.086665
190.40          -0.085503
190.60          -0.084379
190.80          -0.083291
191.00          -0.082237
191.20          -0.081218
191.40          -0.080232
191.60          -0.079279
191.80          -0.078356
192.00          -0.077465
192.20          -0.076602
192.40          -0.075769
192.60          -0.074963
192.80          -0.074185
193.00          -0.073433
193.20          -0.072706
193.40          -0.072004
193.60          -0.071327
193.80          -0.070673
194.00          -0.070042
194.20          -0.069433
194.40          -0.068846
194.60          -0.068279
194.80          -0.067733
195.00          -0.067207
195.20          -0.066700
195.40          -0.066211
195.60          -0.065741
195.80          -0.065289
196.00          -0.064853
196.20          -0.064435
196.40          -0.064032
196.60          -0.063646
196.80          -0.063275
197.00          -0.062919
197.20          -0.062577
197.40          -0.062250
197.60          -0.061936
197.80          -0.061636
198.00          -0.061349
198.20          -0.061074
198.40          -0.060812
198.60          -0.060562
198.80          -0.060324
199.00          -0.060097
199.20          -0.059882
199.40          -0.059677
199.60          -0.059483
199.80          -0.059300
200.00          -0.059126
200.20          -0.058962
200.40          -0.058808
200.60          -0.058663
200.80          -0.058527
201.00          -0.058401
201.20          -0.058283
201.40          -0.058173
201.60          -0.058072
201.80          -0.057978
202.00          -0.057893
202.20          -0.057815
202.40          -0.057745
202.60          -0.057682
202.80          -0.057627
203.00          -0.057578
203.20          -0.057537
203.40          -0.057502
203.60          -0.057473
203.80          -0.057451
204.00          -0.057436
204.20          -0.057426
204.40          -0.057423
204.60          -0.057425
204.80          -0.057433
205.00          -0.057447
205.20          -0.057466
205.40          -0.057491
205.60          -0.057521
205.80          -0.057556
206.00          -0.057596
206.20          -0.057641
206.40          -0.057692
206.60          -0.057746
206.80          -0.057806
207.00          -0.057870
207.20          -0.057939
207.40          -0.058012
207.60          -0.058089
207.80          -0.058171
208.00          -0.058257
208.20          -0.058347
208.40          -0.058441
208.60          -0.058539
208.80          -0.058641
209.00          -0.058746
209.20          -0.058856
209.40          -0.058969
209.60          -0.059085
209.80          -0.059205
210.00          -0.059329
210.20          -0.059456
210.40          -0.059586
210.60          -0.059720
210.80          -0.059857
211.00          -0.059997
211.20          -0.060141
211.40          -0.060287
211.60          -0.060436
211.80          -0.060589
212.00          -0.060744
212.20          -0.060902
212.40          -0.061063
212.60          -0.061227
212.80          -0.061394
213.00          -0.061563
213.20          -0.061735
213.40          -0.061910
213.60          -0.062087
213.80          -0.062267
214.00          -0.062449
214.20          -0.062634
214.40          -0.062821
214.60          -0.063010
214.80          -0.063202
215.00          -0.063396
215.20          -0.063593
215.40          -0.063792
215.60          -0.063992
215.80          -0.064196
216.00          -0.064401
216.20          -0.064608
216.40          -0.064818
216.60          -0.065029
216.80          -0.065243
217.00          -0.065459
217.20          -0.065676
217.40          -0.065896
217.60          -0.066117
217.80          -0.066340
218.00          -0.066565
218.20          -0.066792
218.40          -0.067021
218.60          -0.067252
218.80          -0.067484
219.00          -0.067718
219.20          -0.067954
219.40          -0.068191
219.60          -0.068430
219.80          -0.068671
220.00          -0.068913
220.20          -0.069157
220.40          -0.069402
220.60          -0.069649
220.80          -0.069898
221.00          -0.070148
221.20          -0.070399
221.40          -0.070652
221.60          -0.070906
221.80          -0.071162
222.00          -0.071419
222.20          -0.071677
222.40          -0.071937
222.60          -0.072198
222.80          -0.072461
223.00          -0.072724
223.20          -0.072989
223.40          -0.073255
223.60          -0.073523
223.80          -0.073791
224.00          -0.074061
224.20          -0.074332
224.40          -0.074604
224.60          -0.074877
224.80          -0.075152
225.00          -0.075427
