175.00          -0.031231
175.20          -0.031312
175.40          -0.031393
175.60          -0.031474
175.80          -0.031556
176.00          -0.031638
176.20          -0.031721
176.40          -0.031804
176.60          -0.031888
176.80          -0.031972
177.00          -0.032057
177.20          -0.032142
177.40          -0.032227
177.60          -0.032313
177.80          -0.032400
178.00          -0.032487
178.20          -0.032574
178.40          -0.032662
178.60          -0.032751
178.80          -0.032840
179.00          -0.032929
179.20          -0.033019
179.40          -0.033110
179.60          -0.033201
179.80          -0.033293
180.00          -0.033385
180.20          -0.033478
180.40          -0.033571
180.60          -0.033665
180.80          -0.033759
181.00          -0.033854
181.20          -0.033950
181.40          -0.034047
181.60          -0.034144
181.80          -0.034241
182.00          -0.034339
182.20          -0.034438
182.40          -0.034538
182.60          -0.034638
182.80          -0.034739
183.00          -0.034840
183.20          -0.034943
183.40          -0.035046
183.60          -0.035149
183.80          -0.035254
184.00          -0.035359
184.20          -0.035465
184.40          -0.035571
184.60          -0.035679
184.80          -0.035787
185.00          -0.035896
185.20          -0.036006
185.40          -0.036117
185.60          -0.036228
185.80          -0.036340
186.00          -0.036454
186.20          -0.036568
186.40          -0.036683
186.60          -0.036799
186.80          -0.036916
187.00          -0.037033
187.20          -0.037152
187.40          -0.037272
187.60          -0.037393
187.80          -0.037515
188.00          -0.037637
188.20          -0.037761
188.40          -0.037886
188.60          -0.038012
188.80          -0.038139
189.00          -0.038268
189.20          -0.038397
189.40          -0.038528
189.60          -0.038660
189.80          -0.038793
190.00          -0.038927
190.20          -0.039063
190.40          -0.039200
190.60          -0.039338
190.80          -0.039478
191.00          -0.039619
191.20          -0.039762
191.40          -0.039905
191.60          -0.040051
191.80          -0.040198
192.00          -0.040346
192.20          -0.040497
192.40          -0.040648
192.60          -0.040802
192.80          -0.040957
193.00          -0.041114
193.20          -0.041273
193.40          -0.041433
193.60          -0.041595
193.80          -0.041760
194.00          -0.041926
194.20          -0.042094
194.40          -0.042265
194.60          -0.042437
194.80          -0.042612
195.00          -0.042789
195.20          -0.042968
195.40          -0.043150
195.60          -0.043334
195.80          -0.043520
196.00          -0.043709
196.20          -0.043901
196.40          -0.044096
196.60          -0.044293
196.80          -0.044493
197.00          -0.044696
197.20          -0.044902
197.40          -0.045111
197.60          -0.045324
197.80          -0.045540
198.00          -0.045759
198.20          -0.045982
198.40          -0.046208
198.60          -0.046439
198.80          -0.046673
199.00          -0.046911
199.20          -0.047153
199.40          -0.047400
199.60          -0.047651
199.80          -0.047907
200.00          -0.048168
200.20          -0.048434
200.40          -0.048704
200.60          -0.048981
200.80          -0.049262
201.00          -0.049550
201.20          -0.049844
201.40          -0.050143
201.60          -0.050450
201.80          -0.050763
202.00          -0.051083
202.20          -0.051411
202.40          -0.051746
202.60          -0.052089
202.80          -0.052441
203.00          -0.052801
203.20          -0.053171
203.40          -0.053551
203.60          -0.053940
203.80          -0.054340
204.00          -0.054751
204.20          -0.055174
204.40          -0.055609
204.60          -0.056058
204.80          -0.056520
205.00          -0.056996
205.20          -0.057488
205.40          -0.057996
205.60          -0.058522
205.80          -0.059065
206.00          -0.059628
206.20          -0.060212
206.40          -0.060818
206.60          -0.061448
206.80          -0.062103
207.00          -0.062786
207.20          -0.063497
207.40          -0.064241
207.60          -0.065019
207.80          -0.065833
208.00          -0.066688
208.20          -0.067588
208.40          -0.068535
208.60          -0.069535
208.80          -0.070593
209.00          -0.071716
209.20          -0.072911
209.40          -0.074186
209.60          -0.075551
209.80          -0.077018
210.00          -0.078601
210.20          -0.080317
210.40          -0.082186
210.60          -0.084234
210.80          -0.086493
211.00          -0.089002
211.20          -0.091814
211.40          -0.094994
211.60          -0.098632
211.80          -0.10285
212.00          -0.10781
212.20          -0.11377
212.40          -0.12108
212.60          -0.13029
212.80          -0.14233
213.00          -0.15875
213.20          -0.18249
213.40          -0.21969
213.60          -0.28504
213.80          -0.42256
214.00          -0.82165
214.20          -3.1307
214.40          -3.6766
214.60          -0.53082
214.80          -0.19022
215.00          -0.11053
215.20          -0.085183
215.40          -0.076667
215.60          -0.074670
215.80          -0.075609
216.00          -0.078041
216.20          -0.081330
216.40          -0.085183
216.60          -0.089467
216.80          -0.094134
217.00          -0.099177
217.20          -0.10462
217.40          -0.11051
217.60          -0.11691
217.80          -0.12389
218.00          -0.13155
218.20          -0.13999
218.40          -0.14936
218.60          -0.15982
218.80          -0.17155
219.00          -0.18481
219.20          -0.19986
219.40          -0.21706
219.60          -0.23683
219.80          -0.25969
220.00          -0.28626
220.20          -0.31729
220.40          -0.35366
220.60          -0.39638
220.80          -0.44649
221.00          -0.50497
221.20          -0.57236
221.40          -0.64821
221.60          -0.73015
221.80          -0.81277
222.00          -0.88678
222.20          -0.93983
222.40          -0.95991
222.60          -0.94074
222.80          -0.88535
223.00          -0.80475
223.20          -0.71261
223.40          -0.62037
223.60          -0.53520
223.80          -0.46036
224.00          -0.39653
224.20          -0.34297
224.40          -0.29840
224.60          -0.26141
224.80          -0.23070
225.00          -0.20511
