175.00          -0.061623
175.20          -0.062117
175.40          -0.062623
175.60          -0.063139
175.80          -0.063668
176.00          -0.064208
176.20          -0.064761
176.40          -0.065327
176.60          -0.065907
176.80          -0.066501
177.00          -0.067109
177.20          -0.067733
177.40          -0.068372
177.60          -0.069028
177.80          -0.069702
178.00          -0.070393
178.20          -0.071103
178.40          -0.071832
178.60          -0.072582
178.80          -0.073353
179.00          -0.074146
179.20          -0.074962
179.40          -0.075803
179.60          -0.076669
179.80          -0.077562
180.00          -0.078482
180.20          -0.079432
180.40          -0.080413
180.60          -0.081425
180.80          -0.082472
181.00          -0.083554
181.20          -0.084674
181.40          -0.085832
181.60          -0.087033
181.80          -0.088277
182.00          -0.089567
182.20          -0.090906
182.40          -0.092296
182.60          -0.093741
182.80          -0.095243
183.00          -0.096806
183.20          -0.098433
183.40          -0.10013
183.60          -0.10190
183.80          -0.10374
184.00          -0.10567
184.20          -0.10769
184.40          -0.10980
184.60          -0.11200
184.80          -0.11432
185.00          -0.11674
185.20          -0.11929
185.40          -0.12197
185.60          -0.12479
185.80          -0.12775
186.00          -0.13088
186.20          -0.13418
186.40          -0.13766
186.60          -0.14134
186.80          -0.14524
187.00          -0.14937
187.20          -0.15376
187.40          -0.15841
187.60          -0.16336
187.80          -0.16863
188.00          -0.17425
188.20          -0.18024
188.40          -0.18664
188.60          -0.19349
188.80          -0.20082
189.00          -0.20867
189.20          -0.21710
189.40          -0.22616
189.60          -0.23589
189.80          -0.24636
190.00          -0.25763
190.20          -0.26976
190.40          -0.28283
190.60          -0.29689
190.80          -0.31203
191.00          -0.32831
191.20          -0.34577
191.40          -0.36446
191.60          -0.38440
191.80          -0.40557
192.00          -0.42791
192.20          -0.45130
192.40          -0.47555
192.60          -0.50034
192.80          -0.52527
193.00          -0.54979
193.20          -0.57323
193.40          -0.59478
193.60          -0.61357
193.80          -0.62868
194.00          -0.63923
194.20          -0.64452
194.40          -0.64405
194.60          -0.63766
194.80          -0.62552
195.00          -0.60812
195.20          -0.58625
195.40          -0.56086
195.60          -0.53295
195.80          -0.50354
196.00          -0.47351
196.20          -0.44362
196.40          -0.41448
196.60          -0.38651
196.80          -0.36002
197.00          -0.33519
197.20          -0.31209
197.40          -0.29075
197.60          -0.27111
197.80          -0.25311
198.00          -0.23666
198.20          -0.22164
198.40          -0.20796
198.60          -0.19549
198.80          -0.18414
199.00          -0.17380
199.20          -0.16438
199.40          -0.15580
199.60          -0.14797
199.80          -0.14082
200.00          -0.13429
200.20          -0.12832
200.40          -0.12285
200.60          -0.11784
200.80          -0.11324
201.00          -0.10903
201.20          -0.10515
201.40          -0.10158
201.60          -0.098295
201.80          -0.095267
202.00          -0.092474
202.20          -0.089896
202.40          -0.087513
202.60          -0.085310
202.80          -0.083271
203.00          -0.081384
203.20          -0.079635
203.40          -0.078015
203.60          -0.076512
203.80          -0.075118
204.00          -0.073824
204.20          -0.072623
204.40          -0.071508
204.60          -0.070473
204.80          -0.069512
205.00          -0.068620
205.20          -0.067791
205.40          -0.067023
205.60          -0.066310
205.80          -0.065649
206.00          -0.065037
206.20          -0.064471
206.40          -0.063947
206.60          -0.063464
206.80          -0.063018
207.00          -0.062608
207.20          -0.062232
207.40          -0.061887
207.60          -0.061573
207.80          -0.061287
208.00          -0.061029
208.20          -0.060796
208.40          -0.060589
208.60          -0.060405
208.80          -0.060245
209.00          -0.060107
209.20          -0.059991
209.40          -0.059897
209.60          -0.059823
209.80          -0.059771
210.00          -0.059739
210.20          -0.059729
210.40          -0.059740
210.60          -0.059774
210.80          -0.059832
211.00          -0.059914
211.20          -0.060024
211.40          -0.060164
211.60          -0.060337
211.80          -0.060548
212.00          -0.060803
212.20          -0.061113
212.40          -0.061487
212.60          -0.061944
212.80          -0.062508
213.00          -0.063215
213.20          -0.064121
213.40          -0.065317
213.60          -0.066959
213.80          -0.069338
214.00          -0.073052
214.20          -0.079527
214.40          -0.093004
214.60          -0.13205
214.80          -0.40242
215.00          -1.2611
215.20          -0.10909
215.40          -0.066575
215.60          -0.058420
215.80          -0.056118
216.00          -0.055437
216.20          -0.055322
216.40          -0.055430
216.60          -0.055630
216.80          -0.055868
217.00          -0.056120
217.20          -0.056373
217.40          -0.056623
217.60          -0.056867
217.80          -0.057106
218.00          -0.057338
218.20          -0.057565
218.40          -0.057787
218.60          -0.058004
218.80          -0.058217
219.00          -0.058427
219.20          -0.058633
219.40          -0.058837
219.60          -0.059038
219.80          -0.059238
220.00          -0.059435
220.20          -0.059632
220.40          -0.059827
220.60          -0.060021
220.80          -0.060214
221.00          -0.060406
221.20          -0.060598
221.40          -0.060790
221.60          -0.060981
221.80          -0.061172
222.00          -0.061363
222.20          -0.061553
222.40          -0.061744
222.60          -0.061935
222.80          -0.062125
223.00          -0.062316
223.20          -0.062507
223.40          -0.062699
223.60          -0.062890
223.80          -0.063082
224.00          -0.063274
224.20          -0.063467
224.40          -0.063659
224.60          -0.063852
224.80          -0.064046
225.00          -0.064240
