175.00          -0.048948
175.20          -0.049150
175.40          -0.049357
175.60          -0.049568
175.80          -0.049784
176.00          -0.050005
176.20          -0.050230
176.40          -0.050461
176.60          -0.050696
176.80          -0.050936
177.00          -0.051181
177.20          -0.051431
177.40          -0.051685
177.60          -0.051945
177.80          -0.052209
178.00          -0.052479
178.20          -0.052753
178.40          -0.053032
178.60          -0.053317
178.80          -0.053606
179.00          -0.053900
179.20          -0.054200
179.40          -0.054504
179.60          -0.054814
179.80          -0.055129
180.00          -0.055449
180.20          -0.055775
180.40          -0.056105
180.60          -0.056441
180.80          -0.056783
181.00          -0.057130
181.20          -0.057482
181.40          -0.057840
181.60          -0.058203
181.80          -0.058572
182.00          -0.058947
182.20          -0.059327
182.40          -0.059713
182.60          -0.060105
182.80          -0.060503
183.00          -0.060907
183.20          -0.061316
183.40          -0.061732
183.60          -0.062154
183.80          -0.062581
184.00          -0.063015
184.20          -0.063456
184.40          -0.063902
184.60          -0.064356
184.80          -0.064815
185.00          -0.065281
185.20          -0.065754
185.40          -0.066233
185.60          -0.066719
185.80          -0.067212
186.00          -0.067712
186.20          -0.068219
186.40          -0.068733
186.60          -0.069254
186.80          -0.069782
187.00          -0.070318
187.20          -0.070861
187.40          -0.071411
187.60          -0.071969
187.80          -0.072535
188.00          -0.073108
188.20          -0.073690
188.40          -0.074279
188.60          -0.074877
188.80          -0.075482
189.00          -0.076096
189.20          -0.076718
189.40          -0.077349
189.60          -0.077988
189.80          -0.078636
190.00          -0.079293
190.20          -0.079959
190.40          -0.080634
190.60          -0.081318
190.80          -0.082011
191.00          -0.082714
191.20          -0.083426
191.40          -0.084148
191.60          -0.084879
191.80          -0.085621
192.00          -0.086373
192.20          -0.087135
192.40          -0.087907
192.60          -0.088690
192.80          -0.089483
193.00          -0.090287
193.20          -0.091102
193.40          -0.091928
193.60          -0.092766
193.80          -0.093614
194.00          -0.094475
194.20          -0.095347
194.40          -0.096231
194.60          -0.097127
194.80          -0.098035
195.00          -0.098956
195.20          -0.099889
195.40          -0.10083
195.60          -0.10179
195.80          -0.10277
196.00          -0.10375
196.20          -0.10475
196.40          -0.10576
196.60          -0.10679
196.80          -0.10783
197.00          -0.10888
197.20          -0.10995
197.40          -0.11104
197.60          -0.11214
197.80          -0.11325
198.00          -0.11438
198.20          -0.11553
198.40          -0.11669
198.60          -0.11786
198.80          -0.11906
199.00          -0.12027
199.20          -0.12149
199.40          -0.12274
199.60          -0.12400
199.80          -0.12528
200.00          -0.12657
200.20          -0.12789
200.40          -0.12922
200.60          -0.13057
200.80          -0.13194
201.00          -0.13333
201.20          -0.13474
201.40          -0.13617
201.60          -0.13762
201.80          -0.13909
202.00          -0.14058
202.20          -0.14210
202.40          -0.14363
202.60          -0.14518
202.80          -0.14676
203.00          -0.14836
203.20          -0.14998
203.40          -0.15163
203.60          -0.15330
203.80          -0.15499
204.00          -0.15671
204.20          -0.15845
204.40          -0.16022
204.60          -0.16201
204.80          -0.16383
205.00          -0.16567
205.20          -0.16755
205.40          -0.16944
205.60          -0.17137
205.80          -0.17333
206.00          -0.17531
206.20          -0.17732
206.40          -0.17937
206.60          -0.18144
206.80          -0.18354
207.00          -0.18568
207.20          -0.18785
207.40          -0.19005
207.60          -0.19228
207.80          -0.19455
208.00          -0.19685
208.20          -0.19919
208.40          -0.20156
208.60          -0.20397
208.80          -0.20641
209.00          -0.20889
209.20          -0.21142
209.40          -0.21397
209.60          -0.21657
209.80          -0.21920
210.00          -0.22188
210.20          -0.22458
210.40          -0.22732
210.60          -0.23008
210.80          -0.23284
211.00          -0.23556
211.20          -0.23806
211.40          -0.24001
211.60          -0.24981
211.80          -0.25011
212.00          -0.25274
212.20          -0.25576
212.40          -0.25896
212.60          -0.26227
212.80          -0.26567
213.00          -0.26916
213.20          -0.27273
213.40          -0.27637
213.60          -0.28010
213.80          -0.28391
214.00          -0.28780
214.20          -0.29178
214.40          -0.29584
214.60          -0.30000
214.80          -0.30425
215.00          -0.30860
215.20          -0.31306
215.40          -0.31762
215.60          -0.32229
215.80          -0.32707
216.00          -0.33198
216.20          -0.33701
216.40          -0.34217
216.60          -0.34747
216.80          -0.35291
217.00          -0.35849
217.20          -0.36424
217.40          -0.37014
217.60          -0.37621
217.80          -0.38246
218.00          -0.38889
218.20          -0.39552
218.40          -0.40234
218.60          -0.40937
218.80          -0.41662
219.00          -0.42410
219.20          -0.43181
219.40          -0.43976
219.60          -0.44796
219.80          -0.45643
220.00          -0.46516
220.20          -0.47418
220.40          -0.48347
220.60          -0.49306
220.80          -0.50294
221.00          -0.51312
221.20          -0.52360
221.40          -0.53437
221.60          -0.54544
221.80          -0.55680
222.00          -0.56843
222.20          -0.58032
222.40          -0.59244
222.60          -0.60477
222.80          -0.61727
223.00          -0.62988
223.20          -0.64256
223.40          -0.65523
223.60          -0.66781
223.80          -0.68022
224.00          -0.69234
224.20          -0.70405
224.40          -0.71522
224.60          -0.72570
224.80          -0.73533
225.00          -0.74393
