175.00          -0.16122
175.20          -0.16412
175.40          -0.16718
175.60          -0.17038
175.80          -0.17376
176.00          -0.17732
176.20          -0.18108
176.40          -0.18504
176.60          -0.18924
176.80          -0.19369
177.00          -0.19841
177.20          -0.20342
177.40          -0.20875
177.60          -0.21444
177.80          -0.22051
178.00          -0.22701
178.20          -0.23397
178.40          -0.24144
178.60          -0.24946
178.80          -0.25811
179.00          -0.26745
179.20          -0.27754
179.40          -0.28847
179.60          -0.30034
179.80          -0.31324
180.00          -0.32729
180.20          -0.34263
180.40          -0.35939
180.60          -0.37773
180.80          -0.39783
181.00          -0.41987
181.20          -0.44404
181.40          -0.47054
181.60          -0.49956
181.80          -0.53124
182.00          -0.56571
182.20          -0.60297
182.40          -0.64289
182.60          -0.68514
182.80          -0.72907
183.00          -0.77366
183.20          -0.81742
183.40          -0.85836
183.60          -0.89403
183.80          -0.92175
184.00          -0.93888
184.20          -0.94332
184.40          -0.93392
184.60          -0.91084
184.80          -0.87551
185.00          -0.83040
185.20          -0.77855
185.40          -0.72305
185.60          -0.66663
185.80          -0.61144
186.00          -0.55902
186.20          -0.51030
186.40          -0.46575
186.60          -0.42550
186.80          -0.38944
187.00          -0.35733
187.20          -0.32886
187.40          -0.30366
187.60          -0.28140
187.80          -0.26173
188.00          -0.24436
188.20          -0.22900
188.40          -0.21541
188.60          -0.20336
188.80          -0.19267
189.00          -0.18317
189.20          -0.17472
189.40          -0.16718
189.60          -0.16046
189.80          -0.15444
190.00          -0.14906
190.20          -0.14423
190.40          -0.13990
190.60          -0.13601
190.80          -0.13251
191.00          -0.12937
191.20          -0.12653
191.40          -0.12398
191.60          -0.12168
191.80          -0.11960
192.00          -0.11773
192.20          -0.11605
192.40          -0.11453
192.60          -0.11317
192.80          -0.11194
193.00          -0.11084
193.20          -0.10985
193.40          -0.10897
193.60          -0.10818
193.80          -0.10748
194.00          -0.10686
194.20          -0.10631
194.40          -0.10583
194.60          -0.10541
194.80          -0.10505
195.00          -0.10475
195.20          -0.10449
195.40          -0.10427
195.60          -0.10410
195.80          -0.10397
196.00          -0.10387
196.20          -0.10381
196.40          -0.10378
196.60          -0.10378
196.80          -0.10380
197.00          -0.10385
197.20          -0.10393
197.40          -0.10403
197.60          -0.10415
197.80          -0.10429
198.00          -0.10444
198.20          -0.10462
198.40          -0.10482
198.60          -0.10503
198.80          -0.10525
199.00          -0.10549
199.20          -0.10575
199.40          -0.10602
199.60          -0.10631
199.80          -0.10660
200.00          -0.10692
200.20          -0.10724
200.40          -0.10758
200.60          -0.10793
200.80          -0.10829
201.00          -0.10867
201.20          -0.10906
201.40          -0.10947
201.60          -0.10989
201.80          -0.11033
202.00          -0.11079
202.20          -0.11127
202.40          -0.11177
202.60          -0.11229
202.80          -0.11285
203.00          -0.11344
203.20          -0.11407
203.40          -0.11475
203.60          -0.11548
203.80          -0.11629
204.00          -0.11720
204.20          -0.11823
204.40          -0.11943
204.60          -0.12087
204.80          -0.12266
205.00          -0.12499
205.20          -0.12822
205.40          -0.13308
205.60          -0.14135
205.80          -0.15837
206.00          -0.20838
206.20          -0.59587
206.40          -0.93845
206.60          -0.15884
206.80          -0.12157
207.00          -0.11475
207.20          -0.11324
207.40          -0.11317
207.60          -0.11358
207.80          -0.11415
208.00          -0.11478
208.20          -0.11542
208.40          -0.11605
208.60          -0.11666
208.80          -0.11726
209.00          -0.11785
209.20          -0.11842
209.40          -0.11897
209.60          -0.11952
209.80          -0.12005
210.00          -0.12057
210.20          -0.12109
210.40          -0.12160
210.60          -0.12210
210.80          -0.12259
211.00          -0.12308
211.20          -0.12357
211.40          -0.12405
211.60          -0.12453
211.80          -0.12500
212.00          -0.12547
212.20          -0.12594
212.40          -0.12641
212.60          -0.12687
212.80          -0.12734
213.00          -0.12780
213.20          -0.12825
213.40          -0.12871
213.60          -0.12917
213.80          -0.12962
214.00          -0.13007
214.20          -0.13052
214.40          -0.13098
214.60          -0.13142
214.80          -0.13187
215.00          -0.13232
215.20          -0.13277
215.40          -0.13322
215.60          -0.13366
215.80          -0.13411
216.00          -0.13455
216.20          -0.13500
216.40          -0.13544
216.60          -0.13588
216.80          -0.13633
217.00          -0.13677
217.20          -0.13721
217.40          -0.13765
217.60          -0.13809
217.80          -0.13853
218.00          -0.13897
218.20          -0.13941
218.40          -0.13985
218.60          -0.14029
218.80          -0.14073
219.00          -0.14117
219.20          -0.14161
219.40          -0.14205
219.60          -0.14249
219.80          -0.14293
220.00          -0.14337
220.20          -0.14380
220.40          -0.14424
220.60          -0.14468
220.80          -0.14512
221.00          -0.14556
221.20          -0.14599
221.40          -0.14643
221.60          -0.14687
221.80          -0.14731
222.00          -0.14774
222.20          -0.14818
222.40          -0.14862
222.60          -0.14906
222.80          -0.14950
223.00          -0.14993
223.20          -0.15037
223.40          -0.15081
223.60          -0.15125
223.80          -0.15169
224.00          -0.15213
224.20          -0.15257
224.40          -0.15301
224.60          -0.15346
224.80          -0.15390
225.00          -0.15434
