175.00          -0.056322
175.20          -0.055451
175.40          -0.054607
175.60          -0.053791
175.80          -0.053001
176.00          -0.052236
176.20          -0.051495
176.40          -0.050778
176.60          -0.050084
176.80          -0.049411
177.00          -0.048760
177.20          -0.048128
177.40          -0.047517
177.60          -0.046925
177.80          -0.046351
178.00          -0.045794
178.20          -0.045255
178.40          -0.044733
178.60          -0.044226
178.80          -0.043735
179.00          -0.043259
179.20          -0.042798
179.40          -0.042351
179.60          -0.041917
179.80          -0.041496
180.00          -0.041088
180.20          -0.040693
180.40          -0.040309
180.60          -0.039937
180.80          -0.039576
181.00          -0.039226
181.20          -0.038887
181.40          -0.038558
181.60          -0.038239
181.80          -0.037929
182.00          -0.037629
182.20          -0.037337
182.40          -0.037055
182.60          -0.036781
182.80          -0.036515
183.00          -0.036258
183.20          -0.036008
183.40          -0.035765
183.60          -0.035531
183.80          -0.035303
184.00          -0.035082
184.20          -0.034868
184.40          -0.034661
184.60          -0.034460
184.80          -0.034265
185.00          -0.034076
185.20          -0.033894
185.40          -0.033717
185.60          -0.033545
185.80          -0.033379
186.00          -0.033219
186.20          -0.033063
186.40          -0.032913
186.60          -0.032767
186.80          -0.032627
187.00          -0.032491
187.20          -0.032359
187.40          -0.032232
187.60          -0.032109
187.80          -0.031991
188.00          -0.031876
188.20          -0.031766
188.40          -0.031659
188.60          -0.031557
188.80          -0.031458
189.00          -0.031363
189.20          -0.031271
189.40          -0.031183
189.60          -0.031098
189.80          -0.031017
190.00          -0.030939
190.20          -0.030864
190.40          -0.030792
190.60          -0.030724
190.80          -0.030658
191.00          -0.030595
191.20          -0.030535
191.40          -0.030478
191.60          -0.030423
191.80          -0.030372
192.00          -0.030322
192.20          -0.030276
192.40          -0.030232
192.60          -0.030190
192.80          -0.030151
193.00          -0.030114
193.20          -0.030080
193.40          -0.030048
193.60          -0.030018
193.80          -0.029990
194.00          -0.029964
194.20          -0.029941
194.40          -0.029919
194.60          -0.029900
194.80          -0.029882
195.00          -0.029867
195.20          -0.029853
195.40          -0.029842
195.60          -0.029832
195.80          -0.029824
196.00          -0.029817
196.20          -0.029813
196.40          -0.029810
196.60          -0.029809
196.80          -0.029810
197.00          -0.029812
197.20          -0.029815
197.40          -0.029821
197.60          -0.029828
197.80          -0.029836
198.00          -0.029846
198.20          -0.029857
198.40          -0.029870
198.60          -0.029884
198.80          -0.029900
199.00          -0.029916
199.20          -0.029935
199.40          -0.029954
199.60          -0.029975
199.80          -0.029997
200.00          -0.030021
200.20          -0.030045
200.40          -0.030071
200.60          -0.030098
200.80          -0.030126
201.00          -0.030156
201.20          -0.030186
201.40          -0.030218
201.60          -0.030251
201.80          -0.030284
202.00          -0.030319
202.20          -0.030355
202.40          -0.030392
202.60          -0.030430
202.80          -0.030469
203.00          -0.030509
203.20          -0.030550
203.40          -0.030591
203.60          -0.030634
203.80          -0.030678
204.00          -0.030722
204.20          -0.030768
204.40          -0.030814
204.60          -0.030861
204.80          -0.030909
205.00          -0.030958
205.20          -0.031008
205.40          -0.031059
205.60          -0.031111
205.80          -0.031165
206.00          -0.031229
206.20          -0.031886
206.40          -0.031324
206.60          -0.031371
206.80          -0.031426
207.00          -0.031482
207.20          -0.031538
207.40          -0.031596
207.60          -0.031653
207.80          -0.031712
208.00          -0.031771
208.20          -0.031830
208.40          -0.031890
208.60          -0.031950
208.80          -0.032011
209.00          -0.032073
209.20          -0.032135
209.40          -0.032197
209.60          -0.032260
209.80          -0.032323
210.00          -0.032387
210.20          -0.032451
210.40          -0.032515
210.60          -0.032580
210.80          -0.032645
211.00          -0.032710
211.20          -0.032776
211.40          -0.032842
211.60          -0.032908
211.80          -0.032975
212.00          -0.033042
212.20          -0.033109
212.40          -0.033176
212.60          -0.033243
212.80          -0.033311
213.00          -0.033378
213.20          -0.033446
213.40          -0.033514
213.60          -0.033582
213.80          -0.033649
214.00          -0.033717
214.20          -0.033785
214.40          -0.033853
214.60          -0.033921
214.80          -0.033989
215.00          -0.034057
215.20          -0.034124
215.40          -0.034192
215.60          -0.034259
215.80          -0.034326
216.00          -0.034393
216.20          -0.034460
216.40          -0.034526
216.60          -0.034593
216.80          -0.034658
217.00          -0.034724
217.20          -0.034789
217.40          -0.034854
217.60          -0.034918
217.80          -0.034982
218.00          -0.035045
218.20          -0.035107
218.40          -0.035170
218.60          -0.035231
218.80          -0.035292
219.00          -0.035352
219.20          -0.035411
219.40          -0.035470
219.60          -0.035528
219.80          -0.035585
220.00          -0.035641
220.20          -0.035696
220.40          -0.035750
220.60          -0.035803
220.80          -0.035855
221.00          -0.035906
221.20          -0.035956
221.40          -0.036005
221.60          -0.036052
221.80          -0.036098
222.00          -0.036142
222.20          -0.036186
222.40          -0.036227
222.60          -0.036267
222.80          -0.036305
223.00          -0.036342
223.20          -0.036377
223.40          -0.036410
223.60          -0.036441
223.80          -0.036470
224.00          -0.036496
224.20          -0.036521
224.40          -0.036543
224.60          -0.036563
224.80          -0.036581
225.00          -0.036596
