175.00          -0.032196
175.20          -0.032358
175.40          -0.032524
175.60          -0.032692
175.80          -0.032865
176.00          -0.033040
176.20          -0.033220
176.40          -0.033403
176.60          -0.033590
176.80          -0.033782
177.00          -0.033977
177.20          -0.034178
177.40          -0.034383
177.60          -0.034593
177.80          -0.034809
178.00          -0.035029
178.20          -0.035256
178.40          -0.035488
178.60          -0.035727
178.80          -0.035972
179.00          -0.036225
179.20          -0.036484
179.40          -0.036751
179.60          -0.037026
179.80          -0.037309
180.00          -0.037602
180.20          -0.037904
180.40          -0.038215
180.60          -0.038537
180.80          -0.038871
181.00          -0.039216
181.20          -0.039573
181.40          -0.039944
181.60          -0.040329
181.80          -0.040728
182.00          -0.041144
182.20          -0.041577
182.40          -0.042028
182.60          -0.042498
182.80          -0.042989
183.00          -0.043503
183.20          -0.044040
183.40          -0.044603
183.60          -0.045194
183.80          -0.045816
184.00          -0.046469
184.20          -0.047158
184.40          -0.047886
184.60          -0.048654
184.80          -0.049469
185.00          -0.050333
185.20          -0.051251
185.40          -0.052229
185.60          -0.053273
185.80          -0.054389
186.00          -0.055586
186.20          -0.056872
186.40          -0.058258
186.60          -0.059756
186.80          -0.061379
187.00          -0.063144
187.20          -0.065069
187.40          -0.067176
187.60          -0.069492
187.80          -0.072048
188.00          -0.074881
188.20          -0.078039
188.40          -0.081576
188.60          -0.085561
188.80          -0.090082
189.00          -0.095246
189.20          -0.10119
189.40          -0.10810
189.60          -0.11621
189.80          -0.12585
190.00          -0.13743
190.20          -0.15159
190.40          -0.16919
190.60          -0.19155
190.80          -0.22067
191.00          -0.25981
191.20          -0.31444
191.40          -0.39453
191.60          -0.51952
191.80          -0.73135
192.00          -1.1303
192.20          -1.9677
192.40          -3.5362
192.60          -3.4922
192.80          -1.6166
193.00          -0.71355
193.20          -0.36079
193.40          -0.21305
193.60          -0.15235
193.80          -0.13939
194.00          -0.16563
194.20          -0.24327
194.40          -0.41333
194.60          -0.75902
194.80          -1.2788
195.00          -1.4211
195.20          -1.0195
195.40          -0.65231
195.60          -0.43453
195.80          -0.30857
196.00          -0.23179
196.20          -0.18215
196.40          -0.14837
196.60          -0.12439
196.80          -0.10678
197.00          -0.093471
197.20          -0.083179
197.40          -0.075065
197.60          -0.068562
197.80          -0.063277
198.00          -0.058931
198.20          -0.055319
198.40          -0.052292
198.60          -0.049734
198.80          -0.047558
199.00          -0.045697
199.20          -0.044096
199.40          -0.042712
199.60          -0.041513
199.80          -0.040469
200.00          -0.039557
200.20          -0.038760
200.40          -0.038062
200.60          -0.037449
200.80          -0.036910
201.00          -0.036436
201.20          -0.036020
201.40          -0.035654
201.60          -0.035332
201.80          -0.035051
202.00          -0.034804
202.20          -0.034589
202.40          -0.034402
202.60          -0.034241
202.80          -0.034102
203.00          -0.033984
203.20          -0.033885
203.40          -0.033802
203.60          -0.033735
203.80          -0.033682
204.00          -0.033641
204.20          -0.033613
204.40          -0.033594
204.60          -0.033586
204.80          -0.033587
205.00          -0.033596
205.20          -0.033612
205.40          -0.033636
205.60          -0.033666
205.80          -0.033703
206.00          -0.033745
206.20          -0.033792
206.40          -0.033844
206.60          -0.033901
206.80          -0.033962
207.00          -0.034027
207.20          -0.034096
207.40          -0.034168
207.60          -0.034244
207.80          -0.034322
208.00          -0.034404
208.20          -0.034489
208.40          -0.034576
208.60          -0.034666
208.80          -0.034759
209.00          -0.034853
209.20          -0.034950
209.40          -0.035050
209.60          -0.035151
209.80          -0.035254
210.00          -0.035360
210.20          -0.035467
210.40          -0.035576
210.60          -0.035687
210.80          -0.035800
211.00          -0.035914
211.20          -0.036030
211.40          -0.036148
211.60          -0.036268
211.80          -0.036389
212.00          -0.036512
212.20          -0.036637
212.40          -0.036764
212.60          -0.036892
212.80          -0.037022
213.00          -0.037154
213.20          -0.037288
213.40          -0.037423
213.60          -0.037561
213.80          -0.037701
214.00          -0.037842
214.20          -0.037986
214.40          -0.038132
214.60          -0.038280
214.80          -0.038431
215.00          -0.038585
215.20          -0.038741
215.40          -0.038899
215.60          -0.039061
215.80          -0.039226
216.00          -0.039395
216.20          -0.039567
216.40          -0.039748
216.60          -0.040948
216.80          -0.040164
217.00          -0.040325
217.20          -0.040516
217.40          -0.040717
217.60          -0.040926
217.80          -0.041144
218.00          -0.041371
218.20          -0.041608
218.40          -0.041857
218.60          -0.042118
218.80          -0.042395
219.00          -0.042689
219.20          -0.043003
219.40          -0.043341
219.60          -0.043707
219.80          -0.044107
220.00          -0.044549
220.20          -0.045042
220.40          -0.045600
220.60          -0.046241
220.80          -0.046991
221.00          -0.047887
221.20          -0.048987
221.40          -0.050379
221.60          -0.052212
221.80          -0.054751
222.00          -0.058510
222.20          -0.064620
222.40          -0.076027
222.60          -0.10276
222.80          -0.19854
223.00          -0.62862
223.20          -0.14303
223.40          -0.057938
223.60          -0.043574
223.80          -0.039913
224.00          -0.038927
224.20          -0.038802
224.40          -0.038992
224.60          -0.039301
224.80          -0.039651
225.00          -0.040009
