175.00          -0.041471
175.20          -0.041618
175.40          -0.041766
175.60          -0.041915
175.80          -0.042067
176.00          -0.042220
176.20          -0.042375
176.40          -0.042532
176.60          -0.042691
176.80          -0.042852
177.00          -0.043015
177.20          -0.043180
177.40          -0.043348
177.60          -0.043517
177.80          -0.043690
178.00          -0.043865
178.20          -0.044042
178.40          -0.044222
178.60          -0.044405
178.80          -0.044591
179.00          -0.044780
179.20          -0.044973
179.40          -0.045168
179.60          -0.045368
179.80          -0.045570
180.00          -0.045777
180.20          -0.045987
180.40          -0.046202
180.60          -0.046421
180.80          -0.046645
181.00          -0.046873
181.20          -0.047107
181.40          -0.047345
181.60          -0.047590
181.80          -0.047840
182.00          -0.048096
182.20          -0.048359
182.40          -0.048628
182.60          -0.048905
182.80          -0.049189
183.00          -0.049482
183.20          -0.049783
183.40          -0.050093
183.60          -0.050412
183.80          -0.050742
184.00          -0.051083
184.20          -0.051435
184.40          -0.051800
184.60          -0.052177
184.80          -0.052569
185.00          -0.052976
185.20          -0.053399
185.40          -0.053839
185.60          -0.054298
185.80          -0.054776
186.00          -0.055277
186.20          -0.055801
186.40          -0.056350
186.60          -0.056926
186.80          -0.057532
187.00          -0.058170
187.20          -0.058844
187.40          -0.059557
187.60          -0.060311
187.80          -0.061112
188.00          -0.061964
188.20          -0.062872
188.40          -0.063843
188.60          -0.064883
188.80          -0.066000
189.00          -0.067202
189.20          -0.068502
189.40          -0.069909
189.60          -0.071439
189.80          -0.073108
190.00          -0.074935
190.20          -0.076942
190.40          -0.079157
190.60          -0.081612
190.80          -0.084346
191.00          -0.087406
191.20          -0.090850
191.40          -0.094749
191.60          -0.099193
191.80          -0.10429
192.00          -0.11019
192.20          -0.11707
192.40          -0.12517
192.60          -0.13481
192.80          -0.14641
193.00          -0.16056
193.20          -0.17809
193.40          -0.20016
193.60          -0.22851
193.80          -0.26576
194.00          -0.31601
194.20          -0.38592
194.40          -0.48674
194.60          -0.63820
194.80          -0.87569
195.00          -1.2606
195.20          -1.8727
195.40          -2.6545
195.60          -2.9926
195.80          -2.4075
196.00          -1.6118
196.20          -1.0569
196.40          -0.72097
196.60          -0.51719
196.80          -0.38872
197.00          -0.30411
197.20          -0.24612
197.40          -0.20495
197.60          -0.17485
197.80          -0.15227
198.00          -0.13497
198.20          -0.12146
198.40          -0.11074
198.60          -0.10212
198.80          -0.095103
199.00          -0.089327
199.20          -0.084529
199.40          -0.080510
199.60          -0.077120
199.80          -0.074242
200.00          -0.071785
200.20          -0.069677
200.40          -0.067860
200.60          -0.066290
200.80          -0.064929
201.00          -0.063745
201.20          -0.062716
201.40          -0.061818
201.60          -0.061037
201.80          -0.060357
202.00          -0.059766
202.20          -0.059255
202.40          -0.058815
202.60          -0.058441
202.80          -0.058126
203.00          -0.057866
203.20          -0.057658
203.40          -0.057502
203.60          -0.057396
203.80          -0.057342
204.00          -0.057344
204.20          -0.057408
204.40          -0.057547
204.60          -0.057778
204.80          -0.058134
205.00          -0.058670
205.20          -0.059487
205.40          -0.060790
205.60          -0.063052
205.80          -0.067607
206.00          -0.079738
206.20          -0.14394
206.40          -2.8842
206.60          -0.082948
206.80          -0.058449
207.00          -0.054565
207.20          -0.053586
207.40          -0.053340
207.60          -0.053335
207.80          -0.053419
208.00          -0.053538
208.20          -0.053671
208.40          -0.053808
208.60          -0.053945
208.80          -0.054082
209.00          -0.054216
209.20          -0.054349
209.40          -0.054481
209.60          -0.054611
209.80          -0.054739
210.00          -0.054867
210.20          -0.054994
210.40          -0.055121
210.60          -0.055247
210.80          -0.055373
211.00          -0.055499
211.20          -0.055625
211.40          -0.055750
211.60          -0.055876
211.80          -0.056002
212.00          -0.056129
212.20          -0.056255
212.40          -0.056382
212.60          -0.056509
212.80          -0.056637
213.00          -0.056765
213.20          -0.056893
213.40          -0.057021
213.60          -0.057150
213.80          -0.057279
214.00          -0.057408
214.20          -0.057538
214.40          -0.057668
214.60          -0.057799
214.80          -0.057930
215.00          -0.058061
215.20          -0.058192
215.40          -0.058324
215.60          -0.058456
215.80          -0.058589
216.00          -0.058721
216.20          -0.058854
216.40          -0.058988
216.60          -0.059121
216.80          -0.059255
217.00          -0.059389
217.20          -0.059524
217.40          -0.059659
217.60          -0.059794
217.80          -0.059929
218.00          -0.060065
218.20          -0.060200
218.40          -0.060337
218.60          -0.060473
218.80          -0.060609
219.00          -0.060746
219.20          -0.060883
219.40          -0.061021
219.60          -0.061158
219.80          -0.061296
220.00          -0.061434
220.20          -0.061573
220.40          -0.061711
220.60          -0.061850
220.80          -0.061989
221.00          -0.062128
221.20          -0.062268
221.40          -0.062407
221.60          -0.062547
221.80          -0.062688
222.00          -0.062828
222.20          -0.062969
222.40          -0.063110
222.60          -0.063251
222.80          -0.063392
223.00          -0.063534
223.20          -0.063676
223.40          -0.063818
223.60          -0.063960
223.80          -0.064103
224.00          -0.064246
224.20          -0.064389
224.40          -0.064533
224.60          -0.064677
224.80          -0.064821
225.00          -0.064965
