175.00          -0.13707
175.20          -0.13739
175.40          -0.13771
175.60          -0.13803
175.80          -0.13834
176.00          -0.13866
176.20          -0.13897
176.40          -0.13928
176.60          -0.13959
176.80          -0.13990
177.00          -0.14020
177.20          -0.14050
177.40          -0.14080
177.60          -0.14109
177.80          -0.14138
178.00          -0.14167
178.20          -0.14195
178.40          -0.14223
178.60          -0.14250
178.80          -0.14277
179.00          -0.14304
179.20          -0.14329
179.40          -0.14355
179.60          -0.14380
179.80          -0.14404
180.00          -0.14428
180.20          -0.14451
180.40          -0.14474
180.60          -0.14496
180.80          -0.14518
181.00          -0.14539
181.20          -0.14559
181.40          -0.14579
181.60          -0.14598
181.80          -0.14616
182.00          -0.14634
182.20          -0.14651
182.40          -0.14667
182.60          -0.14683
182.80          -0.14699
183.00          -0.14713
183.20          -0.14727
183.40          -0.14740
183.60          -0.14753
183.80          -0.14765
184.00          -0.14776
184.20          -0.14787
184.40          -0.14797
184.60          -0.14806
184.80          -0.14815
185.00          -0.14823
185.20          -0.14830
185.40          -0.14837
185.60          -0.14843
185.80          -0.14849
186.00          -0.14854
186.20          -0.14858
186.40          -0.14862
186.60          -0.14865
186.80          -0.14867
187.00          -0.14869
187.20          -0.14871
187.40          -0.14871
187.60          -0.14872
187.80          -0.14871
188.00          -0.14871
188.20          -0.14869
188.40          -0.14868
188.60          -0.14865
188.80          -0.14863
189.00          -0.14860
189.20          -0.14856
189.40          -0.14852
189.60          -0.14847
189.80          -0.14842
190.00          -0.14837
190.20          -0.14832
190.40          -0.14826
190.60          -0.14819
190.80          -0.14813
191.00          -0.14806
191.20          -0.14799
191.40          -0.14791
191.60          -0.14783
191.80          -0.14775
192.00          -0.14767
192.20          -0.14759
192.40          -0.14750
192.60          -0.14742
192.80          -0.14733
193.00          -0.14724
193.20          -0.14715
193.40          -0.14706
193.60          -0.14697
193.80          -0.14688
194.00          -0.14679
194.20          -0.14670
194.40          -0.14661
194.60          -0.14652
194.80          -0.14643
195.00          -0.14634
195.20          -0.14626
195.40          -0.14618
195.60          -0.14609
195.80          -0.14602
196.00          -0.14594
196.20          -0.14587
196.40          -0.14580
196.60          -0.14573
196.80          -0.14567
197.00          -0.14561
197.20          -0.14556
197.40          -0.14551
197.60          -0.14547
197.80          -0.14543
198.00          -0.14540
198.20          -0.14537
198.40          -0.14536
198.60          -0.14534
198.80          -0.14534
199.00          -0.14535
199.20          -0.14536
199.40          -0.14538
199.60          -0.14541
199.80          -0.14545
200.00          -0.14550
200.20          -0.14557
200.40          -0.14564
200.60          -0.14573
200.80          -0.14582
201.00          -0.14594
201.20          -0.14606
201.40          -0.14620
201.60          -0.14636
201.80          -0.14653
202.00          -0.14671
202.20          -0.14692
202.40          -0.14714
202.60          -0.14738
202.80          -0.14764
203.00          -0.14792
203.20          -0.14823
203.40          -0.14856
203.60          -0.14891
203.80          -0.14928
204.00          -0.14969
204.20          -0.15012
204.40          -0.15058
204.60          -0.15108
204.80          -0.15161
205.00          -0.15218
205.20          -0.15280
205.40          -0.15348
205.60          -0.15426
205.80          -0.15523
206.00          -0.15710
206.20          -0.17767
206.40          -0.15620
206.60          -0.15722
206.80          -0.15824
207.00          -0.15926
207.20          -0.16031
207.40          -0.16141
207.60          -0.16255
207.80          -0.16376
208.00          -0.16503
208.20          -0.16636
208.40          -0.16776
208.60          -0.16924
208.80          -0.17080
209.00          -0.17244
209.20          -0.17418
209.40          -0.17600
209.60          -0.17793
209.80          -0.17996
210.00          -0.18210
210.20          -0.18436
210.40          -0.18675
210.60          -0.18927
210.80          -0.19193
211.00          -0.19474
211.20          -0.19771
211.40          -0.20084
211.60          -0.20416
211.80          -0.20766
212.00          -0.21136
212.20          -0.21528
212.40          -0.21942
212.60          -0.22380
212.80          -0.22844
213.00          -0.23335
213.20          -0.23854
213.40          -0.24405
213.60          -0.24988
213.80          -0.25605
214.00          -0.26258
214.20          -0.26951
214.40          -0.27684
214.60          -0.28460
214.80          -0.29281
215.00          -0.30150
215.20          -0.31068
215.40          -0.32038
215.60          -0.33062
215.80          -0.34140
216.00          -0.35275
216.20          -0.36468
216.40          -0.37717
216.60          -0.39023
216.80          -0.40383
217.00          -0.41794
217.20          -0.43252
217.40          -0.44749
217.60          -0.46278
217.80          -0.47827
218.00          -0.49381
218.20          -0.50926
218.40          -0.52440
218.60          -0.53902
218.80          -0.55288
219.00          -0.56571
219.20          -0.57723
219.40          -0.58716
219.60          -0.59526
219.80          -0.60127
220.00          -0.60499
220.20          -0.60628
220.40          -0.60506
220.60          -0.60132
220.80          -0.59509
221.00          -0.58653
221.20          -0.57579
221.40          -0.56313
221.60          -0.54881
221.80          -0.53312
222.00          -0.51635
222.20          -0.49880
222.40          -0.48074
222.60          -0.46241
222.80          -0.44403
223.00          -0.42581
223.20          -0.40788
223.40          -0.39038
223.60          -0.37340
223.80          -0.35702
224.00          -0.34129
224.20          -0.32625
224.40          -0.31189
224.60          -0.29824
224.80          -0.28528
225.00          -0.27301
