175.00          -0.029649
175.20          -0.029720
175.40          -0.029790
175.60          -0.029861
175.80          -0.029933
176.00          -0.030005
176.20          -0.030078
176.40          -0.030151
176.60          -0.030225
176.80          -0.030299
177.00          -0.030374
177.20          -0.030449
177.40          -0.030525
177.60          -0.030601
177.80          -0.030679
178.00          -0.030756
178.20          -0.030835
178.40          -0.030914
178.60          -0.030994
178.80          -0.031075
179.00          -0.031156
179.20          -0.031238
179.40          -0.031321
179.60          -0.031405
179.80          -0.031490
180.00          -0.031576
180.20          -0.031662
180.40          -0.031750
180.60          -0.031838
180.80          -0.031928
181.00          -0.032019
181.20          -0.032110
181.40          -0.032204
181.60          -0.032298
181.80          -0.032393
182.00          -0.032490
182.20          -0.032589
182.40          -0.032689
182.60          -0.032790
182.80          -0.032894
183.00          -0.032998
183.20          -0.033105
183.40          -0.033214
183.60          -0.033325
183.80          -0.033438
184.00          -0.033553
184.20          -0.033671
184.40          -0.033792
184.60          -0.033915
184.80          -0.034042
185.00          -0.034171
185.20          -0.034305
185.40          -0.034442
185.60          -0.034583
185.80          -0.034729
186.00          -0.034880
186.20          -0.035036
186.40          -0.035198
186.60          -0.035368
186.80          -0.035544
187.00          -0.035729
187.20          -0.035923
187.40          -0.036128
187.60          -0.036346
187.80          -0.036577
188.00          -0.036826
188.20          -0.037094
188.40          -0.037385
188.60          -0.037706
188.80          -0.038062
189.00          -0.038464
189.20          -0.038923
189.40          -0.039460
189.60          -0.040103
189.80          -0.040898
190.00          -0.041918
190.20          -0.043299
190.40          -0.045303
190.60          -0.048514
190.80          -0.054488
191.00          -0.068840
191.20          -0.12871
191.40          -2.9239
191.60          -0.10807
191.80          -0.046902
192.00          -0.039090
192.20          -0.037379
192.40          -0.037098
192.60          -0.037275
192.80          -0.037626
193.00          -0.038056
193.20          -0.038527
193.40          -0.039027
193.60          -0.039551
193.80          -0.040101
194.00          -0.040679
194.20          -0.041292
194.40          -0.041945
194.60          -0.042645
194.80          -0.043403
195.00          -0.044227
195.20          -0.045132
195.40          -0.046132
195.60          -0.047246
195.80          -0.048499
196.00          -0.049919
196.20          -0.051544
196.40          -0.053424
196.60          -0.055621
196.80          -0.058221
197.00          -0.061341
197.20          -0.065144
197.40          -0.069859
197.60          -0.075826
197.80          -0.083560
198.00          -0.093874
198.20          -0.10811
198.40          -0.12863
198.60          -0.15988
198.80          -0.21107
199.00          -0.30379
199.20          -0.49814
199.40          -1.0061
199.60          -2.7450
199.80          -4.3931
200.00          -1.4986
200.20          -0.60256
200.40          -0.31768
200.60          -0.19935
200.80          -0.14047
201.00          -0.10740
201.20          -0.087189
201.40          -0.074037
201.60          -0.065064
201.80          -0.058710
202.00          -0.054076
202.20          -0.050614
202.40          -0.047975
202.60          -0.045932
202.80          -0.044328
203.00          -0.043054
203.20          -0.042034
203.40          -0.041211
203.60          -0.040542
203.80          -0.039998
204.00          -0.039553
204.20          -0.039189
204.40          -0.038891
204.60          -0.038648
204.80          -0.038452
205.00          -0.038293
205.20          -0.038167
205.40          -0.038069
205.60          -0.037994
205.80          -0.037939
206.00          -0.037902
206.20          -0.037880
206.40          -0.037870
206.60          -0.037873
206.80          -0.037885
207.00          -0.037905
207.20          -0.037934
207.40          -0.037970
207.60          -0.038011
207.80          -0.038058
208.00          -0.038110
208.20          -0.038166
208.40          -0.038226
208.60          -0.038290
208.80          -0.038357
209.00          -0.038427
209.20          -0.038499
209.40          -0.038574
209.60          -0.038651
209.80          -0.038730
210.00          -0.038811
210.20          -0.038894
210.40          -0.038979
210.60          -0.039065
210.80          -0.039153
211.00          -0.039241
211.20          -0.039332
211.40          -0.039423
211.60          -0.039516
211.80          -0.039610
212.00          -0.039705
212.20          -0.039802
212.40          -0.039899
212.60          -0.039997
212.80          -0.040097
213.00          -0.040198
213.20          -0.040300
213.40          -0.040403
213.60          -0.040507
213.80          -0.040613
214.00          -0.040720
214.20          -0.040828
214.40          -0.040938
214.60          -0.041051
214.80          -0.041184
215.00          -0.045578
215.20          -0.041473
215.40          -0.041543
215.60          -0.041653
215.80          -0.041772
216.00          -0.041895
216.20          -0.042023
216.40          -0.042155
216.60          -0.042290
216.80          -0.042430
217.00          -0.042575
217.20          -0.042725
217.40          -0.042881
217.60          -0.043045
217.80          -0.043217
218.00          -0.043399
218.20          -0.043593
218.40          -0.043800
218.60          -0.044026
218.80          -0.044272
219.00          -0.044546
219.20          -0.044854
219.40          -0.045208
219.60          -0.045622
219.80          -0.046120
220.00          -0.046738
220.20          -0.047537
220.40          -0.048624
220.60          -0.050201
220.80          -0.052711
221.00          -0.057278
221.20          -0.067622
221.40          -0.10371
221.60          -0.56707
221.80          -0.18126
222.00          -0.059948
222.20          -0.047220
222.40          -0.044164
222.60          -0.043226
222.80          -0.042953
223.00          -0.042931
223.20          -0.043017
223.40          -0.043148
223.60          -0.043301
223.80          -0.043461
224.00          -0.043624
224.20          -0.043785
224.40          -0.043945
224.60          -0.044101
224.80          -0.044254
225.00          -0.044405
