175.00          -0.099672
175.20          -0.096532
175.40          -0.093588
175.60          -0.090828
175.80          -0.088239
176.00          -0.085811
176.20          -0.083531
176.40          -0.081391
176.60          -0.079382
176.80          -0.077494
177.00          -0.075721
177.20          -0.074054
177.40          -0.072487
177.60          -0.071014
177.80          -0.069629
178.00          -0.068327
178.20          -0.067102
178.40          -0.065949
178.60          -0.064866
178.80          -0.063847
179.00          -0.062888
179.20          -0.061987
179.40          -0.061140
179.60          -0.060343
179.80          -0.059595
180.00          -0.058892
180.20          -0.058232
180.40          -0.057613
180.60          -0.057032
180.80          -0.056488
181.00          -0.055978
181.20          -0.055501
181.40          -0.055056
181.60          -0.054640
181.80          -0.054252
182.00          -0.053891
182.20          -0.053556
182.40          -0.053245
182.60          -0.052958
182.80          -0.052693
183.00          -0.052450
183.20          -0.052226
183.40          -0.052023
183.60          -0.051839
183.80          -0.051672
184.00          -0.051524
184.20          -0.051392
184.40          -0.051276
184.60          -0.051177
184.80          -0.051093
185.00          -0.051024
185.20          -0.050970
185.40          -0.050930
185.60          -0.050905
185.80          -0.050894
186.00          -0.050896
186.20          -0.050913
186.40          -0.050944
186.60          -0.050990
186.80          -0.051050
187.00          -0.051125
187.20          -0.051215
187.40          -0.051323
187.60          -0.051448
187.80          -0.051592
188.00          -0.051756
188.20          -0.051944
188.40          -0.052158
188.60          -0.052402
188.80          -0.052681
189.00          -0.053002
189.20          -0.053375
189.40          -0.053812
189.60          -0.054334
189.80          -0.054967
190.00          -0.055756
190.20          -0.056769
190.40          -0.058124
190.60          -0.060040
190.80          -0.062962
191.00          -0.067940
191.20          -0.078061
191.40          -0.10663
191.60          -0.29798
191.80          -0.95053
192.00          -0.082076
192.20          -0.054401
192.40          -0.049704
192.60          -0.048688
192.80          -0.048616
193.00          -0.048841
193.20          -0.049163
193.40          -0.049512
193.60          -0.049862
193.80          -0.050205
194.00          -0.050537
194.20          -0.050857
194.40          -0.051166
194.60          -0.051467
194.80          -0.051759
195.00          -0.052044
195.20          -0.052323
195.40          -0.052598
195.60          -0.052868
195.80          -0.053135
196.00          -0.053399
196.20          -0.053661
196.40          -0.053921
196.60          -0.054180
196.80          -0.054437
197.00          -0.054694
197.20          -0.054951
197.40          -0.055207
197.60          -0.055463
197.80          -0.055719
198.00          -0.055976
198.20          -0.056233
198.40          -0.056490
198.60          -0.056748
198.80          -0.057007
199.00          -0.057266
199.20          -0.057526
199.40          -0.057788
199.60          -0.058050
199.80          -0.058313
200.00          -0.058578
200.20          -0.058844
200.40          -0.059110
200.60          -0.059378
200.80          -0.059648
201.00          -0.059918
201.20          -0.060191
201.40          -0.060464
201.60          -0.060739
201.80          -0.061015
202.00          -0.061293
202.20          -0.061572
202.40          -0.061852
202.60          -0.062135
202.80          -0.062418
203.00          -0.062704
203.20          -0.062991
203.40          -0.063279
203.60          -0.063569
203.80          -0.063861
204.00          -0.064155
204.20          -0.064450
204.40          -0.064747
204.60          -0.065046
204.80          -0.065346
205.00          -0.065649
205.20          -0.065953
205.40          -0.066259
205.60          -0.066568
205.80          -0.066878
206.00          -0.067190
206.20          -0.067504
206.40          -0.067820
206.60          -0.068139
206.80          -0.068459
207.00          -0.068782
207.20          -0.069107
207.40          -0.069435
207.60          -0.069765
207.80          -0.070097
208.00          -0.070433
208.20          -0.070770
208.40          -0.071111
208.60          -0.071454
208.80          -0.071800
209.00          -0.072150
209.20          -0.072502
209.40          -0.072858
209.60          -0.073218
209.80          -0.073581
210.00          -0.073947
210.20          -0.074318
210.40          -0.074694
210.60          -0.075073
210.80          -0.075458
211.00          -0.075848
211.20          -0.076243
211.40          -0.076644
211.60          -0.077052
211.80          -0.077467
212.00          -0.077890
212.20          -0.078322
212.40          -0.078765
212.60          -0.079219
212.80          -0.079687
213.00          -0.080173
213.20          -0.080681
213.40          -0.081218
213.60          -0.081797
213.80          -0.082442
214.00          -0.083198
214.20          -0.084179
214.40          -0.085719
214.60          -0.089275
214.80          -0.11011
215.00          -0.26940
215.20          -0.092403
215.40          -0.087738
215.60          -0.087260
215.80          -0.087540
216.00          -0.088067
216.20          -0.088714
216.40          -0.089439
216.60          -0.090230
216.80          -0.091084
217.00          -0.092006
217.20          -0.093002
217.40          -0.094082
217.60          -0.095258
217.80          -0.096545
218.00          -0.097957
218.20          -0.099508
218.40          -0.10120
218.60          -0.10302
218.80          -0.10489
219.00          -0.10658
219.20          -0.10758
219.40          -0.10669
219.60          -0.10168
219.80          -0.090187
220.00          -0.073740
220.20          -0.059884
220.40          -0.053675
220.60          -0.053411
220.80          -0.055829
221.00          -0.059000
221.20          -0.062129
221.40          -0.064963
221.60          -0.067455
221.80          -0.069633
222.00          -0.071541
222.20          -0.073222
222.40          -0.074717
222.60          -0.076057
222.80          -0.077268
223.00          -0.078371
223.20          -0.079383
223.40          -0.080318
223.60          -0.081187
223.80          -0.081999
224.00          -0.082762
224.20          -0.083482
224.40          -0.084165
224.60          -0.084814
224.80          -0.085433
225.00          -0.086026
