175.00          -0.048565
175.20          -0.048615
175.40          -0.048673
175.60          -0.048736
175.80          -0.048806
176.00          -0.048882
176.20          -0.048964
176.40          -0.049052
176.60          -0.049146
176.80          -0.049245
177.00          -0.049350
177.20          -0.049461
177.40          -0.049577
177.60          -0.049699
177.80          -0.049826
178.00          -0.049958
178.20          -0.050095
178.40          -0.050237
178.60          -0.050384
178.80          -0.050536
179.00          -0.050693
179.20          -0.050855
179.40          -0.051021
179.60          -0.051192
179.80          -0.051368
180.00          -0.051549
180.20          -0.051734
180.40          -0.051923
180.60          -0.052117
180.80          -0.052316
181.00          -0.052519
181.20          -0.052726
181.40          -0.052938
181.60          -0.053154
181.80          -0.053374
182.00          -0.053599
182.20          -0.053828
182.40          -0.054062
182.60          -0.054299
182.80          -0.054541
183.00          -0.054788
183.20          -0.055038
183.40          -0.055293
183.60          -0.055553
183.80          -0.055817
184.00          -0.056085
184.20          -0.056358
184.40          -0.056636
184.60          -0.056918
184.80          -0.057206
185.00          -0.057498
185.20          -0.057795
185.40          -0.058097
185.60          -0.058404
185.80          -0.058717
186.00          -0.059036
186.20          -0.059361
186.40          -0.059692
186.60          -0.060031
186.80          -0.060376
187.00          -0.060729
187.20          -0.061090
187.40          -0.061461
187.60          -0.061842
187.80          -0.062234
188.00          -0.062639
188.20          -0.063059
188.40          -0.063496
188.60          -0.063952
188.80          -0.064433
189.00          -0.064944
189.20          -0.065490
189.40          -0.066084
189.60          -0.066738
189.80          -0.067475
190.00          -0.068328
190.20          -0.069351
190.40          -0.070637
190.60          -0.072363
190.80          -0.074897
191.00          -0.079141
191.20          -0.087904
191.40          -0.11475
191.60          -0.37579
191.80          -0.31543
192.00          -0.083893
192.20          -0.069966
192.40          -0.067471
192.60          -0.067092
192.80          -0.067301
193.00          -0.067706
193.20          -0.068180
193.40          -0.068678
193.60          -0.069181
193.80          -0.069682
194.00          -0.070177
194.20          -0.070667
194.40          -0.071151
194.60          -0.071630
194.80          -0.072104
195.00          -0.072575
195.20          -0.073043
195.40          -0.073508
195.60          -0.073971
195.80          -0.074433
196.00          -0.074893
196.20          -0.075352
196.40          -0.075810
196.60          -0.076268
196.80          -0.076726
197.00          -0.077183
197.20          -0.077641
197.40          -0.078098
197.60          -0.078556
197.80          -0.079014
198.00          -0.079472
198.20          -0.079931
198.40          -0.080390
198.60          -0.080850
198.80          -0.081310
199.00          -0.081770
199.20          -0.082231
199.40          -0.082693
199.60          -0.083155
199.80          -0.083617
200.00          -0.084080
200.20          -0.084543
200.40          -0.085006
200.60          -0.085470
200.80          -0.085933
201.00          -0.086397
201.20          -0.086861
201.40          -0.087325
201.60          -0.087789
201.80          -0.088253
202.00          -0.088716
202.20          -0.089179
202.40          -0.089642
202.60          -0.090104
202.80          -0.090565
203.00          -0.091026
203.20          -0.091486
203.40          -0.091945
203.60          -0.092403
203.80          -0.092859
204.00          -0.093314
204.20          -0.093768
204.40          -0.094220
204.60          -0.094670
204.80          -0.095118
205.00          -0.095564
205.20          -0.096008
205.40          -0.096449
205.60          -0.096887
205.80          -0.097323
206.00          -0.097755
206.20          -0.098184
206.40          -0.098610
206.60          -0.099031
206.80          -0.099449
207.00          -0.099863
207.20          -0.10027
207.40          -0.10068
207.60          -0.10108
207.80          -0.10147
208.00          -0.10186
208.20          -0.10224
208.40          -0.10262
208.60          -0.10298
208.80          -0.10335
209.00          -0.10370
209.20          -0.10405
209.40          -0.10439
209.60          -0.10472
209.80          -0.10504
210.00          -0.10536
210.20          -0.10566
210.40          -0.10595
210.60          -0.10624
210.80          -0.10651
211.00          -0.10677
211.20          -0.10702
211.40          -0.10726
211.60          -0.10749
211.80          -0.10770
212.00          -0.10791
212.20          -0.10811
212.40          -0.10830
212.60          -0.10849
212.80          -0.10868
213.00          -0.10889
213.20          -0.10912
213.40          -0.10940
213.60          -0.10978
213.80          -0.11036
214.00          -0.11131
214.20          -0.11312
214.40          -0.11720
214.60          -0.13000
214.80          -0.22592
215.00          -0.55621
215.20          -0.12726
215.40          -0.10947
215.60          -0.10505
215.80          -0.10299
216.00          -0.10154
216.20          -0.10023
216.40          -0.098909
216.60          -0.097480
216.80          -0.095897
217.00          -0.094123
217.20          -0.092128
217.40          -0.089886
217.60          -0.087381
217.80          -0.084616
218.00          -0.081632
218.20          -0.078543
218.40          -0.075601
218.60          -0.073299
218.80          -0.072504
219.00          -0.074556
219.20          -0.081076
219.40          -0.093128
219.60          -0.10987
219.80          -0.12812
220.00          -0.14411
220.20          -0.15569
220.40          -0.16279
220.60          -0.16644
220.80          -0.16778
221.00          -0.16771
221.20          -0.16685
221.40          -0.16557
221.60          -0.16410
221.80          -0.16255
222.00          -0.16101
222.20          -0.15951
222.40          -0.15807
222.60          -0.15670
222.80          -0.15540
223.00          -0.15416
223.20          -0.15298
223.40          -0.15185
223.60          -0.15077
223.80          -0.14973
224.00          -0.14872
224.20          -0.14775
224.40          -0.14680
224.60          -0.14588
224.80          -0.14497
225.00          -0.14407
