175.00          -0.017637
175.20          -0.017689
175.40          -0.017742
175.60          -0.017795
175.80          -0.017849
176.00          -0.017904
176.20          -0.017960
176.40          -0.018016
176.60          -0.018073
176.80          -0.018131
177.00          -0.018190
177.20          -0.018250
177.40          -0.018310
177.60          -0.018372
177.80          -0.018434
178.00          -0.018497
178.20          -0.018561
178.40          -0.018626
178.60          -0.018692
178.80          -0.018759
179.00          -0.018827
179.20          -0.018896
179.40          -0.018967
179.60          -0.019038
179.80          -0.019111
180.00          -0.019184
180.20          -0.019260
180.40          -0.019336
180.60          -0.019413
180.80          -0.019492
181.00          -0.019573
181.20          -0.019655
181.40          -0.019738
181.60          -0.019823
181.80          -0.019909
182.00          -0.019997
182.20          -0.020087
182.40          -0.020178
182.60          -0.020272
182.80          -0.020367
183.00          -0.020464
183.20          -0.020563
183.40          -0.020664
183.60          -0.020767
183.80          -0.020872
184.00          -0.020979
184.20          -0.021089
184.40          -0.021202
184.60          -0.021316
184.80          -0.021434
185.00          -0.021554
185.20          -0.021677
185.40          -0.021803
185.60          -0.021932
185.80          -0.022064
186.00          -0.022199
186.20          -0.022338
186.40          -0.022480
186.60          -0.022626
186.80          -0.022776
187.00          -0.022929
187.20          -0.023087
187.40          -0.023250
187.60          -0.023416
187.80          -0.023588
188.00          -0.023764
188.20          -0.023946
188.40          -0.024133
188.60          -0.024326
188.80          -0.024524
189.00          -0.024729
189.20          -0.024940
189.40          -0.025159
189.60          -0.025384
189.80          -0.025617
190.00          -0.025858
190.20          -0.026107
190.40          -0.026365
190.60          -0.026632
190.80          -0.026909
191.00          -0.027196
191.20          -0.027495
191.40          -0.027804
191.60          -0.028126
191.80          -0.028461
192.00          -0.028810
192.20          -0.029173
192.40          -0.029551
192.60          -0.029946
192.80          -0.030358
193.00          -0.030789
193.20          -0.031240
193.40          -0.031712
193.60          -0.032207
193.80          -0.032726
194.00          -0.033271
194.20          -0.033844
194.40          -0.034447
194.60          -0.035083
194.80          -0.035754
195.00          -0.036462
195.20          -0.037211
195.40          -0.038005
195.60          -0.038846
195.80          -0.039740
196.00          -0.040691
196.20          -0.041705
196.40          -0.042786
196.60          -0.043942
196.80          -0.045181
197.00          -0.046510
197.20          -0.047939
197.40          -0.049479
197.60          -0.051142
197.80          -0.052942
198.00          -0.054896
198.20          -0.057023
198.40          -0.059342
198.60          -0.061881
198.80          -0.064668
199.00          -0.067738
199.20          -0.071131
199.40          -0.074896
199.60          -0.079090
199.80          -0.083783
200.00          -0.089058
200.20          -0.095017
200.40          -0.10179
200.60          -0.10952
200.80          -0.11841
201.00          -0.12870
201.20          -0.14071
201.40          -0.15482
201.60          -0.17156
201.80          -0.19161
202.00          -0.21586
202.20          -0.24554
202.40          -0.28226
202.60          -0.32828
202.80          -0.38665
203.00          -0.46148
203.20          -0.55814
203.40          -0.68293
203.60          -0.84142
203.80          -1.0331
204.00          -1.2401
204.20          -1.4135
204.40          -1.4822
204.60          -1.4061
204.80          -1.2208
205.00          -1.0003
205.20          -0.79838
205.40          -0.63573
205.60          -0.51453
205.80          -0.43559
206.00          -0.43385
206.20          -1.4354
206.40          -0.83418
206.60          -0.28434
206.80          -0.20053
207.00          -0.16189
207.20          -0.13699
207.40          -0.11874
207.60          -0.10453
207.80          -0.093093
208.00          -0.083690
208.20          -0.075841
208.40          -0.069213
208.60          -0.063561
208.80          -0.058705
209.00          -0.054503
209.20          -0.050844
209.40          -0.047642
209.60          -0.044826
209.80          -0.042337
210.00          -0.040130
210.20          -0.038165
210.40          -0.036409
210.60          -0.034836
210.80          -0.033421
211.00          -0.032146
211.20          -0.030994
211.40          -0.029951
211.60          -0.029004
211.80          -0.028142
212.00          -0.027357
212.20          -0.026641
212.40          -0.025986
212.60          -0.025386
212.80          -0.024836
213.00          -0.024330
213.20          -0.023866
213.40          -0.023439
213.60          -0.023045
213.80          -0.022682
214.00          -0.022347
214.20          -0.022038
214.40          -0.021752
214.60          -0.021488
214.80          -0.021243
215.00          -0.021017
215.20          -0.020808
215.40          -0.020614
215.60          -0.020435
215.80          -0.020268
216.00          -0.020115
216.20          -0.019972
216.40          -0.019841
216.60          -0.019719
216.80          -0.019607
217.00          -0.019503
217.20          -0.019407
217.40          -0.019319
217.60          -0.019238
217.80          -0.019163
218.00          -0.019095
218.20          -0.019032
218.40          -0.018975
218.60          -0.018923
218.80          -0.018876
219.00          -0.018834
219.20          -0.018795
219.40          -0.018761
219.60          -0.018731
219.80          -0.018704
220.00          -0.018681
220.20          -0.018661
220.40          -0.018644
220.60          -0.018631
220.80          -0.018620
221.00          -0.018611
221.20          -0.018606
221.40          -0.018602
221.60          -0.018601
221.80          -0.018602
222.00          -0.018606
222.20          -0.018611
222.40          -0.018619
222.60          -0.018628
222.80          -0.018639
223.00          -0.018652
223.20          -0.018666
223.40          -0.018683
223.60          -0.018700
223.80          -0.018720
224.00          -0.018741
224.20          -0.018763
224.40          -0.018787
224.60          -0.018812
224.80          -0.018839
225.00          -0.018867
