175.00          -0.048007
175.20          -0.048099
175.40          -0.048196
175.60          -0.048298
175.80          -0.048405
176.00          -0.048517
176.20          -0.048635
176.40          -0.048757
176.60          -0.048884
176.80          -0.049016
177.00          -0.049152
177.20          -0.049294
177.40          -0.049440
177.60          -0.049591
177.80          -0.049746
178.00          -0.049906
178.20          -0.050071
178.40          -0.050240
178.60          -0.050413
178.80          -0.050591
179.00          -0.050774
179.20          -0.050961
179.40          -0.051152
179.60          -0.051348
179.80          -0.051548
180.00          -0.051753
180.20          -0.051961
180.40          -0.052174
180.60          -0.052392
180.80          -0.052613
181.00          -0.052839
181.20          -0.053069
181.40          -0.053304
181.60          -0.053542
181.80          -0.053785
182.00          -0.054032
182.20          -0.054283
182.40          -0.054539
182.60          -0.054798
182.80          -0.055062
183.00          -0.055330
183.20          -0.055602
183.40          -0.055878
183.60          -0.056158
183.80          -0.056442
184.00          -0.056731
184.20          -0.057024
184.40          -0.057321
184.60          -0.057622
184.80          -0.057927
185.00          -0.058236
185.20          -0.058550
185.40          -0.058868
185.60          -0.059189
185.80          -0.059515
186.00          -0.059846
186.20          -0.060180
186.40          -0.060519
186.60          -0.060861
186.80          -0.061208
187.00          -0.061559
187.20          -0.061915
187.40          -0.062274
187.60          -0.062638
187.80          -0.063006
188.00          -0.063379
188.20          -0.063755
188.40          -0.064136
188.60          -0.064521
188.80          -0.064911
189.00          -0.065305
189.20          -0.065703
189.40          -0.066105
189.60          -0.066512
189.80          -0.066923
190.00          -0.067339
190.20          -0.067759
190.40          -0.068183
190.60          -0.068612
190.80          -0.069045
191.00          -0.069483
191.20          -0.069925
191.40          -0.070371
191.60          -0.070822
191.80          -0.071278
192.00          -0.071738
192.20          -0.072203
192.40          -0.072672
192.60          -0.073146
192.80          -0.073624
193.00          -0.074107
193.20          -0.074595
193.40          -0.075087
193.60          -0.075584
193.80          -0.076086
194.00          -0.076592
194.20          -0.077103
194.40          -0.077619
194.60          -0.078140
194.80          -0.078665
195.00          -0.079196
195.20          -0.079731
195.40          -0.080271
195.60          -0.080816
195.80          -0.081366
196.00          -0.081921
196.20          -0.082481
196.40          -0.083046
196.60          -0.083616
196.80          -0.084191
197.00          -0.084772
197.20          -0.085358
197.40          -0.085949
197.60          -0.086546
197.80          -0.087148
198.00          -0.087755
198.20          -0.088369
198.40          -0.088988
198.60          -0.089614
198.80          -0.090245
199.00          -0.090883
199.20          -0.091528
199.40          -0.092180
199.60          -0.092838
199.80          -0.093505
200.00          -0.094180
200.20          -0.094864
200.40          -0.095558
200.60          -0.096262
200.80          -0.096979
201.00          -0.097709
201.20          -0.098455
201.40          -0.099221
201.60          -0.10001
201.80          -0.10083
202.00          -0.10168
202.20          -0.10259
202.40          -0.10356
202.60          -0.10464
202.80          -0.10588
203.00          -0.10738
203.20          -0.10937
203.40          -0.11239
203.60          -0.11815
203.80          -0.13460
204.00          -0.26868
204.20          -0.40957
204.40          -0.12806
204.60          -0.11388
204.80          -0.11130
205.00          -0.11092
205.20          -0.11121
205.40          -0.11176
205.60          -0.11242
205.80          -0.11314
206.00          -0.11389
206.20          -0.11466
206.40          -0.11544
206.60          -0.11622
206.80          -0.11701
207.00          -0.11780
207.20          -0.11860
207.40          -0.11939
207.60          -0.12019
207.80          -0.12099
208.00          -0.12179
208.20          -0.12260
208.40          -0.12340
208.60          -0.12421
208.80          -0.12502
209.00          -0.12583
209.20          -0.12664
209.40          -0.12745
209.60          -0.12827
209.80          -0.12908
210.00          -0.12990
210.20          -0.13071
210.40          -0.13153
210.60          -0.13235
210.80          -0.13318
211.00          -0.13400
211.20          -0.13482
211.40          -0.13565
211.60          -0.13647
211.80          -0.13730
212.00          -0.13812
212.20          -0.13895
212.40          -0.13978
212.60          -0.14061
212.80          -0.14144
213.00          -0.14227
213.20          -0.14311
213.40          -0.14394
213.60          -0.14477
213.80          -0.14561
214.00          -0.14644
214.20          -0.14728
214.40          -0.14812
214.60          -0.14895
214.80          -0.14979
215.00          -0.15063
215.20          -0.15147
215.40          -0.15232
215.60          -0.15316
215.80          -0.15401
216.00          -0.15486
216.20          -0.15571
216.40          -0.15656
216.60          -0.15742
216.80          -0.15827
217.00          -0.15914
217.20          -0.16000
217.40          -0.16087
217.60          -0.16174
217.80          -0.16262
218.00          -0.16351
218.20          -0.16440
218.40          -0.16529
218.60          -0.16620
218.80          -0.16711
219.00          -0.16803
219.20          -0.16897
219.40          -0.16991
219.60          -0.17087
219.80          -0.17184
220.00          -0.17283
220.20          -0.17383
220.40          -0.17485
220.60          -0.17589
220.80          -0.17696
221.00          -0.17805
221.20          -0.17917
221.40          -0.18032
221.60          -0.18150
221.80          -0.18273
222.00          -0.18399
222.20          -0.18531
222.40          -0.18668
222.60          -0.18812
222.80          -0.18962
223.00          -0.19121
223.20          -0.19289
223.40          -0.19468
223.60          -0.19660
223.80          -0.19868
224.00          -0.20096
224.20          -0.20348
224.40          -0.20634
224.60          -0.20966
224.80          -0.21365
225.00          -0.21873
