175.00          -0.048778
175.20          -0.048936
175.40          -0.049098
175.60          -0.049266
175.80          -0.049438
176.00          -0.049615
176.20          -0.049796
176.40          -0.049983
176.60          -0.050173
176.80          -0.050369
177.00          -0.050569
177.20          -0.050774
177.40          -0.050983
177.60          -0.051197
177.80          -0.051415
178.00          -0.051638
178.20          -0.051865
178.40          -0.052097
178.60          -0.052334
178.80          -0.052575
179.00          -0.052821
179.20          -0.053071
179.40          -0.053325
179.60          -0.053585
179.80          -0.053848
180.00          -0.054117
180.20          -0.054390
180.40          -0.054667
180.60          -0.054949
180.80          -0.055235
181.00          -0.055526
181.20          -0.055822
181.40          -0.056122
181.60          -0.056427
181.80          -0.056737
182.00          -0.057051
182.20          -0.057370
182.40          -0.057693
182.60          -0.058021
182.80          -0.058354
183.00          -0.058691
183.20          -0.059033
183.40          -0.059380
183.60          -0.059732
183.80          -0.060088
184.00          -0.060450
184.20          -0.060816
184.40          -0.061187
184.60          -0.061563
184.80          -0.061943
185.00          -0.062329
185.20          -0.062719
185.40          -0.063115
185.60          -0.063515
185.80          -0.063921
186.00          -0.064331
186.20          -0.064747
186.40          -0.065168
186.60          -0.065593
186.80          -0.066024
187.00          -0.066461
187.20          -0.066902
187.40          -0.067349
187.60          -0.067801
187.80          -0.068258
188.00          -0.068720
188.20          -0.069188
188.40          -0.069662
188.60          -0.070141
188.80          -0.070625
189.00          -0.071115
189.20          -0.071610
189.40          -0.072111
189.60          -0.072618
189.80          -0.073130
190.00          -0.073648
190.20          -0.074172
190.40          -0.074701
190.60          -0.075237
190.80          -0.075778
191.00          -0.076325
191.20          -0.076878
191.40          -0.077437
191.60          -0.078002
191.80          -0.078573
192.00          -0.079150
192.20          -0.079734
192.40          -0.080323
192.60          -0.080919
192.80          -0.081521
193.00          -0.082129
193.20          -0.082744
193.40          -0.083365
193.60          -0.083992
193.80          -0.084626
194.00          -0.085267
194.20          -0.085914
194.40          -0.086567
194.60          -0.087228
194.80          -0.087895
195.00          -0.088569
195.20          -0.089250
195.40          -0.089937
195.60          -0.090632
195.80          -0.091333
196.00          -0.092042
196.20          -0.092757
196.40          -0.093480
196.60          -0.094210
196.80          -0.094947
197.00          -0.095692
197.20          -0.096444
197.40          -0.097203
197.60          -0.097970
197.80          -0.098745
198.00          -0.099528
198.20          -0.10032
198.40          -0.10112
198.60          -0.10192
198.80          -0.10274
199.00          -0.10356
199.20          -0.10439
199.40          -0.10523
199.60          -0.10608
199.80          -0.10694
200.00          -0.10781
200.20          -0.10869
200.40          -0.10958
200.60          -0.11048
200.80          -0.11139
201.00          -0.11232
201.20          -0.11326
201.40          -0.11422
201.60          -0.11520
201.80          -0.11621
202.00          -0.11724
202.20          -0.11831
202.40          -0.11943
202.60          -0.12063
202.80          -0.12194
203.00          -0.12343
203.20          -0.12528
203.40          -0.12787
203.60          -0.13247
203.80          -0.14512
204.00          -0.25261
204.20          -0.33976
204.40          -0.14419
204.60          -0.13352
204.80          -0.13176
205.00          -0.13178
205.20          -0.13237
205.40          -0.13320
205.60          -0.13414
205.80          -0.13514
206.00          -0.13618
206.20          -0.13725
206.40          -0.13833
206.60          -0.13943
206.80          -0.14054
207.00          -0.14166
207.20          -0.14279
207.40          -0.14394
207.60          -0.14509
207.80          -0.14625
208.00          -0.14742
208.20          -0.14860
208.40          -0.14978
208.60          -0.15098
208.80          -0.15219
209.00          -0.15340
209.20          -0.15463
209.40          -0.15587
209.60          -0.15711
209.80          -0.15837
210.00          -0.15963
210.20          -0.16091
210.40          -0.16220
210.60          -0.16350
210.80          -0.16481
211.00          -0.16613
211.20          -0.16747
211.40          -0.16882
211.60          -0.17018
211.80          -0.17156
212.00          -0.17295
212.20          -0.17436
212.40          -0.17578
212.60          -0.17722
212.80          -0.17868
213.00          -0.18015
213.20          -0.18165
213.40          -0.18316
213.60          -0.18470
213.80          -0.18626
214.00          -0.18784
214.20          -0.18945
214.40          -0.19108
214.60          -0.19274
214.80          -0.19443
215.00          -0.19616
215.20          -0.19792
215.40          -0.19971
215.60          -0.20154
215.80          -0.20342
216.00          -0.20534
216.20          -0.20730
216.40          -0.20932
216.60          -0.21139
216.80          -0.21351
217.00          -0.21570
217.20          -0.21796
217.40          -0.22029
217.60          -0.22270
217.80          -0.22519
218.00          -0.22777
218.20          -0.23045
218.40          -0.23324
218.60          -0.23614
218.80          -0.23917
219.00          -0.24233
219.20          -0.24565
219.40          -0.24912
219.60          -0.25278
219.80          -0.25662
220.00          -0.26069
220.20          -0.26498
220.40          -0.26954
220.60          -0.27438
220.80          -0.27954
221.00          -0.28504
221.20          -0.29094
221.40          -0.29728
221.60          -0.30410
221.80          -0.31147
222.00          -0.31947
222.20          -0.32816
222.40          -0.33766
222.60          -0.34806
222.80          -0.35952
223.00          -0.37220
223.20          -0.38630
223.40          -0.40205
223.60          -0.41978
223.80          -0.43987
224.00          -0.46281
224.20          -0.48926
224.40          -0.52010
224.60          -0.55657
224.80          -0.60053
225.00          -0.65492
