175.00          -0.026253
175.20          -0.026299
175.40          -0.026345
175.60          -0.026392
175.80          -0.026438
176.00          -0.026485
176.20          -0.026531
176.40          -0.026578
176.60          -0.026625
176.80          -0.026672
177.00          -0.026719
177.20          -0.026766
177.40          -0.026814
177.60          -0.026861
177.80          -0.026909
178.00          -0.026956
178.20          -0.027004
178.40          -0.027052
178.60          -0.027100
178.80          -0.027148
179.00          -0.027196
179.20          -0.027244
179.40          -0.027293
179.60          -0.027341
179.80          -0.027390
180.00          -0.027439
180.20          -0.027487
180.40          -0.027536
180.60          -0.027585
180.80          -0.027634
181.00          -0.027684
181.20          -0.027733
181.40          -0.027783
181.60          -0.027832
181.80          -0.027882
182.00          -0.027932
182.20          -0.027982
182.40          -0.028032
182.60          -0.028082
182.80          -0.028132
183.00          -0.028183
183.20          -0.028233
183.40          -0.028284
183.60          -0.028334
183.80          -0.028385
184.00          -0.028436
184.20          -0.028487
184.40          -0.028539
184.60          -0.028590
184.80          -0.028641
185.00          -0.028693
185.20          -0.028745
185.40          -0.028797
185.60          -0.028849
185.80          -0.028901
186.00          -0.028953
186.20          -0.029005
186.40          -0.029058
186.60          -0.029110
186.80          -0.029163
187.00          -0.029216
187.20          -0.029269
187.40          -0.029322
187.60          -0.029375
187.80          -0.029428
188.00          -0.029482
188.20          -0.029535
188.40          -0.029589
188.60          -0.029643
188.80          -0.029697
189.00          -0.029751
189.20          -0.029805
189.40          -0.029859
189.60          -0.029914
189.80          -0.029969
190.00          -0.030023
190.20          -0.030078
190.40          -0.030133
190.60          -0.030189
190.80          -0.030244
191.00          -0.030299
191.20          -0.030355
191.40          -0.030411
191.60          -0.030467
191.80          -0.030523
192.00          -0.030579
192.20          -0.030635
192.40          -0.030692
192.60          -0.030748
192.80          -0.030805
193.00          -0.030862
193.20          -0.030919
193.40          -0.030976
193.60          -0.031034
193.80          -0.031091
194.00          -0.031149
194.20          -0.031207
194.40          -0.031265
194.60          -0.031323
194.80          -0.031381
195.00          -0.031440
195.20          -0.031498
195.40          -0.031557
195.60          -0.031616
195.80          -0.031675
196.00          -0.031734
196.20          -0.031794
196.40          -0.031853
196.60          -0.031913
196.80          -0.031973
197.00          -0.032033
197.20          -0.032094
197.40          -0.032154
197.60          -0.032215
197.80          -0.032276
198.00          -0.032337
198.20          -0.032398
198.40          -0.032459
198.60          -0.032521
198.80          -0.032583
199.00          -0.032645
199.20          -0.032707
199.40          -0.032769
199.60          -0.032832
199.80          -0.032895
200.00          -0.032957
200.20          -0.033021
200.40          -0.033084
200.60          -0.033148
200.80          -0.033211
201.00          -0.033275
201.20          -0.033340
201.40          -0.033404
201.60          -0.033469
201.80          -0.033534
202.00          -0.033599
202.20          -0.033664
202.40          -0.033730
202.60          -0.033796
202.80          -0.033862
203.00          -0.033928
203.20          -0.033995
203.40          -0.034062
203.60          -0.034129
203.80          -0.034196
204.00          -0.034264
204.20          -0.034332
204.40          -0.034400
204.60          -0.034468
204.80          -0.034537
205.00          -0.034606
205.20          -0.034676
205.40          -0.034745
205.60          -0.034815
205.80          -0.034886
206.00          -0.034956
206.20          -0.035027
206.40          -0.035099
206.60          -0.035170
206.80          -0.035242
207.00          -0.035315
207.20          -0.035388
207.40          -0.035461
207.60          -0.035534
207.80          -0.035608
208.00          -0.035683
208.20          -0.035757
208.40          -0.035833
208.60          -0.035908
208.80          -0.035984
209.00          -0.036061
209.20          -0.036138
209.40          -0.036216
209.60          -0.036294
209.80          -0.036372
210.00          -0.036452
210.20          -0.036531
210.40          -0.036612
210.60          -0.036693
210.80          -0.036775
211.00          -0.036857
211.20          -0.036940
211.40          -0.037024
211.60          -0.037108
211.80          -0.037194
212.00          -0.037280
212.20          -0.037367
212.40          -0.037455
212.60          -0.037543
212.80          -0.037633
213.00          -0.037724
213.20          -0.037816
213.40          -0.037910
213.60          -0.038004
213.80          -0.038100
214.00          -0.038197
214.20          -0.038296
214.40          -0.038396
214.60          -0.038498
214.80          -0.038602
215.00          -0.038708
215.20          -0.038816
215.40          -0.038927
215.60          -0.039040
215.80          -0.039156
216.00          -0.039275
216.20          -0.039398
216.40          -0.039524
216.60          -0.039655
216.80          -0.039790
217.00          -0.039931
217.20          -0.040078
217.40          -0.040233
217.60          -0.040395
217.80          -0.040568
218.00          -0.040752
218.20          -0.040949
218.40          -0.041164
218.60          -0.041399
218.80          -0.041660
219.00          -0.041954
219.20          -0.042292
219.40          -0.042688
219.60          -0.043165
219.80          -0.043759
220.00          -0.044529
220.20          -0.045585
220.40          -0.047136
220.60          -0.049652
220.80          -0.054383
221.00          -0.065754
221.20          -0.11142
221.40          -1.3764
221.60          -0.12966
221.80          -0.054625
222.00          -0.044838
222.20          -0.042269
222.40          -0.041438
222.60          -0.041192
222.80          -0.041182
223.00          -0.041279
223.20          -0.041430
223.40          -0.041610
223.60          -0.041806
223.80          -0.042013
224.00          -0.042227
224.20          -0.042447
224.40          -0.042672
224.60          -0.042903
224.80          -0.043140
225.00          -0.043383
