175.00          -0.25510
175.20          -0.24984
175.40          -0.24456
175.60          -0.23926
175.80          -0.23396
176.00          -0.22868
176.20          -0.22343
176.40          -0.21823
176.60          -0.21308
176.80          -0.20800
177.00          -0.20299
177.20          -0.19807
177.40          -0.19323
177.60          -0.18850
177.80          -0.18386
178.00          -0.17934
178.20          -0.17492
178.40          -0.17061
178.60          -0.16641
178.80          -0.16233
179.00          -0.15837
179.20          -0.15452
179.40          -0.15078
179.60          -0.14716
179.80          -0.14365
180.00          -0.14025
180.20          -0.13696
180.40          -0.13378
180.60          -0.13070
180.80          -0.12773
181.00          -0.12486
181.20          -0.12208
181.40          -0.11941
181.60          -0.11682
181.80          -0.11433
182.00          -0.11193
182.20          -0.10961
182.40          -0.10737
182.60          -0.10522
182.80          -0.10314
183.00          -0.10114
183.20          -0.099215
183.40          -0.097359
183.60          -0.095570
183.80          -0.093848
184.00          -0.092190
184.20          -0.090594
184.40          -0.089057
184.60          -0.087577
184.80          -0.086153
185.00          -0.084783
185.20          -0.083464
185.40          -0.082195
185.60          -0.080974
185.80          -0.079800
186.00          -0.078670
186.20          -0.077584
186.40          -0.076539
186.60          -0.075534
186.80          -0.074568
187.00          -0.073639
187.20          -0.072747
187.40          -0.071889
187.60          -0.071065
187.80          -0.070273
188.00          -0.069513
188.20          -0.068782
188.40          -0.068081
188.60          -0.067408
188.80          -0.066763
189.00          -0.066143
189.20          -0.065549
189.40          -0.064979
189.60          -0.064434
189.80          -0.063911
190.00          -0.063410
190.20          -0.062930
190.40          -0.062471
190.60          -0.062032
190.80          -0.061613
191.00          -0.061212
191.20          -0.060830
191.40          -0.060464
191.60          -0.060116
191.80          -0.059785
192.00          -0.059469
192.20          -0.059169
192.40          -0.058883
192.60          -0.058612
192.80          -0.058356
193.00          -0.058112
193.20          -0.057882
193.40          -0.057665
193.60          -0.057460
193.80          -0.057268
194.00          -0.057087
194.20          -0.056917
194.40          -0.056758
194.60          -0.056610
194.80          -0.056473
195.00          -0.056345
195.20          -0.056228
195.40          -0.056120
195.60          -0.056021
195.80          -0.055932
196.00          -0.055851
196.20          -0.055778
196.40          -0.055714
196.60          -0.055659
196.80          -0.055611
197.00          -0.055570
197.20          -0.055538
197.40          -0.055512
197.60          -0.055494
197.80          -0.055482
198.00          -0.055478
198.20          -0.055479
198.40          -0.055488
198.60          -0.055502
198.80          -0.055523
199.00          -0.055550
199.20          -0.055582
199.40          -0.055621
199.60          -0.055665
199.80          -0.055714
200.00          -0.055769
200.20          -0.055828
200.40          -0.055893
200.60          -0.055963
200.80          -0.056038
201.00          -0.056117
201.20          -0.056202
201.40          -0.056290
201.60          -0.056384
201.80          -0.056481
202.00          -0.056583
202.20          -0.056689
202.40          -0.056799
202.60          -0.056913
202.80          -0.057032
203.00          -0.057154
203.20          -0.057280
203.40          -0.057409
203.60          -0.057542
203.80          -0.057679
204.00          -0.057820
204.20          -0.057963
204.40          -0.058111
204.60          -0.058261
204.80          -0.058415
205.00          -0.058572
205.20          -0.058733
205.40          -0.058896
205.60          -0.059063
205.80          -0.059232
206.00          -0.059405
206.20          -0.059580
206.40          -0.059758
206.60          -0.059940
206.80          -0.060124
207.00          -0.060310
207.20          -0.060500
207.40          -0.060692
207.60          -0.060887
207.80          -0.061084
208.00          -0.061284
208.20          -0.061487
208.40          -0.061692
208.60          -0.061900
208.80          -0.062110
209.00          -0.062323
209.20          -0.062537
209.40          -0.062755
209.60          -0.062975
209.80          -0.063197
210.00          -0.063421
210.20          -0.063648
210.40          -0.063877
210.60          -0.064108
210.80          -0.064342
211.00          -0.064578
211.20          -0.064816
211.40          -0.065057
211.60          -0.065300
211.80          -0.065545
212.00          -0.065792
212.20          -0.066041
212.40          -0.066293
212.60          -0.066548
212.80          -0.066804
213.00          -0.067063
213.20          -0.067324
213.40          -0.067588
213.60          -0.067854
213.80          -0.068123
214.00          -0.068394
214.20          -0.068668
214.40          -0.068945
214.60          -0.069225
214.80          -0.069507
215.00          -0.069793
215.20          -0.070082
215.40          -0.070374
215.60          -0.070670
215.80          -0.070970
216.00          -0.071273
216.20          -0.071582
216.40          -0.071895
216.60          -0.072213
216.80          -0.072538
217.00          -0.072868
217.20          -0.073206
217.40          -0.073552
217.60          -0.073907
217.80          -0.074273
218.00          -0.074651
218.20          -0.075044
218.40          -0.075453
218.60          -0.075883
218.80          -0.076338
219.00          -0.076824
219.20          -0.077350
219.40          -0.077925
219.60          -0.078567
219.80          -0.079299
220.00          -0.080155
220.20          -0.081194
220.40          -0.082509
220.60          -0.084274
220.80          -0.086831
221.00          -0.090947
221.20          -0.098711
221.40          -0.11781
221.60          -0.20093
221.80          -5.8263
222.00          -0.18505
222.20          -0.095638
222.40          -0.082988
222.60          -0.079657
222.80          -0.078643
223.00          -0.078416
223.20          -0.078505
223.40          -0.078736
223.60          -0.079034
223.80          -0.079363
224.00          -0.079708
224.20          -0.080058
224.40          -0.080410
224.60          -0.080760
224.80          -0.081108
225.00          -0.081453
