175.00          -0.89260
175.20          -0.23418
175.40          -0.11604
175.60          -0.089805
175.80          -0.089255
176.00          -0.098916
176.20          -0.11441
176.40          -0.13474
176.60          -0.16030
176.80          -0.19238
177.00          -0.23310
177.20          -0.28557
177.40          -0.35416
177.60          -0.44453
177.80          -0.56277
178.00          -0.71169
178.20          -0.88093
178.40          -1.0317
178.60          -1.0990
178.80          -1.0423
179.00          -0.89364
179.20          -0.71999
179.40          -0.56564
179.60          -0.44376
179.80          -0.35196
180.00          -0.28367
180.20          -0.23268
180.40          -0.19420
180.60          -0.16477
180.80          -0.14192
181.00          -0.12396
181.20          -0.10964
181.40          -0.098101
181.60          -0.088697
181.80          -0.080961
182.00          -0.074539
182.20          -0.069168
182.40          -0.064643
182.60          -0.060808
182.80          -0.057537
183.00          -0.054735
183.20          -0.052323
183.40          -0.050238
183.60          -0.048430
183.80          -0.046857
184.00          -0.045485
184.20          -0.044285
184.40          -0.043235
184.60          -0.042313
184.80          -0.041504
185.00          -0.040793
185.20          -0.040168
185.40          -0.039620
185.60          -0.039138
185.80          -0.038716
186.00          -0.038347
186.20          -0.038025
186.40          -0.037745
186.60          -0.037503
186.80          -0.037296
187.00          -0.037118
187.20          -0.036969
187.40          -0.036845
187.60          -0.036744
187.80          -0.036663
188.00          -0.036602
188.20          -0.036558
188.40          -0.036530
188.60          -0.036516
188.80          -0.036516
189.00          -0.036529
189.20          -0.036553
189.40          -0.036588
189.60          -0.036633
189.80          -0.036687
190.00          -0.036750
190.20          -0.036821
190.40          -0.036900
190.60          -0.036986
190.80          -0.037079
191.00          -0.037178
191.20          -0.037284
191.40          -0.037396
191.60          -0.037514
191.80          -0.037637
192.00          -0.037766
192.20          -0.037900
192.40          -0.038039
192.60          -0.038183
192.80          -0.038333
193.00          -0.038487
193.20          -0.038647
193.40          -0.038811
193.60          -0.038981
193.80          -0.039156
194.00          -0.039336
194.20          -0.039521
194.40          -0.039713
194.60          -0.039910
194.80          -0.040113
195.00          -0.040323
195.20          -0.040540
195.40          -0.040764
195.60          -0.040996
195.80          -0.041236
196.00          -0.041485
196.20          -0.041745
196.40          -0.042015
196.60          -0.042297
196.80          -0.042593
197.00          -0.042904
197.20          -0.043232
197.40          -0.043580
197.60          -0.043951
197.80          -0.044348
198.00          -0.044777
198.20          -0.045245
198.40          -0.045762
198.60          -0.046339
198.80          -0.046999
199.00          -0.047771
199.20          -0.048709
199.40          -0.049911
199.60          -0.051585
199.80          -0.054242
200.00          -0.059508
200.20          -0.075439
200.40          -0.22676
200.60          -0.30666
200.80          -0.078418
201.00          -0.064484
201.20          -0.062912
201.40          -0.064635
201.60          -0.068420
201.80          -0.074591
202.00          -0.084582
202.20          -0.10192
202.40          -0.13579
202.60          -0.21156
202.80          -0.35036
203.00          -0.27034
203.20          -0.11846
203.40          -0.067308
203.60          -0.050188
203.80          -0.043600
204.00          -0.040857
204.20          -0.039725
204.40          -0.039340
204.60          -0.039323
204.80          -0.039496
205.00          -0.039769
205.20          -0.040094
205.40          -0.040445
205.60          -0.040806
205.80          -0.041170
206.00          -0.041532
206.20          -0.041890
206.40          -0.042241
206.60          -0.042586
206.80          -0.042924
207.00          -0.043256
207.20          -0.043582
207.40          -0.043903
207.60          -0.044218
207.80          -0.044529
208.00          -0.044835
208.20          -0.045138
208.40          -0.045438
208.60          -0.045734
208.80          -0.046028
209.00          -0.046320
209.20          -0.046610
209.40          -0.046899
209.60          -0.047186
209.80          -0.047472
210.00          -0.047757
210.20          -0.048042
210.40          -0.048327
210.60          -0.048611
210.80          -0.048896
211.00          -0.049181
211.20          -0.049466
211.40          -0.049753
211.60          -0.050040
211.80          -0.050328
212.00          -0.050617
212.20          -0.050908
212.40          -0.051201
212.60          -0.051495
212.80          -0.051791
213.00          -0.052089
213.20          -0.052389
213.40          -0.052692
213.60          -0.052997
213.80          -0.053305
214.00          -0.053616
214.20          -0.053930
214.40          -0.054247
214.60          -0.054567
214.80          -0.054891
215.00          -0.055218
215.20          -0.055550
215.40          -0.055885
215.60          -0.056225
215.80          -0.056570
216.00          -0.056919
216.20          -0.057273
216.40          -0.057632
216.60          -0.057997
216.80          -0.058367
217.00          -0.058743
217.20          -0.059125
217.40          -0.059514
217.60          -0.059910
217.80          -0.060313
218.00          -0.060723
218.20          -0.061141
218.40          -0.061567
218.60          -0.062001
218.80          -0.062445
219.00          -0.062898
219.20          -0.063360
219.40          -0.063834
219.60          -0.064318
219.80          -0.064813
220.00          -0.065320
220.20          -0.065840
220.40          -0.066374
220.60          -0.066921
220.80          -0.067483
221.00          -0.068061
221.20          -0.068655
221.40          -0.069267
221.60          -0.069897
221.80          -0.070547
222.00          -0.071217
222.20          -0.071910
222.40          -0.072625
222.60          -0.073366
222.80          -0.074133
223.00          -0.074928
223.20          -0.075753
223.40          -0.076610
223.60          -0.077501
223.80          -0.078430
224.00          -0.079397
224.20          -0.080407
224.40          -0.081462
224.60          -0.082565
224.80          -0.083722
225.00          -0.084935
