175.00          -0.26367
175.20          -0.26887
175.40          -0.27388
175.60          -0.27866
175.80          -0.28314
176.00          -0.28727
176.20          -0.29101
176.40          -0.29428
176.60          -0.29705
176.80          -0.29925
177.00          -0.30085
177.20          -0.30181
177.40          -0.30209
177.60          -0.30169
177.80          -0.30058
178.00          -0.29877
178.20          -0.29627
178.40          -0.29311
178.60          -0.28932
178.80          -0.28495
179.00          -0.28003
179.20          -0.27464
179.40          -0.26883
179.60          -0.26267
179.80          -0.25622
180.00          -0.24954
180.20          -0.24270
180.40          -0.23575
180.60          -0.22875
180.80          -0.22175
181.00          -0.21480
181.20          -0.20792
181.40          -0.20115
181.60          -0.19453
181.80          -0.18807
182.00          -0.18180
182.20          -0.17572
182.40          -0.16985
182.60          -0.16419
182.80          -0.15875
183.00          -0.15354
183.20          -0.14854
183.40          -0.14376
183.60          -0.13919
183.80          -0.13484
184.00          -0.13069
184.20          -0.12674
184.40          -0.12298
184.60          -0.11940
184.80          -0.11600
185.00          -0.11277
185.20          -0.10970
185.40          -0.10679
185.60          -0.10402
185.80          -0.10140
186.00          -0.098910
186.20          -0.096546
186.40          -0.094304
186.60          -0.092176
186.80          -0.090157
187.00          -0.088242
187.20          -0.086423
187.40          -0.084698
187.60          -0.083060
187.80          -0.081506
188.00          -0.080030
188.20          -0.078629
188.40          -0.077299
188.60          -0.076036
188.80          -0.074836
189.00          -0.073697
189.20          -0.072614
189.40          -0.071586
189.60          -0.070609
189.80          -0.069681
190.00          -0.068798
190.20          -0.067960
190.40          -0.067163
190.60          -0.066406
190.80          -0.065686
191.00          -0.065002
191.20          -0.064352
191.40          -0.063734
191.60          -0.063147
191.80          -0.062589
192.00          -0.062059
192.20          -0.061555
192.40          -0.061077
192.60          -0.060622
192.80          -0.060190
193.00          -0.059781
193.20          -0.059392
193.40          -0.059022
193.60          -0.058672
193.80          -0.058340
194.00          -0.058026
194.20          -0.057728
194.40          -0.057445
194.60          -0.057178
194.80          -0.056926
195.00          -0.056687
195.20          -0.056462
195.40          -0.056249
195.60          -0.056049
195.80          -0.055861
196.00          -0.055684
196.20          -0.055517
196.40          -0.055362
196.60          -0.055216
196.80          -0.055080
197.00          -0.054953
197.20          -0.054836
197.40          -0.054727
197.60          -0.054627
197.80          -0.054535
198.00          -0.054451
198.20          -0.054374
198.40          -0.054305
198.60          -0.054244
198.80          -0.054190
199.00          -0.054142
199.20          -0.054102
199.40          -0.054069
199.60          -0.054042
199.80          -0.054022
200.00          -0.054009
200.20          -0.054003
200.40          -0.054004
200.60          -0.054012
200.80          -0.054027
201.00          -0.054049
201.20          -0.054079
201.40          -0.054117
201.60          -0.054164
201.80          -0.054220
202.00          -0.054286
202.20          -0.054363
202.40          -0.054453
202.60          -0.054557
202.80          -0.054677
203.00          -0.054815
203.20          -0.054977
203.40          -0.055165
203.60          -0.055388
203.80          -0.055653
204.00          -0.055974
204.20          -0.056369
204.40          -0.056868
204.60          -0.057514
204.80          -0.058385
205.00          -0.059617
205.20          -0.061483
205.40          -0.064592
205.60          -0.070604
205.80          -0.085669
206.00          -0.15306
206.20          -7.2120
206.40          -0.12093
206.60          -0.062975
206.80          -0.054765
207.00          -0.052633
207.20          -0.051980
207.40          -0.051810
207.60          -0.051824
207.80          -0.051913
208.00          -0.052033
208.20          -0.052165
208.40          -0.052299
208.60          -0.052431
208.80          -0.052560
209.00          -0.052684
209.20          -0.052805
209.40          -0.052921
209.60          -0.053034
209.80          -0.053143
210.00          -0.053249
210.20          -0.053352
210.40          -0.053452
210.60          -0.053551
210.80          -0.053647
211.00          -0.053742
211.20          -0.053835
211.40          -0.053926
211.60          -0.054016
211.80          -0.054105
212.00          -0.054193
212.20          -0.054280
212.40          -0.054366
212.60          -0.054451
212.80          -0.054535
213.00          -0.054619
213.20          -0.054702
213.40          -0.054784
213.60          -0.054866
213.80          -0.054947
214.00          -0.055028
214.20          -0.055108
214.40          -0.055188
214.60          -0.055268
214.80          -0.055347
215.00          -0.055425
215.20          -0.055504
215.40          -0.055582
215.60          -0.055659
215.80          -0.055736
216.00          -0.055813
216.20          -0.055890
216.40          -0.055966
216.60          -0.056042
216.80          -0.056118
217.00          -0.056193
217.20          -0.056268
217.40          -0.056343
217.60          -0.056417
217.80          -0.056491
218.00          -0.056565
218.20          -0.056638
218.40          -0.056712
218.60          -0.056784
218.80          -0.056857
219.00          -0.056929
219.20          -0.057001
219.40          -0.057072
219.60          -0.057144
219.80          -0.057215
220.00          -0.057285
220.20          -0.057356
220.40          -0.057425
220.60          -0.057495
220.80          -0.057564
221.00          -0.057633
221.20          -0.057702
221.40          -0.057770
221.60          -0.057838
221.80          -0.057906
222.00          -0.057973
222.20          -0.058040
222.40          -0.058107
222.60          -0.058174
222.80          -0.058240
223.00          -0.058306
223.20          -0.058372
223.40          -0.058437
223.60          -0.058503
223.80          -0.058568
224.00          -0.058633
224.20          -0.058698
224.40          -0.058764
224.60          -0.058829
224.80          -0.058895
225.00          -0.058962
