175.00          -0.21362
175.20          -0.21887
175.40          -0.22396
175.60          -0.22884
175.80          -0.23345
176.00          -0.23775
176.20          -0.24166
176.40          -0.24513
176.60          -0.24811
176.80          -0.25055
177.00          -0.25239
177.20          -0.25361
177.40          -0.25417
177.60          -0.25406
177.80          -0.25327
178.00          -0.25179
178.20          -0.24966
178.40          -0.24689
178.60          -0.24352
178.80          -0.23960
179.00          -0.23518
179.20          -0.23032
179.40          -0.22508
179.60          -0.21952
179.80          -0.21371
180.00          -0.20771
180.20          -0.20157
180.40          -0.19534
180.60          -0.18909
180.80          -0.18284
181.00          -0.17664
181.20          -0.17053
181.40          -0.16452
181.60          -0.15865
181.80          -0.15293
182.00          -0.14738
182.20          -0.14200
182.40          -0.13681
182.60          -0.13181
182.80          -0.12700
183.00          -0.12238
183.20          -0.11796
183.40          -0.11372
183.60          -0.10967
183.80          -0.10580
184.00          -0.10211
184.20          -0.098587
184.40          -0.095226
184.60          -0.092023
184.80          -0.088970
185.00          -0.086062
185.20          -0.083292
185.40          -0.080653
185.60          -0.078140
185.80          -0.075747
186.00          -0.073467
186.20          -0.071295
186.40          -0.069226
186.60          -0.067254
186.80          -0.065374
187.00          -0.063582
187.20          -0.061873
187.40          -0.060243
187.60          -0.058688
187.80          -0.057204
188.00          -0.055787
188.20          -0.054434
188.40          -0.053141
188.60          -0.051906
188.80          -0.050725
189.00          -0.049596
189.20          -0.048515
189.40          -0.047482
189.60          -0.046492
189.80          -0.045545
190.00          -0.044637
190.20          -0.043768
190.40          -0.042934
190.60          -0.042135
190.80          -0.041368
191.00          -0.040633
191.20          -0.039926
191.40          -0.039249
191.60          -0.038597
191.80          -0.037972
192.00          -0.037371
192.20          -0.036793
192.40          -0.036237
192.60          -0.035702
192.80          -0.035188
193.00          -0.034693
193.20          -0.034216
193.40          -0.033757
193.60          -0.033314
193.80          -0.032888
194.00          -0.032477
194.20          -0.032081
194.40          -0.031699
194.60          -0.031330
194.80          -0.030974
195.00          -0.030631
195.20          -0.030300
195.40          -0.029980
195.60          -0.029670
195.80          -0.029372
196.00          -0.029083
196.20          -0.028804
196.40          -0.028534
196.60          -0.028273
196.80          -0.028021
197.00          -0.027777
197.20          -0.027540
197.40          -0.027312
197.60          -0.027090
197.80          -0.026876
198.00          -0.026668
198.20          -0.026467
198.40          -0.026272
198.60          -0.026083
198.80          -0.025900
199.00          -0.025723
199.20          -0.025551
199.40          -0.025384
199.60          -0.025222
199.80          -0.025065
200.00          -0.024913
200.20          -0.024765
200.40          -0.024621
200.60          -0.024482
200.80          -0.024347
201.00          -0.024215
201.20          -0.024088
201.40          -0.023964
201.60          -0.023843
201.80          -0.023726
202.00          -0.023612
202.20          -0.023502
202.40          -0.023394
202.60          -0.023290
202.80          -0.023188
203.00          -0.023089
203.20          -0.022993
203.40          -0.022899
203.60          -0.022808
203.80          -0.022720
204.00          -0.022633
204.20          -0.022549
204.40          -0.022468
204.60          -0.022388
204.80          -0.022311
205.00          -0.022236
205.20          -0.022163
205.40          -0.022092
205.60          -0.022024
205.80          -0.021960
206.00          -0.021908
206.20          -0.022666
206.40          -0.021765
206.60          -0.021693
206.80          -0.021633
207.00          -0.021574
207.20          -0.021518
207.40          -0.021462
207.60          -0.021408
207.80          -0.021355
208.00          -0.021304
208.20          -0.021253
208.40          -0.021204
208.60          -0.021156
208.80          -0.021109
209.00          -0.021064
209.20          -0.021019
209.40          -0.020975
209.60          -0.020933
209.80          -0.020891
210.00          -0.020851
210.20          -0.020811
210.40          -0.020772
210.60          -0.020734
210.80          -0.020697
211.00          -0.020661
211.20          -0.020625
211.40          -0.020591
211.60          -0.020557
211.80          -0.020524
212.00          -0.020492
212.20          -0.020460
212.40          -0.020429
212.60          -0.020399
212.80          -0.020369
213.00          -0.020340
213.20          -0.020312
213.40          -0.020284
213.60          -0.020257
213.80          -0.020231
214.00          -0.020205
214.20          -0.020179
214.40          -0.020155
214.60          -0.020130
214.80          -0.020107
215.00          -0.020083
215.20          -0.020060
215.40          -0.020038
215.60          -0.020016
215.80          -0.019995
216.00          -0.019974
216.20          -0.019954
216.40          -0.019934
216.60          -0.019914
216.80          -0.019895
217.00          -0.019876
217.20          -0.019858
217.40          -0.019840
217.60          -0.019822
217.80          -0.019805
218.00          -0.019788
218.20          -0.019772
218.40          -0.019756
218.60          -0.019740
218.80          -0.019725
219.00          -0.019710
219.20          -0.019695
219.40          -0.019681
219.60          -0.019667
219.80          -0.019653
220.00          -0.019640
220.20          -0.019627
220.40          -0.019614
220.60          -0.019602
220.80          -0.019590
221.00          -0.019578
221.20          -0.019567
221.40          -0.019556
221.60          -0.019545
221.80          -0.019535
222.00          -0.019525
222.20          -0.019515
222.40          -0.019506
222.60          -0.019497
222.80          -0.019488
223.00          -0.019480
223.20          -0.019472
223.40          -0.019464
223.60          -0.019457
223.80          -0.019450
224.00          -0.019444
224.20          -0.019438
224.40          -0.019432
224.60          -0.019426
224.80          -0.019422
225.00          -0.019417
