175.00          -0.28492
175.20          -0.28605
175.40          -0.28718
175.60          -0.28832
175.80          -0.28946
176.00          -0.29060
176.20          -0.29176
176.40          -0.29291
176.60          -0.29408
176.80          -0.29524
177.00          -0.29642
177.20          -0.29760
177.40          -0.29878
177.60          -0.29998
177.80          -0.30117
178.00          -0.30238
178.20          -0.30358
178.40          -0.30480
178.60          -0.30602
178.80          -0.30725
179.00          -0.30848
179.20          -0.30972
179.40          -0.31096
179.60          -0.31221
179.80          -0.31347
180.00          -0.31473
180.20          -0.31600
180.40          -0.31728
180.60          -0.31856
180.80          -0.31985
181.00          -0.32115
181.20          -0.32245
181.40          -0.32376
181.60          -0.32508
181.80          -0.32640
182.00          -0.32773
182.20          -0.32907
182.40          -0.33041
182.60          -0.33176
182.80          -0.33312
183.00          -0.33449
183.20          -0.33586
183.40          -0.33724
183.60          -0.33863
183.80          -0.34002
184.00          -0.34142
184.20          -0.34283
184.40          -0.34425
184.60          -0.34568
184.80          -0.34711
185.00          -0.34855
185.20          -0.35000
185.40          -0.35146
185.60          -0.35292
185.80          -0.35440
186.00          -0.35588
186.20          -0.35737
186.40          -0.35887
186.60          -0.36037
186.80          -0.36189
187.00          -0.36341
187.20          -0.36495
187.40          -0.36649
187.60          -0.36804
187.80          -0.36960
188.00          -0.37117
188.20          -0.37275
188.40          -0.37434
188.60          -0.37594
188.80          -0.37754
189.00          -0.37916
189.20          -0.38079
189.40          -0.38243
189.60          -0.38407
189.80          -0.38573
190.00          -0.38740
190.20          -0.38908
190.40          -0.39077
190.60          -0.39246
190.80          -0.39417
191.00          -0.39590
191.20          -0.39763
191.40          -0.39937
191.60          -0.40112
191.80          -0.40289
192.00          -0.40467
192.20          -0.40646
192.40          -0.40826
192.60          -0.41007
192.80          -0.41190
193.00          -0.41373
193.20          -0.41558
193.40          -0.41745
193.60          -0.41932
193.80          -0.42121
194.00          -0.42311
194.20          -0.42503
194.40          -0.42695
194.60          -0.42889
194.80          -0.43085
195.00          -0.43282
195.20          -0.43480
195.40          -0.43680
195.60          -0.43881
195.80          -0.44084
196.00          -0.44288
196.20          -0.44494
196.40          -0.44701
196.60          -0.44910
196.80          -0.45121
197.00          -0.45333
197.20          -0.45546
197.40          -0.45762
197.60          -0.45979
197.80          -0.46197
198.00          -0.46418
198.20          -0.46640
198.40          -0.46864
198.60          -0.47090
198.80          -0.47317
199.00          -0.47546
199.20          -0.47778
199.40          -0.48011
199.60          -0.48246
199.80          -0.48483
200.00          -0.48722
200.20          -0.48963
200.40          -0.49207
200.60          -0.49452
200.80          -0.49699
201.00          -0.49949
201.20          -0.50200
201.40          -0.50454
201.60          -0.50711
201.80          -0.50969
202.00          -0.51230
202.20          -0.51493
202.40          -0.51759
202.60          -0.52027
202.80          -0.52297
203.00          -0.52570
203.20          -0.52846
203.40          -0.53124
203.60          -0.53405
203.80          -0.53688
204.00          -0.53974
204.20          -0.54263
204.40          -0.54555
204.60          -0.54850
204.80          -0.55148
205.00          -0.55448
205.20          -0.55752
205.40          -0.56058
205.60          -0.56368
205.80          -0.56681
206.00          -0.56997
206.20          -0.57316
206.40          -0.57638
206.60          -0.57964
206.80          -0.58294
207.00          -0.58626
207.20          -0.58962
207.40          -0.59302
207.60          -0.59646
207.80          -0.59993
208.00          -0.60343
208.20          -0.60698
208.40          -0.61056
208.60          -0.61418
208.80          -0.61784
209.00          -0.62154
209.20          -0.62529
209.40          -0.62907
209.60          -0.63289
209.80          -0.63675
210.00          -0.64066
210.20          -0.64461
210.40          -0.64860
210.60          -0.65264
210.80          -0.65672
211.00          -0.66084
211.20          -0.66501
211.40          -0.66922
211.60          -0.67348
211.80          -0.67778
212.00          -0.68213
212.20          -0.68652
212.40          -0.69096
212.60          -0.69544
212.80          -0.69997
213.00          -0.70454
213.20          -0.70916
213.40          -0.71382
213.60          -0.71853
213.80          -0.72328
214.00          -0.72807
214.20          -0.73290
214.40          -0.73777
214.60          -0.74268
214.80          -0.74763
215.00          -0.75261
215.20          -0.75762
215.40          -0.76267
215.60          -0.76774
215.80          -0.77284
216.00          -0.77797
216.20          -0.78311
216.40          -0.78826
216.60          -0.79343
216.80          -0.79860
217.00          -0.80378
217.20          -0.80895
217.40          -0.81410
217.60          -0.81924
217.80          -0.82435
218.00          -0.82943
218.20          -0.83447
218.40          -0.83945
218.60          -0.84437
218.80          -0.84921
219.00          -0.85397
219.20          -0.85863
219.40          -0.86317
219.60          -0.86759
219.80          -0.87186
220.00          -0.87596
220.20          -0.87989
220.40          -0.88362
220.60          -0.88712
220.80          -0.89039
221.00          -0.89339
221.20          -0.89610
221.40          -0.89850
221.60          -0.90056
221.80          -0.90226
222.00          -0.90357
222.20          -0.90446
222.40          -0.90491
222.60          -0.90488
222.80          -0.90436
223.00          -0.90330
223.20          -0.90170
223.40          -0.89951
223.60          -0.89672
223.80          -0.89331
224.00          -0.88925
224.20          -0.88453
224.40          -0.87914
224.60          -0.87305
224.80          -0.86627
225.00          -0.85880
