175.00          -0.046190
175.20          -0.046684
175.40          -0.047193
175.60          -0.047717
175.80          -0.048258
176.00          -0.048816
176.20          -0.049391
176.40          -0.049985
176.60          -0.050599
176.80          -0.051233
177.00          -0.051889
177.20          -0.052567
177.40          -0.053270
177.60          -0.053997
177.80          -0.054751
178.00          -0.055533
178.20          -0.056344
178.40          -0.057186
178.60          -0.058061
178.80          -0.058971
179.00          -0.059917
179.20          -0.060903
179.40          -0.061929
179.60          -0.062999
179.80          -0.064116
180.00          -0.065282
180.20          -0.066500
180.40          -0.067774
180.60          -0.069108
180.80          -0.070505
181.00          -0.071970
181.20          -0.073507
181.40          -0.075123
181.60          -0.076821
181.80          -0.078609
182.00          -0.080493
182.20          -0.082480
182.40          -0.084578
182.60          -0.086796
182.80          -0.089143
183.00          -0.091631
183.20          -0.094269
183.40          -0.097072
183.60          -0.10005
183.80          -0.10323
184.00          -0.10662
184.20          -0.11023
184.40          -0.11410
184.60          -0.11825
184.80          -0.12269
185.00          -0.12747
185.20          -0.13261
185.40          -0.13815
185.60          -0.14413
185.80          -0.15061
186.00          -0.15762
186.20          -0.16522
186.40          -0.17349
186.60          -0.18249
186.80          -0.19230
187.00          -0.20301
187.20          -0.21473
187.40          -0.22754
187.60          -0.24158
187.80          -0.25696
188.00          -0.27381
188.20          -0.29227
188.40          -0.31244
188.60          -0.33444
188.80          -0.35835
189.00          -0.38417
189.20          -0.41184
189.40          -0.44117
189.60          -0.47182
189.80          -0.50320
190.00          -0.53450
190.20          -0.56460
190.40          -0.59214
190.60          -0.61555
190.80          -0.63323
191.00          -0.64374
191.20          -0.64605
191.40          -0.63974
191.60          -0.62508
191.80          -0.60300
192.00          -0.57497
192.20          -0.54266
192.40          -0.50780
192.60          -0.47195
192.80          -0.43635
193.00          -0.40195
193.20          -0.36939
193.40          -0.33905
193.60          -0.31110
193.80          -0.28558
194.00          -0.26242
194.20          -0.24149
194.40          -0.22263
194.60          -0.20567
194.80          -0.19042
195.00          -0.17672
195.20          -0.16440
195.40          -0.15332
195.60          -0.14334
195.80          -0.13434
196.00          -0.12622
196.20          -0.11887
196.40          -0.11222
196.60          -0.10618
196.80          -0.10069
197.00          -0.095696
197.20          -0.091144
197.40          -0.086988
197.60          -0.083187
197.80          -0.079707
198.00          -0.076516
198.20          -0.073586
198.40          -0.070892
198.60          -0.068412
198.80          -0.066126
199.00          -0.064018
199.20          -0.062070
199.40          -0.060271
199.60          -0.058606
199.80          -0.057065
200.00          -0.055637
200.20          -0.054314
200.40          -0.053088
200.60          -0.051951
200.80          -0.050897
201.00          -0.049920
201.20          -0.049015
201.40          -0.048177
201.60          -0.047403
201.80          -0.046688
202.00          -0.046030
202.20          -0.045426
202.40          -0.044875
202.60          -0.044375
202.80          -0.043925
203.00          -0.043525
203.20          -0.043177
203.40          -0.042883
203.60          -0.042647
203.80          -0.042476
204.00          -0.042379
204.20          -0.042371
204.40          -0.042476
204.60          -0.042731
204.80          -0.043201
205.00          -0.043996
205.20          -0.045333
205.40          -0.047681
205.60          -0.052235
205.80          -0.062995
206.00          -0.10226
206.20          -0.84646
206.40          -0.16342
206.60          -0.048589
206.80          -0.037355
207.00          -0.034698
207.20          -0.033852
207.40          -0.033551
207.60          -0.033447
207.80          -0.033420
208.00          -0.033424
208.20          -0.033441
208.40          -0.033463
208.60          -0.033486
208.80          -0.033508
209.00          -0.033530
209.20          -0.033551
209.40          -0.033572
209.60          -0.033592
209.80          -0.033613
210.00          -0.033634
210.20          -0.033657
210.40          -0.033680
210.60          -0.033704
210.80          -0.033730
211.00          -0.033757
211.20          -0.033786
211.40          -0.033816
211.60          -0.033849
211.80          -0.033882
212.00          -0.033918
212.20          -0.033955
212.40          -0.033994
212.60          -0.034035
212.80          -0.034077
213.00          -0.034121
213.20          -0.034167
213.40          -0.034215
213.60          -0.034264
213.80          -0.034315
214.00          -0.034367
214.20          -0.034421
214.40          -0.034477
214.60          -0.034534
214.80          -0.034593
215.00          -0.034653
215.20          -0.034714
215.40          -0.034777
215.60          -0.034842
215.80          -0.034907
216.00          -0.034975
216.20          -0.035043
216.40          -0.035113
216.60          -0.035184
216.80          -0.035256
217.00          -0.035330
217.20          -0.035404
217.40          -0.035480
217.60          -0.035557
217.80          -0.035636
218.00          -0.035715
218.20          -0.035795
218.40          -0.035877
218.60          -0.035960
218.80          -0.036043
219.00          -0.036128
219.20          -0.036214
219.40          -0.036301
219.60          -0.036389
219.80          -0.036478
220.00          -0.036568
220.20          -0.036659
220.40          -0.036751
220.60          -0.036844
220.80          -0.036939
221.00          -0.037034
221.20          -0.037130
221.40          -0.037227
221.60          -0.037325
221.80          -0.037424
222.00          -0.037524
222.20          -0.037625
222.40          -0.037727
222.60          -0.037830
222.80          -0.037935
223.00          -0.038040
223.20          -0.038146
223.40          -0.038254
223.60          -0.038362
223.80          -0.038472
224.00          -0.038582
224.20          -0.038694
224.40          -0.038807
224.60          -0.038922
224.80          -0.039037
225.00          -0.039154
