175.00          -0.027177
175.20          -0.027227
175.40          -0.027278
175.60          -0.027328
175.80          -0.027378
176.00          -0.027429
176.20          -0.027479
176.40          -0.027530
176.60          -0.027581
176.80          -0.027632
177.00          -0.027683
177.20          -0.027734
177.40          -0.027786
177.60          -0.027837
177.80          -0.027889
178.00          -0.027941
178.20          -0.027992
178.40          -0.028044
178.60          -0.028097
178.80          -0.028149
179.00          -0.028201
179.20          -0.028254
179.40          -0.028306
179.60          -0.028359
179.80          -0.028412
180.00          -0.028465
180.20          -0.028518
180.40          -0.028571
180.60          -0.028625
180.80          -0.028678
181.00          -0.028732
181.20          -0.028786
181.40          -0.028840
181.60          -0.028894
181.80          -0.028948
182.00          -0.029002
182.20          -0.029057
182.40          -0.029111
182.60          -0.029166
182.80          -0.029221
183.00          -0.029276
183.20          -0.029331
183.40          -0.029386
183.60          -0.029442
183.80          -0.029497
184.00          -0.029553
184.20          -0.029609
184.40          -0.029665
184.60          -0.029721
184.80          -0.029777
185.00          -0.029834
185.20          -0.029890
185.40          -0.029947
185.60          -0.030004
185.80          -0.030061
186.00          -0.030118
186.20          -0.030175
186.40          -0.030233
186.60          -0.030290
186.80          -0.030348
187.00          -0.030406
187.20          -0.030464
187.40          -0.030522
187.60          -0.030580
187.80          -0.030639
188.00          -0.030698
188.20          -0.030756
188.40          -0.030815
188.60          -0.030875
188.80          -0.030934
189.00          -0.030993
189.20          -0.031053
189.40          -0.031113
189.60          -0.031173
189.80          -0.031233
190.00          -0.031293
190.20          -0.031353
190.40          -0.031414
190.60          -0.031475
190.80          -0.031536
191.00          -0.031597
191.20          -0.031658
191.40          -0.031720
191.60          -0.031781
191.80          -0.031843
192.00          -0.031905
192.20          -0.031967
192.40          -0.032029
192.60          -0.032092
192.80          -0.032155
193.00          -0.032218
193.20          -0.032281
193.40          -0.032344
193.60          -0.032407
193.80          -0.032471
194.00          -0.032535
194.20          -0.032599
194.40          -0.032663
194.60          -0.032727
194.80          -0.032792
195.00          -0.032857
195.20          -0.032922
195.40          -0.032987
195.60          -0.033052
195.80          -0.033118
196.00          -0.033184
196.20          -0.033250
196.40          -0.033316
196.60          -0.033382
196.80          -0.033449
197.00          -0.033516
197.20          -0.033583
197.40          -0.033650
197.60          -0.033718
197.80          -0.033786
198.00          -0.033854
198.20          -0.033922
198.40          -0.033990
198.60          -0.034059
198.80          -0.034128
199.00          -0.034197
199.20          -0.034267
199.40          -0.034336
199.60          -0.034406
199.80          -0.034476
200.00          -0.034547
200.20          -0.034618
200.40          -0.034688
200.60          -0.034760
200.80          -0.034831
201.00          -0.034903
201.20          -0.034975
201.40          -0.035047
201.60          -0.035120
201.80          -0.035193
202.00          -0.035266
202.20          -0.035339
202.40          -0.035413
202.60          -0.035487
202.80          -0.035562
203.00          -0.035636
203.20          -0.035711
203.40          -0.035787
203.60          -0.035862
203.80          -0.035938
204.00          -0.036015
204.20          -0.036091
204.40          -0.036168
204.60          -0.036246
204.80          -0.036324
205.00          -0.036402
205.20          -0.036480
205.40          -0.036559
205.60          -0.036638
205.80          -0.036718
206.00          -0.036798
206.20          -0.036879
206.40          -0.036960
206.60          -0.037041
206.80          -0.037123
207.00          -0.037205
207.20          -0.037288
207.40          -0.037371
207.60          -0.037454
207.80          -0.037539
208.00          -0.037623
208.20          -0.037708
208.40          -0.037794
208.60          -0.037880
208.80          -0.037967
209.00          -0.038054
209.20          -0.038142
209.40          -0.038230
209.60          -0.038319
209.80          -0.038409
210.00          -0.038500
210.20          -0.038590
210.40          -0.038682
210.60          -0.038774
210.80          -0.038868
211.00          -0.038961
211.20          -0.039056
211.40          -0.039151
211.60          -0.039247
211.80          -0.039344
212.00          -0.039442
212.20          -0.039541
212.40          -0.039640
212.60          -0.039741
212.80          -0.039843
213.00          -0.039945
213.20          -0.040049
213.40          -0.040153
213.60          -0.040259
213.80          -0.040366
214.00          -0.040474
214.20          -0.040584
214.40          -0.040695
214.60          -0.040807
214.80          -0.040920
215.00          -0.041036
215.20          -0.041152
215.40          -0.041271
215.60          -0.041391
215.80          -0.041512
216.00          -0.041636
216.20          -0.041762
216.40          -0.041890
216.60          -0.042020
216.80          -0.042152
217.00          -0.042287
217.20          -0.042424
217.40          -0.042564
217.60          -0.042707
217.80          -0.042854
218.00          -0.043003
218.20          -0.043156
218.40          -0.043313
218.60          -0.043473
218.80          -0.043639
219.00          -0.043808
219.20          -0.043983
219.40          -0.044163
219.60          -0.044350
219.80          -0.044542
220.00          -0.044742
220.20          -0.044949
220.40          -0.045165
220.60          -0.045390
220.80          -0.045626
221.00          -0.045873
221.20          -0.046133
221.40          -0.046408
221.60          -0.046699
221.80          -0.047009
222.00          -0.047341
222.20          -0.047698
222.40          -0.048084
222.60          -0.048505
222.80          -0.048968
223.00          -0.049480
223.20          -0.050054
223.40          -0.050704
223.60          -0.051450
223.80          -0.052321
224.00          -0.053358
224.20          -0.054620
224.40          -0.056200
224.60          -0.058246
224.80          -0.061016
225.00          -0.064981
