175.00          -0.015502
175.20          -0.015535
175.40          -0.015568
175.60          -0.015602
175.80          -0.015636
176.00          -0.015671
176.20          -0.015706
176.40          -0.015742
176.60          -0.015777
176.80          -0.015814
177.00          -0.015851
177.20          -0.015888
177.40          -0.015926
177.60          -0.015964
177.80          -0.016003
178.00          -0.016042
178.20          -0.016082
178.40          -0.016122
178.60          -0.016163
178.80          -0.016204
179.00          -0.016246
179.20          -0.016289
179.40          -0.016332
179.60          -0.016376
179.80          -0.016420
180.00          -0.016466
180.20          -0.016511
180.40          -0.016558
180.60          -0.016605
180.80          -0.016653
181.00          -0.016702
181.20          -0.016751
181.40          -0.016802
181.60          -0.016853
181.80          -0.016905
182.00          -0.016958
182.20          -0.017012
182.40          -0.017066
182.60          -0.017122
182.80          -0.017179
183.00          -0.017237
183.20          -0.017295
183.40          -0.017355
183.60          -0.017416
183.80          -0.017478
184.00          -0.017542
184.20          -0.017606
184.40          -0.017672
184.60          -0.017740
184.80          -0.017808
185.00          -0.017878
185.20          -0.017950
185.40          -0.018023
185.60          -0.018098
185.80          -0.018174
186.00          -0.018252
186.20          -0.018332
186.40          -0.018413
186.60          -0.018497
186.80          -0.018582
187.00          -0.018670
187.20          -0.018759
187.40          -0.018851
187.60          -0.018945
187.80          -0.019042
188.00          -0.019141
188.20          -0.019243
188.40          -0.019347
188.60          -0.019454
188.80          -0.019564
189.00          -0.019678
189.20          -0.019794
189.40          -0.019914
189.60          -0.020038
189.80          -0.020165
190.00          -0.020296
190.20          -0.020431
190.40          -0.020570
190.60          -0.020714
190.80          -0.020863
191.00          -0.021016
191.20          -0.021175
191.40          -0.021339
191.60          -0.021508
191.80          -0.021684
192.00          -0.021866
192.20          -0.022055
192.40          -0.022251
192.60          -0.022455
192.80          -0.022666
193.00          -0.022886
193.20          -0.023115
193.40          -0.023354
193.60          -0.023602
193.80          -0.023861
194.00          -0.024132
194.20          -0.024414
194.40          -0.024710
194.60          -0.025019
194.80          -0.025343
195.00          -0.025683
195.20          -0.026040
195.40          -0.026415
195.60          -0.026810
195.80          -0.027226
196.00          -0.027665
196.20          -0.028128
196.40          -0.028617
196.60          -0.029136
196.80          -0.029685
197.00          -0.030269
197.20          -0.030890
197.40          -0.031551
197.60          -0.032256
197.80          -0.033009
198.00          -0.033816
198.20          -0.034682
198.40          -0.035612
198.60          -0.036614
198.80          -0.037695
199.00          -0.038866
199.20          -0.040135
199.40          -0.041515
199.60          -0.043021
199.80          -0.044668
200.00          -0.046474
200.20          -0.048463
200.40          -0.050660
200.60          -0.053096
200.80          -0.055809
201.00          -0.058843
201.20          -0.062251
201.40          -0.066100
201.60          -0.070470
201.80          -0.075462
202.00          -0.081200
202.20          -0.087844
202.40          -0.095595
202.60          -0.10471
202.80          -0.11555
203.00          -0.12854
203.20          -0.14431
203.40          -0.16370
203.60          -0.18785
203.80          -0.21841
204.00          -0.25773
204.20          -0.30920
204.40          -0.37782
204.60          -0.47073
204.80          -0.59767
205.00          -0.76965
205.20          -0.99129
205.40          -1.2386
205.60          -1.4278
205.80          -1.4471
206.00          -1.3048
206.20          -3.2586
206.40          -0.84317
206.60          -0.59090
206.80          -0.44535
207.00          -0.34502
207.20          -0.27347
207.40          -0.22127
207.60          -0.18238
207.80          -0.15284
208.00          -0.12999
208.20          -0.11202
208.40          -0.097691
208.60          -0.086105
208.80          -0.076627
209.00          -0.068790
209.20          -0.062248
209.40          -0.056738
209.60          -0.052062
209.80          -0.048063
210.00          -0.044622
210.20          -0.041643
210.40          -0.039050
210.60          -0.036781
210.80          -0.034786
211.00          -0.033025
211.20          -0.031464
211.40          -0.030075
211.60          -0.028835
211.80          -0.027725
212.00          -0.026727
212.20          -0.025828
212.40          -0.025017
212.60          -0.024282
212.80          -0.023616
213.00          -0.023010
213.20          -0.022457
213.40          -0.021954
213.60          -0.021493
213.80          -0.021071
214.00          -0.020684
214.20          -0.020328
214.40          -0.020001
214.60          -0.019701
214.80          -0.019423
215.00          -0.019167
215.20          -0.018931
215.40          -0.018712
215.60          -0.018510
215.80          -0.018323
216.00          -0.018150
216.20          -0.017989
216.40          -0.017841
216.60          -0.017703
216.80          -0.017574
217.00          -0.017456
217.20          -0.017345
217.40          -0.017243
217.60          -0.017148
217.80          -0.017060
218.00          -0.016978
218.20          -0.016902
218.40          -0.016832
218.60          -0.016767
218.80          -0.016707
219.00          -0.016651
219.20          -0.016600
219.40          -0.016552
219.60          -0.016509
219.80          -0.016469
220.00          -0.016432
220.20          -0.016398
220.40          -0.016367
220.60          -0.016340
220.80          -0.016314
221.00          -0.016291
221.20          -0.016271
221.40          -0.016253
221.60          -0.016237
221.80          -0.016223
222.00          -0.016210
222.20          -0.016200
222.40          -0.016191
222.60          -0.016184
222.80          -0.016179
223.00          -0.016175
223.20          -0.016173
223.40          -0.016172
223.60          -0.016172
223.80          -0.016174
224.00          -0.016176
224.20          -0.016181
224.40          -0.016186
224.60          -0.016192
224.80          -0.016199
225.00          -0.016208
