175.00          -0.020756
175.20          -0.020858
175.40          -0.020962
175.60          -0.021069
175.80          -0.021177
176.00          -0.021288
176.20          -0.021400
176.40          -0.021516
176.60          -0.021633
176.80          -0.021753
177.00          -0.021876
177.20          -0.022001
177.40          -0.022129
177.60          -0.022260
177.80          -0.022394
178.00          -0.022532
178.20          -0.022672
178.40          -0.022815
178.60          -0.022962
178.80          -0.023113
179.00          -0.023267
179.20          -0.023425
179.40          -0.023587
179.60          -0.023753
179.80          -0.023924
180.00          -0.024099
180.20          -0.024278
180.40          -0.024463
180.60          -0.024652
180.80          -0.024847
181.00          -0.025047
181.20          -0.025253
181.40          -0.025465
181.60          -0.025683
181.80          -0.025907
182.00          -0.026139
182.20          -0.026377
182.40          -0.026623
182.60          -0.026877
182.80          -0.027138
183.00          -0.027409
183.20          -0.027688
183.40          -0.027976
183.60          -0.028275
183.80          -0.028584
184.00          -0.028903
184.20          -0.029235
184.40          -0.029578
184.60          -0.029934
184.80          -0.030303
185.00          -0.030686
185.20          -0.031085
185.40          -0.031499
185.60          -0.031930
185.80          -0.032378
186.00          -0.032845
186.20          -0.033332
186.40          -0.033841
186.60          -0.034371
186.80          -0.034926
187.00          -0.035505
187.20          -0.036112
187.40          -0.036748
187.60          -0.037414
187.80          -0.038114
188.00          -0.038849
188.20          -0.039621
188.40          -0.040435
188.60          -0.041292
188.80          -0.042196
189.00          -0.043151
189.20          -0.044160
189.40          -0.045229
189.60          -0.046362
189.80          -0.047564
190.00          -0.048842
190.20          -0.050202
190.40          -0.051652
190.60          -0.053201
190.80          -0.054856
191.00          -0.056629
191.20          -0.058532
191.40          -0.060577
191.60          -0.062781
191.80          -0.065158
192.00          -0.067730
192.20          -0.070518
192.40          -0.073546
192.60          -0.076844
192.80          -0.080445
193.00          -0.084387
193.20          -0.088715
193.40          -0.093481
193.60          -0.098744
193.80          -0.10458
194.00          -0.11106
194.20          -0.11830
194.40          -0.12640
194.60          -0.13551
194.80          -0.14580
195.00          -0.15746
195.20          -0.17073
195.40          -0.18590
195.60          -0.20332
195.80          -0.22340
196.00          -0.24662
196.20          -0.27357
196.40          -0.30488
196.60          -0.34128
196.80          -0.38346
197.00          -0.43203
197.20          -0.48720
197.40          -0.54849
197.60          -0.61412
197.80          -0.68040
198.00          -0.74128
198.20          -0.78876
198.40          -0.81460
198.60          -0.81314
198.80          -0.78392
199.00          -0.73194
199.20          -0.66557
199.40          -0.59343
199.60          -0.52226
199.80          -0.45626
200.00          -0.39741
200.20          -0.34621
200.40          -0.30231
200.60          -0.26496
200.80          -0.23328
201.00          -0.20642
201.20          -0.18361
201.40          -0.16418
201.60          -0.14756
201.80          -0.13330
202.00          -0.12100
202.20          -0.11034
202.40          -0.10107
202.60          -0.092976
202.80          -0.085872
203.00          -0.079616
203.20          -0.074084
203.40          -0.069176
203.60          -0.064807
203.80          -0.060904
204.00          -0.057408
204.20          -0.054268
204.40          -0.051440
204.60          -0.048888
204.80          -0.046582
205.00          -0.044497
205.20          -0.042615
205.40          -0.040927
205.60          -0.039449
205.80          -0.038280
206.00          -0.038147
206.20          -0.10866
206.40          -0.035011
206.60          -0.032843
206.80          -0.031751
207.00          -0.030831
207.20          -0.029996
207.40          -0.029227
207.60          -0.028514
207.80          -0.027851
208.00          -0.027233
208.20          -0.026658
208.40          -0.026121
208.60          -0.025619
208.80          -0.025150
209.00          -0.024711
209.20          -0.024300
209.40          -0.023915
209.60          -0.023554
209.80          -0.023216
210.00          -0.022898
210.20          -0.022599
210.40          -0.022318
210.60          -0.022054
210.80          -0.021806
211.00          -0.021572
211.20          -0.021352
211.40          -0.021145
211.60          -0.020950
211.80          -0.020766
212.00          -0.020592
212.20          -0.020429
212.40          -0.020275
212.60          -0.020129
212.80          -0.019992
213.00          -0.019863
213.20          -0.019741
213.40          -0.019626
213.60          -0.019518
213.80          -0.019416
214.00          -0.019320
214.20          -0.019229
214.40          -0.019144
214.60          -0.019063
214.80          -0.018988
215.00          -0.018917
215.20          -0.018850
215.40          -0.018787
215.60          -0.018728
215.80          -0.018673
216.00          -0.018622
216.20          -0.018573
216.40          -0.018528
216.60          -0.018486
216.80          -0.018447
217.00          -0.018411
217.20          -0.018377
217.40          -0.018346
217.60          -0.018318
217.80          -0.018291
218.00          -0.018267
218.20          -0.018246
218.40          -0.018226
218.60          -0.018208
218.80          -0.018192
219.00          -0.018178
219.20          -0.018166
219.40          -0.018155
219.60          -0.018146
219.80          -0.018139
220.00          -0.018133
220.20          -0.018129
220.40          -0.018126
220.60          -0.018124
220.80          -0.018124
221.00          -0.018125
221.20          -0.018128
221.40          -0.018132
221.60          -0.018136
221.80          -0.018142
222.00          -0.018150
222.20          -0.018158
222.40          -0.018167
222.60          -0.018178
222.80          -0.018189
223.00          -0.018202
223.20          -0.018216
223.40          -0.018230
223.60          -0.018246
223.80          -0.018262
224.00          -0.018280
224.20          -0.018298
224.40          -0.018318
224.60          -0.018338
224.80          -0.018359
225.00          -0.018381
