175.00          -0.041405
175.20          -0.042025
175.40          -0.042666
175.60          -0.043332
175.80          -0.044022
176.00          -0.044739
176.20          -0.045483
176.40          -0.046257
176.60          -0.047061
176.80          -0.047898
177.00          -0.048769
177.20          -0.049677
177.40          -0.050623
177.60          -0.051610
177.80          -0.052641
178.00          -0.053717
178.20          -0.054841
178.40          -0.056018
178.60          -0.057249
178.80          -0.058539
179.00          -0.059892
179.20          -0.061311
179.40          -0.062801
179.60          -0.064367
179.80          -0.066014
180.00          -0.067749
180.20          -0.069576
180.40          -0.071504
180.60          -0.073539
180.80          -0.075690
181.00          -0.077965
181.20          -0.080374
181.40          -0.082928
181.60          -0.085638
181.80          -0.088517
182.00          -0.091579
182.20          -0.094840
182.40          -0.098315
182.60          -0.10202
182.80          -0.10599
183.00          -0.11023
183.20          -0.11477
183.40          -0.11963
183.60          -0.12486
183.80          -0.13048
184.00          -0.13652
184.20          -0.14304
184.40          -0.15006
184.60          -0.15764
184.80          -0.16583
185.00          -0.17468
185.20          -0.18425
185.40          -0.19460
185.60          -0.20580
185.80          -0.21791
186.00          -0.23100
186.20          -0.24511
186.40          -0.26030
186.60          -0.27660
186.80          -0.29402
187.00          -0.31252
187.20          -0.33202
187.40          -0.35240
187.60          -0.37342
187.80          -0.39475
188.00          -0.41598
188.20          -0.43656
188.40          -0.45581
188.60          -0.47300
188.80          -0.48735
189.00          -0.49810
189.20          -0.50459
189.40          -0.50637
189.60          -0.50324
189.80          -0.49528
190.00          -0.48287
190.20          -0.46660
190.40          -0.44725
190.60          -0.42563
190.80          -0.40257
191.00          -0.37881
191.20          -0.35500
191.40          -0.33164
191.60          -0.30910
191.80          -0.28765
192.00          -0.26745
192.20          -0.24858
192.40          -0.23107
192.60          -0.21490
192.80          -0.20001
193.00          -0.18635
193.20          -0.17383
193.40          -0.16237
193.60          -0.15188
193.80          -0.14229
194.00          -0.13352
194.20          -0.12549
194.40          -0.11814
194.60          -0.11140
194.80          -0.10522
195.00          -0.099544
195.20          -0.094324
195.40          -0.089519
195.60          -0.085090
195.80          -0.081005
196.00          -0.077230
196.20          -0.073739
196.40          -0.070506
196.60          -0.067509
196.80          -0.064726
197.00          -0.062140
197.20          -0.059734
197.40          -0.057494
197.60          -0.055404
197.80          -0.053454
198.00          -0.051631
198.20          -0.049927
198.40          -0.048331
198.60          -0.046835
198.80          -0.045432
199.00          -0.044115
199.20          -0.042878
199.40          -0.041714
199.60          -0.040619
199.80          -0.039587
200.00          -0.038615
200.20          -0.037698
200.40          -0.036832
200.60          -0.036014
200.80          -0.035241
201.00          -0.034510
201.20          -0.033818
201.40          -0.033163
201.60          -0.032542
201.80          -0.031954
202.00          -0.031396
202.20          -0.030867
202.40          -0.030365
202.60          -0.029888
202.80          -0.029434
203.00          -0.029004
203.20          -0.028595
203.40          -0.028206
203.60          -0.027836
203.80          -0.027484
204.00          -0.027150
204.20          -0.026833
204.40          -0.026532
204.60          -0.026246
204.80          -0.025976
205.00          -0.025723
205.20          -0.025487
205.40          -0.025274
205.60          -0.025097
205.80          -0.025002
206.00          -0.025292
206.20          -0.054544
206.40          -0.024527
206.60          -0.023925
206.80          -0.023710
207.00          -0.023538
207.20          -0.023381
207.40          -0.023233
207.60          -0.023091
207.80          -0.022955
208.00          -0.022826
208.20          -0.022702
208.40          -0.022583
208.60          -0.022470
208.80          -0.022362
209.00          -0.022258
209.20          -0.022160
209.40          -0.022066
209.60          -0.021976
209.80          -0.021890
210.00          -0.021809
210.20          -0.021731
210.40          -0.021658
210.60          -0.021587
210.80          -0.021521
211.00          -0.021457
211.20          -0.021397
211.40          -0.021340
211.60          -0.021286
211.80          -0.021235
212.00          -0.021187
212.20          -0.021141
212.40          -0.021098
212.60          -0.021058
212.80          -0.021020
213.00          -0.020984
213.20          -0.020950
213.40          -0.020919
213.60          -0.020890
213.80          -0.020863
214.00          -0.020838
214.20          -0.020815
214.40          -0.020794
214.60          -0.020774
214.80          -0.020757
215.00          -0.020741
215.20          -0.020726
215.40          -0.020714
215.60          -0.020703
215.80          -0.020693
216.00          -0.020685
216.20          -0.020679
216.40          -0.020673
216.60          -0.020670
216.80          -0.020667
217.00          -0.020666
217.20          -0.020666
217.40          -0.020667
217.60          -0.020670
217.80          -0.020674
218.00          -0.020679
218.20          -0.020685
218.40          -0.020692
218.60          -0.020700
218.80          -0.020709
219.00          -0.020720
219.20          -0.020731
219.40          -0.020744
219.60          -0.020757
219.80          -0.020772
220.00          -0.020787
220.20          -0.020803
220.40          -0.020821
220.60          -0.020839
220.80          -0.020858
221.00          -0.020878
221.20          -0.020899
221.40          -0.020921
221.60          -0.020944
221.80          -0.020968
222.00          -0.020992
222.20          -0.021018
222.40          -0.021044
222.60          -0.021071
222.80          -0.021100
223.00          -0.021129
223.20          -0.021159
223.40          -0.021189
223.60          -0.021221
223.80          -0.021254
224.00          -0.021287
224.20          -0.021322
224.40          -0.021357
224.60          -0.021394
224.80          -0.021431
225.00          -0.021470
