175.00          -0.045162
175.20          -0.045904
175.40          -0.046675
175.60          -0.047477
175.80          -0.048309
176.00          -0.049176
176.20          -0.050078
176.40          -0.051017
176.60          -0.051995
176.80          -0.053016
177.00          -0.054081
177.20          -0.055193
177.40          -0.056354
177.60          -0.057569
177.80          -0.058840
178.00          -0.060171
178.20          -0.061566
178.40          -0.063029
178.60          -0.064564
178.80          -0.066176
179.00          -0.067872
179.20          -0.069656
179.40          -0.071534
179.60          -0.073514
179.80          -0.075603
180.00          -0.077810
180.20          -0.080141
180.40          -0.082609
180.60          -0.085222
180.80          -0.087992
181.00          -0.090932
181.20          -0.094055
181.40          -0.097377
181.60          -0.10091
181.80          -0.10468
182.00          -0.10871
182.20          -0.11300
182.40          -0.11759
182.60          -0.12251
182.80          -0.12778
183.00          -0.13344
183.20          -0.13951
183.40          -0.14603
183.60          -0.15305
183.80          -0.16060
184.00          -0.16874
184.20          -0.17751
184.40          -0.18697
184.60          -0.19716
184.80          -0.20815
185.00          -0.21998
185.20          -0.23270
185.40          -0.24637
185.60          -0.26100
185.80          -0.27662
186.00          -0.29322
186.20          -0.31075
186.40          -0.32913
186.60          -0.34821
186.80          -0.36777
187.00          -0.38752
187.20          -0.40707
187.40          -0.42592
187.60          -0.44350
187.80          -0.45918
188.00          -0.47229
188.20          -0.48220
188.40          -0.48834
188.60          -0.49033
188.80          -0.48798
189.00          -0.48133
189.20          -0.47065
189.40          -0.45642
189.60          -0.43925
189.80          -0.41985
190.00          -0.39891
190.20          -0.37711
190.40          -0.35501
190.60          -0.33311
190.80          -0.31178
191.00          -0.29129
191.20          -0.27183
191.40          -0.25351
191.60          -0.23639
191.80          -0.22046
192.00          -0.20571
192.20          -0.19210
192.40          -0.17957
192.60          -0.16804
192.80          -0.15745
193.00          -0.14772
193.20          -0.13879
193.40          -0.13059
193.60          -0.12306
193.80          -0.11614
194.00          -0.10978
194.20          -0.10392
194.40          -0.098518
194.60          -0.093538
194.80          -0.088941
195.00          -0.084692
195.20          -0.080761
195.40          -0.077120
195.60          -0.073743
195.80          -0.070608
196.00          -0.067695
196.20          -0.064985
196.40          -0.062460
196.60          -0.060107
196.80          -0.057910
197.00          -0.055858
197.20          -0.053938
197.40          -0.052142
197.60          -0.050459
197.80          -0.048880
198.00          -0.047398
198.20          -0.046006
198.40          -0.044697
198.60          -0.043466
198.80          -0.042306
199.00          -0.041213
199.20          -0.040182
199.40          -0.039209
199.60          -0.038290
199.80          -0.037421
200.00          -0.036600
200.20          -0.035823
200.40          -0.035087
200.60          -0.034389
200.80          -0.033729
201.00          -0.033102
201.20          -0.032507
201.40          -0.031942
201.60          -0.031406
201.80          -0.030897
202.00          -0.030412
202.20          -0.029952
202.40          -0.029514
202.60          -0.029097
202.80          -0.028700
203.00          -0.028323
203.20          -0.027963
203.40          -0.027620
203.60          -0.027294
203.80          -0.026984
204.00          -0.026688
204.20          -0.026407
204.40          -0.026140
204.60          -0.025886
204.80          -0.025646
205.00          -0.025421
205.20          -0.025212
205.40          -0.025023
205.60          -0.024868
205.80          -0.024791
206.00          -0.025082
206.20          -0.053136
206.40          -0.024369
206.60          -0.023804
206.80          -0.023608
207.00          -0.023454
207.20          -0.023312
207.40          -0.023178
207.60          -0.023050
207.80          -0.022928
208.00          -0.022811
208.20          -0.022699
208.40          -0.022592
208.60          -0.022489
208.80          -0.022391
209.00          -0.022298
209.20          -0.022209
209.40          -0.022124
209.60          -0.022042
209.80          -0.021965
210.00          -0.021891
210.20          -0.021821
210.40          -0.021754
210.60          -0.021691
210.80          -0.021631
211.00          -0.021574
211.20          -0.021519
211.40          -0.021468
211.60          -0.021419
211.80          -0.021374
212.00          -0.021330
212.20          -0.021289
212.40          -0.021251
212.60          -0.021215
212.80          -0.021181
213.00          -0.021149
213.20          -0.021120
213.40          -0.021093
213.60          -0.021067
213.80          -0.021044
214.00          -0.021022
214.20          -0.021002
214.40          -0.020984
214.60          -0.020968
214.80          -0.020953
215.00          -0.020940
215.20          -0.020928
215.40          -0.020918
215.60          -0.020910
215.80          -0.020903
216.00          -0.020897
216.20          -0.020893
216.40          -0.020890
216.60          -0.020888
216.80          -0.020888
217.00          -0.020889
217.20          -0.020891
217.40          -0.020895
217.60          -0.020899
217.80          -0.020905
218.00          -0.020911
218.20          -0.020919
218.40          -0.020928
218.60          -0.020938
218.80          -0.020949
219.00          -0.020961
219.20          -0.020974
219.40          -0.020988
219.60          -0.021003
219.80          -0.021019
220.00          -0.021036
220.20          -0.021054
220.40          -0.021073
220.60          -0.021093
220.80          -0.021113
221.00          -0.021135
221.20          -0.021157
221.40          -0.021180
221.60          -0.021204
221.80          -0.021230
222.00          -0.021255
222.20          -0.021282
222.40          -0.021310
222.60          -0.021338
222.80          -0.021368
223.00          -0.021398
223.20          -0.021429
223.40          -0.021461
223.60          -0.021494
223.80          -0.021528
224.00          -0.021563
224.20          -0.021599
224.40          -0.021636
224.60          -0.021673
224.80          -0.021712
225.00          -0.021752
