175.00          -0.037170
175.20          -0.035326
175.40          -0.033681
175.60          -0.032208
175.80          -0.030887
176.00          -0.029697
176.20          -0.028624
176.40          -0.027654
176.60          -0.026775
176.80          -0.025977
177.00          -0.025251
177.20          -0.024590
177.40          -0.023987
177.60          -0.023436
177.80          -0.022932
178.00          -0.022470
178.20          -0.022047
178.40          -0.021659
178.60          -0.021302
178.80          -0.020974
179.00          -0.020672
179.20          -0.020395
179.40          -0.020139
179.60          -0.019904
179.80          -0.019687
180.00          -0.019487
180.20          -0.019303
180.40          -0.019133
180.60          -0.018977
180.80          -0.018834
181.00          -0.018702
181.20          -0.018580
181.40          -0.018468
181.60          -0.018366
181.80          -0.018273
182.00          -0.018187
182.20          -0.018109
182.40          -0.018038
182.60          -0.017973
182.80          -0.017915
183.00          -0.017862
183.20          -0.017815
183.40          -0.017773
183.60          -0.017736
183.80          -0.017704
184.00          -0.017676
184.20          -0.017652
184.40          -0.017631
184.60          -0.017615
184.80          -0.017602
185.00          -0.017592
185.20          -0.017585
185.40          -0.017582
185.60          -0.017581
185.80          -0.017583
186.00          -0.017588
186.20          -0.017595
186.40          -0.017605
186.60          -0.017617
186.80          -0.017631
187.00          -0.017648
187.20          -0.017666
187.40          -0.017687
187.60          -0.017710
187.80          -0.017735
188.00          -0.017762
188.20          -0.017790
188.40          -0.017821
188.60          -0.017854
188.80          -0.017888
189.00          -0.017924
189.20          -0.017962
189.40          -0.018002
189.60          -0.018044
189.80          -0.018088
190.00          -0.018133
190.20          -0.018181
190.40          -0.018231
190.60          -0.018282
190.80          -0.018336
191.00          -0.018392
191.20          -0.018450
191.40          -0.018510
191.60          -0.018573
191.80          -0.018638
192.00          -0.018706
192.20          -0.018777
192.40          -0.018851
192.60          -0.018928
192.80          -0.019008
193.00          -0.019092
193.20          -0.019181
193.40          -0.019273
193.60          -0.019370
193.80          -0.019473
194.00          -0.019581
194.20          -0.019695
194.40          -0.019817
194.60          -0.019946
194.80          -0.020084
195.00          -0.020231
195.20          -0.020390
195.40          -0.020562
195.60          -0.020749
195.80          -0.020953
196.00          -0.021178
196.20          -0.021426
196.40          -0.021702
196.60          -0.022013
196.80          -0.022366
197.00          -0.022770
197.20          -0.023240
197.40          -0.023794
197.60          -0.024457
197.80          -0.025269
198.00          -0.026292
198.20          -0.027643
198.40          -0.029656
198.60          -0.035894
198.80          -0.039409
199.00          -0.038925
199.20          -0.045752
199.40          -0.058211
199.60          -0.083181
199.80          -0.14099
200.00          -0.26248
200.20          -0.24542
200.40          -0.11168
200.60          -0.057773
200.80          -0.037699
201.00          -0.028948
201.20          -0.024604
201.40          -0.022242
201.60          -0.020876
201.80          -0.020053
202.00          -0.019547
202.20          -0.019234
202.40          -0.019045
202.60          -0.018937
202.80          -0.018884
203.00          -0.018870
203.20          -0.018882
203.40          -0.018914
203.60          -0.018960
203.80          -0.019016
204.00          -0.019079
204.20          -0.019149
204.40          -0.019222
204.60          -0.019299
204.80          -0.019379
205.00          -0.019460
205.20          -0.019544
205.40          -0.019628
205.60          -0.019713
205.80          -0.019800
206.00          -0.019886
206.20          -0.019974
206.40          -0.020062
206.60          -0.020151
206.80          -0.020240
207.00          -0.020330
207.20          -0.020420
207.40          -0.020511
207.60          -0.020602
207.80          -0.020694
208.00          -0.020786
208.20          -0.020879
208.40          -0.020973
208.60          -0.021067
208.80          -0.021162
209.00          -0.021258
209.20          -0.021355
209.40          -0.021452
209.60          -0.021551
209.80          -0.021650
210.00          -0.021751
210.20          -0.021852
210.40          -0.021955
210.60          -0.022059
210.80          -0.022164
211.00          -0.022270
211.20          -0.022378
211.40          -0.022487
211.60          -0.022598
211.80          -0.022710
212.00          -0.022824
212.20          -0.022940
212.40          -0.023057
212.60          -0.023176
212.80          -0.023298
213.00          -0.023421
213.20          -0.023546
213.40          -0.023674
213.60          -0.023804
213.80          -0.023936
214.00          -0.024071
214.20          -0.024209
214.40          -0.024350
214.60          -0.024493
214.80          -0.024639
215.00          -0.024789
215.20          -0.024942
215.40          -0.025099
215.60          -0.025259
215.80          -0.025423
216.00          -0.025592
216.20          -0.025764
216.40          -0.025941
216.60          -0.026123
216.80          -0.026310
217.00          -0.026502
217.20          -0.026700
217.40          -0.026903
217.60          -0.027112
217.80          -0.027328
218.00          -0.027551
218.20          -0.027781
218.40          -0.028019
218.60          -0.028264
218.80          -0.028518
219.00          -0.028782
219.20          -0.029055
219.40          -0.029338
219.60          -0.029632
219.80          -0.029937
220.00          -0.030255
220.20          -0.030586
220.40          -0.030931
220.60          -0.031291
220.80          -0.031667
221.00          -0.032060
221.20          -0.032472
221.40          -0.032903
221.60          -0.033356
221.80          -0.033831
222.00          -0.034331
222.20          -0.034858
222.40          -0.035414
222.60          -0.036001
222.80          -0.036622
223.00          -0.037279
223.20          -0.037977
223.40          -0.038718
223.60          -0.039507
223.80          -0.040348
224.00          -0.041246
224.20          -0.042206
224.40          -0.043235
224.60          -0.044340
224.80          -0.045528
225.00          -0.046809
