175.00          -0.033596
175.20          -0.033696
175.40          -0.033797
175.60          -0.033899
175.80          -0.034002
176.00          -0.034105
176.20          -0.034209
176.40          -0.034314
176.60          -0.034420
176.80          -0.034526
177.00          -0.034633
177.20          -0.034741
177.40          -0.034850
177.60          -0.034959
177.80          -0.035069
178.00          -0.035181
178.20          -0.035293
178.40          -0.035405
178.60          -0.035519
178.80          -0.035633
179.00          -0.035749
179.20          -0.035865
179.40          -0.035983
179.60          -0.036101
179.80          -0.036220
180.00          -0.036340
180.20          -0.036461
180.40          -0.036583
180.60          -0.036706
180.80          -0.036831
181.00          -0.036956
181.20          -0.037082
181.40          -0.037210
181.60          -0.037338
181.80          -0.037468
182.00          -0.037599
182.20          -0.037731
182.40          -0.037864
182.60          -0.037999
182.80          -0.038134
183.00          -0.038271
183.20          -0.038410
183.40          -0.038549
183.60          -0.038690
183.80          -0.038833
184.00          -0.038977
184.20          -0.039122
184.40          -0.039269
184.60          -0.039417
184.80          -0.039566
185.00          -0.039718
185.20          -0.039871
185.40          -0.040025
185.60          -0.040181
185.80          -0.040339
186.00          -0.040499
186.20          -0.040660
186.40          -0.040824
186.60          -0.040989
186.80          -0.041156
187.00          -0.041325
187.20          -0.041496
187.40          -0.041669
187.60          -0.041844
187.80          -0.042021
188.00          -0.042200
188.20          -0.042382
188.40          -0.042566
188.60          -0.042752
188.80          -0.042941
189.00          -0.043132
189.20          -0.043326
189.40          -0.043523
189.60          -0.043722
189.80          -0.043924
190.00          -0.044128
190.20          -0.044336
190.40          -0.044547
190.60          -0.044760
190.80          -0.044977
191.00          -0.045197
191.20          -0.045421
191.40          -0.045647
191.60          -0.045878
191.80          -0.046112
192.00          -0.046350
192.20          -0.046592
192.40          -0.046837
192.60          -0.047087
192.80          -0.047341
193.00          -0.047600
193.20          -0.047863
193.40          -0.048130
193.60          -0.048403
193.80          -0.048680
194.00          -0.048963
194.20          -0.049251
194.40          -0.049544
194.60          -0.049844
194.80          -0.050149
195.00          -0.050460
195.20          -0.050778
195.40          -0.051102
195.60          -0.051433
195.80          -0.051771
196.00          -0.052116
196.20          -0.052469
196.40          -0.052830
196.60          -0.053200
196.80          -0.053578
197.00          -0.053965
197.20          -0.054361
197.40          -0.054767
197.60          -0.055183
197.80          -0.055609
198.00          -0.056047
198.20          -0.056496
198.40          -0.056957
198.60          -0.057431
198.80          -0.057918
199.00          -0.058419
199.20          -0.058934
199.40          -0.059464
199.60          -0.060011
199.80          -0.060574
200.00          -0.061155
200.20          -0.061754
200.40          -0.062373
200.60          -0.063012
200.80          -0.063673
201.00          -0.064358
201.20          -0.065066
201.40          -0.065800
201.60          -0.066562
201.80          -0.067352
202.00          -0.068173
202.20          -0.069027
202.40          -0.069915
202.60          -0.070841
202.80          -0.071806
203.00          -0.072813
203.20          -0.073866
203.40          -0.074967
203.60          -0.076121
203.80          -0.077331
204.00          -0.078602
204.20          -0.079938
204.40          -0.081345
204.60          -0.082829
204.80          -0.084397
205.00          -0.086056
205.20          -0.087816
205.40          -0.089684
205.60          -0.091673
205.80          -0.093795
206.00          -0.096064
206.20          -0.098497
206.40          -0.10111
206.60          -0.10393
206.80          -0.10698
207.00          -0.11029
207.20          -0.11389
207.40          -0.11783
207.60          -0.12216
207.80          -0.12694
208.00          -0.13225
208.20          -0.13818
208.40          -0.14486
208.60          -0.15243
208.80          -0.16108
209.00          -0.17108
209.20          -0.18278
209.40          -0.19664
209.60          -0.21334
209.80          -0.23385
210.00          -0.25960
210.20          -0.29288
210.40          -0.33738
210.60          -0.39955
210.80          -0.49146
211.00          -0.63768
211.20          -0.89400
211.40          -1.3998
211.60          -2.4600
211.80          -3.4732
212.00          -1.9478
212.20          -0.79245
212.40          -0.37284
212.60          -0.21429
212.80          -0.14953
213.00          -0.12360
213.20          -0.11609
213.40          -0.11855
213.60          -0.12720
213.80          -0.14032
214.00          -0.15723
214.20          -0.17778
214.40          -0.20216
214.60          -0.23081
214.80          -0.26432
215.00          -0.30337
215.20          -0.34864
215.40          -0.40058
215.60          -0.45911
215.80          -0.52307
216.00          -0.58960
216.20          -0.65354
216.40          -0.70746
216.60          -0.74299
216.80          -0.75350
217.00          -0.73695
217.20          -0.69687
217.40          -0.64071
217.60          -0.57685
217.80          -0.51222
218.00          -0.45133
218.20          -0.39649
218.40          -0.34848
218.60          -0.30714
218.80          -0.27187
219.00          -0.24192
219.20          -0.21649
219.40          -0.19489
219.60          -0.17650
219.80          -0.16078
220.00          -0.14730
220.20          -0.13568
220.40          -0.12564
220.60          -0.11693
220.80          -0.10933
221.00          -0.10269
221.20          -0.096855
221.40          -0.091717
221.60          -0.087177
221.80          -0.083153
222.00          -0.079576
222.20          -0.076389
222.40          -0.073543
222.60          -0.070995
222.80          -0.068709
223.00          -0.066656
223.20          -0.064807
223.40          -0.063141
223.60          -0.061637
223.80          -0.060278
224.00          -0.059050
224.20          -0.057937
224.40          -0.056930
224.60          -0.056017
224.80          -0.055191
225.00          -0.054442
