175.00          -0.077468
175.20          -0.075978
175.40          -0.074542
175.60          -0.073160
175.80          -0.071828
176.00          -0.070544
176.20          -0.069307
176.40          -0.068115
176.60          -0.066965
176.80          -0.065856
177.00          -0.064787
177.20          -0.063756
177.40          -0.062761
177.60          -0.061801
177.80          -0.060875
178.00          -0.059981
178.20          -0.059118
178.40          -0.058285
178.60          -0.057481
178.80          -0.056704
179.00          -0.055954
179.20          -0.055230
179.40          -0.054530
179.60          -0.053855
179.80          -0.053202
180.00          -0.052571
180.20          -0.051962
180.40          -0.051373
180.60          -0.050804
180.80          -0.050254
181.00          -0.049723
181.20          -0.049209
181.40          -0.048713
181.60          -0.048233
181.80          -0.047769
182.00          -0.047321
182.20          -0.046888
182.40          -0.046470
182.60          -0.046065
182.80          -0.045675
183.00          -0.045297
183.20          -0.044932
183.40          -0.044580
183.60          -0.044239
183.80          -0.043910
184.00          -0.043592
184.20          -0.043285
184.40          -0.042989
184.60          -0.042703
184.80          -0.042427
185.00          -0.042161
185.20          -0.041903
185.40          -0.041655
185.60          -0.041416
185.80          -0.041186
186.00          -0.040963
186.20          -0.040749
186.40          -0.040543
186.60          -0.040345
186.80          -0.040153
187.00          -0.039970
187.20          -0.039793
187.40          -0.039623
187.60          -0.039460
187.80          -0.039303
188.00          -0.039153
188.20          -0.039009
188.40          -0.038871
188.60          -0.038739
188.80          -0.038613
189.00          -0.038492
189.20          -0.038377
189.40          -0.038268
189.60          -0.038163
189.80          -0.038064
190.00          -0.037970
190.20          -0.037881
190.40          -0.037796
190.60          -0.037716
190.80          -0.037641
191.00          -0.037571
191.20          -0.037505
191.40          -0.037443
191.60          -0.037386
191.80          -0.037332
192.00          -0.037283
192.20          -0.037239
192.40          -0.037198
192.60          -0.037161
192.80          -0.037128
193.00          -0.037098
193.20          -0.037073
193.40          -0.037051
193.60          -0.037033
193.80          -0.037019
194.00          -0.037008
194.20          -0.037001
194.40          -0.036997
194.60          -0.036997
194.80          -0.037001
195.00          -0.037008
195.20          -0.037018
195.40          -0.037032
195.60          -0.037049
195.80          -0.037070
196.00          -0.037094
196.20          -0.037121
196.40          -0.037153
196.60          -0.037187
196.80          -0.037225
197.00          -0.037267
197.20          -0.037312
197.40          -0.037361
197.60          -0.037414
197.80          -0.037470
198.00          -0.037531
198.20          -0.037595
198.40          -0.037663
198.60          -0.037736
198.80          -0.037813
199.00          -0.037894
199.20          -0.037980
199.40          -0.038071
199.60          -0.038168
199.80          -0.038269
200.00          -0.038377
200.20          -0.038491
200.40          -0.038611
200.60          -0.038739
200.80          -0.038874
201.00          -0.039018
201.20          -0.039172
201.40          -0.039336
201.60          -0.039511
201.80          -0.039700
202.00          -0.039903
202.20          -0.040124
202.40          -0.040364
202.60          -0.040627
202.80          -0.040917
203.00          -0.041240
203.20          -0.041603
203.40          -0.042015
203.60          -0.042489
203.80          -0.043042
204.00          -0.043699
204.20          -0.044497
204.40          -0.045492
204.60          -0.046774
204.80          -0.048492
205.00          -0.050924
205.20          -0.054620
205.40          -0.060847
205.60          -0.073150
205.80          -0.10540
206.00          -0.26901
206.20          -8.2863
206.40          -0.13095
206.60          -0.053586
206.80          -0.041108
207.00          -0.037760
207.20          -0.036753
207.40          -0.036530
207.60          -0.036610
207.80          -0.036814
208.00          -0.037069
208.20          -0.037343
208.40          -0.037620
208.60          -0.037893
208.80          -0.038161
209.00          -0.038421
209.20          -0.038674
209.40          -0.038920
209.60          -0.039160
209.80          -0.039394
210.00          -0.039624
210.20          -0.039849
210.40          -0.040070
210.60          -0.040289
210.80          -0.040504
211.00          -0.040718
211.20          -0.040930
211.40          -0.041140
211.60          -0.041349
211.80          -0.041558
212.00          -0.041766
212.20          -0.041973
212.40          -0.042181
212.60          -0.042389
212.80          -0.042597
213.00          -0.042806
213.20          -0.043016
213.40          -0.043226
213.60          -0.043437
213.80          -0.043650
214.00          -0.043863
214.20          -0.044078
214.40          -0.044295
214.60          -0.044513
214.80          -0.044733
215.00          -0.044955
215.20          -0.045178
215.40          -0.045404
215.60          -0.045631
215.80          -0.045861
216.00          -0.046094
216.20          -0.046328
216.40          -0.046565
216.60          -0.046805
216.80          -0.047048
217.00          -0.047293
217.20          -0.047541
217.40          -0.047792
217.60          -0.048046
217.80          -0.048304
218.00          -0.048565
218.20          -0.048829
218.40          -0.049097
218.60          -0.049368
218.80          -0.049644
219.00          -0.049923
219.20          -0.050206
219.40          -0.050494
219.60          -0.050786
219.80          -0.051082
220.00          -0.051383
220.20          -0.051689
220.40          -0.052000
220.60          -0.052317
220.80          -0.052639
221.00          -0.052966
221.20          -0.053300
221.40          -0.053640
221.60          -0.053986
221.80          -0.054340
222.00          -0.054700
222.20          -0.055068
222.40          -0.055444
222.60          -0.055828
222.80          -0.056221
223.00          -0.056624
223.20          -0.057036
223.40          -0.057460
223.60          -0.057895
223.80          -0.058343
224.00          -0.058804
224.20          -0.059280
224.40          -0.059773
224.60          -0.060284
224.80          -0.060815
225.00          -0.061371
