175.00          -0.034377
175.20          -0.034464
175.40          -0.034551
175.60          -0.034639
175.80          -0.034727
176.00          -0.034816
176.20          -0.034905
176.40          -0.034995
176.60          -0.035086
176.80          -0.035178
177.00          -0.035270
177.20          -0.035363
177.40          -0.035457
177.60          -0.035551
177.80          -0.035647
178.00          -0.035743
178.20          -0.035839
178.40          -0.035937
178.60          -0.036036
178.80          -0.036135
179.00          -0.036235
179.20          -0.036337
179.40          -0.036439
179.60          -0.036542
179.80          -0.036646
180.00          -0.036751
180.20          -0.036857
180.40          -0.036965
180.60          -0.037073
180.80          -0.037183
181.00          -0.037294
181.20          -0.037406
181.40          -0.037519
181.60          -0.037633
181.80          -0.037749
182.00          -0.037867
182.20          -0.037985
182.40          -0.038105
182.60          -0.038227
182.80          -0.038350
183.00          -0.038475
183.20          -0.038602
183.40          -0.038730
183.60          -0.038860
183.80          -0.038992
184.00          -0.039126
184.20          -0.039262
184.40          -0.039400
184.60          -0.039540
184.80          -0.039682
185.00          -0.039827
185.20          -0.039973
185.40          -0.040123
185.60          -0.040275
185.80          -0.040430
186.00          -0.040587
186.20          -0.040747
186.40          -0.040911
186.60          -0.041077
186.80          -0.041247
187.00          -0.041420
187.20          -0.041597
187.40          -0.041777
187.60          -0.041961
187.80          -0.042150
188.00          -0.042342
188.20          -0.042539
188.40          -0.042741
188.60          -0.042947
188.80          -0.043159
189.00          -0.043376
189.20          -0.043599
189.40          -0.043827
189.60          -0.044062
189.80          -0.044303
190.00          -0.044551
190.20          -0.044806
190.40          -0.045069
190.60          -0.045340
190.80          -0.045620
191.00          -0.045908
191.20          -0.046206
191.40          -0.046514
191.60          -0.046833
191.80          -0.047163
192.00          -0.047505
192.20          -0.047861
192.40          -0.048229
192.60          -0.048613
192.80          -0.049011
193.00          -0.049427
193.20          -0.049860
193.40          -0.050313
193.60          -0.050785
193.80          -0.051280
194.00          -0.051798
194.20          -0.052342
194.40          -0.052914
194.60          -0.053515
194.80          -0.054148
195.00          -0.054816
195.20          -0.055523
195.40          -0.056270
195.60          -0.057063
195.80          -0.057905
196.00          -0.058802
196.20          -0.059758
196.40          -0.060779
196.60          -0.061873
196.80          -0.063047
197.00          -0.064311
197.20          -0.065673
197.40          -0.067147
197.60          -0.068745
197.80          -0.070483
198.00          -0.072380
198.20          -0.074456
198.40          -0.076738
198.60          -0.079254
198.80          -0.082040
199.00          -0.085139
199.20          -0.088602
199.40          -0.092492
199.60          -0.096884
199.80          -0.10187
200.00          -0.10758
200.20          -0.11415
200.40          -0.12177
200.60          -0.13069
200.80          -0.14124
201.00          -0.15382
201.20          -0.16903
201.40          -0.18764
201.60          -0.21076
201.80          -0.23996
202.00          -0.27754
202.20          -0.32694
202.40          -0.39343
202.60          -0.48524
202.80          -0.61528
203.00          -0.80329
203.20          -1.0754
203.40          -1.4482
203.60          -1.8618
203.80          -2.0842
204.00          -1.8965
204.20          -1.4606
204.40          -1.0485
204.60          -0.74955
204.80          -0.54900
205.00          -0.41553
205.20          -0.32539
205.40          -0.26348
205.60          -0.22066
205.80          -0.19176
206.00          -0.17443
206.20          -0.16938
206.40          -0.18280
206.60          -0.23659
206.80          -0.40853
207.00          -0.84189
207.20          -0.74130
207.40          -0.36999
207.60          -0.22039
207.80          -0.15650
208.00          -0.12370
208.20          -0.10432
208.40          -0.091683
208.60          -0.082826
208.80          -0.076288
209.00          -0.071269
209.20          -0.067299
209.40          -0.064085
209.60          -0.061434
209.80          -0.059216
210.00          -0.057337
210.20          -0.055729
210.40          -0.054341
210.60          -0.053136
210.80          -0.052082
211.00          -0.051156
211.20          -0.050340
211.40          -0.049616
211.60          -0.048974
211.80          -0.048401
212.00          -0.047890
212.20          -0.047432
212.40          -0.047022
212.60          -0.046654
212.80          -0.046324
213.00          -0.046027
213.20          -0.045760
213.40          -0.045520
213.60          -0.045304
213.80          -0.045110
214.00          -0.044936
214.20          -0.044781
214.40          -0.044641
214.60          -0.044517
214.80          -0.044406
215.00          -0.044308
215.20          -0.044221
215.40          -0.044145
215.60          -0.044079
215.80          -0.044022
216.00          -0.043973
216.20          -0.043931
216.40          -0.043897
216.60          -0.043869
216.80          -0.043848
217.00          -0.043832
217.20          -0.043821
217.40          -0.043815
217.60          -0.043814
217.80          -0.043817
218.00          -0.043824
218.20          -0.043835
218.40          -0.043849
218.60          -0.043867
218.80          -0.043887
219.00          -0.043911
219.20          -0.043937
219.40          -0.043966
219.60          -0.043997
219.80          -0.044031
220.00          -0.044066
220.20          -0.044104
220.40          -0.044143
220.60          -0.044185
220.80          -0.044228
221.00          -0.044273
221.20          -0.044319
221.40          -0.044367
221.60          -0.044416
221.80          -0.044467
222.00          -0.044519
222.20          -0.044572
222.40          -0.044626
222.60          -0.044681
222.80          -0.044738
223.00          -0.044796
223.20          -0.044854
223.40          -0.044914
223.60          -0.044974
223.80          -0.045035
224.00          -0.045098
224.20          -0.045161
224.40          -0.045225
224.60          -0.045290
224.80          -0.045356
225.00          -0.045422
