175.00          -0.16437
175.20          -0.16900
175.40          -0.17384
175.60          -0.17891
175.80          -0.18420
176.00          -0.18972
176.20          -0.19548
176.40          -0.20148
176.60          -0.20772
176.80          -0.21420
177.00          -0.22090
177.20          -0.22781
177.40          -0.23493
177.60          -0.24222
177.80          -0.24965
178.00          -0.25719
178.20          -0.26479
178.40          -0.27238
178.60          -0.27991
178.80          -0.28729
179.00          -0.29443
179.20          -0.30123
179.40          -0.30759
179.60          -0.31340
179.80          -0.31854
180.00          -0.32290
180.20          -0.32636
180.40          -0.32885
180.60          -0.33026
180.80          -0.33056
181.00          -0.32969
181.20          -0.32766
181.40          -0.32449
181.60          -0.32022
181.80          -0.31492
182.00          -0.30870
182.20          -0.30165
182.40          -0.29392
182.60          -0.28562
182.80          -0.27688
183.00          -0.26783
183.20          -0.25859
183.40          -0.24927
183.60          -0.23996
183.80          -0.23075
184.00          -0.22170
184.20          -0.21287
184.40          -0.20431
184.60          -0.19606
184.80          -0.18812
185.00          -0.18053
185.20          -0.17329
185.40          -0.16640
185.60          -0.15986
185.80          -0.15367
186.00          -0.14782
186.20          -0.14229
186.40          -0.13707
186.60          -0.13215
186.80          -0.12752
187.00          -0.12316
187.20          -0.11906
187.40          -0.11521
187.60          -0.11158
187.80          -0.10817
188.00          -0.10496
188.20          -0.10194
188.40          -0.099105
188.60          -0.096435
188.80          -0.093924
189.00          -0.091560
189.20          -0.089334
189.40          -0.087239
189.60          -0.085265
189.80          -0.083405
190.00          -0.081652
190.20          -0.079999
190.40          -0.078439
190.60          -0.076968
190.80          -0.075580
191.00          -0.074268
191.20          -0.073030
191.40          -0.071860
191.60          -0.070754
191.80          -0.069709
192.00          -0.068720
192.20          -0.067785
192.40          -0.066900
192.60          -0.066062
192.80          -0.065269
193.00          -0.064519
193.20          -0.063808
193.40          -0.063134
193.60          -0.062496
193.80          -0.061892
194.00          -0.061319
194.20          -0.060776
194.40          -0.060261
194.60          -0.059773
194.80          -0.059311
195.00          -0.058873
195.20          -0.058458
195.40          -0.058064
195.60          -0.057691
195.80          -0.057338
196.00          -0.057003
196.20          -0.056686
196.40          -0.056386
196.60          -0.056103
196.80          -0.055834
197.00          -0.055580
197.20          -0.055341
197.40          -0.055115
197.60          -0.054901
197.80          -0.054700
198.00          -0.054511
198.20          -0.054333
198.40          -0.054166
198.60          -0.054009
198.80          -0.053863
199.00          -0.053727
199.20          -0.053600
199.40          -0.053482
199.60          -0.053374
199.80          -0.053274
200.00          -0.053183
200.20          -0.053101
200.40          -0.053027
200.60          -0.052961
200.80          -0.052905
201.00          -0.052856
201.20          -0.052817
201.40          -0.052786
201.60          -0.052764
201.80          -0.052753
202.00          -0.052752
202.20          -0.052761
202.40          -0.052783
202.60          -0.052819
202.80          -0.052870
203.00          -0.052938
203.20          -0.053027
203.40          -0.053140
203.60          -0.053283
203.80          -0.053464
204.00          -0.053693
204.20          -0.053986
204.40          -0.054368
204.60          -0.054876
204.80          -0.055575
205.00          -0.056582
205.20          -0.058123
205.40          -0.060714
205.60          -0.065738
205.80          -0.078294
206.00          -0.13349
206.20          -4.9827
206.40          -0.11239
206.60          -0.059580
206.80          -0.052246
207.00          -0.050328
207.20          -0.049716
207.40          -0.049530
207.60          -0.049506
207.80          -0.049550
208.00          -0.049621
208.20          -0.049702
208.40          -0.049787
208.60          -0.049870
208.80          -0.049952
209.00          -0.050030
209.20          -0.050105
209.40          -0.050177
209.60          -0.050246
209.80          -0.050312
210.00          -0.050376
210.20          -0.050438
210.40          -0.050498
210.60          -0.050557
210.80          -0.050614
211.00          -0.050669
211.20          -0.050724
211.40          -0.050778
211.60          -0.050830
211.80          -0.050882
212.00          -0.050933
212.20          -0.050984
212.40          -0.051034
212.60          -0.051083
212.80          -0.051132
213.00          -0.051181
213.20          -0.051229
213.40          -0.051277
213.60          -0.051325
213.80          -0.051373
214.00          -0.051420
214.20          -0.051467
214.40          -0.051513
214.60          -0.051560
214.80          -0.051606
215.00          -0.051652
215.20          -0.051698
215.40          -0.051744
215.60          -0.051790
215.80          -0.051836
216.00          -0.051881
216.20          -0.051926
216.40          -0.051971
216.60          -0.052017
216.80          -0.052061
217.00          -0.052106
217.20          -0.052151
217.40          -0.052195
217.60          -0.052240
217.80          -0.052284
218.00          -0.052328
218.20          -0.052372
218.40          -0.052416
218.60          -0.052460
218.80          -0.052503
219.00          -0.052547
219.20          -0.052590
219.40          -0.052633
219.60          -0.052677
219.80          -0.052719
220.00          -0.052762
220.20          -0.052805
220.40          -0.052848
220.60          -0.052890
220.80          -0.052932
221.00          -0.052974
221.20          -0.053017
221.40          -0.053059
221.60          -0.053100
221.80          -0.053142
222.00          -0.053184
222.20          -0.053225
222.40          -0.053267
222.60          -0.053308
222.80          -0.053350
223.00          -0.053391
223.20          -0.053433
223.40          -0.053474
223.60          -0.053516
223.80          -0.053558
224.00          -0.053600
224.20          -0.053643
224.40          -0.053686
224.60          -0.053730
224.80          -0.053775
225.00          -0.053821
