175.00          -0.055216
175.20          -0.055206
175.40          -0.055198
175.60          -0.055194
175.80          -0.055193
176.00          -0.055195
176.20          -0.055200
176.40          -0.055208
176.60          -0.055218
176.80          -0.055232
177.00          -0.055247
177.20          -0.055266
177.40          -0.055286
177.60          -0.055309
177.80          -0.055334
178.00          -0.055362
178.20          -0.055391
178.40          -0.055423
178.60          -0.055457
178.80          -0.055492
179.00          -0.055530
179.20          -0.055569
179.40          -0.055610
179.60          -0.055652
179.80          -0.055697
180.00          -0.055742
180.20          -0.055790
180.40          -0.055838
180.60          -0.055888
180.80          -0.055940
181.00          -0.055992
181.20          -0.056046
181.40          -0.056101
181.60          -0.056157
181.80          -0.056214
182.00          -0.056272
182.20          -0.056331
182.40          -0.056392
182.60          -0.056452
182.80          -0.056514
183.00          -0.056577
183.20          -0.056640
183.40          -0.056704
183.60          -0.056769
183.80          -0.056834
184.00          -0.056900
184.20          -0.056966
184.40          -0.057033
184.60          -0.057101
184.80          -0.057168
185.00          -0.057236
185.20          -0.057305
185.40          -0.057374
185.60          -0.057443
185.80          -0.057512
186.00          -0.057582
186.20          -0.057652
186.40          -0.057722
186.60          -0.057792
186.80          -0.057862
187.00          -0.057933
187.20          -0.058003
187.40          -0.058073
187.60          -0.058144
187.80          -0.058214
188.00          -0.058284
188.20          -0.058354
188.40          -0.058424
188.60          -0.058494
188.80          -0.058564
189.00          -0.058633
189.20          -0.058703
189.40          -0.058772
189.60          -0.058840
189.80          -0.058909
190.00          -0.058977
190.20          -0.059045
190.40          -0.059113
190.60          -0.059180
190.80          -0.059246
191.00          -0.059313
191.20          -0.059379
191.40          -0.059444
191.60          -0.059509
191.80          -0.059574
192.00          -0.059638
192.20          -0.059701
192.40          -0.059764
192.60          -0.059827
192.80          -0.059888
193.00          -0.059950
193.20          -0.060010
193.40          -0.060070
193.60          -0.060130
193.80          -0.060189
194.00          -0.060247
194.20          -0.060304
194.40          -0.060361
194.60          -0.060417
194.80          -0.060473
195.00          -0.060528
195.20          -0.060582
195.40          -0.060635
195.60          -0.060687
195.80          -0.060739
196.00          -0.060790
196.20          -0.060841
196.40          -0.060890
196.60          -0.060939
196.80          -0.060987
197.00          -0.061034
197.20          -0.061080
197.40          -0.061126
197.60          -0.061170
197.80          -0.061214
198.00          -0.061257
198.20          -0.061300
198.40          -0.061341
198.60          -0.061382
198.80          -0.061421
199.00          -0.061460
199.20          -0.061499
199.40          -0.061536
199.60          -0.061572
199.80          -0.061608
200.00          -0.061643
200.20          -0.061677
200.40          -0.061711
200.60          -0.061744
200.80          -0.061776
201.00          -0.061807
201.20          -0.061838
201.40          -0.061868
201.60          -0.061897
201.80          -0.061926
202.00          -0.061955
202.20          -0.061983
202.40          -0.062012
202.60          -0.062040
202.80          -0.062068
203.00          -0.062097
203.20          -0.062127
203.40          -0.062159
203.60          -0.062192
203.80          -0.062229
204.00          -0.062269
204.20          -0.062317
204.40          -0.062374
204.60          -0.062446
204.80          -0.062542
205.00          -0.062679
205.20          -0.062893
205.40          -0.063269
205.60          -0.064062
205.80          -0.066375
206.00          -0.081684
206.20          -0.20690
206.40          -0.067280
206.60          -0.063323
206.80          -0.062502
207.00          -0.062222
207.20          -0.062102
207.40          -0.062041
207.60          -0.062006
207.80          -0.061983
208.00          -0.061967
208.20          -0.061954
208.40          -0.061942
208.60          -0.061930
208.80          -0.061918
209.00          -0.061905
209.20          -0.061892
209.40          -0.061877
209.60          -0.061862
209.80          -0.061845
210.00          -0.061828
210.20          -0.061809
210.40          -0.061789
210.60          -0.061768
210.80          -0.061746
211.00          -0.061722
211.20          -0.061698
211.40          -0.061672
211.60          -0.061645
211.80          -0.061617
212.00          -0.061588
212.20          -0.061558
212.40          -0.061527
212.60          -0.061494
212.80          -0.061460
213.00          -0.061425
213.20          -0.061389
213.40          -0.061352
213.60          -0.061314
213.80          -0.061275
214.00          -0.061234
214.20          -0.061193
214.40          -0.061150
214.60          -0.061106
214.80          -0.061061
215.00          -0.061015
215.20          -0.060968
215.40          -0.060920
215.60          -0.060870
215.80          -0.060820
216.00          -0.060768
216.20          -0.060716
216.40          -0.060662
216.60          -0.060607
216.80          -0.060551
217.00          -0.060494
217.20          -0.060436
217.40          -0.060377
217.60          -0.060316
217.80          -0.060255
218.00          -0.060193
218.20          -0.060129
218.40          -0.060065
218.60          -0.060000
218.80          -0.059933
219.00          -0.059866
219.20          -0.059798
219.40          -0.059729
219.60          -0.059659
219.80          -0.059588
220.00          -0.059516
220.20          -0.059444
220.40          -0.059370
220.60          -0.059297
220.80          -0.059222
221.00          -0.059148
221.20          -0.059073
221.40          -0.058997
221.60          -0.058922
221.80          -0.058846
222.00          -0.058771
222.20          -0.058697
222.40          -0.058623
222.60          -0.058550
222.80          -0.058478
223.00          -0.058409
223.20          -0.058342
223.40          -0.058278
223.60          -0.058218
223.80          -0.058163
224.00          -0.058114
224.20          -0.058073
224.40          -0.058042
224.60          -0.058023
224.80          -0.058020
225.00          -0.058038
