175.00          -0.077938
175.20          -0.078313
175.40          -0.078688
175.60          -0.079063
175.80          -0.079438
176.00          -0.079813
176.20          -0.080188
176.40          -0.080563
176.60          -0.080938
176.80          -0.081312
177.00          -0.081686
177.20          -0.082060
177.40          -0.082433
177.60          -0.082805
177.80          -0.083177
178.00          -0.083549
178.20          -0.083920
178.40          -0.084290
178.60          -0.084659
178.80          -0.085028
179.00          -0.085396
179.20          -0.085763
179.40          -0.086129
179.60          -0.086493
179.80          -0.086857
180.00          -0.087220
180.20          -0.087581
180.40          -0.087942
180.60          -0.088301
180.80          -0.088659
181.00          -0.089015
181.20          -0.089370
181.40          -0.089723
181.60          -0.090075
181.80          -0.090426
182.00          -0.090774
182.20          -0.091122
182.40          -0.091467
182.60          -0.091811
182.80          -0.092153
183.00          -0.092493
183.20          -0.092831
183.40          -0.093168
183.60          -0.093503
183.80          -0.093835
184.00          -0.094166
184.20          -0.094494
184.40          -0.094821
184.60          -0.095146
184.80          -0.095468
185.00          -0.095788
185.20          -0.096106
185.40          -0.096422
185.60          -0.096736
185.80          -0.097048
186.00          -0.097357
186.20          -0.097664
186.40          -0.097969
186.60          -0.098272
186.80          -0.098572
187.00          -0.098870
187.20          -0.099166
187.40          -0.099459
187.60          -0.099750
187.80          -0.10004
188.00          -0.10033
188.20          -0.10061
188.40          -0.10089
188.60          -0.10117
188.80          -0.10145
189.00          -0.10172
189.20          -0.10200
189.40          -0.10227
189.60          -0.10254
189.80          -0.10280
190.00          -0.10307
190.20          -0.10333
190.40          -0.10359
190.60          -0.10385
190.80          -0.10410
191.00          -0.10436
191.20          -0.10461
191.40          -0.10486
191.60          -0.10511
191.80          -0.10535
192.00          -0.10560
192.20          -0.10584
192.40          -0.10608
192.60          -0.10632
192.80          -0.10656
193.00          -0.10680
193.20          -0.10704
193.40          -0.10727
193.60          -0.10750
193.80          -0.10774
194.00          -0.10797
194.20          -0.10820
194.40          -0.10843
194.60          -0.10866
194.80          -0.10889
195.00          -0.10912
195.20          -0.10935
195.40          -0.10958
195.60          -0.10981
195.80          -0.11004
196.00          -0.11027
196.20          -0.11050
196.40          -0.11073
196.60          -0.11096
196.80          -0.11119
197.00          -0.11143
197.20          -0.11166
197.40          -0.11190
197.60          -0.11214
197.80          -0.11239
198.00          -0.11263
198.20          -0.11288
198.40          -0.11314
198.60          -0.11339
198.80          -0.11365
199.00          -0.11392
199.20          -0.11419
199.40          -0.11447
199.60          -0.11475
199.80          -0.11504
200.00          -0.11534
200.20          -0.11564
200.40          -0.11596
200.60          -0.11628
200.80          -0.11662
201.00          -0.11697
201.20          -0.11733
201.40          -0.11771
201.60          -0.11811
201.80          -0.11853
202.00          -0.11897
202.20          -0.11943
202.40          -0.11993
202.60          -0.12046
202.80          -0.12102
203.00          -0.12164
203.20          -0.12232
203.40          -0.12306
203.60          -0.12389
203.80          -0.12483
204.00          -0.12592
204.20          -0.12719
204.40          -0.12874
204.60          -0.13068
204.80          -0.13322
205.00          -0.13676
205.20          -0.14214
205.40          -0.15140
205.60          -0.17099
205.80          -0.23291
206.00          -0.90750
206.20          -0.49090
206.40          -0.14844
206.60          -0.12501
206.80          -0.12111
207.00          -0.12084
207.20          -0.12155
207.40          -0.12259
207.60          -0.12374
207.80          -0.12495
208.00          -0.12619
208.20          -0.12746
208.40          -0.12876
208.60          -0.13010
208.80          -0.13150
209.00          -0.13295
209.20          -0.13448
209.40          -0.13609
209.60          -0.13780
209.80          -0.13962
210.00          -0.14157
210.20          -0.14366
210.40          -0.14591
210.60          -0.14835
210.80          -0.15100
211.00          -0.15389
211.20          -0.15707
211.40          -0.16056
211.60          -0.16443
211.80          -0.16873
212.00          -0.17355
212.20          -0.17896
212.40          -0.18508
212.60          -0.19206
212.80          -0.20007
213.00          -0.20933
213.20          -0.22015
213.40          -0.23291
213.60          -0.24813
213.80          -0.26652
214.00          -0.28906
214.20          -0.31716
214.40          -0.35290
214.60          -0.39940
214.80          -0.46160
215.00          -0.54761
215.20          -0.67151
215.40          -0.85924
215.60          -1.1624
215.80          -1.6923
216.00          -2.7077
216.20          -4.7742
216.40          -7.7501
216.60          -6.0769
216.80          -3.1762
217.00          -1.7401
217.20          -1.0571
217.40          -0.70329
217.60          -0.50313
217.80          -0.38139
218.00          -0.30293
218.20          -0.24999
218.40          -0.21291
218.60          -0.18614
218.80          -0.16633
219.00          -0.15135
219.20          -0.13983
219.40          -0.13084
219.60          -0.12373
219.80          -0.11806
220.00          -0.11349
220.20          -0.10978
220.40          -0.10675
220.60          -0.10427
220.80          -0.10223
221.00          -0.10056
221.20          -0.099184
221.40          -0.098064
221.60          -0.097156
221.80          -0.096430
222.00          -0.095863
222.20          -0.095434
222.40          -0.095130
222.60          -0.094939
222.80          -0.094852
223.00          -0.094865
223.20          -0.094974
223.40          -0.095178
223.60          -0.095482
223.80          -0.095888
224.00          -0.096406
224.20          -0.097047
224.40          -0.097829
224.60          -0.098774
224.80          -0.099914
225.00          -0.10129
