175.00          -0.024815
175.20          -0.024855
175.40          -0.024896
175.60          -0.024936
175.80          -0.024977
176.00          -0.025018
176.20          -0.025059
176.40          -0.025099
176.60          -0.025140
176.80          -0.025181
177.00          -0.025223
177.20          -0.025264
177.40          -0.025305
177.60          -0.025347
177.80          -0.025388
178.00          -0.025430
178.20          -0.025471
178.40          -0.025513
178.60          -0.025555
178.80          -0.025597
179.00          -0.025638
179.20          -0.025681
179.40          -0.025723
179.60          -0.025765
179.80          -0.025807
180.00          -0.025850
180.20          -0.025892
180.40          -0.025934
180.60          -0.025977
180.80          -0.026020
181.00          -0.026063
181.20          -0.026105
181.40          -0.026148
181.60          -0.026191
181.80          -0.026235
182.00          -0.026278
182.20          -0.026321
182.40          -0.026364
182.60          -0.026408
182.80          -0.026451
183.00          -0.026495
183.20          -0.026539
183.40          -0.026583
183.60          -0.026627
183.80          -0.026671
184.00          -0.026715
184.20          -0.026759
184.40          -0.026803
184.60          -0.026847
184.80          -0.026892
185.00          -0.026936
185.20          -0.026981
185.40          -0.027025
185.60          -0.027070
185.80          -0.027115
186.00          -0.027160
186.20          -0.027205
186.40          -0.027250
186.60          -0.027295
186.80          -0.027341
187.00          -0.027386
187.20          -0.027432
187.40          -0.027477
187.60          -0.027523
187.80          -0.027569
188.00          -0.027614
188.20          -0.027660
188.40          -0.027706
188.60          -0.027752
188.80          -0.027799
189.00          -0.027845
189.20          -0.027891
189.40          -0.027938
189.60          -0.027984
189.80          -0.028031
190.00          -0.028078
190.20          -0.028125
190.40          -0.028172
190.60          -0.028219
190.80          -0.028266
191.00          -0.028313
191.20          -0.028360
191.40          -0.028408
191.60          -0.028455
191.80          -0.028503
192.00          -0.028551
192.20          -0.028598
192.40          -0.028646
192.60          -0.028694
192.80          -0.028742
193.00          -0.028791
193.20          -0.028839
193.40          -0.028887
193.60          -0.028936
193.80          -0.028984
194.00          -0.029033
194.20          -0.029082
194.40          -0.029131
194.60          -0.029180
194.80          -0.029229
195.00          -0.029278
195.20          -0.029327
195.40          -0.029377
195.60          -0.029426
195.80          -0.029476
196.00          -0.029525
196.20          -0.029575
196.40          -0.029625
196.60          -0.029675
196.80          -0.029725
197.00          -0.029775
197.20          -0.029826
197.40          -0.029876
197.60          -0.029927
197.80          -0.029977
198.00          -0.030028
198.20          -0.030079
198.40          -0.030130
198.60          -0.030181
198.80          -0.030232
199.00          -0.030284
199.20          -0.030335
199.40          -0.030386
199.60          -0.030438
199.80          -0.030490
200.00          -0.030542
200.20          -0.030594
200.40          -0.030646
200.60          -0.030698
200.80          -0.030750
201.00          -0.030803
201.20          -0.030855
201.40          -0.030908
201.60          -0.030961
201.80          -0.031013
202.00          -0.031066
202.20          -0.031120
202.40          -0.031173
202.60          -0.031226
202.80          -0.031280
203.00          -0.031333
203.20          -0.031387
203.40          -0.031441
203.60          -0.031495
203.80          -0.031549
204.00          -0.031603
204.20          -0.031658
204.40          -0.031712
204.60          -0.031767
204.80          -0.031821
205.00          -0.031876
205.20          -0.031931
205.40          -0.031986
205.60          -0.032042
205.80          -0.032097
206.00          -0.032153
206.20          -0.032208
206.40          -0.032264
206.60          -0.032320
206.80          -0.032376
207.00          -0.032433
207.20          -0.032489
207.40          -0.032546
207.60          -0.032602
207.80          -0.032659
208.00          -0.032716
208.20          -0.032774
208.40          -0.032831
208.60          -0.032889
208.80          -0.032946
209.00          -0.033004
209.20          -0.033062
209.40          -0.033120
209.60          -0.033179
209.80          -0.033237
210.00          -0.033296
210.20          -0.033355
210.40          -0.033414
210.60          -0.033473
210.80          -0.033533
211.00          -0.033592
211.20          -0.033652
211.40          -0.033712
211.60          -0.033773
211.80          -0.033833
212.00          -0.033894
212.20          -0.033955
212.40          -0.034016
212.60          -0.034077
212.80          -0.034139
213.00          -0.034201
213.20          -0.034263
213.40          -0.034326
213.60          -0.034388
213.80          -0.034451
214.00          -0.034515
214.20          -0.034578
214.40          -0.034642
214.60          -0.034707
214.80          -0.034771
215.00          -0.034836
215.20          -0.034902
215.40          -0.034968
215.60          -0.035034
215.80          -0.035101
216.00          -0.035168
216.20          -0.035236
216.40          -0.035304
216.60          -0.035373
216.80          -0.035443
217.00          -0.035513
217.20          -0.035584
217.40          -0.035656
217.60          -0.035729
217.80          -0.035803
218.00          -0.035878
218.20          -0.035954
218.40          -0.036032
218.60          -0.036112
218.80          -0.036193
219.00          -0.036277
219.20          -0.036363
219.40          -0.036452
219.60          -0.036545
219.80          -0.036643
220.00          -0.036746
220.20          -0.036857
220.40          -0.036977
220.60          -0.037109
220.80          -0.037258
221.00          -0.037431
221.20          -0.037640
221.40          -0.037904
221.60          -0.038260
221.80          -0.038788
222.00          -0.039677
222.20          -0.041513
222.40          -0.046998
222.60          -0.090731
222.80          -0.13042
223.00          -0.043469
223.20          -0.038718
223.40          -0.037747
223.60          -0.037486
223.80          -0.037434
224.00          -0.037460
224.20          -0.037519
224.40          -0.037594
224.60          -0.037677
224.80          -0.037763
225.00          -0.037851
