175.00          -0.037286
175.20          -0.037403
175.40          -0.037520
175.60          -0.037638
175.80          -0.037757
176.00          -0.037877
176.20          -0.037997
176.40          -0.038119
176.60          -0.038241
176.80          -0.038364
177.00          -0.038488
177.20          -0.038613
177.40          -0.038739
177.60          -0.038865
177.80          -0.038993
178.00          -0.039122
178.20          -0.039251
178.40          -0.039382
178.60          -0.039514
178.80          -0.039646
179.00          -0.039780
179.20          -0.039915
179.40          -0.040051
179.60          -0.040187
179.80          -0.040326
180.00          -0.040465
180.20          -0.040605
180.40          -0.040747
180.60          -0.040889
180.80          -0.041033
181.00          -0.041179
181.20          -0.041325
181.40          -0.041473
181.60          -0.041622
181.80          -0.041773
182.00          -0.041925
182.20          -0.042078
182.40          -0.042233
182.60          -0.042389
182.80          -0.042547
183.00          -0.042706
183.20          -0.042867
183.40          -0.043029
183.60          -0.043193
183.80          -0.043359
184.00          -0.043526
184.20          -0.043695
184.40          -0.043866
184.60          -0.044039
184.80          -0.044214
185.00          -0.044390
185.20          -0.044569
185.40          -0.044749
185.60          -0.044932
185.80          -0.045116
186.00          -0.045303
186.20          -0.045492
186.40          -0.045683
186.60          -0.045877
186.80          -0.046073
187.00          -0.046271
187.20          -0.046472
187.40          -0.046675
187.60          -0.046881
187.80          -0.047090
188.00          -0.047301
188.20          -0.047515
188.40          -0.047733
188.60          -0.047953
188.80          -0.048176
189.00          -0.048402
189.20          -0.048632
189.40          -0.048865
189.60          -0.049102
189.80          -0.049342
190.00          -0.049585
190.20          -0.049833
190.40          -0.050084
190.60          -0.050340
190.80          -0.050599
191.00          -0.050863
191.20          -0.051131
191.40          -0.051404
191.60          -0.051681
191.80          -0.051964
192.00          -0.052251
192.20          -0.052543
192.40          -0.052841
192.60          -0.053144
192.80          -0.053453
193.00          -0.053768
193.20          -0.054090
193.40          -0.054417
193.60          -0.054751
193.80          -0.055092
194.00          -0.055440
194.20          -0.055796
194.40          -0.056159
194.60          -0.056530
194.80          -0.056909
195.00          -0.057297
195.20          -0.057694
195.40          -0.058100
195.60          -0.058516
195.80          -0.058942
196.00          -0.059379
196.20          -0.059826
196.40          -0.060285
196.60          -0.060756
196.80          -0.061240
197.00          -0.061736
197.20          -0.062247
197.40          -0.062771
197.60          -0.063311
197.80          -0.063866
198.00          -0.064438
198.20          -0.065027
198.40          -0.065635
198.60          -0.066261
198.80          -0.066908
199.00          -0.067575
199.20          -0.068265
199.40          -0.068979
199.60          -0.069717
199.80          -0.070481
200.00          -0.071273
200.20          -0.072095
200.40          -0.072947
200.60          -0.073832
200.80          -0.074752
201.00          -0.075708
201.20          -0.076704
201.40          -0.077742
201.60          -0.078824
201.80          -0.079954
202.00          -0.081134
202.20          -0.082368
202.40          -0.083659
202.60          -0.085013
202.80          -0.086433
203.00          -0.087925
203.20          -0.089493
203.40          -0.091144
203.60          -0.092883
203.80          -0.094719
204.00          -0.096659
204.20          -0.098712
204.40          -0.10089
204.60          -0.10319
204.80          -0.10565
205.00          -0.10826
205.20          -0.11104
205.40          -0.11402
205.60          -0.11720
205.80          -0.12061
206.00          -0.12427
206.20          -0.12822
206.40          -0.13247
206.60          -0.13707
206.80          -0.14205
207.00          -0.14745
207.20          -0.15334
207.40          -0.15977
207.60          -0.16680
207.80          -0.17452
208.00          -0.18302
208.20          -0.19240
208.40          -0.20280
208.60          -0.21436
208.80          -0.22724
209.00          -0.24166
209.20          -0.25786
209.40          -0.27611
209.60          -0.29675
209.80          -0.32017
210.00          -0.34682
210.20          -0.37722
210.40          -0.41195
210.60          -0.45165
210.80          -0.49698
211.00          -0.54852
211.20          -0.60666
211.40          -0.67138
211.60          -0.74191
211.80          -0.81623
212.00          -0.89063
212.20          -0.95941
212.40          -1.0151
212.60          -1.0498
212.80          -1.0573
213.00          -1.0352
213.20          -0.98619
213.40          -0.91708
213.60          -0.83635
213.80          -0.75191
214.00          -0.66972
214.20          -0.59348
214.40          -0.52500
214.60          -0.46477
214.80          -0.41248
215.00          -0.36743
215.20          -0.32877
215.40          -0.29563
215.60          -0.26721
215.80          -0.24280
216.00          -0.22177
216.20          -0.20362
216.40          -0.18788
216.60          -0.17421
216.80          -0.16228
217.00          -0.15184
217.20          -0.14268
217.40          -0.13462
217.60          -0.12751
217.80          -0.12122
218.00          -0.11564
218.20          -0.11070
218.40          -0.10630
218.60          -0.10239
218.80          -0.098917
219.00          -0.095830
219.20          -0.093093
219.40          -0.090675
219.60          -0.088551
219.80          -0.086701
220.00          -0.085110
220.20          -0.083771
220.40          -0.082682
220.60          -0.081848
220.80          -0.081286
221.00          -0.081026
221.20          -0.081116
221.40          -0.081639
221.60          -0.082726
221.80          -0.084599
222.00          -0.087650
222.20          -0.092621
222.40          -0.10107
222.60          -0.11678
222.80          -0.15132
223.00          -0.25712
223.20          -1.0333
223.40          -1.4901
223.60          -0.17688
223.80          -0.084568
224.00          -0.063922
224.20          -0.057054
224.40          -0.054297
224.60          -0.053080
224.80          -0.052526
225.00          -0.052284
