175.00          -0.046287
175.20          -0.046287
175.40          -0.046291
175.60          -0.046302
175.80          -0.046317
176.00          -0.046338
176.20          -0.046364
176.40          -0.046395
176.60          -0.046431
176.80          -0.046472
177.00          -0.046518
177.20          -0.046569
177.40          -0.046624
177.60          -0.046685
177.80          -0.046750
178.00          -0.046820
178.20          -0.046894
178.40          -0.046973
178.60          -0.047057
178.80          -0.047145
179.00          -0.047238
179.20          -0.047335
179.40          -0.047437
179.60          -0.047543
179.80          -0.047653
180.00          -0.047768
180.20          -0.047887
180.40          -0.048010
180.60          -0.048137
180.80          -0.048269
181.00          -0.048405
181.20          -0.048545
181.40          -0.048689
181.60          -0.048838
181.80          -0.048990
182.00          -0.049147
182.20          -0.049308
182.40          -0.049473
182.60          -0.049642
182.80          -0.049815
183.00          -0.049992
183.20          -0.050173
183.40          -0.050358
183.60          -0.050548
183.80          -0.050741
184.00          -0.050938
184.20          -0.051140
184.40          -0.051345
184.60          -0.051554
184.80          -0.051768
185.00          -0.051985
185.20          -0.052206
185.40          -0.052432
185.60          -0.052661
185.80          -0.052895
186.00          -0.053132
186.20          -0.053373
186.40          -0.053619
186.60          -0.053868
186.80          -0.054122
187.00          -0.054379
187.20          -0.054641
187.40          -0.054907
187.60          -0.055177
187.80          -0.055450
188.00          -0.055728
188.20          -0.056010
188.40          -0.056297
188.60          -0.056587
188.80          -0.056881
189.00          -0.057180
189.20          -0.057483
189.40          -0.057790
189.60          -0.058101
189.80          -0.058416
190.00          -0.058736
190.20          -0.059060
190.40          -0.059388
190.60          -0.059720
190.80          -0.060057
191.00          -0.060398
191.20          -0.060743
191.40          -0.061093
191.60          -0.061447
191.80          -0.061806
192.00          -0.062169
192.20          -0.062537
192.40          -0.062909
192.60          -0.063285
192.80          -0.063666
193.00          -0.064052
193.20          -0.064442
193.40          -0.064837
193.60          -0.065237
193.80          -0.065641
194.00          -0.066050
194.20          -0.066463
194.40          -0.066882
194.60          -0.067305
194.80          -0.067733
195.00          -0.068166
195.20          -0.068604
195.40          -0.069046
195.60          -0.069494
195.80          -0.069947
196.00          -0.070404
196.20          -0.070867
196.40          -0.071335
196.60          -0.071808
196.80          -0.072286
197.00          -0.072769
197.20          -0.073257
197.40          -0.073751
197.60          -0.074250
197.80          -0.074755
198.00          -0.075264
198.20          -0.075780
198.40          -0.076300
198.60          -0.076826
198.80          -0.077358
199.00          -0.077895
199.20          -0.078438
199.40          -0.078986
199.60          -0.079541
199.80          -0.080100
200.00          -0.080666
200.20          -0.081238
200.40          -0.081815
200.60          -0.082398
200.80          -0.082987
201.00          -0.083582
201.20          -0.084184
201.40          -0.084791
201.60          -0.085404
201.80          -0.086024
202.00          -0.086649
202.20          -0.087281
202.40          -0.087919
202.60          -0.088564
202.80          -0.089215
203.00          -0.089872
203.20          -0.090536
203.40          -0.091206
203.60          -0.091883
203.80          -0.092566
204.00          -0.093257
204.20          -0.093953
204.40          -0.094657
204.60          -0.095367
204.80          -0.096084
205.00          -0.096808
205.20          -0.097539
205.40          -0.098277
205.60          -0.099022
205.80          -0.099774
206.00          -0.10053
206.20          -0.10130
206.40          -0.10207
206.60          -0.10285
206.80          -0.10364
207.00          -0.10444
207.20          -0.10524
207.40          -0.10605
207.60          -0.10687
207.80          -0.10769
208.00          -0.10852
208.20          -0.10936
208.40          -0.11021
208.60          -0.11107
208.80          -0.11193
209.00          -0.11280
209.20          -0.11368
209.40          -0.11457
209.60          -0.11546
209.80          -0.11637
210.00          -0.11728
210.20          -0.11820
210.40          -0.11912
210.60          -0.12006
210.80          -0.12100
211.00          -0.12195
211.20          -0.12291
211.40          -0.12388
211.60          -0.12486
211.80          -0.12585
212.00          -0.12684
212.20          -0.12784
212.40          -0.12885
212.60          -0.12987
212.80          -0.13090
213.00          -0.13194
213.20          -0.13299
213.40          -0.13404
213.60          -0.13511
213.80          -0.13618
214.00          -0.13727
214.20          -0.13836
214.40          -0.13946
214.60          -0.14057
214.80          -0.14169
215.00          -0.14282
215.20          -0.14396
215.40          -0.14511
215.60          -0.14627
215.80          -0.14743
216.00          -0.14861
216.20          -0.14980
216.40          -0.15100
216.60          -0.15221
216.80          -0.15343
217.00          -0.15466
217.20          -0.15589
217.40          -0.15715
217.60          -0.15841
217.80          -0.15968
218.00          -0.16096
218.20          -0.16225
218.40          -0.16356
218.60          -0.16488
218.80          -0.16620
219.00          -0.16754
219.20          -0.16890
219.40          -0.17026
219.60          -0.17163
219.80          -0.17302
220.00          -0.17442
220.20          -0.17583
220.40          -0.17725
220.60          -0.17869
220.80          -0.18013
221.00          -0.18159
221.20          -0.18306
221.40          -0.18453
221.60          -0.18601
221.80          -0.18749
222.00          -0.18897
222.20          -0.19043
222.40          -0.19188
222.60          -0.19338
222.80          -0.19657
223.00          -0.31995
223.20          -0.20592
223.40          -0.20395
223.60          -0.20464
223.80          -0.20592
224.00          -0.20744
224.20          -0.20908
224.40          -0.21080
224.60          -0.21259
224.80          -0.21442
225.00          -0.21630
