175.00          -0.029786
175.20          -0.029851
175.40          -0.029916
175.60          -0.029982
175.80          -0.030047
176.00          -0.030113
176.20          -0.030179
176.40          -0.030245
176.60          -0.030312
176.80          -0.030378
177.00          -0.030445
177.20          -0.030512
177.40          -0.030579
177.60          -0.030647
177.80          -0.030714
178.00          -0.030782
178.20          -0.030851
178.40          -0.030919
178.60          -0.030988
178.80          -0.031056
179.00          -0.031125
179.20          -0.031195
179.40          -0.031264
179.60          -0.031334
179.80          -0.031404
180.00          -0.031474
180.20          -0.031545
180.40          -0.031615
180.60          -0.031686
180.80          -0.031757
181.00          -0.031829
181.20          -0.031901
181.40          -0.031972
181.60          -0.032045
181.80          -0.032117
182.00          -0.032190
182.20          -0.032263
182.40          -0.032336
182.60          -0.032409
182.80          -0.032483
183.00          -0.032557
183.20          -0.032631
183.40          -0.032705
183.60          -0.032780
183.80          -0.032855
184.00          -0.032930
184.20          -0.033005
184.40          -0.033081
184.60          -0.033157
184.80          -0.033233
185.00          -0.033310
185.20          -0.033387
185.40          -0.033464
185.60          -0.033541
185.80          -0.033619
186.00          -0.033697
186.20          -0.033775
186.40          -0.033854
186.60          -0.033932
186.80          -0.034011
187.00          -0.034091
187.20          -0.034170
187.40          -0.034250
187.60          -0.034331
187.80          -0.034411
188.00          -0.034492
188.20          -0.034573
188.40          -0.034654
188.60          -0.034736
188.80          -0.034818
189.00          -0.034900
189.20          -0.034983
189.40          -0.035066
189.60          -0.035149
189.80          -0.035233
190.00          -0.035317
190.20          -0.035401
190.40          -0.035486
190.60          -0.035570
190.80          -0.035656
191.00          -0.035741
191.20          -0.035827
191.40          -0.035913
191.60          -0.036000
191.80          -0.036086
192.00          -0.036174
192.20          -0.036261
192.40          -0.036349
192.60          -0.036437
192.80          -0.036526
193.00          -0.036615
193.20          -0.036704
193.40          -0.036794
193.60          -0.036884
193.80          -0.036974
194.00          -0.037065
194.20          -0.037156
194.40          -0.037247
194.60          -0.037339
194.80          -0.037432
195.00          -0.037524
195.20          -0.037617
195.40          -0.037711
195.60          -0.037804
195.80          -0.037898
196.00          -0.037993
196.20          -0.038088
196.40          -0.038183
196.60          -0.038279
196.80          -0.038375
197.00          -0.038472
197.20          -0.038569
197.40          -0.038666
197.60          -0.038764
197.80          -0.038862
198.00          -0.038961
198.20          -0.039060
198.40          -0.039160
198.60          -0.039260
198.80          -0.039360
199.00          -0.039461
199.20          -0.039562
199.40          -0.039664
199.60          -0.039766
199.80          -0.039869
200.00          -0.039972
200.20          -0.040076
200.40          -0.040180
200.60          -0.040285
200.80          -0.040390
201.00          -0.040495
201.20          -0.040601
201.40          -0.040708
201.60          -0.040815
201.80          -0.040923
202.00          -0.041031
202.20          -0.041139
202.40          -0.041248
202.60          -0.041358
202.80          -0.041468
203.00          -0.041579
203.20          -0.041690
203.40          -0.041802
203.60          -0.041915
203.80          -0.042027
204.00          -0.042141
204.20          -0.042255
204.40          -0.042370
204.60          -0.042485
204.80          -0.042601
205.00          -0.042717
205.20          -0.042834
205.40          -0.042952
205.60          -0.043070
205.80          -0.043189
206.00          -0.043308
206.20          -0.043428
206.40          -0.043549
206.60          -0.043670
206.80          -0.043792
207.00          -0.043915
207.20          -0.044038
207.40          -0.044162
207.60          -0.044287
207.80          -0.044412
208.00          -0.044538
208.20          -0.044665
208.40          -0.044793
208.60          -0.044921
208.80          -0.045050
209.00          -0.045179
209.20          -0.045310
209.40          -0.045441
209.60          -0.045573
209.80          -0.045706
210.00          -0.045839
210.20          -0.045973
210.40          -0.046108
210.60          -0.046244
210.80          -0.046381
211.00          -0.046519
211.20          -0.046657
211.40          -0.046796
211.60          -0.046936
211.80          -0.047077
212.00          -0.047219
212.20          -0.047362
212.40          -0.047505
212.60          -0.047650
212.80          -0.047795
213.00          -0.047942
213.20          -0.048089
213.40          -0.048237
213.60          -0.048387
213.80          -0.048537
214.00          -0.048688
214.20          -0.048841
214.40          -0.048994
214.60          -0.049149
214.80          -0.049304
215.00          -0.049461
215.20          -0.049618
215.40          -0.049777
215.60          -0.049937
215.80          -0.050098
216.00          -0.050260
216.20          -0.050423
216.40          -0.050588
216.60          -0.050754
216.80          -0.050921
217.00          -0.051089
217.20          -0.051259
217.40          -0.051429
217.60          -0.051601
217.80          -0.051775
218.00          -0.051950
218.20          -0.052126
218.40          -0.052303
218.60          -0.052482
218.80          -0.052662
219.00          -0.052844
219.20          -0.053028
219.40          -0.053212
219.60          -0.053399
219.80          -0.053587
220.00          -0.053776
220.20          -0.053967
220.40          -0.054160
220.60          -0.054354
220.80          -0.054550
221.00          -0.054748
221.20          -0.054947
221.40          -0.055149
221.60          -0.055352
221.80          -0.055557
222.00          -0.055764
222.20          -0.055972
222.40          -0.056183
222.60          -0.056396
222.80          -0.056610
223.00          -0.056827
223.20          -0.057046
223.40          -0.057267
223.60          -0.057490
223.80          -0.057715
224.00          -0.057943
224.20          -0.058173
224.40          -0.058405
224.60          -0.058639
224.80          -0.058876
225.00          -0.059116
