175.00          -0.055042
175.20          -0.055266
175.40          -0.055493
175.60          -0.055721
175.80          -0.055950
176.00          -0.056182
176.20          -0.056415
176.40          -0.056649
176.60          -0.056886
176.80          -0.057124
177.00          -0.057364
177.20          -0.057606
177.40          -0.057850
177.60          -0.058096
177.80          -0.058343
178.00          -0.058593
178.20          -0.058844
178.40          -0.059098
178.60          -0.059353
178.80          -0.059611
179.00          -0.059870
179.20          -0.060132
179.40          -0.060396
179.60          -0.060662
179.80          -0.060931
180.00          -0.061201
180.20          -0.061474
180.40          -0.061749
180.60          -0.062027
180.80          -0.062307
181.00          -0.062590
181.20          -0.062875
181.40          -0.063162
181.60          -0.063452
181.80          -0.063745
182.00          -0.064040
182.20          -0.064339
182.40          -0.064639
182.60          -0.064943
182.80          -0.065250
183.00          -0.065559
183.20          -0.065872
183.40          -0.066187
183.60          -0.066506
183.80          -0.066828
184.00          -0.067152
184.20          -0.067481
184.40          -0.067812
184.60          -0.068147
184.80          -0.068485
185.00          -0.068827
185.20          -0.069173
185.40          -0.069522
185.60          -0.069875
185.80          -0.070231
186.00          -0.070592
186.20          -0.070956
186.40          -0.071325
186.60          -0.071697
186.80          -0.072074
187.00          -0.072455
187.20          -0.072841
187.40          -0.073231
187.60          -0.073626
187.80          -0.074025
188.00          -0.074429
188.20          -0.074838
188.40          -0.075252
188.60          -0.075672
188.80          -0.076096
189.00          -0.076526
189.20          -0.076961
189.40          -0.077402
189.60          -0.077849
189.80          -0.078301
190.00          -0.078760
190.20          -0.079224
190.40          -0.079695
190.60          -0.080173
190.80          -0.080657
191.00          -0.081148
191.20          -0.081646
191.40          -0.082151
191.60          -0.082664
191.80          -0.083184
192.00          -0.083711
192.20          -0.084247
192.40          -0.084791
192.60          -0.085343
192.80          -0.085903
193.00          -0.086473
193.20          -0.087051
193.40          -0.087639
193.60          -0.088237
193.80          -0.088844
194.00          -0.089461
194.20          -0.090089
194.40          -0.090727
194.60          -0.091377
194.80          -0.092038
195.00          -0.092710
195.20          -0.093394
195.40          -0.094091
195.60          -0.094801
195.80          -0.095523
196.00          -0.096259
196.20          -0.097010
196.40          -0.097774
196.60          -0.098553
196.80          -0.099348
197.00          -0.10016
197.20          -0.10099
197.40          -0.10183
197.60          -0.10269
197.80          -0.10357
198.00          -0.10447
198.20          -0.10538
198.40          -0.10632
198.60          -0.10728
198.80          -0.10826
199.00          -0.10926
199.20          -0.11028
199.40          -0.11133
199.60          -0.11240
199.80          -0.11350
200.00          -0.11462
200.20          -0.11577
200.40          -0.11695
200.60          -0.11815
200.80          -0.11939
201.00          -0.12066
201.20          -0.12196
201.40          -0.12330
201.60          -0.12467
201.80          -0.12608
202.00          -0.12752
202.20          -0.12901
202.40          -0.13053
202.60          -0.13210
202.80          -0.13372
203.00          -0.13537
203.20          -0.13708
203.40          -0.13884
203.60          -0.14065
203.80          -0.14251
204.00          -0.14443
204.20          -0.14641
204.40          -0.14845
204.60          -0.15056
204.80          -0.15273
205.00          -0.15497
205.20          -0.15728
205.40          -0.15967
205.60          -0.16214
205.80          -0.16468
206.00          -0.16732
206.20          -0.17004
206.40          -0.17286
206.60          -0.17577
206.80          -0.17878
207.00          -0.18189
207.20          -0.18512
207.40          -0.18845
207.60          -0.19191
207.80          -0.19548
208.00          -0.19919
208.20          -0.20302
208.40          -0.20699
208.60          -0.21109
208.80          -0.21534
209.00          -0.21974
209.20          -0.22430
209.40          -0.22900
209.60          -0.23387
209.80          -0.23890
210.00          -0.24409
210.20          -0.24945
210.40          -0.25497
210.60          -0.26066
210.80          -0.26651
211.00          -0.27252
211.20          -0.27868
211.40          -0.28499
211.60          -0.29144
211.80          -0.29800
212.00          -0.30467
212.20          -0.31143
212.40          -0.31826
212.60          -0.32511
212.80          -0.33197
213.00          -0.33880
213.20          -0.34556
213.40          -0.35219
213.60          -0.35865
213.80          -0.36488
214.00          -0.37082
214.20          -0.37641
214.40          -0.38159
214.60          -0.38629
214.80          -0.39043
215.00          -0.39397
215.20          -0.39683
215.40          -0.39895
215.60          -0.40031
215.80          -0.40084
216.00          -0.40053
216.20          -0.39936
216.40          -0.39732
216.60          -0.39443
216.80          -0.39071
217.00          -0.38619
217.20          -0.38093
217.40          -0.37497
217.60          -0.36839
217.80          -0.36126
218.00          -0.35365
218.20          -0.34565
218.40          -0.33733
218.60          -0.32877
218.80          -0.32004
219.00          -0.31121
219.20          -0.30234
219.40          -0.29350
219.60          -0.28474
219.80          -0.27609
220.00          -0.26761
220.20          -0.25931
220.40          -0.25123
220.60          -0.24339
220.80          -0.23580
221.00          -0.22847
221.20          -0.22142
221.40          -0.21464
221.60          -0.20815
221.80          -0.20192
222.00          -0.19598
222.20          -0.19030
222.40          -0.18488
222.60          -0.17972
222.80          -0.17481
223.00          -0.17014
223.20          -0.16570
223.40          -0.16148
223.60          -0.15747
223.80          -0.15367
224.00          -0.15005
224.20          -0.14663
224.40          -0.14338
224.60          -0.14029
224.80          -0.13737
225.00          -0.13460
