175.00          -0.052128
175.20          -0.052398
175.40          -0.052672
175.60          -0.052948
175.80          -0.053228
176.00          -0.053512
176.20          -0.053799
176.40          -0.054089
176.60          -0.054383
176.80          -0.054681
177.00          -0.054983
177.20          -0.055288
177.40          -0.055598
177.60          -0.055912
177.80          -0.056230
178.00          -0.056552
178.20          -0.056878
178.40          -0.057209
178.60          -0.057545
178.80          -0.057885
179.00          -0.058231
179.20          -0.058581
179.40          -0.058936
179.60          -0.059296
179.80          -0.059662
180.00          -0.060033
180.20          -0.060410
180.40          -0.060793
180.60          -0.061181
180.80          -0.061576
181.00          -0.061976
181.20          -0.062383
181.40          -0.062797
181.60          -0.063217
181.80          -0.063644
182.00          -0.064078
182.20          -0.064520
182.40          -0.064969
182.60          -0.065426
182.80          -0.065890
183.00          -0.066363
183.20          -0.066844
183.40          -0.067334
183.60          -0.067833
183.80          -0.068341
184.00          -0.068858
184.20          -0.069385
184.40          -0.069922
184.60          -0.070469
184.80          -0.071027
185.00          -0.071596
185.20          -0.072177
185.40          -0.072769
185.60          -0.073373
185.80          -0.073989
186.00          -0.074619
186.20          -0.075262
186.40          -0.075918
186.60          -0.076589
186.80          -0.077274
187.00          -0.077975
187.20          -0.078691
187.40          -0.079424
187.60          -0.080174
187.80          -0.080941
188.00          -0.081726
188.20          -0.082530
188.40          -0.083354
188.60          -0.084197
188.80          -0.085062
189.00          -0.085949
189.20          -0.086858
189.40          -0.087791
189.60          -0.088748
189.80          -0.089730
190.00          -0.090739
190.20          -0.091776
190.40          -0.092841
190.60          -0.093936
190.80          -0.095062
191.00          -0.096220
191.20          -0.097413
191.40          -0.098640
191.60          -0.099904
191.80          -0.10121
192.00          -0.10255
192.20          -0.10393
192.40          -0.10536
192.60          -0.10684
192.80          -0.10836
193.00          -0.10993
193.20          -0.11155
193.40          -0.11323
193.60          -0.11497
193.80          -0.11677
194.00          -0.11863
194.20          -0.12056
194.40          -0.12256
194.60          -0.12463
194.80          -0.12678
195.00          -0.12901
195.20          -0.13132
195.40          -0.13373
195.60          -0.13623
195.80          -0.13883
196.00          -0.14153
196.20          -0.14435
196.40          -0.14728
196.60          -0.15033
196.80          -0.15352
197.00          -0.15684
197.20          -0.16031
197.40          -0.16393
197.60          -0.16771
197.80          -0.17167
198.00          -0.17580
198.20          -0.18012
198.40          -0.18465
198.60          -0.18938
198.80          -0.19434
199.00          -0.19954
199.20          -0.20498
199.40          -0.21069
199.60          -0.21667
199.80          -0.22294
200.00          -0.22951
200.20          -0.23640
200.40          -0.24362
200.60          -0.25118
200.80          -0.25909
201.00          -0.26737
201.20          -0.27602
201.40          -0.28506
201.60          -0.29448
201.80          -0.30428
202.00          -0.31446
202.20          -0.32501
202.40          -0.33590
202.60          -0.34711
202.80          -0.35859
203.00          -0.37030
203.20          -0.38217
203.40          -0.39411
203.60          -0.40602
203.80          -0.41779
204.00          -0.42928
204.20          -0.44033
204.40          -0.45079
204.60          -0.46045
204.80          -0.46914
205.00          -0.47665
205.20          -0.48281
205.40          -0.48743
205.60          -0.49037
205.80          -0.49151
206.00          -0.49076
206.20          -0.48809
206.40          -0.48353
206.60          -0.47712
206.80          -0.46898
207.00          -0.45927
207.20          -0.44816
207.40          -0.43585
207.60          -0.42258
207.80          -0.40856
208.00          -0.39400
208.20          -0.37912
208.40          -0.36410
208.60          -0.34910
208.80          -0.33427
209.00          -0.31973
209.20          -0.30558
209.40          -0.29188
209.60          -0.27870
209.80          -0.26607
210.00          -0.25403
210.20          -0.24257
210.40          -0.23170
210.60          -0.22142
210.80          -0.21172
211.00          -0.20257
211.20          -0.19396
211.40          -0.18587
211.60          -0.17826
211.80          -0.17112
212.00          -0.16443
212.20          -0.15815
212.40          -0.15226
212.60          -0.14674
212.80          -0.14157
213.00          -0.13672
213.20          -0.13218
213.40          -0.12792
213.60          -0.12392
213.80          -0.12017
214.00          -0.11666
214.20          -0.11336
214.40          -0.11026
214.60          -0.10736
214.80          -0.10463
215.00          -0.10206
215.20          -0.099650
215.40          -0.097385
215.60          -0.095255
215.80          -0.093251
216.00          -0.091367
216.20          -0.089594
216.40          -0.087925
216.60          -0.086353
216.80          -0.084874
217.00          -0.083481
217.20          -0.082169
217.40          -0.080933
217.60          -0.079769
217.80          -0.078672
218.00          -0.077639
218.20          -0.076665
218.40          -0.075748
218.60          -0.074884
218.80          -0.074071
219.00          -0.073305
219.20          -0.072583
219.40          -0.071904
219.60          -0.071266
219.80          -0.070665
220.00          -0.070101
220.20          -0.069570
220.40          -0.069072
220.60          -0.068605
220.80          -0.068167
221.00          -0.067757
221.20          -0.067373
221.40          -0.067014
221.60          -0.066680
221.80          -0.066368
222.00          -0.066078
222.20          -0.065809
222.40          -0.065560
222.60          -0.065330
222.80          -0.065118
223.00          -0.064924
223.20          -0.064746
223.40          -0.064585
223.60          -0.064439
223.80          -0.064307
224.00          -0.064191
224.20          -0.064088
224.40          -0.063999
224.60          -0.063923
224.80          -0.063859
225.00          -0.063808
