175.00          -0.044522
175.20          -0.044255
175.40          -0.043995
175.60          -0.043742
175.80          -0.043495
176.00          -0.043254
176.20          -0.043019
176.40          -0.042789
176.60          -0.042564
176.80          -0.042345
177.00          -0.042131
177.20          -0.041921
177.40          -0.041716
177.60          -0.041516
177.80          -0.041320
178.00          -0.041128
178.20          -0.040940
178.40          -0.040756
178.60          -0.040576
178.80          -0.040399
179.00          -0.040226
179.20          -0.040056
179.40          -0.039890
179.60          -0.039727
179.80          -0.039567
180.00          -0.039410
180.20          -0.039256
180.40          -0.039105
180.60          -0.038956
180.80          -0.038811
181.00          -0.038667
181.20          -0.038527
181.40          -0.038389
181.60          -0.038253
181.80          -0.038119
182.00          -0.037988
182.20          -0.037859
182.40          -0.037732
182.60          -0.037607
182.80          -0.037485
183.00          -0.037364
183.20          -0.037245
183.40          -0.037128
183.60          -0.037013
183.80          -0.036899
184.00          -0.036788
184.20          -0.036678
184.40          -0.036569
184.60          -0.036462
184.80          -0.036357
185.00          -0.036254
185.20          -0.036151
185.40          -0.036051
185.60          -0.035951
185.80          -0.035854
186.00          -0.035757
186.20          -0.035662
186.40          -0.035568
186.60          -0.035476
186.80          -0.035384
187.00          -0.035294
187.20          -0.035205
187.40          -0.035118
187.60          -0.035031
187.80          -0.034946
188.00          -0.034861
188.20          -0.034778
188.40          -0.034696
188.60          -0.034615
188.80          -0.034535
189.00          -0.034456
189.20          -0.034378
189.40          -0.034301
189.60          -0.034224
189.80          -0.034149
190.00          -0.034075
190.20          -0.034002
190.40          -0.033929
190.60          -0.033858
190.80          -0.033787
191.00          -0.033717
191.20          -0.033648
191.40          -0.033580
191.60          -0.033512
191.80          -0.033445
192.00          -0.033380
192.20          -0.033315
192.40          -0.033250
192.60          -0.033187
192.80          -0.033124
193.00          -0.033062
193.20          -0.033000
193.40          -0.032940
193.60          -0.032880
193.80          -0.032820
194.00          -0.032762
194.20          -0.032704
194.40          -0.032646
194.60          -0.032590
194.80          -0.032534
195.00          -0.032478
195.20          -0.032424
195.40          -0.032370
195.60          -0.032316
195.80          -0.032263
196.00          -0.032211
196.20          -0.032159
196.40          -0.032108
196.60          -0.032057
196.80          -0.032007
197.00          -0.031958
197.20          -0.031909
197.40          -0.031861
197.60          -0.031813
197.80          -0.031766
198.00          -0.031719
198.20          -0.031673
198.40          -0.031628
198.60          -0.031582
198.80          -0.031538
199.00          -0.031494
199.20          -0.031450
199.40          -0.031407
199.60          -0.031365
199.80          -0.031323
200.00          -0.031281
200.20          -0.031240
200.40          -0.031199
200.60          -0.031159
200.80          -0.031119
201.00          -0.031080
201.20          -0.031041
201.40          -0.031003
201.60          -0.030965
201.80          -0.030928
202.00          -0.030891
202.20          -0.030855
202.40          -0.030818
202.60          -0.030783
202.80          -0.030748
203.00          -0.030713
203.20          -0.030679
203.40          -0.030645
203.60          -0.030611
203.80          -0.030578
204.00          -0.030546
204.20          -0.030514
204.40          -0.030482
204.60          -0.030451
204.80          -0.030421
205.00          -0.030396
205.20          -0.030369
205.40          -0.030327
205.60          -0.030298
205.80          -0.030269
206.00          -0.030240
206.20          -0.030212
206.40          -0.030184
206.60          -0.030157
206.80          -0.030130
207.00          -0.030103
207.20          -0.030077
207.40          -0.030051
207.60          -0.030025
207.80          -0.030000
208.00          -0.029975
208.20          -0.029951
208.40          -0.029927
208.60          -0.029903
208.80          -0.029879
209.00          -0.029856
209.20          -0.029834
209.40          -0.029811
209.60          -0.029789
209.80          -0.029767
210.00          -0.029746
210.20          -0.029725
210.40          -0.029704
210.60          -0.029684
210.80          -0.029664
211.00          -0.029645
211.20          -0.029625
211.40          -0.029606
211.60          -0.029588
211.80          -0.029570
212.00          -0.029552
212.20          -0.029534
212.40          -0.029517
212.60          -0.029500
212.80          -0.029483
213.00          -0.029467
213.20          -0.029451
213.40          -0.029435
213.60          -0.029420
213.80          -0.029405
214.00          -0.029390
214.20          -0.029376
214.40          -0.029362
214.60          -0.029348
214.80          -0.029334
215.00          -0.029321
215.20          -0.029308
215.40          -0.029296
215.60          -0.029284
215.80          -0.029272
216.00          -0.029260
216.20          -0.029249
216.40          -0.029238
216.60          -0.029228
216.80          -0.029217
217.00          -0.029208
217.20          -0.029198
217.40          -0.029189
217.60          -0.029180
217.80          -0.029171
218.00          -0.029163
218.20          -0.029155
218.40          -0.029147
218.60          -0.029140
218.80          -0.029134
219.00          -0.029127
219.20          -0.029121
219.40          -0.029115
219.60          -0.029110
219.80          -0.029106
220.00          -0.029101
220.20          -0.029098
220.40          -0.029094
220.60          -0.029092
220.80          -0.029090
221.00          -0.029088
221.20          -0.029087
221.40          -0.029087
221.60          -0.029088
221.80          -0.029090
222.00          -0.029093
222.20          -0.029097
222.40          -0.029103
222.60          -0.029110
222.80          -0.029118
223.00          -0.029129
223.20          -0.029143
223.40          -0.029159
223.60          -0.029179
223.80          -0.029203
224.00          -0.029233
224.20          -0.029269
224.40          -0.029314
224.60          -0.029371
224.80          -0.029443
225.00          -0.029535
