175.00          -0.52176
175.20          -0.44793
175.40          -0.38671
175.60          -0.33622
175.80          -0.29462
176.00          -0.26026
176.20          -0.23177
176.40          -0.20803
176.60          -0.18814
176.80          -0.17137
177.00          -0.15716
177.20          -0.14505
177.40          -0.13467
177.60          -0.12574
177.80          -0.11801
178.00          -0.11129
178.20          -0.10543
178.40          -0.10029
178.60          -0.095779
178.80          -0.091799
179.00          -0.088277
179.20          -0.085153
179.40          -0.082375
179.60          -0.079898
179.80          -0.077685
180.00          -0.075704
180.20          -0.073928
180.40          -0.072333
180.60          -0.070899
180.80          -0.069608
181.00          -0.068445
181.20          -0.067397
181.40          -0.066451
181.60          -0.065597
181.80          -0.064827
182.00          -0.064133
182.20          -0.063507
182.40          -0.062943
182.60          -0.062435
182.80          -0.061979
183.00          -0.061570
183.20          -0.061204
183.40          -0.060878
183.60          -0.060588
183.80          -0.060332
184.00          -0.060107
184.20          -0.059911
184.40          -0.059741
184.60          -0.059597
184.80          -0.059475
185.00          -0.059375
185.20          -0.059296
185.40          -0.059236
185.60          -0.059194
185.80          -0.059169
186.00          -0.059161
186.20          -0.059169
186.40          -0.059193
186.60          -0.059232
186.80          -0.059286
187.00          -0.059356
187.20          -0.059441
187.40          -0.059543
187.60          -0.059661
187.80          -0.059799
188.00          -0.059957
188.20          -0.060138
188.40          -0.060348
188.60          -0.060592
188.80          -0.060879
189.00          -0.061223
189.20          -0.061645
189.40          -0.062180
189.60          -0.062891
189.80          -0.063894
190.00          -0.065439
190.20          -0.068156
190.40          -0.074098
190.60          -0.094225
190.80          -0.40924
191.00          -0.13502
191.20          -0.065907
191.40          -0.060287
191.60          -0.059276
191.80          -0.059164
192.00          -0.059300
192.20          -0.059512
192.40          -0.059748
192.60          -0.059988
192.80          -0.060224
193.00          -0.060456
193.20          -0.060682
193.40          -0.060903
193.60          -0.061120
193.80          -0.061333
194.00          -0.061542
194.20          -0.061749
194.40          -0.061953
194.60          -0.062156
194.80          -0.062357
195.00          -0.062556
195.20          -0.062754
195.40          -0.062952
195.60          -0.063149
195.80          -0.063345
196.00          -0.063541
196.20          -0.063736
196.40          -0.063931
196.60          -0.064126
196.80          -0.064321
197.00          -0.064516
197.20          -0.064710
197.40          -0.064905
197.60          -0.065100
197.80          -0.065294
198.00          -0.065489
198.20          -0.065684
198.40          -0.065880
198.60          -0.066075
198.80          -0.066270
199.00          -0.066466
199.20          -0.066662
199.40          -0.066858
199.60          -0.067054
199.80          -0.067250
200.00          -0.067447
200.20          -0.067644
200.40          -0.067841
200.60          -0.068038
200.80          -0.068235
201.00          -0.068433
201.20          -0.068631
201.40          -0.068829
201.60          -0.069027
201.80          -0.069226
202.00          -0.069424
202.20          -0.069623
202.40          -0.069822
202.60          -0.070021
202.80          -0.070221
203.00          -0.070421
203.20          -0.070620
203.40          -0.070821
203.60          -0.071021
203.80          -0.071221
204.00          -0.071422
204.20          -0.071623
204.40          -0.071824
204.60          -0.072026
204.80          -0.072227
205.00          -0.072429
205.20          -0.072631
205.40          -0.072834
205.60          -0.073036
205.80          -0.073239
206.00          -0.073442
206.20          -0.073646
206.40          -0.073849
206.60          -0.074054
206.80          -0.074258
207.00          -0.074463
207.20          -0.074668
207.40          -0.074873
207.60          -0.075079
207.80          -0.075285
208.00          -0.075492
208.20          -0.075700
208.40          -0.075907
208.60          -0.076116
208.80          -0.076325
209.00          -0.076535
209.20          -0.076745
209.40          -0.076957
209.60          -0.077169
209.80          -0.077383
210.00          -0.077598
210.20          -0.077814
210.40          -0.078031
210.60          -0.078251
210.80          -0.078472
211.00          -0.078696
211.20          -0.078922
211.40          -0.079152
211.60          -0.079386
211.80          -0.079625
212.00          -0.079871
212.20          -0.080125
212.40          -0.080391
212.60          -0.080674
212.80          -0.080983
213.00          -0.081334
213.20          -0.081759
213.40          -0.082338
213.60          -0.083299
213.80          -0.085621
214.00          -0.098879
214.20          -0.25491
214.40          -0.087470
214.60          -0.083821
214.80          -0.083308
215.00          -0.083325
215.20          -0.083501
215.40          -0.083743
215.60          -0.084023
215.80          -0.084328
216.00          -0.084657
216.20          -0.085009
216.40          -0.085388
216.60          -0.085798
216.80          -0.086246
217.00          -0.086743
217.20          -0.087302
217.40          -0.087944
217.60          -0.088698
217.80          -0.089609
218.00          -0.090750
218.20          -0.092244
218.40          -0.094313
218.60          -0.097403
218.80          -0.10253
219.00          -0.11239
219.20          -0.13596
219.40          -0.19727
219.60          -0.16261
219.80          -0.098918
220.00          -0.085841
220.20          -0.082919
220.40          -0.082339
220.60          -0.082434
220.80          -0.082742
221.00          -0.083113
221.20          -0.083495
221.40          -0.083867
221.60          -0.084223
221.80          -0.084561
222.00          -0.084882
222.20          -0.085187
222.40          -0.085478
222.60          -0.085756
222.80          -0.086023
223.00          -0.086281
223.20          -0.086529
223.40          -0.086770
223.60          -0.087004
223.80          -0.087231
224.00          -0.087452
224.20          -0.087668
224.40          -0.087880
224.60          -0.088087
224.80          -0.088290
225.00          -0.088489
