175.00          -0.065048
175.20          -0.065830
175.40          -0.066638
175.60          -0.067476
175.80          -0.068343
176.00          -0.069242
176.20          -0.070174
176.40          -0.071142
176.60          -0.072147
176.80          -0.073192
177.00          -0.074279
177.20          -0.075411
177.40          -0.076590
177.60          -0.077820
177.80          -0.079103
178.00          -0.080444
178.20          -0.081845
178.40          -0.083312
178.60          -0.084849
178.80          -0.086460
179.00          -0.088151
179.20          -0.089929
179.40          -0.091798
179.60          -0.093767
179.80          -0.095842
180.00          -0.098034
180.20          -0.10035
180.40          -0.10280
180.60          -0.10540
180.80          -0.10815
181.00          -0.11108
181.20          -0.11420
181.40          -0.11752
181.60          -0.12107
181.80          -0.12486
182.00          -0.12892
182.20          -0.13328
182.40          -0.13797
182.60          -0.14302
182.80          -0.14847
183.00          -0.15436
183.20          -0.16074
183.40          -0.16768
183.60          -0.17522
183.80          -0.18345
184.00          -0.19245
184.20          -0.20231
184.40          -0.21314
184.60          -0.22507
184.80          -0.23823
185.00          -0.25279
185.20          -0.26893
185.40          -0.28685
185.60          -0.30679
185.80          -0.32899
186.00          -0.35372
186.20          -0.38127
186.40          -0.41191
186.60          -0.44588
186.80          -0.48333
187.00          -0.52429
187.20          -0.56853
187.40          -0.61546
187.60          -0.66397
187.80          -0.71230
188.00          -0.75797
188.20          -0.79780
188.40          -0.82827
188.60          -0.84602
188.80          -0.84860
189.00          -0.83511
189.20          -0.80653
189.40          -0.76547
189.60          -0.71557
189.80          -0.66066
190.00          -0.60422
190.20          -0.54890
190.40          -0.49655
190.60          -0.44822
190.80          -0.40441
191.00          -0.36517
191.20          -0.33033
191.40          -0.29956
191.60          -0.27247
191.80          -0.24866
192.00          -0.22774
192.20          -0.20935
192.40          -0.19317
192.60          -0.17890
192.80          -0.16631
193.00          -0.15517
193.20          -0.14530
193.40          -0.13653
193.60          -0.12873
193.80          -0.12178
194.00          -0.11557
194.20          -0.11002
194.40          -0.10506
194.60          -0.10061
194.80          -0.096626
195.00          -0.093056
195.20          -0.089862
195.40          -0.087008
195.60          -0.084467
195.80          -0.082214
196.00          -0.080233
196.20          -0.078510
196.40          -0.077038
196.60          -0.075815
196.80          -0.074850
197.00          -0.074160
197.20          -0.073778
197.40          -0.073758
197.60          -0.074194
197.80          -0.075240
198.00          -0.077168
198.20          -0.080486
198.40          -0.086234
198.60          -0.096866
198.80          -0.11951
199.00          -0.18399
199.20          -0.57404
199.40          -2.3182
199.60          -0.14960
199.80          -0.067024
200.00          -0.051560
200.20          -0.047049
200.40          -0.045480
200.60          -0.044913
200.80          -0.044734
201.00          -0.044715
201.20          -0.044763
201.40          -0.044838
201.60          -0.044921
201.80          -0.045004
202.00          -0.045086
202.20          -0.045164
202.40          -0.045240
202.60          -0.045313
202.80          -0.045385
203.00          -0.045456
203.20          -0.045527
203.40          -0.045598
203.60          -0.045670
203.80          -0.045744
204.00          -0.045820
204.20          -0.045898
204.40          -0.045978
204.60          -0.046061
204.80          -0.046146
205.00          -0.046234
205.20          -0.046325
205.40          -0.046418
205.60          -0.046515
205.80          -0.046614
206.00          -0.046716
206.20          -0.046821
206.40          -0.046929
206.60          -0.047039
206.80          -0.047152
207.00          -0.047268
207.20          -0.047386
207.40          -0.047507
207.60          -0.047631
207.80          -0.047757
208.00          -0.047885
208.20          -0.048016
208.40          -0.048149
208.60          -0.048285
208.80          -0.048422
209.00          -0.048562
209.20          -0.048704
209.40          -0.048848
209.60          -0.048994
209.80          -0.049142
210.00          -0.049292
210.20          -0.049444
210.40          -0.049598
210.60          -0.049754
210.80          -0.049911
211.00          -0.050071
211.20          -0.050232
211.40          -0.050395
211.60          -0.050560
211.80          -0.050726
212.00          -0.050894
212.20          -0.051064
212.40          -0.051236
212.60          -0.051410
212.80          -0.051585
213.00          -0.051761
213.20          -0.051940
213.40          -0.052120
213.60          -0.052302
213.80          -0.052485
214.00          -0.052670
214.20          -0.052857
214.40          -0.053045
214.60          -0.053235
214.80          -0.053427
215.00          -0.053621
215.20          -0.053816
215.40          -0.054014
215.60          -0.054213
215.80          -0.054413
216.00          -0.054616
216.20          -0.054821
216.40          -0.055027
216.60          -0.055236
216.80          -0.055446
217.00          -0.055659
217.20          -0.055874
217.40          -0.056091
217.60          -0.056310
217.80          -0.056532
218.00          -0.056756
218.20          -0.056982
218.40          -0.057211
218.60          -0.057443
218.80          -0.057678
219.00          -0.057915
219.20          -0.058156
219.40          -0.058400
219.60          -0.058648
219.80          -0.058899
220.00          -0.059154
220.20          -0.059413
220.40          -0.059678
220.60          -0.059947
220.80          -0.060223
221.00          -0.060507
221.20          -0.060807
221.40          -0.061162
221.60          -0.063966
221.80          -0.061655
222.00          -0.061928
222.20          -0.062243
222.40          -0.062568
222.60          -0.062901
222.80          -0.063245
223.00          -0.063598
223.20          -0.063964
223.40          -0.064342
223.60          -0.064736
223.80          -0.065146
224.00          -0.065574
224.20          -0.066024
224.40          -0.066497
224.60          -0.066998
224.80          -0.067531
225.00          -0.068101
