175.00          -0.090197
175.20          -0.092014
175.40          -0.093926
175.60          -0.095940
175.80          -0.098064
176.00          -0.10031
176.20          -0.10268
176.40          -0.10519
176.60          -0.10785
176.80          -0.11067
177.00          -0.11368
177.20          -0.11688
177.40          -0.12029
177.60          -0.12393
177.80          -0.12782
178.00          -0.13200
178.20          -0.13648
178.40          -0.14130
178.60          -0.14650
178.80          -0.15211
179.00          -0.15818
179.20          -0.16477
179.40          -0.17192
179.60          -0.17971
179.80          -0.18821
180.00          -0.19750
180.20          -0.20769
180.40          -0.21889
180.60          -0.23123
180.80          -0.24484
181.00          -0.25990
181.20          -0.27658
181.40          -0.29510
181.60          -0.31567
181.80          -0.33854
182.00          -0.36396
182.20          -0.39218
182.40          -0.42342
182.60          -0.45786
182.80          -0.49552
183.00          -0.53628
183.20          -0.57968
183.40          -0.62485
183.60          -0.67039
183.80          -0.71423
184.00          -0.75368
184.20          -0.78558
184.40          -0.80677
184.60          -0.81462
184.80          -0.80774
185.00          -0.78631
185.20          -0.75217
185.40          -0.70829
185.60          -0.65819
185.80          -0.60525
186.00          -0.55227
186.20          -0.50130
186.40          -0.45365
186.60          -0.41002
186.80          -0.37065
187.00          -0.33548
187.20          -0.30429
187.40          -0.27673
187.60          -0.25245
187.80          -0.23107
188.00          -0.21225
188.20          -0.19567
188.40          -0.18104
188.60          -0.16811
188.80          -0.15666
189.00          -0.14651
189.20          -0.13748
189.40          -0.12943
189.60          -0.12224
189.80          -0.11581
190.00          -0.11005
190.20          -0.10486
190.40          -0.10020
190.60          -0.095990
190.80          -0.092188
191.00          -0.088747
191.20          -0.085629
191.40          -0.082799
191.60          -0.080228
191.80          -0.077889
192.00          -0.075760
192.20          -0.073820
192.40          -0.072050
192.60          -0.070436
192.80          -0.068964
193.00          -0.067620
193.20          -0.066395
193.40          -0.065278
193.60          -0.064260
193.80          -0.063335
194.00          -0.062495
194.20          -0.061735
194.40          -0.061049
194.60          -0.060433
194.80          -0.059884
195.00          -0.059399
195.20          -0.058975
195.40          -0.058612
195.60          -0.058308
195.80          -0.058064
196.00          -0.057881
196.20          -0.057763
196.40          -0.057716
196.60          -0.057746
196.80          -0.057865
197.00          -0.058091
197.20          -0.058449
197.40          -0.058978
197.60          -0.059741
197.80          -0.060839
198.00          -0.062451
198.20          -0.064919
198.40          -0.068967
198.60          -0.076408
198.80          -0.093072
199.00          -0.14902
199.20          -0.86459
199.40          -0.34075
199.60          -0.074654
199.80          -0.053417
200.00          -0.048919
200.20          -0.047722
200.40          -0.047468
200.60          -0.047535
200.80          -0.047719
201.00          -0.047942
201.20          -0.048175
201.40          -0.048404
201.60          -0.048626
201.80          -0.048840
202.00          -0.049045
202.20          -0.049242
202.40          -0.049433
202.60          -0.049618
202.80          -0.049799
203.00          -0.049975
203.20          -0.050148
203.40          -0.050319
203.60          -0.050488
203.80          -0.050655
204.00          -0.050821
204.20          -0.050987
204.40          -0.051151
204.60          -0.051316
204.80          -0.051480
205.00          -0.051645
205.20          -0.051809
205.40          -0.051974
205.60          -0.052140
205.80          -0.052306
206.00          -0.052473
206.20          -0.052640
206.40          -0.052808
206.60          -0.052977
206.80          -0.053147
207.00          -0.053317
207.20          -0.053489
207.40          -0.053661
207.60          -0.053835
207.80          -0.054009
208.00          -0.054184
208.20          -0.054360
208.40          -0.054537
208.60          -0.054715
208.80          -0.054894
209.00          -0.055074
209.20          -0.055255
209.40          -0.055437
209.60          -0.055620
209.80          -0.055804
210.00          -0.055989
210.20          -0.056175
210.40          -0.056362
210.60          -0.056550
210.80          -0.056739
211.00          -0.056929
211.20          -0.057120
211.40          -0.057312
211.60          -0.057505
211.80          -0.057699
212.00          -0.057894
212.20          -0.058091
212.40          -0.058288
212.60          -0.058486
212.80          -0.058685
213.00          -0.058885
213.20          -0.059087
213.40          -0.059289
213.60          -0.059493
213.80          -0.059697
214.00          -0.059903
214.20          -0.060110
214.40          -0.060318
214.60          -0.060527
214.80          -0.060738
215.00          -0.060950
215.20          -0.061163
215.40          -0.061377
215.60          -0.061592
215.80          -0.061809
216.00          -0.062027
216.20          -0.062247
216.40          -0.062468
216.60          -0.062691
216.80          -0.062915
217.00          -0.063140
217.20          -0.063368
217.40          -0.063597
217.60          -0.063828
217.80          -0.064060
218.00          -0.064295
218.20          -0.064532
218.40          -0.064771
218.60          -0.065012
218.80          -0.065255
219.00          -0.065501
219.20          -0.065750
219.40          -0.066002
219.60          -0.066257
219.80          -0.066515
220.00          -0.066778
220.20          -0.067046
220.40          -0.067321
220.60          -0.067606
220.80          -0.067906
221.00          -0.068241
221.20          -0.068675
221.40          -0.069668
221.60          -0.12313
221.80          -0.070407
222.00          -0.069768
222.20          -0.069928
222.40          -0.070195
222.60          -0.070497
222.80          -0.070818
223.00          -0.071151
223.20          -0.071497
223.40          -0.071855
223.60          -0.072226
223.80          -0.072612
224.00          -0.073014
224.20          -0.073433
224.40          -0.073873
224.60          -0.074336
224.80          -0.074825
225.00          -0.075346
