175.00          -0.026839
175.20          -0.026883
175.40          -0.026927
175.60          -0.026972
175.80          -0.027016
176.00          -0.027061
176.20          -0.027106
176.40          -0.027150
176.60          -0.027195
176.80          -0.027240
177.00          -0.027285
177.20          -0.027330
177.40          -0.027376
177.60          -0.027421
177.80          -0.027466
178.00          -0.027512
178.20          -0.027557
178.40          -0.027603
178.60          -0.027649
178.80          -0.027695
179.00          -0.027741
179.20          -0.027787
179.40          -0.027833
179.60          -0.027879
179.80          -0.027925
180.00          -0.027972
180.20          -0.028018
180.40          -0.028065
180.60          -0.028111
180.80          -0.028158
181.00          -0.028205
181.20          -0.028252
181.40          -0.028299
181.60          -0.028346
181.80          -0.028394
182.00          -0.028441
182.20          -0.028488
182.40          -0.028536
182.60          -0.028584
182.80          -0.028632
183.00          -0.028680
183.20          -0.028728
183.40          -0.028776
183.60          -0.028824
183.80          -0.028872
184.00          -0.028921
184.20          -0.028969
184.40          -0.029018
184.60          -0.029067
184.80          -0.029116
185.00          -0.029165
185.20          -0.029214
185.40          -0.029264
185.60          -0.029313
185.80          -0.029363
186.00          -0.029412
186.20          -0.029462
186.40          -0.029512
186.60          -0.029562
186.80          -0.029612
187.00          -0.029663
187.20          -0.029713
187.40          -0.029764
187.60          -0.029815
187.80          -0.029866
188.00          -0.029917
188.20          -0.029968
188.40          -0.030019
188.60          -0.030071
188.80          -0.030123
189.00          -0.030174
189.20          -0.030226
189.40          -0.030279
189.60          -0.030331
189.80          -0.030384
190.00          -0.030436
190.20          -0.030489
190.40          -0.030542
190.60          -0.030596
190.80          -0.030649
191.00          -0.030703
191.20          -0.030757
191.40          -0.030811
191.60          -0.030865
191.80          -0.030920
192.00          -0.030974
192.20          -0.031029
192.40          -0.031084
192.60          -0.031140
192.80          -0.031196
193.00          -0.031251
193.20          -0.031308
193.40          -0.031364
193.60          -0.031421
193.80          -0.031478
194.00          -0.031535
194.20          -0.031593
194.40          -0.031651
194.60          -0.031709
194.80          -0.031768
195.00          -0.031827
195.20          -0.031886
195.40          -0.031946
195.60          -0.032006
195.80          -0.032066
196.00          -0.032127
196.20          -0.032189
196.40          -0.032250
196.60          -0.032313
196.80          -0.032376
197.00          -0.032439
197.20          -0.032503
197.40          -0.032567
197.60          -0.032632
197.80          -0.032698
198.00          -0.032765
198.20          -0.032832
198.40          -0.032900
198.60          -0.032968
198.80          -0.033038
199.00          -0.033109
199.20          -0.033180
199.40          -0.033253
199.60          -0.033327
199.80          -0.033402
200.00          -0.033478
200.20          -0.033556
200.40          -0.033636
200.60          -0.033717
200.80          -0.033801
201.00          -0.033887
201.20          -0.033975
201.40          -0.034066
201.60          -0.034160
201.80          -0.034257
202.00          -0.034359
202.20          -0.034466
202.40          -0.034578
202.60          -0.034697
202.80          -0.034824
203.00          -0.034961
203.20          -0.035110
203.40          -0.035274
203.60          -0.035458
203.80          -0.035668
204.00          -0.035913
204.20          -0.036208
204.40          -0.036575
204.60          -0.037055
204.80          -0.037720
205.00          -0.038723
205.20          -0.040424
205.40          -0.043894
205.60          -0.053797
205.80          -0.12037
206.00          -0.36893
206.20          -0.049618
206.40          -0.038020
206.60          -0.035822
206.80          -0.035229
207.00          -0.035087
207.20          -0.035107
207.40          -0.035192
207.60          -0.035307
207.80          -0.035437
208.00          -0.035573
208.20          -0.035714
208.40          -0.035858
208.60          -0.036004
208.80          -0.036152
209.00          -0.036303
209.20          -0.036456
209.40          -0.036612
209.60          -0.036772
209.80          -0.036937
210.00          -0.037107
210.20          -0.037282
210.40          -0.037463
210.60          -0.037652
210.80          -0.037850
211.00          -0.038056
211.20          -0.038273
211.40          -0.038502
211.60          -0.038744
211.80          -0.039001
212.00          -0.039276
212.20          -0.039569
212.40          -0.039885
212.60          -0.040226
212.80          -0.040596
213.00          -0.041000
213.20          -0.041442
213.40          -0.041930
213.60          -0.042471
213.80          -0.043075
214.00          -0.043754
214.20          -0.044524
214.40          -0.045404
214.60          -0.046418
214.80          -0.047600
215.00          -0.048991
215.20          -0.050650
215.40          -0.052657
215.60          -0.055124
215.80          -0.058213
216.00          -0.062166
216.20          -0.067354
216.40          -0.074377
216.60          -0.084254
216.80          -0.098825
217.00          -0.12171
217.20          -0.16086
217.40          -0.23655
217.60          -0.41377
217.80          -0.99187
218.00          -4.2867
218.20          -3.2383
218.40          -0.78405
218.60          -0.33280
218.80          -0.18999
219.00          -0.12870
219.20          -0.097272
219.40          -0.079182
219.60          -0.067899
219.80          -0.060433
220.00          -0.055267
220.20          -0.051564
220.40          -0.048833
220.60          -0.046773
220.80          -0.045189
221.00          -0.043952
221.20          -0.042973
221.40          -0.042191
221.60          -0.041560
221.80          -0.041047
222.00          -0.040629
222.20          -0.040286
222.40          -0.040004
222.60          -0.039772
222.80          -0.039581
223.00          -0.039425
223.20          -0.039298
223.40          -0.039195
223.60          -0.039113
223.80          -0.039049
224.00          -0.039000
224.20          -0.038964
224.40          -0.038940
224.60          -0.038926
224.80          -0.038921
225.00          -0.038924
