175.00          -0.029117
175.20          -0.029170
175.40          -0.029223
175.60          -0.029276
175.80          -0.029329
176.00          -0.029383
176.20          -0.029436
176.40          -0.029490
176.60          -0.029544
176.80          -0.029598
177.00          -0.029653
177.20          -0.029707
177.40          -0.029762
177.60          -0.029816
177.80          -0.029871
178.00          -0.029926
178.20          -0.029982
178.40          -0.030037
178.60          -0.030093
178.80          -0.030148
179.00          -0.030204
179.20          -0.030260
179.40          -0.030317
179.60          -0.030373
179.80          -0.030430
180.00          -0.030487
180.20          -0.030544
180.40          -0.030601
180.60          -0.030658
180.80          -0.030716
181.00          -0.030774
181.20          -0.030832
181.40          -0.030890
181.60          -0.030949
181.80          -0.031007
182.00          -0.031066
182.20          -0.031125
182.40          -0.031185
182.60          -0.031244
182.80          -0.031304
183.00          -0.031364
183.20          -0.031425
183.40          -0.031485
183.60          -0.031546
183.80          -0.031607
184.00          -0.031668
184.20          -0.031730
184.40          -0.031792
184.60          -0.031854
184.80          -0.031917
185.00          -0.031979
185.20          -0.032043
185.40          -0.032106
185.60          -0.032170
185.80          -0.032234
186.00          -0.032298
186.20          -0.032363
186.40          -0.032428
186.60          -0.032493
186.80          -0.032559
187.00          -0.032625
187.20          -0.032692
187.40          -0.032759
187.60          -0.032826
187.80          -0.032894
188.00          -0.032962
188.20          -0.033031
188.40          -0.033100
188.60          -0.033169
188.80          -0.033239
189.00          -0.033310
189.20          -0.033381
189.40          -0.033452
189.60          -0.033525
189.80          -0.033597
190.00          -0.033670
190.20          -0.033744
190.40          -0.033819
190.60          -0.033894
190.80          -0.033969
191.00          -0.034046
191.20          -0.034123
191.40          -0.034201
191.60          -0.034279
191.80          -0.034359
192.00          -0.034439
192.20          -0.034520
192.40          -0.034601
192.60          -0.034684
192.80          -0.034768
193.00          -0.034852
193.20          -0.034938
193.40          -0.035025
193.60          -0.035113
193.80          -0.035202
194.00          -0.035292
194.20          -0.035383
194.40          -0.035476
194.60          -0.035570
194.80          -0.035665
195.00          -0.035762
195.20          -0.035861
195.40          -0.035961
195.60          -0.036063
195.80          -0.036167
196.00          -0.036273
196.20          -0.036381
196.40          -0.036491
196.60          -0.036603
196.80          -0.036718
197.00          -0.036835
197.20          -0.036955
197.40          -0.037078
197.60          -0.037204
197.80          -0.037333
198.00          -0.037466
198.20          -0.037602
198.40          -0.037743
198.60          -0.037888
198.80          -0.038038
199.00          -0.038192
199.20          -0.038353
199.40          -0.038519
199.60          -0.038692
199.80          -0.038872
200.00          -0.039060
200.20          -0.039256
200.40          -0.039462
200.60          -0.039678
200.80          -0.039906
201.00          -0.040148
201.20          -0.040404
201.40          -0.040678
201.60          -0.040970
201.80          -0.041285
202.00          -0.041626
202.20          -0.041997
202.40          -0.042403
202.60          -0.042852
202.80          -0.043354
203.00          -0.043919
203.20          -0.044564
203.40          -0.045311
203.60          -0.046192
203.80          -0.047252
204.00          -0.048562
204.20          -0.050230
204.40          -0.052444
204.60          -0.055537
204.80          -0.060173
205.00          -0.067841
205.20          -0.082585
205.40          -0.11926
205.60          -0.27872
205.80          -7.1630
206.00          -0.24036
206.20          -0.074576
206.40          -0.050430
206.60          -0.043939
206.80          -0.041885
207.00          -0.041362
207.20          -0.041480
207.40          -0.041907
207.60          -0.042508
207.80          -0.043223
208.00          -0.044026
208.20          -0.044911
208.40          -0.045880
208.60          -0.046942
208.80          -0.048112
209.00          -0.049409
209.20          -0.050857
209.40          -0.052490
209.60          -0.054346
209.80          -0.056479
210.00          -0.058955
210.20          -0.061865
210.40          -0.065327
210.60          -0.069505
210.80          -0.074627
211.00          -0.081018
211.20          -0.089157
211.40          -0.099771
211.60          -0.11401
211.80          -0.13376
212.00          -0.16233
212.20          -0.20585
212.40          -0.27671
212.60          -0.40255
212.80          -0.65210
213.00          -1.2061
213.20          -2.3131
213.40          -2.5241
213.60          -1.3435
213.80          -0.68543
214.00          -0.39991
214.20          -0.26275
214.40          -0.18877
214.60          -0.14503
214.80          -0.11727
215.00          -0.098686
215.20          -0.085688
215.40          -0.076282
215.60          -0.069281
215.80          -0.063947
216.00          -0.059803
216.20          -0.056530
216.40          -0.053907
216.60          -0.051780
216.80          -0.050036
217.00          -0.048594
217.20          -0.047391
217.40          -0.046381
217.60          -0.045528
217.80          -0.044804
218.00          -0.044186
218.20          -0.043657
218.40          -0.043203
218.60          -0.042812
218.80          -0.042475
219.00          -0.042184
219.20          -0.041933
219.40          -0.041716
219.60          -0.041528
219.80          -0.041367
220.00          -0.041228
220.20          -0.041110
220.40          -0.041009
220.60          -0.040924
220.80          -0.040852
221.00          -0.040793
221.20          -0.040745
221.40          -0.040707
221.60          -0.040678
221.80          -0.040656
222.00          -0.040642
222.20          -0.040635
222.40          -0.040634
222.60          -0.040638
222.80          -0.040646
223.00          -0.040660
223.20          -0.040678
223.40          -0.040699
223.60          -0.040724
223.80          -0.040752
224.00          -0.040783
224.20          -0.040818
224.40          -0.040854
224.60          -0.040894
224.80          -0.040936
225.00          -0.040980
