175.00          -0.075521
175.20          -0.075821
175.40          -0.076119
175.60          -0.076418
175.80          -0.076715
176.00          -0.077012
176.20          -0.077308
176.40          -0.077603
176.60          -0.077897
176.80          -0.078191
177.00          -0.078483
177.20          -0.078775
177.40          -0.079066
177.60          -0.079356
177.80          -0.079644
178.00          -0.079932
178.20          -0.080218
178.40          -0.080503
178.60          -0.080788
178.80          -0.081070
179.00          -0.081352
179.20          -0.081633
179.40          -0.081912
179.60          -0.082189
179.80          -0.082466
180.00          -0.082741
180.20          -0.083014
180.40          -0.083286
180.60          -0.083557
180.80          -0.083826
181.00          -0.084094
181.20          -0.084360
181.40          -0.084624
181.60          -0.084887
181.80          -0.085148
182.00          -0.085408
182.20          -0.085666
182.40          -0.085922
182.60          -0.086177
182.80          -0.086430
183.00          -0.086681
183.20          -0.086930
183.40          -0.087178
183.60          -0.087424
183.80          -0.087668
184.00          -0.087910
184.20          -0.088151
184.40          -0.088390
184.60          -0.088626
184.80          -0.088862
185.00          -0.089095
185.20          -0.089326
185.40          -0.089556
185.60          -0.089783
185.80          -0.090009
186.00          -0.090233
186.20          -0.090456
186.40          -0.090676
186.60          -0.090894
186.80          -0.091111
187.00          -0.091326
187.20          -0.091539
187.40          -0.091750
187.60          -0.091960
187.80          -0.092167
188.00          -0.092373
188.20          -0.092577
188.40          -0.092779
188.60          -0.092980
188.80          -0.093179
189.00          -0.093376
189.20          -0.093572
189.40          -0.093765
189.60          -0.093958
189.80          -0.094148
190.00          -0.094337
190.20          -0.094524
190.40          -0.094710
190.60          -0.094895
190.80          -0.095077
191.00          -0.095259
191.20          -0.095439
191.40          -0.095617
191.60          -0.095795
191.80          -0.095971
192.00          -0.096145
192.20          -0.096319
192.40          -0.096491
192.60          -0.096662
192.80          -0.096832
193.00          -0.097001
193.20          -0.097169
193.40          -0.097336
193.60          -0.097502
193.80          -0.097667
194.00          -0.097832
194.20          -0.097996
194.40          -0.098159
194.60          -0.098321
194.80          -0.098484
195.00          -0.098645
195.20          -0.098807
195.40          -0.098968
195.60          -0.099129
195.80          -0.099290
196.00          -0.099451
196.20          -0.099612
196.40          -0.099773
196.60          -0.099935
196.80          -0.10010
197.00          -0.10026
197.20          -0.10042
197.40          -0.10059
197.60          -0.10075
197.80          -0.10092
198.00          -0.10109
198.20          -0.10126
198.40          -0.10143
198.60          -0.10161
198.80          -0.10178
199.00          -0.10196
199.20          -0.10215
199.40          -0.10233
199.60          -0.10252
199.80          -0.10272
200.00          -0.10292
200.20          -0.10313
200.40          -0.10334
200.60          -0.10356
200.80          -0.10379
201.00          -0.10402
201.20          -0.10427
201.40          -0.10453
201.60          -0.10481
201.80          -0.10510
202.00          -0.10540
202.20          -0.10573
202.40          -0.10609
202.60          -0.10648
202.80          -0.10690
203.00          -0.10737
203.20          -0.10790
203.40          -0.10849
203.60          -0.10917
203.80          -0.10997
204.00          -0.11092
204.20          -0.11208
204.40          -0.11354
204.60          -0.11544
204.80          -0.11803
205.00          -0.12178
205.20          -0.12769
205.40          -0.13825
205.60          -0.16137
205.80          -0.23744
206.00          -1.1487
206.20          -0.50351
206.40          -0.13526
206.60          -0.10660
206.80          -0.10083
207.00          -0.099505
207.20          -0.099417
207.40          -0.099733
207.60          -0.10018
207.80          -0.10067
208.00          -0.10116
208.20          -0.10163
208.40          -0.10208
208.60          -0.10251
208.80          -0.10293
209.00          -0.10333
209.20          -0.10372
209.40          -0.10411
209.60          -0.10448
209.80          -0.10485
210.00          -0.10522
210.20          -0.10559
210.40          -0.10597
210.60          -0.10634
210.80          -0.10672
211.00          -0.10711
211.20          -0.10751
211.40          -0.10792
211.60          -0.10834
211.80          -0.10878
212.00          -0.10925
212.20          -0.10973
212.40          -0.11024
212.60          -0.11078
212.80          -0.11135
213.00          -0.11197
213.20          -0.11263
213.40          -0.11334
213.60          -0.11412
213.80          -0.11498
214.00          -0.11592
214.20          -0.11697
214.40          -0.11814
214.60          -0.11947
214.80          -0.12099
215.00          -0.12274
215.20          -0.12479
215.40          -0.12722
215.60          -0.13016
215.80          -0.13377
216.00          -0.13832
216.20          -0.14420
216.40          -0.15207
216.60          -0.16307
216.80          -0.17931
217.00          -0.20516
217.20          -0.25095
217.40          -0.34626
217.60          -0.60497
217.80          -1.6608
218.00          -2.1954
218.20          -0.54608
218.40          -0.23703
218.60          -0.15419
218.80          -0.12366
219.00          -0.11021
219.20          -0.10365
219.40          -0.10027
219.60          -0.098528
219.80          -0.097669
220.00          -0.097321
220.20          -0.097278
220.40          -0.097423
220.60          -0.097688
220.80          -0.098030
221.00          -0.098425
221.20          -0.098856
221.40          -0.099315
221.60          -0.099795
221.80          -0.10030
222.00          -0.10081
222.20          -0.10135
222.40          -0.10191
222.60          -0.10250
222.80          -0.10312
223.00          -0.10377
223.20          -0.10447
223.40          -0.10521
223.60          -0.10602
223.80          -0.10690
224.00          -0.10786
224.20          -0.10894
224.40          -0.11014
224.60          -0.11151
224.80          -0.11307
225.00          -0.11489
