175.00          -0.17652
175.20          -0.17101
175.40          -0.16571
175.60          -0.16061
175.80          -0.15571
176.00          -0.15101
176.20          -0.14649
176.40          -0.14216
176.60          -0.13801
176.80          -0.13402
177.00          -0.13020
177.20          -0.12654
177.40          -0.12303
177.60          -0.11967
177.80          -0.11645
178.00          -0.11337
178.20          -0.11041
178.40          -0.10758
178.60          -0.10487
178.80          -0.10228
179.00          -0.099790
179.20          -0.097408
179.40          -0.095126
179.60          -0.092940
179.80          -0.090845
180.00          -0.088838
180.20          -0.086915
180.40          -0.085072
180.60          -0.083306
180.80          -0.081612
181.00          -0.079989
181.20          -0.078433
181.40          -0.076942
181.60          -0.075511
181.80          -0.074140
182.00          -0.072824
182.20          -0.071563
182.40          -0.070353
182.60          -0.069192
182.80          -0.068078
183.00          -0.067010
183.20          -0.065986
183.40          -0.065002
183.60          -0.064059
183.80          -0.063154
184.00          -0.062286
184.20          -0.061453
184.40          -0.060654
184.60          -0.059887
184.80          -0.059151
185.00          -0.058445
185.20          -0.057768
185.40          -0.057119
185.60          -0.056496
185.80          -0.055899
186.00          -0.055326
186.20          -0.054778
186.40          -0.054251
186.60          -0.053747
186.80          -0.053264
187.00          -0.052801
187.20          -0.052358
187.40          -0.051934
187.60          -0.051528
187.80          -0.051140
188.00          -0.050768
188.20          -0.050413
188.40          -0.050074
188.60          -0.049751
188.80          -0.049442
189.00          -0.049147
189.20          -0.048866
189.40          -0.048599
189.60          -0.048344
189.80          -0.048102
190.00          -0.047872
190.20          -0.047654
190.40          -0.047447
190.60          -0.047252
190.80          -0.047067
191.00          -0.046892
191.20          -0.046728
191.40          -0.046573
191.60          -0.046428
191.80          -0.046292
192.00          -0.046166
192.20          -0.046048
192.40          -0.045938
192.60          -0.045837
192.80          -0.045744
193.00          -0.045659
193.20          -0.045581
193.40          -0.045511
193.60          -0.045449
193.80          -0.045393
194.00          -0.045345
194.20          -0.045303
194.40          -0.045269
194.60          -0.045241
194.80          -0.045219
195.00          -0.045204
195.20          -0.045195
195.40          -0.045192
195.60          -0.045195
195.80          -0.045204
196.00          -0.045219
196.20          -0.045240
196.40          -0.045266
196.60          -0.045298
196.80          -0.045336
197.00          -0.045380
197.20          -0.045429
197.40          -0.045484
197.60          -0.045544
197.80          -0.045610
198.00          -0.045682
198.20          -0.045759
198.40          -0.045842
198.60          -0.045931
198.80          -0.046026
199.00          -0.046127
199.20          -0.046234
199.40          -0.046347
199.60          -0.046467
199.80          -0.046594
200.00          -0.046728
200.20          -0.046869
200.40          -0.047018
200.60          -0.047175
200.80          -0.047341
201.00          -0.047517
201.20          -0.047703
201.40          -0.047900
201.60          -0.048110
201.80          -0.048334
202.00          -0.048573
202.20          -0.048829
202.40          -0.049106
202.60          -0.049406
202.80          -0.049733
203.00          -0.050092
203.20          -0.050490
203.40          -0.050937
203.60          -0.051443
203.80          -0.052025
204.00          -0.052707
204.20          -0.053523
204.40          -0.054525
204.60          -0.055794
204.80          -0.057468
205.00          -0.059796
205.20          -0.063267
205.40          -0.068981
205.60          -0.079924
205.80          -0.10714
206.00          -0.22813
206.20          -12.531
206.40          -0.16510
206.60          -0.065104
206.80          -0.051047
207.00          -0.047528
207.20          -0.046557
207.40          -0.046409
207.60          -0.046570
207.80          -0.046853
208.00          -0.047184
208.20          -0.047530
208.40          -0.047878
208.60          -0.048220
208.80          -0.048555
209.00          -0.048882
209.20          -0.049201
209.40          -0.049512
209.60          -0.049817
209.80          -0.050116
210.00          -0.050409
210.20          -0.050699
210.40          -0.050984
210.60          -0.051266
210.80          -0.051546
211.00          -0.051823
211.20          -0.052099
211.40          -0.052373
211.60          -0.052646
211.80          -0.052918
212.00          -0.053190
212.20          -0.053461
212.40          -0.053732
212.60          -0.054003
212.80          -0.054275
213.00          -0.054547
213.20          -0.054819
213.40          -0.055092
213.60          -0.055366
213.80          -0.055641
214.00          -0.055917
214.20          -0.056194
214.40          -0.056472
214.60          -0.056751
214.80          -0.057032
215.00          -0.057314
215.20          -0.057598
215.40          -0.057883
215.60          -0.058170
215.80          -0.058459
216.00          -0.058749
216.20          -0.059042
216.40          -0.059336
216.60          -0.059632
216.80          -0.059930
217.00          -0.060230
217.20          -0.060532
217.40          -0.060836
217.60          -0.061143
217.80          -0.061451
218.00          -0.061762
218.20          -0.062075
218.40          -0.062391
218.60          -0.062709
218.80          -0.063030
219.00          -0.063353
219.20          -0.063678
219.40          -0.064007
219.60          -0.064338
219.80          -0.064671
220.00          -0.065008
220.20          -0.065347
220.40          -0.065690
220.60          -0.066035
220.80          -0.066383
221.00          -0.066735
221.20          -0.067089
221.40          -0.067447
221.60          -0.067809
221.80          -0.068173
222.00          -0.068542
222.20          -0.068913
222.40          -0.069289
222.60          -0.069669
222.80          -0.070052
223.00          -0.070439
223.20          -0.070831
223.40          -0.071227
223.60          -0.071628
223.80          -0.072033
224.00          -0.072443
224.20          -0.072858
224.40          -0.073279
224.60          -0.073705
224.80          -0.074137
225.00          -0.074576
