175.00          -0.078767
175.20          -0.079248
175.40          -0.079731
175.60          -0.080216
175.80          -0.080703
176.00          -0.081192
176.20          -0.081683
176.40          -0.082176
176.60          -0.082671
176.80          -0.083167
177.00          -0.083665
177.20          -0.084165
177.40          -0.084667
177.60          -0.085170
177.80          -0.085674
178.00          -0.086180
178.20          -0.086688
178.40          -0.087196
178.60          -0.087706
178.80          -0.088217
179.00          -0.088730
179.20          -0.089243
179.40          -0.089758
179.60          -0.090273
179.80          -0.090789
180.00          -0.091306
180.20          -0.091824
180.40          -0.092342
180.60          -0.092861
180.80          -0.093381
181.00          -0.093901
181.20          -0.094421
181.40          -0.094941
181.60          -0.095462
181.80          -0.095983
182.00          -0.096505
182.20          -0.097026
182.40          -0.097547
182.60          -0.098068
182.80          -0.098589
183.00          -0.099109
183.20          -0.099630
183.40          -0.10015
183.60          -0.10067
183.80          -0.10119
184.00          -0.10171
184.20          -0.10222
184.40          -0.10274
184.60          -0.10326
184.80          -0.10377
185.00          -0.10429
185.20          -0.10480
185.40          -0.10531
185.60          -0.10582
185.80          -0.10633
186.00          -0.10684
186.20          -0.10735
186.40          -0.10785
186.60          -0.10836
186.80          -0.10886
187.00          -0.10936
187.20          -0.10986
187.40          -0.11036
187.60          -0.11086
187.80          -0.11136
188.00          -0.11185
188.20          -0.11234
188.40          -0.11283
188.60          -0.11332
188.80          -0.11381
189.00          -0.11430
189.20          -0.11478
189.40          -0.11526
189.60          -0.11574
189.80          -0.11622
190.00          -0.11670
190.20          -0.11718
190.40          -0.11765
190.60          -0.11812
190.80          -0.11860
191.00          -0.11907
191.20          -0.11953
191.40          -0.12000
191.60          -0.12047
191.80          -0.12093
192.00          -0.12140
192.20          -0.12186
192.40          -0.12232
192.60          -0.12278
192.80          -0.12324
193.00          -0.12370
193.20          -0.12416
193.40          -0.12462
193.60          -0.12508
193.80          -0.12554
194.00          -0.12599
194.20          -0.12645
194.40          -0.12691
194.60          -0.12738
194.80          -0.12784
195.00          -0.12830
195.20          -0.12877
195.40          -0.12923
195.60          -0.12970
195.80          -0.13017
196.00          -0.13065
196.20          -0.13113
196.40          -0.13161
196.60          -0.13209
196.80          -0.13258
197.00          -0.13308
197.20          -0.13358
197.40          -0.13409
197.60          -0.13460
197.80          -0.13512
198.00          -0.13565
198.20          -0.13618
198.40          -0.13673
198.60          -0.13728
198.80          -0.13785
199.00          -0.13842
199.20          -0.13901
199.40          -0.13962
199.60          -0.14023
199.80          -0.14087
200.00          -0.14152
200.20          -0.14218
200.40          -0.14287
200.60          -0.14358
200.80          -0.14431
201.00          -0.14507
201.20          -0.14585
201.40          -0.14666
201.60          -0.14751
201.80          -0.14839
202.00          -0.14931
202.20          -0.15028
202.40          -0.15129
202.60          -0.15235
202.80          -0.15348
203.00          -0.15467
203.20          -0.15595
203.40          -0.15731
203.60          -0.15879
203.80          -0.16040
204.00          -0.16217
204.20          -0.16415
204.40          -0.16641
204.60          -0.16905
204.80          -0.17227
205.00          -0.17639
205.20          -0.18211
205.40          -0.19110
205.60          -0.20850
205.80          -0.25864
206.00          -0.72095
206.20          -0.51493
206.40          -0.18903
206.60          -0.17262
206.80          -0.17211
207.00          -0.17433
207.20          -0.17729
207.40          -0.18053
207.60          -0.18396
207.80          -0.18754
208.00          -0.19130
208.20          -0.19525
208.40          -0.19944
208.60          -0.20389
208.80          -0.20865
209.00          -0.21374
209.20          -0.21922
209.40          -0.22514
209.60          -0.23156
209.80          -0.23853
210.00          -0.24614
210.20          -0.25446
210.40          -0.26361
210.60          -0.27370
210.80          -0.28486
211.00          -0.29726
211.20          -0.31109
211.40          -0.32659
211.60          -0.34403
211.80          -0.36376
212.00          -0.38619
212.20          -0.41183
212.40          -0.44129
212.60          -0.47535
212.80          -0.51498
213.00          -0.56136
213.20          -0.61599
213.40          -0.68069
213.60          -0.75772
213.80          -0.84975
214.00          -0.95979
214.20          -1.0908
214.40          -1.2451
214.60          -1.4222
214.80          -1.6162
215.00          -1.8111
215.20          -1.9781
215.40          -2.0785
215.60          -2.0792
215.80          -1.9729
216.00          -1.7848
216.20          -1.5570
216.40          -1.3271
216.60          -1.1180
216.80          -0.93885
217.00          -0.79050
217.20          -0.66966
217.40          -0.57189
217.60          -0.49284
217.80          -0.42872
218.00          -0.37644
218.20          -0.33355
218.40          -0.29813
218.60          -0.26867
218.80          -0.24402
219.00          -0.22324
219.20          -0.20563
219.40          -0.19060
219.60          -0.17772
219.80          -0.16662
220.00          -0.15700
220.20          -0.14864
220.40          -0.14133
220.60          -0.13492
220.80          -0.12929
221.00          -0.12431
221.20          -0.11991
221.40          -0.11600
221.60          -0.11253
221.80          -0.10944
222.00          -0.10669
222.20          -0.10424
222.40          -0.10205
222.60          -0.10010
222.80          -0.098369
223.00          -0.096837
223.20          -0.095489
223.40          -0.094313
223.60          -0.093299
223.80          -0.092443
224.00          -0.091741
224.20          -0.091195
224.40          -0.090808
224.60          -0.090592
224.80          -0.090561
225.00          -0.090740
