175.00          -0.087315
175.20          -0.086297
175.40          -0.085340
175.60          -0.084441
175.80          -0.083594
176.00          -0.082796
176.20          -0.082043
176.40          -0.081332
176.60          -0.080660
176.80          -0.080024
177.00          -0.079422
177.20          -0.078851
177.40          -0.078310
177.60          -0.077796
177.80          -0.077307
178.00          -0.076842
178.20          -0.076400
178.40          -0.075979
178.60          -0.075577
178.80          -0.075193
179.00          -0.074827
179.20          -0.074477
179.40          -0.074142
179.60          -0.073822
179.80          -0.073515
180.00          -0.073220
180.20          -0.072938
180.40          -0.072667
180.60          -0.072406
180.80          -0.072156
181.00          -0.071915
181.20          -0.071683
181.40          -0.071459
181.60          -0.071243
181.80          -0.071035
182.00          -0.070834
182.20          -0.070640
182.40          -0.070452
182.60          -0.070270
182.80          -0.070094
183.00          -0.069923
183.20          -0.069757
183.40          -0.069597
183.60          -0.069441
183.80          -0.069289
184.00          -0.069141
184.20          -0.068998
184.40          -0.068858
184.60          -0.068722
184.80          -0.068589
185.00          -0.068459
185.20          -0.068333
185.40          -0.068209
185.60          -0.068088
185.80          -0.067970
186.00          -0.067854
186.20          -0.067741
186.40          -0.067630
186.60          -0.067521
186.80          -0.067414
187.00          -0.067309
187.20          -0.067206
187.40          -0.067105
187.60          -0.067005
187.80          -0.066907
188.00          -0.066811
188.20          -0.066715
188.40          -0.066622
188.60          -0.066529
188.80          -0.066438
189.00          -0.066348
189.20          -0.066260
189.40          -0.066172
189.60          -0.066085
189.80          -0.066000
190.00          -0.065915
190.20          -0.065831
190.40          -0.065748
190.60          -0.065666
190.80          -0.065584
191.00          -0.065504
191.20          -0.065424
191.40          -0.065344
191.60          -0.065266
191.80          -0.065188
192.00          -0.065110
192.20          -0.065033
192.40          -0.064957
192.60          -0.064881
192.80          -0.064805
193.00          -0.064730
193.20          -0.064656
193.40          -0.064582
193.60          -0.064508
193.80          -0.064435
194.00          -0.064362
194.20          -0.064289
194.40          -0.064217
194.60          -0.064145
194.80          -0.064073
195.00          -0.064001
195.20          -0.063930
195.40          -0.063859
195.60          -0.063789
195.80          -0.063718
196.00          -0.063648
196.20          -0.063578
196.40          -0.063508
196.60          -0.063439
196.80          -0.063370
197.00          -0.063300
197.20          -0.063232
197.40          -0.063163
197.60          -0.063094
197.80          -0.063026
198.00          -0.062958
198.20          -0.062890
198.40          -0.062822
198.60          -0.062754
198.80          -0.062687
199.00          -0.062619
199.20          -0.062552
199.40          -0.062485
199.60          -0.062418
199.80          -0.062352
200.00          -0.062285
200.20          -0.062219
200.40          -0.062153
200.60          -0.062087
200.80          -0.062022
201.00          -0.061956
201.20          -0.061891
201.40          -0.061827
201.60          -0.061762
201.80          -0.061698
202.00          -0.061635
202.20          -0.061572
202.40          -0.061509
202.60          -0.061447
202.80          -0.061386
203.00          -0.061326
203.20          -0.061267
203.40          -0.061209
203.60          -0.061153
203.80          -0.061099
204.00          -0.061048
204.20          -0.061001
204.40          -0.060960
204.60          -0.060926
204.80          -0.060905
205.00          -0.060905
205.20          -0.060941
205.40          -0.061051
205.60          -0.061342
205.80          -0.062241
206.00          -0.067380
206.20          -0.28145
206.40          -0.062941
206.60          -0.060566
206.80          -0.060099
207.00          -0.059913
207.20          -0.059804
207.40          -0.059721
207.60          -0.059650
207.80          -0.059583
208.00          -0.059519
208.20          -0.059456
208.40          -0.059394
208.60          -0.059332
208.80          -0.059270
209.00          -0.059209
209.20          -0.059147
209.40          -0.059085
209.60          -0.059023
209.80          -0.058961
210.00          -0.058899
210.20          -0.058837
210.40          -0.058775
210.60          -0.058713
210.80          -0.058651
211.00          -0.058589
211.20          -0.058528
211.40          -0.058466
211.60          -0.058404
211.80          -0.058342
212.00          -0.058280
212.20          -0.058219
212.40          -0.058157
212.60          -0.058096
212.80          -0.058034
213.00          -0.057973
213.20          -0.057912
213.40          -0.057851
213.60          -0.057790
213.80          -0.057729
214.00          -0.057668
214.20          -0.057607
214.40          -0.057546
214.60          -0.057486
214.80          -0.057426
215.00          -0.057365
215.20          -0.057305
215.40          -0.057245
215.60          -0.057185
215.80          -0.057125
216.00          -0.057066
216.20          -0.057006
216.40          -0.056947
216.60          -0.056887
216.80          -0.056828
217.00          -0.056769
217.20          -0.056710
217.40          -0.056651
217.60          -0.056593
217.80          -0.056534
218.00          -0.056476
218.20          -0.056418
218.40          -0.056360
218.60          -0.056302
218.80          -0.056244
219.00          -0.056186
219.20          -0.056129
219.40          -0.056072
219.60          -0.056014
219.80          -0.055957
220.00          -0.055900
220.20          -0.055844
220.40          -0.055787
220.60          -0.055731
220.80          -0.055674
221.00          -0.055618
221.20          -0.055562
221.40          -0.055506
221.60          -0.055451
221.80          -0.055395
222.00          -0.055340
222.20          -0.055285
222.40          -0.055230
222.60          -0.055175
222.80          -0.055120
223.00          -0.055066
223.20          -0.055012
223.40          -0.054958
223.60          -0.054905
223.80          -0.054852
224.00          -0.054799
224.20          -0.054747
224.40          -0.054695
224.60          -0.054644
224.80          -0.054593
225.00          -0.054544
