175.00          -0.058283
175.20          -0.061281
175.40          -0.065393
175.60          -0.071484
175.80          -0.081584
176.00          -0.10160
176.20          -0.15670
176.40          -0.50992
176.60          -1.5858
176.80          -0.10313
177.00          -0.054016
177.20          -0.046678
177.40          -0.045890
177.60          -0.046748
177.80          -0.048126
178.00          -0.049693
178.20          -0.051350
178.40          -0.053065
178.60          -0.054841
178.80          -0.056686
179.00          -0.058616
179.20          -0.060652
179.40          -0.062815
179.60          -0.065129
179.80          -0.067623
180.00          -0.070328
180.20          -0.073282
180.40          -0.076528
180.60          -0.080119
180.80          -0.084117
181.00          -0.088599
181.20          -0.093659
181.40          -0.099414
181.60          -0.10601
181.80          -0.11364
182.00          -0.12254
182.20          -0.13303
182.40          -0.14553
182.60          -0.16060
182.80          -0.17901
183.00          -0.20186
183.20          -0.23066
183.40          -0.26764
183.60          -0.31606
183.80          -0.38080
184.00          -0.46914
184.20          -0.59157
184.40          -0.76151
184.60          -0.98903
184.80          -1.2566
185.00          -1.4726
185.20          -1.4869
185.40          -1.2725
185.60          -0.97433
185.80          -0.71484
186.00          -0.52467
186.20          -0.39268
186.40          -0.30154
186.60          -0.23772
186.80          -0.19208
187.00          -0.15874
187.20          -0.13387
187.40          -0.11497
187.60          -0.10036
187.80          -0.088890
188.00          -0.079771
188.20          -0.072433
188.40          -0.066467
188.60          -0.061572
188.80          -0.057523
189.00          -0.054150
189.20          -0.051322
189.40          -0.048939
189.60          -0.046920
189.80          -0.045203
190.00          -0.043739
190.20          -0.042486
190.40          -0.041411
190.60          -0.040488
190.80          -0.039695
191.00          -0.039013
191.20          -0.038428
191.40          -0.037925
191.60          -0.037495
191.80          -0.037128
192.00          -0.036817
192.20          -0.036555
192.40          -0.036335
192.60          -0.036155
192.80          -0.036008
193.00          -0.035892
193.20          -0.035804
193.40          -0.035740
193.60          -0.035698
193.80          -0.035677
194.00          -0.035674
194.20          -0.035688
194.40          -0.035717
194.60          -0.035760
194.80          -0.035817
195.00          -0.035886
195.20          -0.035966
195.40          -0.036057
195.60          -0.036159
195.80          -0.036270
196.00          -0.036391
196.20          -0.036521
196.40          -0.036659
196.60          -0.036807
196.80          -0.036963
197.00          -0.037128
197.20          -0.037301
197.40          -0.037484
197.60          -0.037675
197.80          -0.037877
198.00          -0.038088
198.20          -0.038310
198.40          -0.038543
198.60          -0.038789
198.80          -0.039048
199.00          -0.039323
199.20          -0.039615
199.40          -0.039926
199.60          -0.040260
199.80          -0.040622
200.00          -0.041018
200.20          -0.041457
200.40          -0.041955
200.60          -0.042538
200.80          -0.043254
201.00          -0.044212
201.20          -0.045701
201.40          -0.048753
201.60          -0.059919
201.80          -0.40288
202.00          -0.080925
202.20          -0.053514
202.40          -0.050705
202.60          -0.050805
202.80          -0.051879
203.00          -0.053584
203.20          -0.055934
203.40          -0.059118
203.60          -0.063523
203.80          -0.069875
204.00          -0.079607
204.20          -0.095832
204.40          -0.12626
204.60          -0.19327
204.80          -0.36163
205.00          -0.52830
205.20          -0.25727
205.40          -0.11593
205.60          -0.070507
205.80          -0.053212
206.00          -0.045535
206.20          -0.041775
206.40          -0.039831
206.60          -0.038815
206.80          -0.038306
207.00          -0.038090
207.20          -0.038050
207.40          -0.038119
207.60          -0.038256
207.80          -0.038438
208.00          -0.038647
208.20          -0.038876
208.40          -0.039116
208.60          -0.039363
208.80          -0.039615
209.00          -0.039870
209.20          -0.040125
209.40          -0.040381
209.60          -0.040637
209.80          -0.040892
210.00          -0.041146
210.20          -0.041399
210.40          -0.041652
210.60          -0.041903
210.80          -0.042154
211.00          -0.042404
211.20          -0.042654
211.40          -0.042903
211.60          -0.043152
211.80          -0.043400
212.00          -0.043649
212.20          -0.043897
212.40          -0.044146
212.60          -0.044395
212.80          -0.044645
213.00          -0.044895
213.20          -0.045146
213.40          -0.045398
213.60          -0.045651
213.80          -0.045906
214.00          -0.046161
214.20          -0.046418
214.40          -0.046677
214.60          -0.046937
214.80          -0.047199
215.00          -0.047463
215.20          -0.047729
215.40          -0.047997
215.60          -0.048267
215.80          -0.048540
216.00          -0.048816
216.20          -0.049094
216.40          -0.049376
216.60          -0.049660
216.80          -0.049948
217.00          -0.050238
217.20          -0.050533
217.40          -0.050831
217.60          -0.051133
217.80          -0.051439
218.00          -0.051750
218.20          -0.052065
218.40          -0.052384
218.60          -0.052708
218.80          -0.053038
219.00          -0.053373
219.20          -0.053713
219.40          -0.054059
219.60          -0.054411
219.80          -0.054770
220.00          -0.055135
220.20          -0.055508
220.40          -0.055888
220.60          -0.056275
220.80          -0.056670
221.00          -0.057074
221.20          -0.057487
221.40          -0.057909
221.60          -0.058341
221.80          -0.058783
222.00          -0.059237
222.20          -0.059701
222.40          -0.060178
222.60          -0.060667
222.80          -0.061169
223.00          -0.061686
223.20          -0.062218
223.40          -0.062765
223.60          -0.063329
223.80          -0.063911
224.00          -0.064511
224.20          -0.065132
224.40          -0.065774
224.60          -0.066438
224.80          -0.067126
225.00          -0.067840
