175.00          -0.16502
175.20          -0.14024
175.40          -0.12117
175.60          -0.10624
175.80          -0.094406
176.00          -0.084893
176.20          -0.077164
176.40          -0.070820
176.60          -0.065565
176.80          -0.061179
177.00          -0.057492
177.20          -0.054372
177.40          -0.051718
177.60          -0.049449
177.80          -0.047501
178.00          -0.045821
178.20          -0.044369
178.40          -0.043110
178.60          -0.042015
178.80          -0.041062
179.00          -0.040231
179.20          -0.039507
179.40          -0.038874
179.60          -0.038321
179.80          -0.037840
180.00          -0.037420
180.20          -0.037056
180.40          -0.036740
180.60          -0.036468
180.80          -0.036234
181.00          -0.036035
181.20          -0.035867
181.40          -0.035727
181.60          -0.035613
181.80          -0.035520
182.00          -0.035449
182.20          -0.035396
182.40          -0.035361
182.60          -0.035341
182.80          -0.035335
183.00          -0.035343
183.20          -0.035363
183.40          -0.035393
183.60          -0.035434
183.80          -0.035485
184.00          -0.035545
184.20          -0.035613
184.40          -0.035689
184.60          -0.035772
184.80          -0.035862
185.00          -0.035959
185.20          -0.036061
185.40          -0.036170
185.60          -0.036285
185.80          -0.036405
186.00          -0.036530
186.20          -0.036660
186.40          -0.036795
186.60          -0.036935
186.80          -0.037080
187.00          -0.037230
187.20          -0.037384
187.40          -0.037543
187.60          -0.037707
187.80          -0.037876
188.00          -0.038049
188.20          -0.038228
188.40          -0.038411
188.60          -0.038600
188.80          -0.038795
189.00          -0.038995
189.20          -0.039201
189.40          -0.039414
189.60          -0.039633
189.80          -0.039860
190.00          -0.040094
190.20          -0.040337
190.40          -0.040589
190.60          -0.040850
190.80          -0.041123
191.00          -0.041408
191.20          -0.041706
191.40          -0.042019
191.60          -0.042348
191.80          -0.042697
192.00          -0.043067
192.20          -0.043463
192.40          -0.043887
192.60          -0.044345
192.80          -0.044844
193.00          -0.045392
193.20          -0.045999
193.40          -0.046679
193.60          -0.047452
193.80          -0.048345
194.00          -0.049398
194.20          -0.050670
194.40          -0.052254
194.60          -0.054309
194.80          -0.057121
195.00          -0.061264
195.20          -0.068052
195.40          -0.081148
195.60          -0.11450
195.80          -0.26681
196.00          -8.4124
196.20          -0.37464
196.40          -0.14639
196.60          -0.11830
196.80          -0.12672
197.00          -0.16741
197.20          -0.27903
197.40          -0.38383
197.60          -0.17232
197.80          -0.078287
198.00          -0.051911
198.20          -0.043089
198.40          -0.039754
198.60          -0.038478
198.80          -0.038078
199.00          -0.038082
199.20          -0.038284
199.40          -0.038582
199.60          -0.038928
199.80          -0.039293
200.00          -0.039666
200.20          -0.040037
200.40          -0.040403
200.60          -0.040762
200.80          -0.041113
201.00          -0.041457
201.20          -0.041792
201.40          -0.042121
201.60          -0.042442
201.80          -0.042757
202.00          -0.043067
202.20          -0.043372
202.40          -0.043671
202.60          -0.043967
202.80          -0.044259
203.00          -0.044548
203.20          -0.044834
203.40          -0.045117
203.60          -0.045399
203.80          -0.045678
204.00          -0.045956
204.20          -0.046233
204.40          -0.046509
204.60          -0.046784
204.80          -0.047058
205.00          -0.047332
205.20          -0.047606
205.40          -0.047880
205.60          -0.048154
205.80          -0.048429
206.00          -0.048704
206.20          -0.048980
206.40          -0.049257
206.60          -0.049535
206.80          -0.049814
207.00          -0.050095
207.20          -0.050377
207.40          -0.050661
207.60          -0.050946
207.80          -0.051234
208.00          -0.051523
208.20          -0.051815
208.40          -0.052109
208.60          -0.052406
208.80          -0.052705
209.00          -0.053007
209.20          -0.053312
209.40          -0.053620
209.60          -0.053932
209.80          -0.054247
210.00          -0.054565
210.20          -0.054887
210.40          -0.055213
210.60          -0.055544
210.80          -0.055878
211.00          -0.056217
211.20          -0.056561
211.40          -0.056909
211.60          -0.057263
211.80          -0.057622
212.00          -0.057987
212.20          -0.058357
212.40          -0.058734
212.60          -0.059117
212.80          -0.059507
213.00          -0.059903
213.20          -0.060307
213.40          -0.060719
213.60          -0.061138
213.80          -0.061566
214.00          -0.062003
214.20          -0.062449
214.40          -0.062904
214.60          -0.063370
214.80          -0.063846
215.00          -0.064333
215.20          -0.064832
215.40          -0.065343
215.60          -0.065867
215.80          -0.066405
216.00          -0.066957
216.20          -0.067525
216.40          -0.068108
216.60          -0.068708
216.80          -0.069326
217.00          -0.069963
217.20          -0.070620
217.40          -0.071298
217.60          -0.071999
217.80          -0.072723
218.00          -0.073473
218.20          -0.074250
218.40          -0.075056
218.60          -0.075893
218.80          -0.076763
219.00          -0.077668
219.20          -0.078610
219.40          -0.079593
219.60          -0.080620
219.80          -0.081693
220.00          -0.082817
220.20          -0.083994
220.40          -0.085231
220.60          -0.086531
220.80          -0.087899
221.00          -0.089343
221.20          -0.090867
221.40          -0.092480
221.60          -0.094189
221.80          -0.096004
222.00          -0.097933
222.20          -0.099990
222.40          -0.10218
222.60          -0.10453
222.80          -0.10705
223.00          -0.10975
223.20          -0.11265
223.40          -0.11578
223.60          -0.11917
223.80          -0.12282
224.00          -0.12678
224.20          -0.13108
224.40          -0.13574
224.60          -0.14081
224.80          -0.14630
225.00          -0.15227
