175.00          -0.013289
175.20          -0.013309
175.40          -0.013328
175.60          -0.013348
175.80          -0.013368
176.00          -0.013388
176.20          -0.013408
176.40          -0.013428
176.60          -0.013448
176.80          -0.013469
177.00          -0.013490
177.20          -0.013511
177.40          -0.013532
177.60          -0.013553
177.80          -0.013574
178.00          -0.013596
178.20          -0.013618
178.40          -0.013640
178.60          -0.013662
178.80          -0.013685
179.00          -0.013707
179.20          -0.013730
179.40          -0.013753
179.60          -0.013776
179.80          -0.013799
180.00          -0.013823
180.20          -0.013847
180.40          -0.013871
180.60          -0.013895
180.80          -0.013920
181.00          -0.013944
181.20          -0.013969
181.40          -0.013994
181.60          -0.014020
181.80          -0.014046
182.00          -0.014072
182.20          -0.014098
182.40          -0.014124
182.60          -0.014151
182.80          -0.014178
183.00          -0.014205
183.20          -0.014233
183.40          -0.014260
183.60          -0.014288
183.80          -0.014317
184.00          -0.014346
184.20          -0.014374
184.40          -0.014404
184.60          -0.014433
184.80          -0.014463
185.00          -0.014494
185.20          -0.014524
185.40          -0.014555
185.60          -0.014586
185.80          -0.014618
186.00          -0.014650
186.20          -0.014683
186.40          -0.014715
186.60          -0.014748
186.80          -0.014782
187.00          -0.014816
187.20          -0.014850
187.40          -0.014885
187.60          -0.014920
187.80          -0.014956
188.00          -0.014992
188.20          -0.015029
188.40          -0.015066
188.60          -0.015103
188.80          -0.015141
189.00          -0.015180
189.20          -0.015219
189.40          -0.015258
189.60          -0.015298
189.80          -0.015339
190.00          -0.015380
190.20          -0.015422
190.40          -0.015464
190.60          -0.015507
190.80          -0.015550
191.00          -0.015594
191.20          -0.015639
191.40          -0.015685
191.60          -0.015731
191.80          -0.015778
192.00          -0.015825
192.20          -0.015873
192.40          -0.015922
192.60          -0.015972
192.80          -0.016023
193.00          -0.016074
193.20          -0.016126
193.40          -0.016179
193.60          -0.016233
193.80          -0.016288
194.00          -0.016344
194.20          -0.016401
194.40          -0.016458
194.60          -0.016517
194.80          -0.016577
195.00          -0.016638
195.20          -0.016700
195.40          -0.016763
195.60          -0.016827
195.80          -0.016892
196.00          -0.016959
196.20          -0.017027
196.40          -0.017096
196.60          -0.017166
196.80          -0.017238
197.00          -0.017312
197.20          -0.017387
197.40          -0.017463
197.60          -0.017541
197.80          -0.017620
198.00          -0.017702
198.20          -0.017785
198.40          -0.017870
198.60          -0.017956
198.80          -0.018045
199.00          -0.018136
199.20          -0.018229
199.40          -0.018323
199.60          -0.018421
199.80          -0.018520
200.00          -0.018622
200.20          -0.018726
200.40          -0.018833
200.60          -0.018943
200.80          -0.019055
201.00          -0.019171
201.20          -0.019289
201.40          -0.019410
201.60          -0.019535
201.80          -0.019663
202.00          -0.019795
202.20          -0.019931
202.40          -0.020070
202.60          -0.020214
202.80          -0.020361
203.00          -0.020513
203.20          -0.020670
203.40          -0.020831
203.60          -0.020998
203.80          -0.021170
204.00          -0.021348
204.20          -0.021531
204.40          -0.021721
204.60          -0.021917
204.80          -0.022120
205.00          -0.022330
205.20          -0.022548
205.40          -0.022774
205.60          -0.023010
205.80          -0.023257
206.00          -0.023529
206.20          -0.024829
206.40          -0.024036
206.60          -0.024308
206.80          -0.024602
207.00          -0.024909
207.20          -0.025229
207.40          -0.025564
207.60          -0.025913
207.80          -0.026278
208.00          -0.026660
208.20          -0.027060
208.40          -0.027479
208.60          -0.027920
208.80          -0.028382
209.00          -0.028869
209.20          -0.029381
209.40          -0.029921
209.60          -0.030491
209.80          -0.031094
210.00          -0.031732
210.20          -0.032408
210.40          -0.033125
210.60          -0.033888
210.80          -0.034700
211.00          -0.035566
211.20          -0.036490
211.40          -0.037480
211.60          -0.038542
211.80          -0.039682
212.00          -0.040910
212.20          -0.042234
212.40          -0.043667
212.60          -0.045221
212.80          -0.046911
213.00          -0.048753
213.20          -0.050767
213.40          -0.052976
213.60          -0.055408
213.80          -0.058094
214.00          -0.061072
214.20          -0.064389
214.40          -0.068098
214.60          -0.072266
214.80          -0.076974
215.00          -0.082321
215.20          -0.088431
215.40          -0.095458
215.60          -0.10360
215.80          -0.11310
216.00          -0.12429
216.20          -0.13759
216.40          -0.15355
216.60          -0.17292
216.80          -0.19672
217.00          -0.22635
217.20          -0.26373
217.40          -0.31157
217.60          -0.37362
217.80          -0.45493
218.00          -0.56181
218.20          -0.70043
218.40          -0.87170
218.60          -1.0589
218.80          -1.2115
219.00          -1.2560
219.20          -1.1597
219.40          -0.97198
219.60          -0.76919
219.80          -0.59522
220.00          -0.46035
220.20          -0.35978
220.40          -0.28541
220.60          -0.23010
220.80          -0.18846
221.00          -0.15666
221.20          -0.13202
221.40          -0.11264
221.60          -0.097214
221.80          -0.084771
222.00          -0.074625
222.20          -0.066267
222.40          -0.059319
222.60          -0.053493
222.80          -0.048571
223.00          -0.044383
223.20          -0.040797
223.40          -0.037709
223.60          -0.035035
223.80          -0.032709
224.00          -0.030676
224.20          -0.028892
224.40          -0.027320
224.60          -0.025930
224.80          -0.024698
225.00          -0.023602
