175.00          -0.024353
175.20          -0.024392
175.40          -0.024431
175.60          -0.024469
175.80          -0.024508
176.00          -0.024547
176.20          -0.024586
176.40          -0.024625
176.60          -0.024664
176.80          -0.024703
177.00          -0.024743
177.20          -0.024782
177.40          -0.024821
177.60          -0.024861
177.80          -0.024901
178.00          -0.024940
178.20          -0.024980
178.40          -0.025020
178.60          -0.025060
178.80          -0.025100
179.00          -0.025140
179.20          -0.025180
179.40          -0.025220
179.60          -0.025260
179.80          -0.025300
180.00          -0.025341
180.20          -0.025381
180.40          -0.025422
180.60          -0.025462
180.80          -0.025503
181.00          -0.025544
181.20          -0.025585
181.40          -0.025626
181.60          -0.025667
181.80          -0.025708
182.00          -0.025749
182.20          -0.025790
182.40          -0.025831
182.60          -0.025873
182.80          -0.025914
183.00          -0.025956
183.20          -0.025997
183.40          -0.026039
183.60          -0.026081
183.80          -0.026123
184.00          -0.026164
184.20          -0.026206
184.40          -0.026248
184.60          -0.026291
184.80          -0.026333
185.00          -0.026375
185.20          -0.026418
185.40          -0.026460
185.60          -0.026503
185.80          -0.026545
186.00          -0.026588
186.20          -0.026631
186.40          -0.026673
186.60          -0.026716
186.80          -0.026759
187.00          -0.026802
187.20          -0.026846
187.40          -0.026889
187.60          -0.026932
187.80          -0.026976
188.00          -0.027019
188.20          -0.027063
188.40          -0.027106
188.60          -0.027150
188.80          -0.027194
189.00          -0.027238
189.20          -0.027282
189.40          -0.027326
189.60          -0.027370
189.80          -0.027414
190.00          -0.027458
190.20          -0.027503
190.40          -0.027547
190.60          -0.027592
190.80          -0.027636
191.00          -0.027681
191.20          -0.027726
191.40          -0.027770
191.60          -0.027815
191.80          -0.027860
192.00          -0.027906
192.20          -0.027951
192.40          -0.027996
192.60          -0.028041
192.80          -0.028087
193.00          -0.028132
193.20          -0.028178
193.40          -0.028224
193.60          -0.028269
193.80          -0.028315
194.00          -0.028361
194.20          -0.028407
194.40          -0.028453
194.60          -0.028499
194.80          -0.028546
195.00          -0.028592
195.20          -0.028638
195.40          -0.028685
195.60          -0.028731
195.80          -0.028778
196.00          -0.028825
196.20          -0.028872
196.40          -0.028919
196.60          -0.028966
196.80          -0.029013
197.00          -0.029060
197.20          -0.029107
197.40          -0.029155
197.60          -0.029202
197.80          -0.029250
198.00          -0.029297
198.20          -0.029345
198.40          -0.029393
198.60          -0.029441
198.80          -0.029489
199.00          -0.029537
199.20          -0.029585
199.40          -0.029633
199.60          -0.029681
199.80          -0.029730
200.00          -0.029778
200.20          -0.029827
200.40          -0.029876
200.60          -0.029924
200.80          -0.029973
201.00          -0.030022
201.20          -0.030071
201.40          -0.030120
201.60          -0.030170
201.80          -0.030219
202.00          -0.030268
202.20          -0.030318
202.40          -0.030367
202.60          -0.030417
202.80          -0.030467
203.00          -0.030516
203.20          -0.030566
203.40          -0.030616
203.60          -0.030666
203.80          -0.030717
204.00          -0.030767
204.20          -0.030817
204.40          -0.030868
204.60          -0.030918
204.80          -0.030969
205.00          -0.031020
205.20          -0.031071
205.40          -0.031122
205.60          -0.031173
205.80          -0.031224
206.00          -0.031275
206.20          -0.031326
206.40          -0.031378
206.60          -0.031429
206.80          -0.031481
207.00          -0.031532
207.20          -0.031584
207.40          -0.031636
207.60          -0.031688
207.80          -0.031740
208.00          -0.031792
208.20          -0.031844
208.40          -0.031897
208.60          -0.031949
208.80          -0.032002
209.00          -0.032054
209.20          -0.032107
209.40          -0.032160
209.60          -0.032213
209.80          -0.032266
210.00          -0.032319
210.20          -0.032372
210.40          -0.032425
210.60          -0.032479
210.80          -0.032532
211.00          -0.032586
211.20          -0.032639
211.40          -0.032693
211.60          -0.032747
211.80          -0.032801
212.00          -0.032855
212.20          -0.032909
212.40          -0.032964
212.60          -0.033018
212.80          -0.033073
213.00          -0.033127
213.20          -0.033182
213.40          -0.033237
213.60          -0.033292
213.80          -0.033347
214.00          -0.033402
214.20          -0.033457
214.40          -0.033512
214.60          -0.033567
214.80          -0.033623
215.00          -0.033679
215.20          -0.033734
215.40          -0.033790
215.60          -0.033846
215.80          -0.033902
216.00          -0.033958
216.20          -0.034014
216.40          -0.034071
216.60          -0.034127
216.80          -0.034184
217.00          -0.034240
217.20          -0.034297
217.40          -0.034354
217.60          -0.034411
217.80          -0.034468
218.00          -0.034525
218.20          -0.034582
218.40          -0.034640
218.60          -0.034697
218.80          -0.034755
219.00          -0.034813
219.20          -0.034871
219.40          -0.034928
219.60          -0.034987
219.80          -0.035045
220.00          -0.035103
220.20          -0.035161
220.40          -0.035220
220.60          -0.035278
220.80          -0.035337
221.00          -0.035396
221.20          -0.035455
221.40          -0.035514
221.60          -0.035573
221.80          -0.035633
222.00          -0.035692
222.20          -0.035751
222.40          -0.035811
222.60          -0.035871
222.80          -0.035931
223.00          -0.035991
223.20          -0.036051
223.40          -0.036111
223.60          -0.036171
223.80          -0.036232
224.00          -0.036292
224.20          -0.036353
224.40          -0.036414
224.60          -0.036475
224.80          -0.036536
225.00          -0.036597
