175.00          -0.035088
175.20          -0.035180
175.40          -0.035271
175.60          -0.035364
175.80          -0.035456
176.00          -0.035549
176.20          -0.035643
176.40          -0.035736
176.60          -0.035830
176.80          -0.035925
177.00          -0.036020
177.20          -0.036115
177.40          -0.036211
177.60          -0.036307
177.80          -0.036404
178.00          -0.036501
178.20          -0.036598
178.40          -0.036696
178.60          -0.036794
178.80          -0.036893
179.00          -0.036992
179.20          -0.037092
179.40          -0.037192
179.60          -0.037292
179.80          -0.037393
180.00          -0.037494
180.20          -0.037596
180.40          -0.037699
180.60          -0.037801
180.80          -0.037905
181.00          -0.038008
181.20          -0.038112
181.40          -0.038217
181.60          -0.038322
181.80          -0.038428
182.00          -0.038534
182.20          -0.038641
182.40          -0.038748
182.60          -0.038856
182.80          -0.038964
183.00          -0.039073
183.20          -0.039182
183.40          -0.039292
183.60          -0.039402
183.80          -0.039513
184.00          -0.039624
184.20          -0.039736
184.40          -0.039849
184.60          -0.039962
184.80          -0.040075
185.00          -0.040190
185.20          -0.040305
185.40          -0.040420
185.60          -0.040536
185.80          -0.040653
186.00          -0.040770
186.20          -0.040888
186.40          -0.041006
186.60          -0.041125
186.80          -0.041245
187.00          -0.041365
187.20          -0.041486
187.40          -0.041608
187.60          -0.041731
187.80          -0.041854
188.00          -0.041977
188.20          -0.042102
188.40          -0.042227
188.60          -0.042353
188.80          -0.042479
189.00          -0.042607
189.20          -0.042735
189.40          -0.042863
189.60          -0.042993
189.80          -0.043123
190.00          -0.043254
190.20          -0.043386
190.40          -0.043519
190.60          -0.043652
190.80          -0.043786
191.00          -0.043921
191.20          -0.044057
191.40          -0.044194
191.60          -0.044332
191.80          -0.044470
192.00          -0.044610
192.20          -0.044750
192.40          -0.044891
192.60          -0.045033
192.80          -0.045176
193.00          -0.045320
193.20          -0.045465
193.40          -0.045611
193.60          -0.045758
193.80          -0.045906
194.00          -0.046055
194.20          -0.046205
194.40          -0.046356
194.60          -0.046508
194.80          -0.046661
195.00          -0.046815
195.20          -0.046971
195.40          -0.047127
195.60          -0.047285
195.80          -0.047444
196.00          -0.047604
196.20          -0.047765
196.40          -0.047928
196.60          -0.048091
196.80          -0.048256
197.00          -0.048423
197.20          -0.048590
197.40          -0.048759
197.60          -0.048930
197.80          -0.049101
198.00          -0.049274
198.20          -0.049449
198.40          -0.049625
198.60          -0.049802
198.80          -0.049982
199.00          -0.050162
199.20          -0.050344
199.40          -0.050528
199.60          -0.050713
199.80          -0.050900
200.00          -0.051089
200.20          -0.051280
200.40          -0.051472
200.60          -0.051666
200.80          -0.051862
201.00          -0.052060
201.20          -0.052259
201.40          -0.052461
201.60          -0.052664
201.80          -0.052870
202.00          -0.053078
202.20          -0.053287
202.40          -0.053499
202.60          -0.053714
202.80          -0.053930
203.00          -0.054149
203.20          -0.054370
203.40          -0.054593
203.60          -0.054819
203.80          -0.055048
204.00          -0.055279
204.20          -0.055513
204.40          -0.055749
204.60          -0.055988
204.80          -0.056230
205.00          -0.056475
205.20          -0.056723
205.40          -0.056974
205.60          -0.057228
205.80          -0.057485
206.00          -0.057745
206.20          -0.058009
206.40          -0.058276
206.60          -0.058547
206.80          -0.058821
207.00          -0.059100
207.20          -0.059382
207.40          -0.059667
207.60          -0.059957
207.80          -0.060251
208.00          -0.060549
208.20          -0.060852
208.40          -0.061159
208.60          -0.061471
208.80          -0.061787
209.00          -0.062109
209.20          -0.062435
209.40          -0.062766
209.60          -0.063103
209.80          -0.063446
210.00          -0.063794
210.20          -0.064147
210.40          -0.064507
210.60          -0.064873
210.80          -0.065246
211.00          -0.065625
211.20          -0.066010
211.40          -0.066403
211.60          -0.066803
211.80          -0.067211
212.00          -0.067626
212.20          -0.068050
212.40          -0.068481
212.60          -0.068922
212.80          -0.069371
213.00          -0.069829
213.20          -0.070297
213.40          -0.070775
213.60          -0.071263
213.80          -0.071761
214.00          -0.072271
214.20          -0.072792
214.40          -0.073325
214.60          -0.073870
214.80          -0.074429
215.00          -0.075000
215.20          -0.075585
215.40          -0.076185
215.60          -0.076800
215.80          -0.077430
216.00          -0.078077
216.20          -0.078741
216.40          -0.079422
216.60          -0.080122
216.80          -0.080841
217.00          -0.081581
217.20          -0.082341
217.40          -0.083124
217.60          -0.083929
217.80          -0.084759
218.00          -0.085615
218.20          -0.086496
218.40          -0.087406
218.60          -0.088345
218.80          -0.089315
219.00          -0.090317
219.20          -0.091353
219.40          -0.092424
219.60          -0.093534
219.80          -0.094683
220.00          -0.095873
220.20          -0.097108
220.40          -0.098390
220.60          -0.099721
220.80          -0.10110
221.00          -0.10254
221.20          -0.10404
221.40          -0.10560
221.60          -0.10722
221.80          -0.10892
222.00          -0.11069
222.20          -0.11254
222.40          -0.11447
222.60          -0.11650
222.80          -0.11862
223.00          -0.12084
223.20          -0.12317
223.40          -0.12563
223.60          -0.12821
223.80          -0.13092
224.00          -0.13378
224.20          -0.13680
224.40          -0.13999
224.60          -0.14336
224.80          -0.14693
225.00          -0.15071
