175.00          -0.043159
175.20          -0.043312
175.40          -0.043467
175.60          -0.043623
175.80          -0.043779
176.00          -0.043937
176.20          -0.044096
176.40          -0.044256
176.60          -0.044417
176.80          -0.044580
177.00          -0.044743
177.20          -0.044908
177.40          -0.045074
177.60          -0.045241
177.80          -0.045409
178.00          -0.045578
178.20          -0.045749
178.40          -0.045921
178.60          -0.046094
178.80          -0.046268
179.00          -0.046444
179.20          -0.046621
179.40          -0.046800
179.60          -0.046979
179.80          -0.047161
180.00          -0.047343
180.20          -0.047527
180.40          -0.047713
180.60          -0.047900
180.80          -0.048088
181.00          -0.048278
181.20          -0.048470
181.40          -0.048663
181.60          -0.048858
181.80          -0.049054
182.00          -0.049252
182.20          -0.049451
182.40          -0.049653
182.60          -0.049856
182.80          -0.050061
183.00          -0.050267
183.20          -0.050475
183.40          -0.050685
183.60          -0.050897
183.80          -0.051111
184.00          -0.051327
184.20          -0.051545
184.40          -0.051765
184.60          -0.051987
184.80          -0.052210
185.00          -0.052436
185.20          -0.052664
185.40          -0.052895
185.60          -0.053127
185.80          -0.053362
186.00          -0.053599
186.20          -0.053838
186.40          -0.054080
186.60          -0.054324
186.80          -0.054570
187.00          -0.054819
187.20          -0.055071
187.40          -0.055325
187.60          -0.055582
187.80          -0.055841
188.00          -0.056104
188.20          -0.056369
188.40          -0.056637
188.60          -0.056908
188.80          -0.057181
189.00          -0.057458
189.20          -0.057738
189.40          -0.058021
189.60          -0.058308
189.80          -0.058597
190.00          -0.058890
190.20          -0.059187
190.40          -0.059487
190.60          -0.059790
190.80          -0.060097
191.00          -0.060408
191.20          -0.060723
191.40          -0.061042
191.60          -0.061364
191.80          -0.061691
192.00          -0.062022
192.20          -0.062357
192.40          -0.062697
192.60          -0.063041
192.80          -0.063389
193.00          -0.063742
193.20          -0.064100
193.40          -0.064463
193.60          -0.064831
193.80          -0.065204
194.00          -0.065583
194.20          -0.065966
194.40          -0.066356
194.60          -0.066751
194.80          -0.067151
195.00          -0.067558
195.20          -0.067971
195.40          -0.068390
195.60          -0.068816
195.80          -0.069248
196.00          -0.069687
196.20          -0.070133
196.40          -0.070586
196.60          -0.071046
196.80          -0.071514
197.00          -0.071990
197.20          -0.072473
197.40          -0.072965
197.60          -0.073466
197.80          -0.073975
198.00          -0.074493
198.20          -0.075020
198.40          -0.075557
198.60          -0.076103
198.80          -0.076659
199.00          -0.077226
199.20          -0.077803
199.40          -0.078392
199.60          -0.078992
199.80          -0.079603
200.00          -0.080226
200.20          -0.080862
200.40          -0.081511
200.60          -0.082173
200.80          -0.082848
201.00          -0.083538
201.20          -0.084243
201.40          -0.084962
201.60          -0.085697
201.80          -0.086448
202.00          -0.087216
202.20          -0.088002
202.40          -0.088805
202.60          -0.089626
202.80          -0.090467
203.00          -0.091328
203.20          -0.092210
203.40          -0.093112
203.60          -0.094038
203.80          -0.094986
204.00          -0.095958
204.20          -0.096954
204.40          -0.097977
204.60          -0.099026
204.80          -0.10010
205.00          -0.10121
205.20          -0.10235
205.40          -0.10351
205.60          -0.10471
205.80          -0.10595
206.00          -0.10722
206.20          -0.10853
206.40          -0.10987
206.60          -0.11126
206.80          -0.11268
207.00          -0.11415
207.20          -0.11567
207.40          -0.11724
207.60          -0.11885
207.80          -0.12052
208.00          -0.12224
208.20          -0.12402
208.40          -0.12586
208.60          -0.12776
208.80          -0.12972
209.00          -0.13176
209.20          -0.13387
209.40          -0.13605
209.60          -0.13831
209.80          -0.14066
210.00          -0.14309
210.20          -0.14561
210.40          -0.14824
210.60          -0.15096
210.80          -0.15379
211.00          -0.15673
211.20          -0.15979
211.40          -0.16297
211.60          -0.16629
211.80          -0.16974
212.00          -0.17334
212.20          -0.17708
212.40          -0.18099
212.60          -0.18507
212.80          -0.18932
213.00          -0.19376
213.20          -0.19839
213.40          -0.20323
213.60          -0.20829
213.80          -0.21357
214.00          -0.21909
214.20          -0.22485
214.40          -0.23088
214.60          -0.23717
214.80          -0.24374
215.00          -0.25060
215.20          -0.25775
215.40          -0.26522
215.60          -0.27300
215.80          -0.28109
216.00          -0.28951
216.20          -0.29825
216.40          -0.30731
216.60          -0.31668
216.80          -0.32635
217.00          -0.33630
217.20          -0.34649
217.40          -0.35690
217.60          -0.36748
217.80          -0.37817
218.00          -0.38891
218.20          -0.39961
218.40          -0.41018
218.60          -0.42051
218.80          -0.43049
219.00          -0.43997
219.20          -0.44882
219.40          -0.45688
219.60          -0.46400
219.80          -0.47003
220.00          -0.47484
220.20          -0.47828
220.40          -0.48025
220.60          -0.48068
220.80          -0.47950
221.00          -0.47669
221.20          -0.47229
221.40          -0.46634
221.60          -0.45894
221.80          -0.45020
222.00          -0.44026
222.20          -0.42930
222.40          -0.41747
222.60          -0.40496
222.80          -0.39195
223.00          -0.37859
223.20          -0.36504
223.40          -0.35145
223.60          -0.33794
223.80          -0.32461
224.00          -0.31155
224.20          -0.29883
224.40          -0.28652
224.60          -0.27465
224.80          -0.26325
225.00          -0.25234
