175.00          -0.051645
175.20          -0.051884
175.40          -0.052126
175.60          -0.052369
175.80          -0.052615
176.00          -0.052863
176.20          -0.053114
176.40          -0.053367
176.60          -0.053622
176.80          -0.053880
177.00          -0.054141
177.20          -0.054404
177.40          -0.054670
177.60          -0.054939
177.80          -0.055210
178.00          -0.055484
178.20          -0.055761
178.40          -0.056041
178.60          -0.056323
178.80          -0.056609
179.00          -0.056898
179.20          -0.057190
179.40          -0.057485
179.60          -0.057783
179.80          -0.058085
180.00          -0.058390
180.20          -0.058698
180.40          -0.059010
180.60          -0.059326
180.80          -0.059645
181.00          -0.059967
181.20          -0.060294
181.40          -0.060624
181.60          -0.060958
181.80          -0.061297
182.00          -0.061639
182.20          -0.061985
182.40          -0.062336
182.60          -0.062691
182.80          -0.063050
183.00          -0.063414
183.20          -0.063783
183.40          -0.064156
183.60          -0.064534
183.80          -0.064917
184.00          -0.065305
184.20          -0.065698
184.40          -0.066096
184.60          -0.066500
184.80          -0.066909
185.00          -0.067324
185.20          -0.067744
185.40          -0.068171
185.60          -0.068603
185.80          -0.069041
186.00          -0.069486
186.20          -0.069937
186.40          -0.070395
186.60          -0.070859
186.80          -0.071330
187.00          -0.071809
187.20          -0.072294
187.40          -0.072787
187.60          -0.073288
187.80          -0.073796
188.00          -0.074313
188.20          -0.074837
188.40          -0.075370
188.60          -0.075912
188.80          -0.076462
189.00          -0.077021
189.20          -0.077590
189.40          -0.078168
189.60          -0.078756
189.80          -0.079354
190.00          -0.079962
190.20          -0.080581
190.40          -0.081211
190.60          -0.081852
190.80          -0.082505
191.00          -0.083169
191.20          -0.083846
191.40          -0.084535
191.60          -0.085237
191.80          -0.085952
192.00          -0.086681
192.20          -0.087424
192.40          -0.088182
192.60          -0.088954
192.80          -0.089741
193.00          -0.090545
193.20          -0.091365
193.40          -0.092201
193.60          -0.093055
193.80          -0.093927
194.00          -0.094817
194.20          -0.095726
194.40          -0.096654
194.60          -0.097603
194.80          -0.098573
195.00          -0.099564
195.20          -0.10058
195.40          -0.10161
195.60          -0.10267
195.80          -0.10376
196.00          -0.10487
196.20          -0.10601
196.40          -0.10717
196.60          -0.10836
196.80          -0.10958
197.00          -0.11083
197.20          -0.11212
197.40          -0.11343
197.60          -0.11478
197.80          -0.11616
198.00          -0.11758
198.20          -0.11903
198.40          -0.12053
198.60          -0.12206
198.80          -0.12364
199.00          -0.12526
199.20          -0.12692
199.40          -0.12863
199.60          -0.13038
199.80          -0.13219
200.00          -0.13405
200.20          -0.13596
200.40          -0.13793
200.60          -0.13995
200.80          -0.14204
201.00          -0.14418
201.20          -0.14640
201.40          -0.14867
201.60          -0.15102
201.80          -0.15344
202.00          -0.15594
202.20          -0.15851
202.40          -0.16117
202.60          -0.16390
202.80          -0.16673
203.00          -0.16964
203.20          -0.17265
203.40          -0.17575
203.60          -0.17896
203.80          -0.18227
204.00          -0.18568
204.20          -0.18921
204.40          -0.19285
204.60          -0.19660
204.80          -0.20048
205.00          -0.20448
205.20          -0.20861
205.40          -0.21287
205.60          -0.21726
205.80          -0.22178
206.00          -0.22645
206.20          -0.23125
206.40          -0.23619
206.60          -0.24127
206.80          -0.24649
207.00          -0.25185
207.20          -0.25735
207.40          -0.26298
207.60          -0.26873
207.80          -0.27461
208.00          -0.28060
208.20          -0.28669
208.40          -0.29287
208.60          -0.29912
208.80          -0.30543
209.00          -0.31177
209.20          -0.31813
209.40          -0.32446
209.60          -0.33075
209.80          -0.33696
210.00          -0.34305
210.20          -0.34898
210.40          -0.35471
210.60          -0.36019
210.80          -0.36537
211.00          -0.37020
211.20          -0.37463
211.40          -0.37860
211.60          -0.38207
211.80          -0.38499
212.00          -0.38731
212.20          -0.38899
212.40          -0.39000
212.60          -0.39030
212.80          -0.38988
213.00          -0.38872
213.20          -0.38682
213.40          -0.38420
213.60          -0.38085
213.80          -0.37682
214.00          -0.37213
214.20          -0.36682
214.40          -0.36095
214.60          -0.35457
214.80          -0.34774
215.00          -0.34051
215.20          -0.33295
215.40          -0.32511
215.60          -0.31707
215.80          -0.30888
216.00          -0.30059
216.20          -0.29225
216.40          -0.28392
216.60          -0.27563
216.80          -0.26742
217.00          -0.25933
217.20          -0.25138
217.40          -0.24360
217.60          -0.23601
217.80          -0.22863
218.00          -0.22146
218.20          -0.21453
218.40          -0.20782
218.60          -0.20136
218.80          -0.19513
219.00          -0.18914
219.20          -0.18339
219.40          -0.17788
219.60          -0.17260
219.80          -0.16754
220.00          -0.16271
220.20          -0.15809
220.40          -0.15367
220.60          -0.14946
220.80          -0.14544
221.00          -0.14161
221.20          -0.13795
221.40          -0.13447
221.60          -0.13115
221.80          -0.12798
222.00          -0.12497
222.20          -0.12210
222.40          -0.11937
222.60          -0.11677
222.80          -0.11429
223.00          -0.11193
223.20          -0.10969
223.40          -0.10755
223.60          -0.10551
223.80          -0.10358
224.00          -0.10173
224.20          -0.099979
224.40          -0.098308
224.60          -0.096717
224.80          -0.095203
225.00          -0.093762
