175.00          -0.10047
175.20          -0.099004
175.40          -0.097576
175.60          -0.096182
175.80          -0.094823
176.00          -0.093497
176.20          -0.092205
176.40          -0.090944
176.60          -0.089715
176.80          -0.088517
177.00          -0.087349
177.20          -0.086211
177.40          -0.085102
177.60          -0.084022
177.80          -0.082969
178.00          -0.081943
178.20          -0.080944
178.40          -0.079970
178.60          -0.079023
178.80          -0.078100
179.00          -0.077201
179.20          -0.076326
179.40          -0.075474
179.60          -0.074645
179.80          -0.073838
180.00          -0.073053
180.20          -0.072288
180.40          -0.071545
180.60          -0.070821
180.80          -0.070118
181.00          -0.069433
181.20          -0.068768
181.40          -0.068120
181.60          -0.067491
181.80          -0.066880
182.00          -0.066285
182.20          -0.065707
182.40          -0.065146
182.60          -0.064601
182.80          -0.064071
183.00          -0.063557
183.20          -0.063057
183.40          -0.062572
183.60          -0.062102
183.80          -0.061645
184.00          -0.061202
184.20          -0.060773
184.40          -0.060356
184.60          -0.059953
184.80          -0.059561
185.00          -0.059182
185.20          -0.058815
185.40          -0.058460
185.60          -0.058116
185.80          -0.057783
186.00          -0.057462
186.20          -0.057151
186.40          -0.056850
186.60          -0.056560
186.80          -0.056280
187.00          -0.056009
187.20          -0.055749
187.40          -0.055498
187.60          -0.055256
187.80          -0.055023
188.00          -0.054799
188.20          -0.054584
188.40          -0.054377
188.60          -0.054179
188.80          -0.053989
189.00          -0.053807
189.20          -0.053633
189.40          -0.053467
189.60          -0.053309
189.80          -0.053157
190.00          -0.053014
190.20          -0.052877
190.40          -0.052748
190.60          -0.052625
190.80          -0.052509
191.00          -0.052400
191.20          -0.052298
191.40          -0.052202
191.60          -0.052112
191.80          -0.052029
192.00          -0.051952
192.20          -0.051881
192.40          -0.051815
192.60          -0.051756
192.80          -0.051702
193.00          -0.051654
193.20          -0.051612
193.40          -0.051575
193.60          -0.051543
193.80          -0.051517
194.00          -0.051496
194.20          -0.051481
194.40          -0.051470
194.60          -0.051464
194.80          -0.051463
195.00          -0.051467
195.20          -0.051476
195.40          -0.051490
195.60          -0.051508
195.80          -0.051531
196.00          -0.051558
196.20          -0.051590
196.40          -0.051627
196.60          -0.051667
196.80          -0.051712
197.00          -0.051762
197.20          -0.051815
197.40          -0.051873
197.60          -0.051934
197.80          -0.052000
198.00          -0.052070
198.20          -0.052144
198.40          -0.052221
198.60          -0.052303
198.80          -0.052388
199.00          -0.052477
199.20          -0.052570
199.40          -0.052667
199.60          -0.052767
199.80          -0.052871
200.00          -0.052979
200.20          -0.053090
200.40          -0.053204
200.60          -0.053323
200.80          -0.053444
201.00          -0.053569
201.20          -0.053698
201.40          -0.053830
201.60          -0.053965
201.80          -0.054103
202.00          -0.054245
202.20          -0.054390
202.40          -0.054539
202.60          -0.054690
202.80          -0.054845
203.00          -0.055003
203.20          -0.055164
203.40          -0.055328
203.60          -0.055495
203.80          -0.055665
204.00          -0.055839
204.20          -0.056015
204.40          -0.056194
204.60          -0.056377
204.80          -0.056562
205.00          -0.056751
205.20          -0.056942
205.40          -0.057136
205.60          -0.057333
205.80          -0.057533
206.00          -0.057736
206.20          -0.057942
206.40          -0.058150
206.60          -0.058361
206.80          -0.058576
207.00          -0.058792
207.20          -0.059012
207.40          -0.059235
207.60          -0.059460
207.80          -0.059688
208.00          -0.059919
208.20          -0.060152
208.40          -0.060388
208.60          -0.060627
208.80          -0.060868
209.00          -0.061112
209.20          -0.061359
209.40          -0.061608
209.60          -0.061860
209.80          -0.062115
210.00          -0.062372
210.20          -0.062632
210.40          -0.062895
210.60          -0.063160
210.80          -0.063427
211.00          -0.063697
211.20          -0.063970
211.40          -0.064245
211.60          -0.064523
211.80          -0.064803
212.00          -0.065086
212.20          -0.065371
212.40          -0.065659
212.60          -0.065949
212.80          -0.066242
213.00          -0.066537
213.20          -0.066834
213.40          -0.067134
213.60          -0.067437
213.80          -0.067742
214.00          -0.068049
214.20          -0.068359
214.40          -0.068671
214.60          -0.068985
214.80          -0.069302
215.00          -0.069621
215.20          -0.069943
215.40          -0.070267
215.60          -0.070593
215.80          -0.070922
216.00          -0.071253
216.20          -0.071586
216.40          -0.071921
216.60          -0.072259
216.80          -0.072599
217.00          -0.072942
217.20          -0.073286
217.40          -0.073633
217.60          -0.073982
217.80          -0.074334
218.00          -0.074687
218.20          -0.075043
218.40          -0.075401
218.60          -0.075762
218.80          -0.076124
219.00          -0.076489
219.20          -0.076855
219.40          -0.077224
219.60          -0.077595
219.80          -0.077968
220.00          -0.078344
220.20          -0.078721
220.40          -0.079100
220.60          -0.079482
220.80          -0.079866
221.00          -0.080251
221.20          -0.080639
221.40          -0.081029
221.60          -0.081420
221.80          -0.081814
222.00          -0.082210
222.20          -0.082607
222.40          -0.083007
222.60          -0.083408
222.80          -0.083812
223.00          -0.084217
223.20          -0.084625
223.40          -0.085034
223.60          -0.085445
223.80          -0.085857
224.00          -0.086272
224.20          -0.086688
224.40          -0.087107
224.60          -0.087527
224.80          -0.087948
225.00          -0.088372
