175.00          -0.037420
175.20          -0.037637
175.40          -0.037858
175.60          -0.038083
175.80          -0.038312
176.00          -0.038545
176.20          -0.038783
176.40          -0.039025
176.60          -0.039271
176.80          -0.039523
177.00          -0.039779
177.20          -0.040040
177.40          -0.040307
177.60          -0.040580
177.80          -0.040857
178.00          -0.041141
178.20          -0.041431
178.40          -0.041727
178.60          -0.042030
178.80          -0.042340
179.00          -0.042656
179.20          -0.042980
179.40          -0.043311
179.60          -0.043651
179.80          -0.043998
180.00          -0.044354
180.20          -0.044719
180.40          -0.045093
180.60          -0.045476
180.80          -0.045870
181.00          -0.046274
181.20          -0.046689
181.40          -0.047115
181.60          -0.047553
181.80          -0.048003
182.00          -0.048466
182.20          -0.048943
182.40          -0.049434
182.60          -0.049939
182.80          -0.050460
183.00          -0.050997
183.20          -0.051551
183.40          -0.052123
183.60          -0.052714
183.80          -0.053325
184.00          -0.053956
184.20          -0.054609
184.40          -0.055285
184.60          -0.055985
184.80          -0.056710
185.00          -0.057463
185.20          -0.058244
185.40          -0.059055
185.60          -0.059899
185.80          -0.060775
186.00          -0.061688
186.20          -0.062639
186.40          -0.063630
186.60          -0.064664
186.80          -0.065744
187.00          -0.066872
187.20          -0.068053
187.40          -0.069289
187.60          -0.070584
187.80          -0.071943
188.00          -0.073371
188.20          -0.074871
188.40          -0.076450
188.60          -0.078113
188.80          -0.079868
189.00          -0.081722
189.20          -0.083681
189.40          -0.085756
189.60          -0.087956
189.80          -0.090292
190.00          -0.092775
190.20          -0.095420
190.40          -0.098240
190.60          -0.10125
190.80          -0.10448
191.00          -0.10793
191.20          -0.11164
191.40          -0.11564
191.60          -0.11994
191.80          -0.12459
192.00          -0.12962
192.20          -0.13508
192.40          -0.14102
192.60          -0.14750
192.80          -0.15457
193.00          -0.16232
193.20          -0.17084
193.40          -0.18022
193.60          -0.19058
193.80          -0.20205
194.00          -0.21480
194.20          -0.22901
194.40          -0.24489
194.60          -0.26268
194.80          -0.28266
195.00          -0.30516
195.20          -0.33055
195.40          -0.35921
195.60          -0.39158
195.80          -0.42809
196.00          -0.46914
196.20          -0.51499
196.40          -0.56568
196.60          -0.62085
196.80          -0.67947
197.00          -0.73959
197.20          -0.79809
197.40          -0.85067
197.60          -0.89214
197.80          -0.91730
198.00          -0.92227
198.20          -0.90562
198.40          -0.86902
198.60          -0.81668
198.80          -0.75416
199.00          -0.68700
199.20          -0.61976
199.40          -0.55562
199.60          -0.49648
199.80          -0.44321
200.00          -0.39596
200.20          -0.35448
200.40          -0.31830
200.60          -0.28686
200.80          -0.25956
201.00          -0.23588
201.20          -0.21532
201.40          -0.19745
201.60          -0.18190
201.80          -0.16836
202.00          -0.15655
202.20          -0.14625
202.40          -0.13728
202.60          -0.12949
202.80          -0.12277
203.00          -0.11703
203.20          -0.11222
203.40          -0.10834
203.60          -0.10543
203.80          -0.10364
204.00          -0.10323
204.20          -0.10479
204.40          -0.10952
204.60          -0.12028
204.80          -0.14512
205.00          -0.21552
205.20          -0.56978
205.40          -4.0598
205.60          -0.27659
205.80          -0.10040
206.00          -0.067085
206.20          -0.056079
206.40          -0.051198
206.60          -0.048551
206.80          -0.046880
207.00          -0.045693
207.20          -0.044774
207.40          -0.044018
207.60          -0.043370
207.80          -0.042799
208.00          -0.042287
208.20          -0.041823
208.40          -0.041398
208.60          -0.041009
208.80          -0.040650
209.00          -0.040319
209.20          -0.040014
209.40          -0.039732
209.60          -0.039472
209.80          -0.039232
210.00          -0.039012
210.20          -0.038809
210.40          -0.038623
210.60          -0.038453
210.80          -0.038298
211.00          -0.038157
211.20          -0.038029
211.40          -0.037914
211.60          -0.037810
211.80          -0.037718
212.00          -0.037636
212.20          -0.037564
212.40          -0.037501
212.60          -0.037448
212.80          -0.037402
213.00          -0.037366
213.20          -0.037336
213.40          -0.037314
213.60          -0.037299
213.80          -0.037291
214.00          -0.037289
214.20          -0.037292
214.40          -0.037302
214.60          -0.037317
214.80          -0.037337
215.00          -0.037363
215.20          -0.037393
215.40          -0.037427
215.60          -0.037466
215.80          -0.037509
216.00          -0.037556
216.20          -0.037608
216.40          -0.037662
216.60          -0.037721
216.80          -0.037783
217.00          -0.037848
217.20          -0.037916
217.40          -0.037988
217.60          -0.038062
217.80          -0.038140
218.00          -0.038220
218.20          -0.038303
218.40          -0.038389
218.60          -0.038477
218.80          -0.038568
219.00          -0.038661
219.20          -0.038757
219.40          -0.038855
219.60          -0.038955
219.80          -0.039058
220.00          -0.039163
220.20          -0.039270
220.40          -0.039380
220.60          -0.039491
220.80          -0.039605
221.00          -0.039720
221.20          -0.039838
221.40          -0.039958
221.60          -0.040080
221.80          -0.040204
222.00          -0.040330
222.20          -0.040458
222.40          -0.040589
222.60          -0.040721
222.80          -0.040856
223.00          -0.040994
223.20          -0.041133
223.40          -0.041275
223.60          -0.041420
223.80          -0.041567
224.00          -0.041717
224.20          -0.041870
224.40          -0.042027
224.60          -0.042187
224.80          -0.042352
225.00          -0.042521
