175.00          -0.047057
175.20          -0.047944
175.40          -0.048870
175.60          -0.049838
175.80          -0.050852
176.00          -0.051912
176.20          -0.053024
176.40          -0.054189
176.60          -0.055413
176.80          -0.056698
177.00          -0.058049
177.20          -0.059471
177.40          -0.060969
177.60          -0.062549
177.80          -0.064216
178.00          -0.065977
178.20          -0.067841
178.40          -0.069814
178.60          -0.071905
178.80          -0.074125
179.00          -0.076484
179.20          -0.078993
179.40          -0.081667
179.60          -0.084518
179.80          -0.087564
180.00          -0.090821
180.20          -0.094309
180.40          -0.098051
180.60          -0.10207
180.80          -0.10639
181.00          -0.11105
181.20          -0.11608
181.40          -0.12151
181.60          -0.12739
181.80          -0.13376
182.00          -0.14068
182.20          -0.14820
182.40          -0.15638
182.60          -0.16531
182.80          -0.17505
183.00          -0.18568
183.20          -0.19731
183.40          -0.21003
183.60          -0.22393
183.80          -0.23911
184.00          -0.25568
184.20          -0.27371
184.40          -0.29326
184.60          -0.31436
184.80          -0.33696
185.00          -0.36093
185.20          -0.38603
185.40          -0.41186
185.60          -0.43785
185.80          -0.46320
186.00          -0.48694
186.20          -0.50791
186.40          -0.52489
186.60          -0.53671
186.80          -0.54242
187.00          -0.54146
187.20          -0.53376
187.40          -0.51975
187.60          -0.50029
187.80          -0.47657
188.00          -0.44988
188.20          -0.42148
188.40          -0.39250
188.60          -0.36383
188.80          -0.33613
189.00          -0.30986
189.20          -0.28531
189.40          -0.26259
189.60          -0.24173
189.80          -0.22270
190.00          -0.20540
190.20          -0.18972
190.40          -0.17553
190.60          -0.16270
190.80          -0.15110
191.00          -0.14062
191.20          -0.13113
191.40          -0.12254
191.60          -0.11475
191.80          -0.10768
192.00          -0.10125
192.20          -0.095398
192.40          -0.090062
192.60          -0.085188
192.80          -0.080730
193.00          -0.076647
193.20          -0.072899
193.40          -0.069456
193.60          -0.066287
193.80          -0.063366
194.00          -0.060670
194.20          -0.058178
194.40          -0.055871
194.60          -0.053733
194.80          -0.051749
195.00          -0.049906
195.20          -0.048192
195.40          -0.046595
195.60          -0.045107
195.80          -0.043718
196.00          -0.042420
196.20          -0.041206
196.40          -0.040070
196.60          -0.039006
196.80          -0.038008
197.00          -0.037071
197.20          -0.036192
197.40          -0.035365
197.60          -0.034588
197.80          -0.033856
198.00          -0.033167
198.20          -0.032518
198.40          -0.031907
198.60          -0.031331
198.80          -0.030787
199.00          -0.030275
199.20          -0.029791
199.40          -0.029336
199.60          -0.028907
199.80          -0.028504
200.00          -0.028125
200.20          -0.027772
200.40          -0.027443
200.60          -0.027140
200.80          -0.026868
201.00          -0.026631
201.20          -0.026447
201.40          -0.026349
201.60          -0.026442
201.80          -0.027160
202.00          -0.032812
202.20          -0.066699
202.40          -0.025409
202.60          -0.024284
202.80          -0.023960
203.00          -0.023759
203.20          -0.023590
203.40          -0.023437
203.60          -0.023292
203.80          -0.023153
204.00          -0.023021
204.20          -0.022895
204.40          -0.022774
204.60          -0.022659
204.80          -0.022549
205.00          -0.022444
205.20          -0.022344
205.40          -0.022248
205.60          -0.022158
205.80          -0.022071
206.00          -0.021990
206.20          -0.021912
206.40          -0.021838
206.60          -0.021768
206.80          -0.021702
207.00          -0.021639
207.20          -0.021580
207.40          -0.021524
207.60          -0.021471
207.80          -0.021421
208.00          -0.021374
208.20          -0.021330
208.40          -0.021289
208.60          -0.021251
208.80          -0.021215
209.00          -0.021181
209.20          -0.021150
209.40          -0.021121
209.60          -0.021095
209.80          -0.021070
210.00          -0.021048
210.20          -0.021027
210.40          -0.021009
210.60          -0.020992
210.80          -0.020978
211.00          -0.020965
211.20          -0.020953
211.40          -0.020944
211.60          -0.020936
211.80          -0.020929
212.00          -0.020924
212.20          -0.020921
212.40          -0.020919
212.60          -0.020918
212.80          -0.020919
213.00          -0.020921
213.20          -0.020924
213.40          -0.020929
213.60          -0.020935
213.80          -0.020942
214.00          -0.020950
214.20          -0.020959
214.40          -0.020969
214.60          -0.020981
214.80          -0.020993
215.00          -0.021007
215.20          -0.021022
215.40          -0.021037
215.60          -0.021054
215.80          -0.021072
216.00          -0.021090
216.20          -0.021110
216.40          -0.021130
216.60          -0.021152
216.80          -0.021174
217.00          -0.021197
217.20          -0.021221
217.40          -0.021246
217.60          -0.021272
217.80          -0.021299
218.00          -0.021327
218.20          -0.021355
218.40          -0.021385
218.60          -0.021415
218.80          -0.021447
219.00          -0.021479
219.20          -0.021512
219.40          -0.021546
219.60          -0.021581
219.80          -0.021616
220.00          -0.021653
220.20          -0.021691
220.40          -0.021730
220.60          -0.021769
220.80          -0.021810
221.00          -0.021852
221.20          -0.021894
221.40          -0.021938
221.60          -0.021983
221.80          -0.022030
222.00          -0.022077
222.20          -0.022126
222.40          -0.022176
222.60          -0.022227
222.80          -0.022280
223.00          -0.022334
223.20          -0.022390
223.40          -0.022448
223.60          -0.022507
223.80          -0.022569
224.00          -0.022632
224.20          -0.022704
224.40          -0.022786
224.60          -0.022837
224.80          -0.022908
225.00          -0.022983
