175.00          -0.053906
175.20          -0.054320
175.40          -0.054742
175.60          -0.055173
175.80          -0.055613
176.00          -0.056062
176.20          -0.056520
176.40          -0.056988
176.60          -0.057467
176.80          -0.057956
177.00          -0.058456
177.20          -0.058967
177.40          -0.059490
177.60          -0.060025
177.80          -0.060573
178.00          -0.061134
178.20          -0.061708
178.40          -0.062297
178.60          -0.062900
178.80          -0.063518
179.00          -0.064152
179.20          -0.064803
179.40          -0.065470
179.60          -0.066155
179.80          -0.066859
180.00          -0.067582
180.20          -0.068325
180.40          -0.069088
180.60          -0.069874
180.80          -0.070682
181.00          -0.071514
181.20          -0.072371
181.40          -0.073254
181.60          -0.074164
181.80          -0.075102
182.00          -0.076070
182.20          -0.077069
182.40          -0.078100
182.60          -0.079166
182.80          -0.080267
183.00          -0.081406
183.20          -0.082585
183.40          -0.083805
183.60          -0.085068
183.80          -0.086378
184.00          -0.087736
184.20          -0.089145
184.40          -0.090608
184.60          -0.092128
184.80          -0.093708
185.00          -0.095351
185.20          -0.097062
185.40          -0.098843
185.60          -0.10070
185.80          -0.10264
186.00          -0.10466
186.20          -0.10677
186.40          -0.10898
186.60          -0.11128
186.80          -0.11370
187.00          -0.11623
187.20          -0.11889
187.40          -0.12167
187.60          -0.12460
187.80          -0.12768
188.00          -0.13092
188.20          -0.13433
188.40          -0.13793
188.60          -0.14172
188.80          -0.14573
189.00          -0.14997
189.20          -0.15445
189.40          -0.15921
189.60          -0.16425
189.80          -0.16960
190.00          -0.17528
190.20          -0.18133
190.40          -0.18777
190.60          -0.19464
190.80          -0.20197
191.00          -0.20979
191.20          -0.21816
191.40          -0.22710
191.60          -0.23669
191.80          -0.24695
192.00          -0.25796
192.20          -0.26976
192.40          -0.28242
192.60          -0.29600
192.80          -0.31056
193.00          -0.32616
193.20          -0.34285
193.40          -0.36068
193.60          -0.37968
193.80          -0.39986
194.00          -0.42120
194.20          -0.44365
194.40          -0.46709
194.60          -0.49134
194.80          -0.51615
195.00          -0.54115
195.20          -0.56590
195.40          -0.58982
195.60          -0.61224
195.80          -0.63239
196.00          -0.64947
196.20          -0.66270
196.40          -0.67137
196.60          -0.67490
196.80          -0.67299
197.00          -0.66556
197.20          -0.65284
197.40          -0.63531
197.60          -0.61369
197.80          -0.58879
198.00          -0.56151
198.20          -0.53273
198.40          -0.50324
198.60          -0.47372
198.80          -0.44475
199.00          -0.41673
199.20          -0.38997
199.40          -0.36468
199.60          -0.34097
199.80          -0.31888
200.00          -0.29841
200.20          -0.27951
200.40          -0.26212
200.60          -0.24616
200.80          -0.23154
201.00          -0.21817
201.20          -0.20595
201.40          -0.19480
201.60          -0.18463
201.80          -0.17536
202.00          -0.16693
202.20          -0.15927
202.40          -0.15232
202.60          -0.14603
202.80          -0.14036
203.00          -0.13528
203.20          -0.13076
203.40          -0.12678
203.60          -0.12334
203.80          -0.12046
204.00          -0.11815
204.20          -0.11648
204.40          -0.11554
204.60          -0.11550
204.80          -0.11663
205.00          -0.11940
205.20          -0.12466
205.40          -0.13409
205.60          -0.15137
205.80          -0.18613
206.00          -0.27079
206.20          -0.57802
206.40          -2.5519
206.60          -0.61153
206.80          -0.16418
207.00          -0.089356
207.20          -0.067384
207.40          -0.058798
207.60          -0.054791
207.80          -0.052657
208.00          -0.051387
208.20          -0.050550
208.40          -0.049947
208.60          -0.049476
208.80          -0.049086
209.00          -0.048748
209.20          -0.048446
209.40          -0.048170
209.60          -0.047915
209.80          -0.047678
210.00          -0.047457
210.20          -0.047250
210.40          -0.047056
210.60          -0.046875
210.80          -0.046707
211.00          -0.046551
211.20          -0.046407
211.40          -0.046274
211.60          -0.046152
211.80          -0.046041
212.00          -0.045941
212.20          -0.045850
212.40          -0.045770
212.60          -0.045700
212.80          -0.045639
213.00          -0.045587
213.20          -0.045544
213.40          -0.045509
213.60          -0.045483
213.80          -0.045464
214.00          -0.045453
214.20          -0.045450
214.40          -0.045454
214.60          -0.045466
214.80          -0.045484
215.00          -0.045508
215.20          -0.045539
215.40          -0.045576
215.60          -0.045619
215.80          -0.045668
216.00          -0.045722
216.20          -0.045782
216.40          -0.045848
216.60          -0.045918
216.80          -0.045993
217.00          -0.046074
217.20          -0.046159
217.40          -0.046249
217.60          -0.046343
217.80          -0.046442
218.00          -0.046545
218.20          -0.046652
218.40          -0.046764
218.60          -0.046879
218.80          -0.046999
219.00          -0.047122
219.20          -0.047249
219.40          -0.047381
219.60          -0.047516
219.80          -0.047654
220.00          -0.047797
220.20          -0.047943
220.40          -0.048093
220.60          -0.048246
220.80          -0.048403
221.00          -0.048564
221.20          -0.048728
221.40          -0.048896
221.60          -0.049068
221.80          -0.049243
222.00          -0.049422
222.20          -0.049606
222.40          -0.049793
222.60          -0.049984
222.80          -0.050179
223.00          -0.050379
223.20          -0.050583
223.40          -0.050792
223.60          -0.051006
223.80          -0.051226
224.00          -0.051451
224.20          -0.051682
224.40          -0.051920
224.60          -0.052166
224.80          -0.052420
225.00          -0.052684
