175.00          -0.37567
175.20          -0.37865
175.40          -0.38169
175.60          -0.38479
175.80          -0.38795
176.00          -0.39117
176.20          -0.39447
176.40          -0.39783
176.60          -0.40127
176.80          -0.40478
177.00          -0.40838
177.20          -0.41205
177.40          -0.41581
177.60          -0.41966
177.80          -0.42360
178.00          -0.42764
178.20          -0.43177
178.40          -0.43601
178.60          -0.44036
178.80          -0.44483
179.00          -0.44941
179.20          -0.45411
179.40          -0.45895
179.60          -0.46392
179.80          -0.46903
180.00          -0.47428
180.20          -0.47970
180.40          -0.48527
180.60          -0.49102
180.80          -0.49694
181.00          -0.50305
181.20          -0.50936
181.40          -0.51587
181.60          -0.52259
181.80          -0.52955
182.00          -0.53674
182.20          -0.54419
182.40          -0.55190
182.60          -0.55989
182.80          -0.56818
183.00          -0.57677
183.20          -0.58569
183.40          -0.59496
183.60          -0.60458
183.80          -0.61460
184.00          -0.62501
184.20          -0.63586
184.40          -0.64716
184.60          -0.65893
184.80          -0.67120
185.00          -0.68401
185.20          -0.69737
185.40          -0.71132
185.60          -0.72589
185.80          -0.74112
186.00          -0.75702
186.20          -0.77364
186.40          -0.79101
186.60          -0.80916
186.80          -0.82811
187.00          -0.84789
187.20          -0.86853
187.40          -0.89003
187.60          -0.91241
187.80          -0.93566
188.00          -0.95976
188.20          -0.98467
188.40          -1.0103
188.60          -1.0367
188.80          -1.0635
189.00          -1.0908
189.20          -1.1181
189.40          -1.1454
189.60          -1.1723
189.80          -1.1982
190.00          -1.2229
190.20          -1.2457
190.40          -1.2660
190.60          -1.2832
190.80          -1.2965
191.00          -1.3054
191.20          -1.3090
191.40          -1.3069
191.60          -1.2987
191.80          -1.2840
192.00          -1.2629
192.20          -1.2356
192.40          -1.2024
192.60          -1.1641
192.80          -1.1215
193.00          -1.0754
193.20          -1.0269
193.40          -0.97701
193.60          -0.92663
193.80          -0.87662
194.00          -0.82767
194.20          -0.78039
194.40          -0.73521
194.60          -0.69244
194.80          -0.65230
195.00          -0.61488
195.20          -0.58021
195.40          -0.54827
195.60          -0.51895
195.80          -0.49216
196.00          -0.46775
196.20          -0.44557
196.40          -0.42547
196.60          -0.40730
196.80          -0.39089
197.00          -0.37611
197.20          -0.36281
197.40          -0.35087
197.60          -0.34017
197.80          -0.33058
198.00          -0.32202
198.20          -0.31438
198.40          -0.30758
198.60          -0.30155
198.80          -0.29620
199.00          -0.29149
199.20          -0.28734
199.40          -0.28371
199.60          -0.28054
199.80          -0.27781
200.00          -0.27546
200.20          -0.27346
200.40          -0.27178
200.60          -0.27039
200.80          -0.26927
201.00          -0.26839
201.20          -0.26773
201.40          -0.26727
201.60          -0.26700
201.80          -0.26689
202.00          -0.26694
202.20          -0.26713
202.40          -0.26745
202.60          -0.26788
202.80          -0.26842
203.00          -0.26907
203.20          -0.26980
203.40          -0.27062
203.60          -0.27151
203.80          -0.27247
204.00          -0.27350
204.20          -0.27459
204.40          -0.27573
204.60          -0.27693
204.80          -0.27817
205.00          -0.27945
205.20          -0.28077
205.40          -0.28213
205.60          -0.28353
205.80          -0.28495
206.00          -0.28641
206.20          -0.28789
206.40          -0.28940
206.60          -0.29093
206.80          -0.29248
207.00          -0.29405
207.20          -0.29564
207.40          -0.29724
207.60          -0.29887
207.80          -0.30051
208.00          -0.30216
208.20          -0.30382
208.40          -0.30550
208.60          -0.30719
208.80          -0.30889
209.00          -0.31061
209.20          -0.31233
209.40          -0.31406
209.60          -0.31580
209.80          -0.31755
210.00          -0.31931
210.20          -0.32108
210.40          -0.32285
210.60          -0.32463
210.80          -0.32643
211.00          -0.32822
211.20          -0.33003
211.40          -0.33184
211.60          -0.33367
211.80          -0.33550
212.00          -0.33734
212.20          -0.33918
212.40          -0.34104
212.60          -0.34290
212.80          -0.34478
213.00          -0.34666
213.20          -0.34856
213.40          -0.35046
213.60          -0.35238
213.80          -0.35431
214.00          -0.35625
214.20          -0.35821
214.40          -0.36018
214.60          -0.36216
214.80          -0.36417
215.00          -0.36619
215.20          -0.36824
215.40          -0.37031
215.60          -0.37240
215.80          -0.37452
216.00          -0.37667
216.20          -0.37885
216.40          -0.38107
216.60          -0.38332
216.80          -0.38563
217.00          -0.38798
217.20          -0.39040
217.40          -0.39287
217.60          -0.39542
217.80          -0.39806
218.00          -0.40079
218.20          -0.40364
218.40          -0.40661
218.60          -0.40974
218.80          -0.41305
219.00          -0.41658
219.20          -0.42038
219.40          -0.42449
219.60          -0.42902
219.80          -0.43405
220.00          -0.43974
220.20          -0.44631
220.40          -0.45405
220.60          -0.46343
220.80          -0.47522
221.00          -0.49069
221.20          -0.51218
221.40          -0.54446
221.60          -0.59860
221.80          -0.70610
222.00          -0.98541
222.20          -1.8000
222.40          -0.85662
222.60          -0.40833
222.80          -0.35514
223.00          -0.35278
223.20          -0.35900
223.40          -0.36638
223.60          -0.37335
223.80          -0.37963
224.00          -0.38523
224.20          -0.39026
224.40          -0.39481
224.60          -0.39897
224.80          -0.40280
225.00          -0.40637
