175.00          -0.031870
175.20          -0.031946
175.40          -0.032023
175.60          -0.032101
175.80          -0.032178
176.00          -0.032256
176.20          -0.032335
176.40          -0.032414
176.60          -0.032493
176.80          -0.032573
177.00          -0.032653
177.20          -0.032734
177.40          -0.032815
177.60          -0.032897
177.80          -0.032979
178.00          -0.033061
178.20          -0.033145
178.40          -0.033228
178.60          -0.033312
178.80          -0.033397
179.00          -0.033482
179.20          -0.033568
179.40          -0.033654
179.60          -0.033741
179.80          -0.033828
180.00          -0.033916
180.20          -0.034005
180.40          -0.034094
180.60          -0.034184
180.80          -0.034274
181.00          -0.034365
181.20          -0.034457
181.40          -0.034549
181.60          -0.034643
181.80          -0.034736
182.00          -0.034831
182.20          -0.034926
182.40          -0.035022
182.60          -0.035119
182.80          -0.035217
183.00          -0.035315
183.20          -0.035415
183.40          -0.035515
183.60          -0.035616
183.80          -0.035718
184.00          -0.035821
184.20          -0.035924
184.40          -0.036029
184.60          -0.036135
184.80          -0.036242
185.00          -0.036350
185.20          -0.036459
185.40          -0.036569
185.60          -0.036680
185.80          -0.036793
186.00          -0.036907
186.20          -0.037022
186.40          -0.037138
186.60          -0.037255
186.80          -0.037374
187.00          -0.037495
187.20          -0.037617
187.40          -0.037740
187.60          -0.037865
187.80          -0.037992
188.00          -0.038121
188.20          -0.038251
188.40          -0.038383
188.60          -0.038517
188.80          -0.038652
189.00          -0.038790
189.20          -0.038930
189.40          -0.039072
189.60          -0.039217
189.80          -0.039363
190.00          -0.039513
190.20          -0.039664
190.40          -0.039819
190.60          -0.039976
190.80          -0.040136
191.00          -0.040299
191.20          -0.040465
191.40          -0.040635
191.60          -0.040808
191.80          -0.040984
192.00          -0.041165
192.20          -0.041349
192.40          -0.041537
192.60          -0.041730
192.80          -0.041928
193.00          -0.042130
193.20          -0.042337
193.40          -0.042549
193.60          -0.042768
193.80          -0.042992
194.00          -0.043222
194.20          -0.043459
194.40          -0.043703
194.60          -0.043954
194.80          -0.044213
195.00          -0.044481
195.20          -0.044757
195.40          -0.045043
195.60          -0.045340
195.80          -0.045646
196.00          -0.045965
196.20          -0.046296
196.40          -0.046640
196.60          -0.046998
196.80          -0.047371
197.00          -0.047761
197.20          -0.048169
197.40          -0.048596
197.60          -0.049045
197.80          -0.049516
198.00          -0.050011
198.20          -0.050534
198.40          -0.051086
198.60          -0.051671
198.80          -0.052292
199.00          -0.052952
199.20          -0.053656
199.40          -0.054408
199.60          -0.055215
199.80          -0.056083
200.00          -0.057019
200.20          -0.058033
200.40          -0.059134
200.60          -0.060336
200.80          -0.061653
201.00          -0.063103
201.20          -0.064708
201.40          -0.066495
201.60          -0.068498
201.80          -0.070758
202.00          -0.073329
202.20          -0.076281
202.40          -0.079703
202.60          -0.083717
202.80          -0.088491
203.00          -0.094257
203.20          -0.10135
203.40          -0.11028
203.60          -0.12182
203.80          -0.13724
204.00          -0.15876
204.20          -0.19051
204.40          -0.24102
204.60          -0.33056
204.80          -0.51790
205.00          -1.0362
205.20          -3.4257
205.40          -5.4247
205.60          -1.0016
205.80          -0.33937
206.00          -0.16843
206.20          -0.10740
206.40          -0.082423
206.60          -0.072578
206.80          -0.070503
207.00          -0.073376
207.20          -0.080282
207.40          -0.091377
207.60          -0.10774
207.80          -0.13161
208.00          -0.16720
208.20          -0.22242
208.40          -0.31270
208.60          -0.46905
208.80          -0.74916
209.00          -1.2010
209.20          -1.5631
209.40          -1.3219
209.60          -0.85923
209.80          -0.54676
210.00          -0.36898
210.20          -0.26597
210.40          -0.20291
210.60          -0.16212
210.80          -0.13444
211.00          -0.11491
211.20          -0.10066
211.40          -0.089980
211.60          -0.081791
211.80          -0.075390
212.00          -0.070304
212.20          -0.066204
212.40          -0.062860
212.60          -0.060104
212.80          -0.057811
213.00          -0.055889
213.20          -0.054266
213.40          -0.052887
213.60          -0.051711
213.80          -0.050702
214.00          -0.049833
214.20          -0.049083
214.40          -0.048434
214.60          -0.047870
214.80          -0.047381
215.00          -0.046955
215.20          -0.046585
215.40          -0.046263
215.60          -0.045984
215.80          -0.045741
216.00          -0.045532
216.20          -0.045351
216.40          -0.045196
216.60          -0.045064
216.80          -0.044953
217.00          -0.044860
217.20          -0.044783
217.40          -0.044722
217.60          -0.044673
217.80          -0.044637
218.00          -0.044612
218.20          -0.044597
218.40          -0.044591
218.60          -0.044593
218.80          -0.044603
219.00          -0.044619
219.20          -0.044642
219.40          -0.044671
219.60          -0.044706
219.80          -0.044745
220.00          -0.044789
220.20          -0.044837
220.40          -0.044889
220.60          -0.044945
220.80          -0.045004
221.00          -0.045067
221.20          -0.045132
221.40          -0.045200
221.60          -0.045271
221.80          -0.045344
222.00          -0.045420
222.20          -0.045497
222.40          -0.045577
222.60          -0.045659
222.80          -0.045742
223.00          -0.045828
223.20          -0.045915
223.40          -0.046003
223.60          -0.046094
223.80          -0.046186
224.00          -0.046279
224.20          -0.046374
224.40          -0.046470
224.60          -0.046568
224.80          -0.046667
225.00          -0.046768
