175.00          -0.11072
175.20          -0.10914
175.40          -0.10760
175.60          -0.10610
175.80          -0.10462
176.00          -0.10318
176.20          -0.10176
176.40          -0.10038
176.60          -0.099026
176.80          -0.097702
177.00          -0.096407
177.20          -0.095141
177.40          -0.093903
177.60          -0.092692
177.80          -0.091509
178.00          -0.090353
178.20          -0.089223
178.40          -0.088119
178.60          -0.087040
178.80          -0.085986
179.00          -0.084956
179.20          -0.083950
179.40          -0.082968
179.60          -0.082009
179.80          -0.081072
180.00          -0.080158
180.20          -0.079265
180.40          -0.078393
180.60          -0.077543
180.80          -0.076713
181.00          -0.075902
181.20          -0.075112
181.40          -0.074341
181.60          -0.073588
181.80          -0.072854
182.00          -0.072138
182.20          -0.071440
182.40          -0.070759
182.60          -0.070095
182.80          -0.069447
183.00          -0.068816
183.20          -0.068201
183.40          -0.067602
183.60          -0.067017
183.80          -0.066448
184.00          -0.065894
184.20          -0.065353
184.40          -0.064827
184.60          -0.064315
184.80          -0.063816
185.00          -0.063331
185.20          -0.062858
185.40          -0.062398
185.60          -0.061951
185.80          -0.061515
186.00          -0.061092
186.20          -0.060680
186.40          -0.060280
186.60          -0.059891
186.80          -0.059513
187.00          -0.059146
187.20          -0.058790
187.40          -0.058444
187.60          -0.058108
187.80          -0.057782
188.00          -0.057465
188.20          -0.057159
188.40          -0.056862
188.60          -0.056574
188.80          -0.056295
189.00          -0.056025
189.20          -0.055764
189.40          -0.055511
189.60          -0.055267
189.80          -0.055030
190.00          -0.054803
190.20          -0.054583
190.40          -0.054370
190.60          -0.054166
190.80          -0.053969
191.00          -0.053779
191.20          -0.053597
191.40          -0.053422
191.60          -0.053254
191.80          -0.053093
192.00          -0.052938
192.20          -0.052790
192.40          -0.052649
192.60          -0.052514
192.80          -0.052386
193.00          -0.052264
193.20          -0.052148
193.40          -0.052038
193.60          -0.051934
193.80          -0.051836
194.00          -0.051743
194.20          -0.051657
194.40          -0.051576
194.60          -0.051500
194.80          -0.051430
195.00          -0.051365
195.20          -0.051306
195.40          -0.051251
195.60          -0.051202
195.80          -0.051158
196.00          -0.051119
196.20          -0.051084
196.40          -0.051055
196.60          -0.051030
196.80          -0.051010
197.00          -0.050995
197.20          -0.050984
197.40          -0.050978
197.60          -0.050976
197.80          -0.050979
198.00          -0.050986
198.20          -0.050997
198.40          -0.051013
198.60          -0.051032
198.80          -0.051056
199.00          -0.051084
199.20          -0.051117
199.40          -0.051153
199.60          -0.051193
199.80          -0.051237
200.00          -0.051285
200.20          -0.051337
200.40          -0.051392
200.60          -0.051452
200.80          -0.051515
201.00          -0.051581
201.20          -0.051652
201.40          -0.051726
201.60          -0.051804
201.80          -0.051885
202.00          -0.051970
202.20          -0.052058
202.40          -0.052149
202.60          -0.052245
202.80          -0.052343
203.00          -0.052445
203.20          -0.052550
203.40          -0.052659
203.60          -0.052771
203.80          -0.052886
204.00          -0.053004
204.20          -0.053126
204.40          -0.053250
204.60          -0.053378
204.80          -0.053509
205.00          -0.053644
205.20          -0.053781
205.40          -0.053921
205.60          -0.054065
205.80          -0.054211
206.00          -0.054361
206.20          -0.054513
206.40          -0.054669
206.60          -0.054827
206.80          -0.054989
207.00          -0.055153
207.20          -0.055321
207.40          -0.055491
207.60          -0.055664
207.80          -0.055840
208.00          -0.056019
208.20          -0.056201
208.40          -0.056385
208.60          -0.056573
208.80          -0.056763
209.00          -0.056956
209.20          -0.057152
209.40          -0.057350
209.60          -0.057552
209.80          -0.057756
210.00          -0.057963
210.20          -0.058172
210.40          -0.058385
210.60          -0.058600
210.80          -0.058817
211.00          -0.059038
211.20          -0.059261
211.40          -0.059487
211.60          -0.059715
211.80          -0.059946
212.00          -0.060180
212.20          -0.060416
212.40          -0.060655
212.60          -0.060897
212.80          -0.061141
213.00          -0.061388
213.20          -0.061638
213.40          -0.061890
213.60          -0.062144
213.80          -0.062402
214.00          -0.062661
214.20          -0.062924
214.40          -0.063189
214.60          -0.063456
214.80          -0.063727
215.00          -0.063999
215.20          -0.064274
215.40          -0.064552
215.60          -0.064832
215.80          -0.065115
216.00          -0.065401
216.20          -0.065688
216.40          -0.065979
216.60          -0.066272
216.80          -0.066567
217.00          -0.066865
217.20          -0.067165
217.40          -0.067468
217.60          -0.067773
217.80          -0.068081
218.00          -0.068391
218.20          -0.068704
218.40          -0.069019
218.60          -0.069337
218.80          -0.069657
219.00          -0.069980
219.20          -0.070305
219.40          -0.070632
219.60          -0.070962
219.80          -0.071294
220.00          -0.071629
220.20          -0.071966
220.40          -0.072306
220.60          -0.072648
220.80          -0.072992
221.00          -0.073339
221.20          -0.073688
221.40          -0.074040
221.60          -0.074394
221.80          -0.074750
222.00          -0.075109
222.20          -0.075470
222.40          -0.075833
222.60          -0.076199
222.80          -0.076567
223.00          -0.076938
223.20          -0.077310
223.40          -0.077686
223.60          -0.078063
223.80          -0.078443
224.00          -0.078825
224.20          -0.079209
224.40          -0.079596
224.60          -0.079985
224.80          -0.080376
225.00          -0.080770
