175.00          -0.057276
175.20          -0.056860
175.40          -0.056455
175.60          -0.056062
175.80          -0.055678
176.00          -0.055305
176.20          -0.054942
176.40          -0.054589
176.60          -0.054245
176.80          -0.053911
177.00          -0.053587
177.20          -0.053271
177.40          -0.052964
177.60          -0.052667
177.80          -0.052377
178.00          -0.052097
178.20          -0.051824
178.40          -0.051560
178.60          -0.051303
178.80          -0.051055
179.00          -0.050814
179.20          -0.050580
179.40          -0.050354
179.60          -0.050136
179.80          -0.049924
180.00          -0.049720
180.20          -0.049522
180.40          -0.049331
180.60          -0.049147
180.80          -0.048970
181.00          -0.048798
181.20          -0.048634
181.40          -0.048475
181.60          -0.048323
181.80          -0.048176
182.00          -0.048036
182.20          -0.047901
182.40          -0.047772
182.60          -0.047649
182.80          -0.047532
183.00          -0.047419
183.20          -0.047313
183.40          -0.047211
183.60          -0.047115
183.80          -0.047024
184.00          -0.046939
184.20          -0.046858
184.40          -0.046782
184.60          -0.046711
184.80          -0.046645
185.00          -0.046584
185.20          -0.046527
185.40          -0.046475
185.60          -0.046428
185.80          -0.046385
186.00          -0.046347
186.20          -0.046313
186.40          -0.046284
186.60          -0.046258
186.80          -0.046237
187.00          -0.046221
187.20          -0.046208
187.40          -0.046200
187.60          -0.046196
187.80          -0.046195
188.00          -0.046199
188.20          -0.046207
188.40          -0.046219
188.60          -0.046234
188.80          -0.046254
189.00          -0.046277
189.20          -0.046304
189.40          -0.046335
189.60          -0.046369
189.80          -0.046407
190.00          -0.046449
190.20          -0.046495
190.40          -0.046544
190.60          -0.046596
190.80          -0.046653
191.00          -0.046712
191.20          -0.046776
191.40          -0.046842
191.60          -0.046912
191.80          -0.046986
192.00          -0.047063
192.20          -0.047143
192.40          -0.047227
192.60          -0.047314
192.80          -0.047405
193.00          -0.047498
193.20          -0.047596
193.40          -0.047696
193.60          -0.047799
193.80          -0.047906
194.00          -0.048016
194.20          -0.048130
194.40          -0.048246
194.60          -0.048366
194.80          -0.048489
195.00          -0.048615
195.20          -0.048745
195.40          -0.048877
195.60          -0.049013
195.80          -0.049151
196.00          -0.049293
196.20          -0.049438
196.40          -0.049587
196.60          -0.049738
196.80          -0.049892
197.00          -0.050050
197.20          -0.050211
197.40          -0.050374
197.60          -0.050541
197.80          -0.050711
198.00          -0.050884
198.20          -0.051061
198.40          -0.051240
198.60          -0.051422
198.80          -0.051608
199.00          -0.051796
199.20          -0.051988
199.40          -0.052183
199.60          -0.052381
199.80          -0.052582
200.00          -0.052786
200.20          -0.052993
200.40          -0.053204
200.60          -0.053417
200.80          -0.053634
201.00          -0.053853
201.20          -0.054076
201.40          -0.054302
201.60          -0.054531
201.80          -0.054764
202.00          -0.054999
202.20          -0.055238
202.40          -0.055479
202.60          -0.055724
202.80          -0.055973
203.00          -0.056224
203.20          -0.056479
203.40          -0.056736
203.60          -0.056997
203.80          -0.057262
204.00          -0.057529
204.20          -0.057800
204.40          -0.058074
204.60          -0.058351
204.80          -0.058632
205.00          -0.058916
205.20          -0.059203
205.40          -0.059494
205.60          -0.059788
205.80          -0.060085
206.00          -0.060386
206.20          -0.060690
206.40          -0.060997
206.60          -0.061308
206.80          -0.061623
207.00          -0.061940
207.20          -0.062262
207.40          -0.062586
207.60          -0.062915
207.80          -0.063246
208.00          -0.063582
208.20          -0.063921
208.40          -0.064263
208.60          -0.064609
208.80          -0.064959
209.00          -0.065312
209.20          -0.065669
209.40          -0.066029
209.60          -0.066394
209.80          -0.066762
210.00          -0.067133
210.20          -0.067509
210.40          -0.067888
210.60          -0.068271
210.80          -0.068658
211.00          -0.069048
211.20          -0.069443
211.40          -0.069841
211.60          -0.070243
211.80          -0.070649
212.00          -0.071060
212.20          -0.071474
212.40          -0.071892
212.60          -0.072314
212.80          -0.072740
213.00          -0.073170
213.20          -0.073604
213.40          -0.074042
213.60          -0.074485
213.80          -0.074932
214.00          -0.075382
214.20          -0.075837
214.40          -0.076297
214.60          -0.076760
214.80          -0.077228
215.00          -0.077700
215.20          -0.078177
215.40          -0.078657
215.60          -0.079143
215.80          -0.079632
216.00          -0.080126
216.20          -0.080625
216.40          -0.081128
216.60          -0.081635
216.80          -0.082148
217.00          -0.082664
217.20          -0.083186
217.40          -0.083712
217.60          -0.084242
217.80          -0.084778
218.00          -0.085318
218.20          -0.085863
218.40          -0.086412
218.60          -0.086967
218.80          -0.087526
219.00          -0.088090
219.20          -0.088660
219.40          -0.089234
219.60          -0.089813
219.80          -0.090397
220.00          -0.090986
220.20          -0.091580
220.40          -0.092179
220.60          -0.092784
220.80          -0.093393
221.00          -0.094008
221.20          -0.094628
221.40          -0.095253
221.60          -0.095883
221.80          -0.096519
222.00          -0.097160
222.20          -0.097807
222.40          -0.098459
222.60          -0.099116
222.80          -0.099779
223.00          -0.10045
223.20          -0.10112
223.40          -0.10180
223.60          -0.10249
223.80          -0.10318
224.00          -0.10387
224.20          -0.10457
224.40          -0.10528
224.60          -0.10600
224.80          -0.10672
225.00          -0.10744
