175.00          -0.055480
175.20          -0.055418
175.40          -0.055361
175.60          -0.055310
175.80          -0.055263
176.00          -0.055221
176.20          -0.055184
176.40          -0.055151
176.60          -0.055123
176.80          -0.055100
177.00          -0.055080
177.20          -0.055065
177.40          -0.055053
177.60          -0.055045
177.80          -0.055042
178.00          -0.055041
178.20          -0.055045
178.40          -0.055051
178.60          -0.055061
178.80          -0.055075
179.00          -0.055091
179.20          -0.055111
179.40          -0.055133
179.60          -0.055159
179.80          -0.055187
180.00          -0.055217
180.20          -0.055251
180.40          -0.055287
180.60          -0.055325
180.80          -0.055366
181.00          -0.055409
181.20          -0.055455
181.40          -0.055503
181.60          -0.055552
181.80          -0.055604
182.00          -0.055658
182.20          -0.055713
182.40          -0.055771
182.60          -0.055830
182.80          -0.055891
183.00          -0.055953
183.20          -0.056017
183.40          -0.056083
183.60          -0.056150
183.80          -0.056219
184.00          -0.056289
184.20          -0.056360
184.40          -0.056432
184.60          -0.056506
184.80          -0.056581
185.00          -0.056657
185.20          -0.056734
185.40          -0.056812
185.60          -0.056891
185.80          -0.056971
186.00          -0.057051
186.20          -0.057133
186.40          -0.057215
186.60          -0.057298
186.80          -0.057382
187.00          -0.057467
187.20          -0.057552
187.40          -0.057638
187.60          -0.057724
187.80          -0.057811
188.00          -0.057898
188.20          -0.057985
188.40          -0.058073
188.60          -0.058162
188.80          -0.058251
189.00          -0.058340
189.20          -0.058429
189.40          -0.058518
189.60          -0.058608
189.80          -0.058698
190.00          -0.058788
190.20          -0.058878
190.40          -0.058968
190.60          -0.059058
190.80          -0.059149
191.00          -0.059239
191.20          -0.059329
191.40          -0.059419
191.60          -0.059509
191.80          -0.059599
192.00          -0.059689
192.20          -0.059778
192.40          -0.059868
192.60          -0.059957
192.80          -0.060046
193.00          -0.060134
193.20          -0.060223
193.40          -0.060311
193.60          -0.060398
193.80          -0.060486
194.00          -0.060573
194.20          -0.060659
194.40          -0.060746
194.60          -0.060831
194.80          -0.060917
195.00          -0.061001
195.20          -0.061086
195.40          -0.061170
195.60          -0.061253
195.80          -0.061336
196.00          -0.061418
196.20          -0.061500
196.40          -0.061581
196.60          -0.061661
196.80          -0.061741
197.00          -0.061820
197.20          -0.061899
197.40          -0.061977
197.60          -0.062055
197.80          -0.062131
198.00          -0.062208
198.20          -0.062283
198.40          -0.062358
198.60          -0.062432
198.80          -0.062506
199.00          -0.062579
199.20          -0.062651
199.40          -0.062723
199.60          -0.062794
199.80          -0.062864
200.00          -0.062934
200.20          -0.063004
200.40          -0.063073
200.60          -0.063141
200.80          -0.063209
201.00          -0.063277
201.20          -0.063345
201.40          -0.063412
201.60          -0.063479
201.80          -0.063547
202.00          -0.063615
202.20          -0.063683
202.40          -0.063752
202.60          -0.063823
202.80          -0.063895
203.00          -0.063969
203.20          -0.064047
203.40          -0.064128
203.60          -0.064215
203.80          -0.064310
204.00          -0.064415
204.20          -0.064535
204.40          -0.064676
204.60          -0.064850
204.80          -0.065075
205.00          -0.065386
205.20          -0.065854
205.40          -0.066648
205.60          -0.068264
205.80          -0.072796
206.00          -0.10062
206.20          -0.43860
206.40          -0.074493
206.60          -0.066447
206.80          -0.064907
207.00          -0.064432
207.20          -0.064259
207.40          -0.064196
207.60          -0.064179
207.80          -0.064183
208.00          -0.064197
208.20          -0.064215
208.40          -0.064236
208.60          -0.064256
208.80          -0.064276
209.00          -0.064295
209.20          -0.064312
209.40          -0.064327
209.60          -0.064341
209.80          -0.064354
210.00          -0.064364
210.20          -0.064373
210.40          -0.064380
210.60          -0.064385
210.80          -0.064389
211.00          -0.064391
211.20          -0.064391
211.40          -0.064390
211.60          -0.064387
211.80          -0.064382
212.00          -0.064376
212.20          -0.064368
212.40          -0.064358
212.60          -0.064347
212.80          -0.064334
213.00          -0.064320
213.20          -0.064304
213.40          -0.064286
213.60          -0.064267
213.80          -0.064246
214.00          -0.064224
214.20          -0.064200
214.40          -0.064175
214.60          -0.064147
214.80          -0.064119
215.00          -0.064089
215.20          -0.064057
215.40          -0.064023
215.60          -0.063988
215.80          -0.063952
216.00          -0.063914
216.20          -0.063874
216.40          -0.063833
216.60          -0.063790
216.80          -0.063745
217.00          -0.063699
217.20          -0.063652
217.40          -0.063602
217.60          -0.063551
217.80          -0.063499
218.00          -0.063445
218.20          -0.063389
218.40          -0.063332
218.60          -0.063274
218.80          -0.063213
219.00          -0.063151
219.20          -0.063088
219.40          -0.063023
219.60          -0.062956
219.80          -0.062888
220.00          -0.062819
220.20          -0.062748
220.40          -0.062676
220.60          -0.062602
220.80          -0.062527
221.00          -0.062450
221.20          -0.062372
221.40          -0.062294
221.60          -0.062214
221.80          -0.062133
222.00          -0.062051
222.20          -0.061968
222.40          -0.061885
222.60          -0.061801
222.80          -0.061718
223.00          -0.061634
223.20          -0.061551
223.40          -0.061470
223.60          -0.061389
223.80          -0.061311
224.00          -0.061236
224.20          -0.061165
224.40          -0.061100
224.60          -0.061043
224.80          -0.060995
225.00          -0.060960
