175.00          -0.058069
175.20          -0.058566
175.40          -0.059076
175.60          -0.059598
175.80          -0.060135
176.00          -0.060685
176.20          -0.061250
176.40          -0.061830
176.60          -0.062426
176.80          -0.063039
177.00          -0.063670
177.20          -0.064318
177.40          -0.064986
177.60          -0.065674
177.80          -0.066383
178.00          -0.067115
178.20          -0.067869
178.40          -0.068647
178.60          -0.069451
178.80          -0.070282
179.00          -0.071141
179.20          -0.072030
179.40          -0.072950
179.60          -0.073904
179.80          -0.074892
180.00          -0.075917
180.20          -0.076981
180.40          -0.078086
180.60          -0.079235
180.80          -0.080430
181.00          -0.081674
181.20          -0.082970
181.40          -0.084322
181.60          -0.085733
181.80          -0.087206
182.00          -0.088747
182.20          -0.090358
182.40          -0.092047
182.60          -0.093817
182.80          -0.095674
183.00          -0.097625
183.20          -0.099677
183.40          -0.10184
183.60          -0.10411
183.80          -0.10652
184.00          -0.10905
184.20          -0.11174
184.40          -0.11458
184.60          -0.11760
184.80          -0.12080
185.00          -0.12421
185.20          -0.12783
185.40          -0.13170
185.60          -0.13583
185.80          -0.14025
186.00          -0.14499
186.20          -0.15008
186.40          -0.15555
186.60          -0.16144
186.80          -0.16780
187.00          -0.17468
187.20          -0.18212
187.40          -0.19021
187.60          -0.19900
187.80          -0.20858
188.00          -0.21903
188.20          -0.23047
188.40          -0.24300
188.60          -0.25676
188.80          -0.27187
189.00          -0.28851
189.20          -0.30685
189.40          -0.32705
189.60          -0.34932
189.80          -0.37385
190.00          -0.40079
190.20          -0.43030
190.40          -0.46244
190.60          -0.49718
190.80          -0.53430
191.00          -0.57336
191.20          -0.61358
191.40          -0.65377
191.60          -0.69229
191.80          -0.72709
192.00          -0.75579
192.20          -0.77597
192.40          -0.78557
192.60          -0.78330
192.80          -0.76893
193.00          -0.74339
193.20          -0.70859
193.40          -0.66706
193.60          -0.62145
193.80          -0.57420
194.00          -0.52732
194.20          -0.48224
194.40          -0.43993
194.60          -0.40090
194.80          -0.36536
195.00          -0.33330
195.20          -0.30455
195.40          -0.27889
195.60          -0.25604
195.80          -0.23573
196.00          -0.21767
196.20          -0.20162
196.40          -0.18734
196.60          -0.17463
196.80          -0.16328
197.00          -0.15315
197.20          -0.14408
197.40          -0.13595
197.60          -0.12865
197.80          -0.12208
198.00          -0.11616
198.20          -0.11082
198.40          -0.10599
198.60          -0.10161
198.80          -0.097648
199.00          -0.094046
199.20          -0.090773
199.40          -0.087794
199.60          -0.085081
199.80          -0.082608
200.00          -0.080353
200.20          -0.078296
200.40          -0.076419
200.60          -0.074707
200.80          -0.073146
201.00          -0.071725
201.20          -0.070432
201.40          -0.069259
201.60          -0.068198
201.80          -0.067243
202.00          -0.066387
202.20          -0.065626
202.40          -0.064958
202.60          -0.064379
202.80          -0.063891
203.00          -0.063495
203.20          -0.063192
203.40          -0.062991
203.60          -0.062900
203.80          -0.062934
204.00          -0.063115
204.20          -0.063476
204.40          -0.064066
204.60          -0.064965
204.80          -0.066300
205.00          -0.068293
205.20          -0.071354
205.40          -0.076330
205.60          -0.085232
205.80          -0.10401
206.00          -0.15849
206.20          -0.52650
206.40          -1.6009
206.60          -0.12059
206.80          -0.062690
207.00          -0.051640
207.20          -0.048494
207.40          -0.047504
207.60          -0.047252
207.80          -0.047284
208.00          -0.047429
208.20          -0.047618
208.40          -0.047821
208.60          -0.048025
208.80          -0.048223
209.00          -0.048414
209.20          -0.048597
209.40          -0.048774
209.60          -0.048944
209.80          -0.049109
210.00          -0.049269
210.20          -0.049425
210.40          -0.049579
210.60          -0.049730
210.80          -0.049879
211.00          -0.050027
211.20          -0.050173
211.40          -0.050320
211.60          -0.050465
211.80          -0.050611
212.00          -0.050757
212.20          -0.050903
212.40          -0.051050
212.60          -0.051197
212.80          -0.051345
213.00          -0.051494
213.20          -0.051643
213.40          -0.051794
213.60          -0.051945
213.80          -0.052097
214.00          -0.052251
214.20          -0.052405
214.40          -0.052561
214.60          -0.052718
214.80          -0.052876
215.00          -0.053035
215.20          -0.053195
215.40          -0.053356
215.60          -0.053519
215.80          -0.053682
216.00          -0.053847
216.20          -0.054013
216.40          -0.054180
216.60          -0.054348
216.80          -0.054518
217.00          -0.054688
217.20          -0.054860
217.40          -0.055033
217.60          -0.055207
217.80          -0.055382
218.00          -0.055558
218.20          -0.055735
218.40          -0.055914
218.60          -0.056093
218.80          -0.056274
219.00          -0.056456
219.20          -0.056639
219.40          -0.056823
219.60          -0.057008
219.80          -0.057194
220.00          -0.057382
220.20          -0.057570
220.40          -0.057760
220.60          -0.057951
220.80          -0.058143
221.00          -0.058336
221.20          -0.058530
221.40          -0.058726
221.60          -0.058923
221.80          -0.059121
222.00          -0.059320
222.20          -0.059520
222.40          -0.059722
222.60          -0.059925
222.80          -0.060130
223.00          -0.060335
223.20          -0.060542
223.40          -0.060751
223.60          -0.060961
223.80          -0.061172
224.00          -0.061385
224.20          -0.061600
224.40          -0.061816
224.60          -0.062034
224.80          -0.062253
225.00          -0.062475
