175.00          -0.046584
175.20          -0.046856
175.40          -0.047132
175.60          -0.047413
175.80          -0.047698
176.00          -0.047989
176.20          -0.048284
176.40          -0.048585
176.60          -0.048891
176.80          -0.049203
177.00          -0.049520
177.20          -0.049844
177.40          -0.050173
177.60          -0.050509
177.80          -0.050851
178.00          -0.051200
178.20          -0.051556
178.40          -0.051919
178.60          -0.052290
178.80          -0.052668
179.00          -0.053054
179.20          -0.053448
179.40          -0.053851
179.60          -0.054263
179.80          -0.054684
180.00          -0.055115
180.20          -0.055555
180.40          -0.056006
180.60          -0.056467
180.80          -0.056940
181.00          -0.057424
181.20          -0.057920
181.40          -0.058428
181.60          -0.058949
181.80          -0.059484
182.00          -0.060033
182.20          -0.060597
182.40          -0.061176
182.60          -0.061770
182.80          -0.062382
183.00          -0.063011
183.20          -0.063658
183.40          -0.064324
183.60          -0.065010
183.80          -0.065717
184.00          -0.066446
184.20          -0.067198
184.40          -0.067974
184.60          -0.068775
184.80          -0.069602
185.00          -0.070458
185.20          -0.071343
185.40          -0.072258
185.60          -0.073206
185.80          -0.074189
186.00          -0.075208
186.20          -0.076264
186.40          -0.077362
186.60          -0.078501
186.80          -0.079686
187.00          -0.080919
187.20          -0.082203
187.40          -0.083541
187.60          -0.084936
187.80          -0.086391
188.00          -0.087912
188.20          -0.089501
188.40          -0.091165
188.60          -0.092907
188.80          -0.094733
189.00          -0.096649
189.20          -0.098661
189.40          -0.10078
189.60          -0.10300
189.80          -0.10535
190.00          -0.10783
190.20          -0.11044
190.40          -0.11320
190.60          -0.11613
190.80          -0.11923
191.00          -0.12252
191.20          -0.12602
191.40          -0.12975
191.60          -0.13372
191.80          -0.13795
192.00          -0.14248
192.20          -0.14733
192.40          -0.15253
192.60          -0.15812
192.80          -0.16414
193.00          -0.17062
193.20          -0.17762
193.40          -0.18519
193.60          -0.19340
193.80          -0.20231
194.00          -0.21200
194.20          -0.22256
194.40          -0.23410
194.60          -0.24671
194.80          -0.26052
195.00          -0.27567
195.20          -0.29231
195.40          -0.31060
195.60          -0.33072
195.80          -0.35284
196.00          -0.37715
196.20          -0.40380
196.40          -0.43295
196.60          -0.46467
196.80          -0.49894
197.00          -0.53560
197.20          -0.57430
197.40          -0.61437
197.60          -0.65482
197.80          -0.69421
198.00          -0.73072
198.20          -0.76219
198.40          -0.78632
198.60          -0.80097
198.80          -0.80456
199.00          -0.79640
199.20          -0.77685
199.40          -0.74728
199.60          -0.70980
199.80          -0.66688
200.00          -0.62099
200.20          -0.57427
200.40          -0.52841
200.60          -0.48463
200.80          -0.44369
201.00          -0.40600
201.20          -0.37169
201.40          -0.34071
201.60          -0.31293
201.80          -0.28810
202.00          -0.26599
202.20          -0.24633
202.40          -0.22889
202.60          -0.21343
202.80          -0.19974
203.00          -0.18764
203.20          -0.17697
203.40          -0.16761
203.60          -0.15944
203.80          -0.15237
204.00          -0.14637
204.20          -0.14140
204.40          -0.13751
204.60          -0.13477
204.80          -0.13337
205.00          -0.13366
205.20          -0.13632
205.40          -0.14262
205.60          -0.15530
205.80          -0.18107
206.00          -0.24007
206.20          -0.41831
206.40          -1.3395
206.60          -1.1865
206.80          -0.24928
207.00          -0.11607
207.20          -0.081032
207.40          -0.067894
207.60          -0.061776
207.80          -0.058446
208.00          -0.056393
208.20          -0.054990
208.40          -0.053949
208.60          -0.053124
208.80          -0.052438
209.00          -0.051848
209.20          -0.051328
209.40          -0.050862
209.60          -0.050440
209.80          -0.050056
210.00          -0.049703
210.20          -0.049380
210.40          -0.049083
210.60          -0.048811
210.80          -0.048560
211.00          -0.048331
211.20          -0.048121
211.40          -0.047929
211.60          -0.047755
211.80          -0.047598
212.00          -0.047456
212.20          -0.047328
212.40          -0.047215
212.60          -0.047114
212.80          -0.047027
213.00          -0.046951
213.20          -0.046887
213.40          -0.046833
213.60          -0.046790
213.80          -0.046756
214.00          -0.046732
214.20          -0.046717
214.40          -0.046710
214.60          -0.046711
214.80          -0.046720
215.00          -0.046736
215.20          -0.046759
215.40          -0.046789
215.60          -0.046826
215.80          -0.046868
216.00          -0.046917
216.20          -0.046971
216.40          -0.047031
216.60          -0.047096
216.80          -0.047166
217.00          -0.047240
217.20          -0.047320
217.40          -0.047404
217.60          -0.047492
217.80          -0.047584
218.00          -0.047681
218.20          -0.047781
218.40          -0.047885
218.60          -0.047993
218.80          -0.048105
219.00          -0.048220
219.20          -0.048338
219.40          -0.048460
219.60          -0.048584
219.80          -0.048713
220.00          -0.048844
220.20          -0.048978
220.40          -0.049115
220.60          -0.049255
220.80          -0.049398
221.00          -0.049544
221.20          -0.049693
221.40          -0.049844
221.60          -0.049999
221.80          -0.050156
222.00          -0.050316
222.20          -0.050479
222.40          -0.050644
222.60          -0.050813
222.80          -0.050984
223.00          -0.051159
223.20          -0.051337
223.40          -0.051517
223.60          -0.051701
223.80          -0.051889
224.00          -0.052080
224.20          -0.052275
224.40          -0.052474
224.60          -0.052677
224.80          -0.052886
225.00          -0.053100
