175.00          -0.13244
175.20          -0.13504
175.40          -0.13773
175.60          -0.14050
175.80          -0.14338
176.00          -0.14634
176.20          -0.14941
176.40          -0.15257
176.60          -0.15583
176.80          -0.15919
177.00          -0.16266
177.20          -0.16623
177.40          -0.16990
177.60          -0.17367
177.80          -0.17755
178.00          -0.18151
178.20          -0.18557
178.40          -0.18972
178.60          -0.19394
178.80          -0.19824
179.00          -0.20259
179.20          -0.20700
179.40          -0.21144
179.60          -0.21590
179.80          -0.22035
180.00          -0.22478
180.20          -0.22917
180.40          -0.23348
180.60          -0.23769
180.80          -0.24176
181.00          -0.24567
181.20          -0.24937
181.40          -0.25283
181.60          -0.25601
181.80          -0.25888
182.00          -0.26140
182.20          -0.26354
182.40          -0.26525
182.60          -0.26652
182.80          -0.26731
183.00          -0.26761
183.20          -0.26741
183.40          -0.26669
183.60          -0.26546
183.80          -0.26372
184.00          -0.26148
184.20          -0.25877
184.40          -0.25561
184.60          -0.25203
184.80          -0.24807
185.00          -0.24376
185.20          -0.23915
185.40          -0.23427
185.60          -0.22918
185.80          -0.22391
186.00          -0.21851
186.20          -0.21301
186.40          -0.20746
186.60          -0.20189
186.80          -0.19632
187.00          -0.19080
187.20          -0.18533
187.40          -0.17995
187.60          -0.17467
187.80          -0.16951
188.00          -0.16448
188.20          -0.15959
188.40          -0.15484
188.60          -0.15026
188.80          -0.14582
189.00          -0.14155
189.20          -0.13744
189.40          -0.13349
189.60          -0.12969
189.80          -0.12605
190.00          -0.12256
190.20          -0.11923
190.40          -0.11603
190.60          -0.11298
190.80          -0.11006
191.00          -0.10728
191.20          -0.10462
191.40          -0.10208
191.60          -0.099656
191.80          -0.097346
192.00          -0.095143
192.20          -0.093042
192.40          -0.091039
192.60          -0.089129
192.80          -0.087309
193.00          -0.085574
193.20          -0.083920
193.40          -0.082343
193.60          -0.080840
193.80          -0.079407
194.00          -0.078041
194.20          -0.076739
194.40          -0.075498
194.60          -0.074314
194.80          -0.073186
195.00          -0.072110
195.20          -0.071085
195.40          -0.070107
195.60          -0.069175
195.80          -0.068286
196.00          -0.067439
196.20          -0.066631
196.40          -0.065861
196.60          -0.065128
196.80          -0.064428
197.00          -0.063763
197.20          -0.063128
197.40          -0.062524
197.60          -0.061950
197.80          -0.061403
198.00          -0.060883
198.20          -0.060388
198.40          -0.059919
198.60          -0.059474
198.80          -0.059052
199.00          -0.058652
199.20          -0.058274
199.40          -0.057918
199.60          -0.057582
199.80          -0.057266
200.00          -0.056970
200.20          -0.056694
200.40          -0.056437
200.60          -0.056199
200.80          -0.055981
201.00          -0.055782
201.20          -0.055602
201.40          -0.055443
201.60          -0.055305
201.80          -0.055189
202.00          -0.055096
202.20          -0.055028
202.40          -0.054987
202.60          -0.054976
202.80          -0.054998
203.00          -0.055059
203.20          -0.055164
203.40          -0.055323
203.60          -0.055547
203.80          -0.055853
204.00          -0.056262
204.20          -0.056810
204.40          -0.057547
204.60          -0.058555
204.80          -0.059970
205.00          -0.062035
205.20          -0.065231
205.40          -0.070623
205.60          -0.081063
205.80          -0.10681
206.00          -0.21502
206.20          -5.6875
206.40          -0.19890
206.60          -0.069612
206.80          -0.052424
207.00          -0.047939
207.20          -0.046464
207.40          -0.045960
207.60          -0.045826
207.80          -0.045844
208.00          -0.045925
208.20          -0.046032
208.40          -0.046146
208.60          -0.046259
208.80          -0.046367
209.00          -0.046469
209.20          -0.046565
209.40          -0.046655
209.60          -0.046739
209.80          -0.046819
210.00          -0.046893
210.20          -0.046963
210.40          -0.047030
210.60          -0.047094
210.80          -0.047156
211.00          -0.047215
211.20          -0.047272
211.40          -0.047327
211.60          -0.047382
211.80          -0.047434
212.00          -0.047486
212.20          -0.047538
212.40          -0.047588
212.60          -0.047638
212.80          -0.047688
213.00          -0.047737
213.20          -0.047786
213.40          -0.047835
213.60          -0.047884
213.80          -0.047932
214.00          -0.047981
214.20          -0.048030
214.40          -0.048079
214.60          -0.048128
214.80          -0.048177
215.00          -0.048227
215.20          -0.048276
215.40          -0.048326
215.60          -0.048376
215.80          -0.048427
216.00          -0.048478
216.20          -0.048529
216.40          -0.048580
216.60          -0.048631
216.80          -0.048683
217.00          -0.048735
217.20          -0.048788
217.40          -0.048840
217.60          -0.048893
217.80          -0.048947
218.00          -0.049000
218.20          -0.049054
218.40          -0.049108
218.60          -0.049163
218.80          -0.049217
219.00          -0.049272
219.20          -0.049328
219.40          -0.049383
219.60          -0.049439
219.80          -0.049495
220.00          -0.049552
220.20          -0.049608
220.40          -0.049665
220.60          -0.049722
220.80          -0.049780
221.00          -0.049837
221.20          -0.049895
221.40          -0.049953
221.60          -0.050011
221.80          -0.050070
222.00          -0.050128
222.20          -0.050187
222.40          -0.050246
222.60          -0.050306
222.80          -0.050365
223.00          -0.050425
223.20          -0.050485
223.40          -0.050545
223.60          -0.050605
223.80          -0.050666
224.00          -0.050727
224.20          -0.050788
224.40          -0.050849
224.60          -0.050911
224.80          -0.050972
225.00          -0.051034
