175.00          -0.052240
175.20          -0.051955
175.40          -0.051682
175.60          -0.051420
175.80          -0.051168
176.00          -0.050926
176.20          -0.050694
176.40          -0.050471
176.60          -0.050257
176.80          -0.050051
177.00          -0.049853
177.20          -0.049664
177.40          -0.049481
177.60          -0.049306
177.80          -0.049138
178.00          -0.048977
178.20          -0.048822
178.40          -0.048673
178.60          -0.048530
178.80          -0.048393
179.00          -0.048261
179.20          -0.048134
179.40          -0.048013
179.60          -0.047896
179.80          -0.047784
180.00          -0.047677
180.20          -0.047574
180.40          -0.047475
180.60          -0.047380
180.80          -0.047289
181.00          -0.047202
181.20          -0.047119
181.40          -0.047039
181.60          -0.046963
181.80          -0.046890
182.00          -0.046820
182.20          -0.046754
182.40          -0.046690
182.60          -0.046630
182.80          -0.046572
183.00          -0.046518
183.20          -0.046466
183.40          -0.046417
183.60          -0.046371
183.80          -0.046327
184.00          -0.046286
184.20          -0.046248
184.40          -0.046213
184.60          -0.046180
184.80          -0.046151
185.00          -0.046124
185.20          -0.046100
185.40          -0.046079
185.60          -0.046062
185.80          -0.046048
186.00          -0.046039
186.20          -0.046033
186.40          -0.046032
186.60          -0.046037
186.80          -0.046049
187.00          -0.046068
187.20          -0.046096
187.40          -0.046135
187.60          -0.046189
187.80          -0.046262
188.00          -0.046360
188.20          -0.046494
188.40          -0.046681
188.60          -0.046949
188.80          -0.047353
189.00          -0.048008
189.20          -0.049194
189.40          -0.051788
189.60          -0.060018
189.80          -0.14086
190.00          -0.12828
190.20          -0.050584
190.40          -0.045813
190.60          -0.044819
190.80          -0.044531
191.00          -0.044443
191.20          -0.044424
191.40          -0.044430
191.60          -0.044446
191.80          -0.044464
192.00          -0.044482
192.20          -0.044499
192.40          -0.044515
192.60          -0.044529
192.80          -0.044541
193.00          -0.044551
193.20          -0.044560
193.40          -0.044568
193.60          -0.044575
193.80          -0.044581
194.00          -0.044586
194.20          -0.044590
194.40          -0.044594
194.60          -0.044597
194.80          -0.044599
195.00          -0.044601
195.20          -0.044602
195.40          -0.044604
195.60          -0.044604
195.80          -0.044605
196.00          -0.044605
196.20          -0.044604
196.40          -0.044604
196.60          -0.044603
196.80          -0.044602
197.00          -0.044601
197.20          -0.044599
197.40          -0.044598
197.60          -0.044596
197.80          -0.044594
198.00          -0.044592
198.20          -0.044589
198.40          -0.044587
198.60          -0.044584
198.80          -0.044581
199.00          -0.044578
199.20          -0.044574
199.40          -0.044571
199.60          -0.044567
199.80          -0.044564
200.00          -0.044560
200.20          -0.044556
200.40          -0.044551
200.60          -0.044547
200.80          -0.044542
201.00          -0.044537
201.20          -0.044532
201.40          -0.044527
201.60          -0.044522
201.80          -0.044516
202.00          -0.044511
202.20          -0.044505
202.40          -0.044499
202.60          -0.044493
202.80          -0.044487
203.00          -0.044480
203.20          -0.044473
203.40          -0.044467
203.60          -0.044460
203.80          -0.044453
204.00          -0.044445
204.20          -0.044438
204.40          -0.044430
204.60          -0.044423
204.80          -0.044415
205.00          -0.044407
205.20          -0.044400
205.40          -0.044392
205.60          -0.044384
205.80          -0.044376
206.00          -0.044368
206.20          -0.044360
206.40          -0.044353
206.60          -0.044345
206.80          -0.044338
207.00          -0.044331
207.20          -0.044325
207.40          -0.044319
207.60          -0.044314
207.80          -0.044310
208.00          -0.044306
208.20          -0.044304
208.40          -0.044304
208.60          -0.044305
208.80          -0.044309
209.00          -0.044315
209.20          -0.044325
209.40          -0.044339
209.60          -0.044358
209.80          -0.044384
210.00          -0.044418
210.20          -0.044462
210.40          -0.044519
210.60          -0.044592
210.80          -0.044689
211.00          -0.044814
211.20          -0.044981
211.40          -0.045205
211.60          -0.045511
211.80          -0.045943
212.00          -0.046574
212.20          -0.047543
212.40          -0.049142
212.60          -0.052080
212.80          -0.058516
213.00          -0.078174
213.20          -0.22447
213.40          -0.69081
213.60          -0.075919
213.80          -0.050099
214.00          -0.044360
214.20          -0.042291
214.40          -0.041313
214.60          -0.040747
214.80          -0.040354
215.00          -0.040035
215.20          -0.039743
215.40          -0.039453
215.60          -0.039149
215.80          -0.038820
216.00          -0.038456
216.20          -0.038050
216.40          -0.037597
216.60          -0.037091
216.80          -0.036536
217.00          -0.035945
217.20          -0.035363
217.40          -0.034891
217.60          -0.034753
217.80          -0.035372
218.00          -0.037369
218.20          -0.041175
218.40          -0.046151
218.60          -0.050561
218.80          -0.053195
219.00          -0.054170
219.20          -0.054144
219.40          -0.053653
219.60          -0.052997
219.80          -0.052318
220.00          -0.051676
220.20          -0.051090
220.40          -0.050565
220.60          -0.050097
220.80          -0.049680
221.00          -0.049307
221.20          -0.048973
221.40          -0.048672
221.60          -0.048399
221.80          -0.048151
222.00          -0.047925
222.20          -0.047717
222.40          -0.047525
222.60          -0.047347
222.80          -0.047181
223.00          -0.047027
223.20          -0.046881
223.40          -0.046745
223.60          -0.046615
223.80          -0.046493
224.00          -0.046376
224.20          -0.046265
224.40          -0.046158
224.60          -0.046056
224.80          -0.045957
225.00          -0.045862
