175.00          -0.048808
175.20          -0.049521
175.40          -0.050268
175.60          -0.051053
175.80          -0.051878
176.00          -0.052746
176.20          -0.053660
176.40          -0.054625
176.60          -0.055645
176.80          -0.056724
177.00          -0.057867
177.20          -0.059081
177.40          -0.060372
177.60          -0.061747
177.80          -0.063215
178.00          -0.064785
178.20          -0.066467
178.40          -0.068273
178.60          -0.070217
178.80          -0.072314
179.00          -0.074583
179.20          -0.077042
179.40          -0.079717
179.60          -0.082635
179.80          -0.085827
180.00          -0.089332
180.20          -0.093192
180.40          -0.097462
180.60          -0.10220
180.80          -0.10749
181.00          -0.11341
181.20          -0.12008
181.40          -0.12763
181.60          -0.13623
181.80          -0.14608
182.00          -0.15745
182.20          -0.17065
182.40          -0.18613
182.60          -0.20441
182.80          -0.22623
183.00          -0.25252
183.20          -0.28455
183.40          -0.32404
183.60          -0.37332
183.80          -0.43557
184.00          -0.51508
184.20          -0.61743
184.40          -0.74935
184.60          -0.91707
184.80          -1.1214
185.00          -1.3461
185.20          -1.5427
185.40          -1.6345
185.60          -1.5688
185.80          -1.3741
186.00          -1.1305
186.20          -0.90183
186.40          -0.71399
186.60          -0.56866
186.80          -0.45871
187.00          -0.37589
187.20          -0.31322
187.40          -0.26548
187.60          -0.22894
187.80          -0.20100
188.00          -0.17999
188.20          -0.16506
188.40          -0.15638
188.60          -0.15606
188.80          -0.17192
189.00          -0.23743
189.20          -0.61266
189.40          -2.2760
189.60          -0.30921
189.80          -0.13391
190.00          -0.092033
190.20          -0.075117
190.40          -0.066039
190.60          -0.060247
190.80          -0.056124
191.00          -0.052974
191.20          -0.050452
191.40          -0.048370
191.60          -0.046613
191.80          -0.045108
192.00          -0.043804
192.20          -0.042665
192.40          -0.041664
192.60          -0.040779
192.80          -0.039995
193.00          -0.039297
193.20          -0.038676
193.40          -0.038121
193.60          -0.037625
193.80          -0.037182
194.00          -0.036786
194.20          -0.036431
194.40          -0.036115
194.60          -0.035832
194.80          -0.035580
195.00          -0.035357
195.20          -0.035158
195.40          -0.034983
195.60          -0.034828
195.80          -0.034694
196.00          -0.034576
196.20          -0.034475
196.40          -0.034389
196.60          -0.034317
196.80          -0.034258
197.00          -0.034210
197.20          -0.034173
197.40          -0.034147
197.60          -0.034129
197.80          -0.034121
198.00          -0.034120
198.20          -0.034128
198.40          -0.034142
198.60          -0.034163
198.80          -0.034190
199.00          -0.034223
199.20          -0.034261
199.40          -0.034305
199.60          -0.034353
199.80          -0.034406
200.00          -0.034463
200.20          -0.034525
200.40          -0.034590
200.60          -0.034659
200.80          -0.034731
201.00          -0.034807
201.20          -0.034886
201.40          -0.034968
201.60          -0.035052
201.80          -0.035140
202.00          -0.035230
202.20          -0.035323
202.40          -0.035418
202.60          -0.035516
202.80          -0.035616
203.00          -0.035718
203.20          -0.035822
203.40          -0.035929
203.60          -0.036037
203.80          -0.036148
204.00          -0.036260
204.20          -0.036374
204.40          -0.036491
204.60          -0.036609
204.80          -0.036729
205.00          -0.036850
205.20          -0.036974
205.40          -0.037099
205.60          -0.037227
205.80          -0.037356
206.00          -0.037487
206.20          -0.037619
206.40          -0.037754
206.60          -0.037890
206.80          -0.038028
207.00          -0.038169
207.20          -0.038311
207.40          -0.038455
207.60          -0.038601
207.80          -0.038749
208.00          -0.038900
208.20          -0.039053
208.40          -0.039208
208.60          -0.039366
208.80          -0.039526
209.00          -0.039689
209.20          -0.039855
209.40          -0.040024
209.60          -0.040196
209.80          -0.040371
210.00          -0.040550
210.20          -0.040733
210.40          -0.040921
210.60          -0.041113
210.80          -0.041311
211.00          -0.041515
211.20          -0.041727
211.40          -0.041949
211.60          -0.042184
211.80          -0.042440
212.00          -0.042739
212.20          -0.043153
212.40          -0.044153
212.60          -0.071185
212.80          -0.045737
213.00          -0.044234
213.20          -0.044282
213.40          -0.044517
213.60          -0.044814
213.80          -0.045149
214.00          -0.045516
214.20          -0.045917
214.40          -0.046354
214.60          -0.046836
214.80          -0.047370
215.00          -0.047969
215.20          -0.048648
215.40          -0.049430
215.60          -0.050346
215.80          -0.051441
216.00          -0.052782
216.20          -0.054473
216.40          -0.056685
216.60          -0.059716
216.80          -0.064127
217.00          -0.071091
217.20          -0.083451
217.40          -0.10960
217.60          -0.18160
217.80          -0.36893
218.00          -0.18089
218.20          -0.070715
218.40          -0.047984
218.60          -0.041887
218.80          -0.040077
219.00          -0.039663
219.20          -0.039770
219.40          -0.040083
219.60          -0.040473
219.80          -0.040888
220.00          -0.041304
220.20          -0.041709
220.40          -0.042100
220.60          -0.042476
220.80          -0.042837
221.00          -0.043184
221.20          -0.043518
221.40          -0.043840
221.60          -0.044153
221.80          -0.044456
222.00          -0.044751
222.20          -0.045039
222.40          -0.045321
222.60          -0.045597
222.80          -0.045868
223.00          -0.046135
223.20          -0.046398
223.40          -0.046658
223.60          -0.046916
223.80          -0.047170
224.00          -0.047423
224.20          -0.047674
224.40          -0.047924
224.60          -0.048172
224.80          -0.048420
225.00          -0.048667
