175.00          -0.017192
175.20          -0.017248
175.40          -0.017305
175.60          -0.017363
175.80          -0.017422
176.00          -0.017482
176.20          -0.017542
176.40          -0.017603
176.60          -0.017666
176.80          -0.017729
177.00          -0.017793
177.20          -0.017857
177.40          -0.017923
177.60          -0.017990
177.80          -0.018058
178.00          -0.018127
178.20          -0.018196
178.40          -0.018267
178.60          -0.018339
178.80          -0.018412
179.00          -0.018487
179.20          -0.018562
179.40          -0.018639
179.60          -0.018717
179.80          -0.018796
180.00          -0.018876
180.20          -0.018958
180.40          -0.019041
180.60          -0.019126
180.80          -0.019212
181.00          -0.019299
181.20          -0.019388
181.40          -0.019479
181.60          -0.019571
181.80          -0.019665
182.00          -0.019760
182.20          -0.019857
182.40          -0.019957
182.60          -0.020057
182.80          -0.020160
183.00          -0.020265
183.20          -0.020372
183.40          -0.020481
183.60          -0.020592
183.80          -0.020705
184.00          -0.020820
184.20          -0.020938
184.40          -0.021058
184.60          -0.021181
184.80          -0.021306
185.00          -0.021434
185.20          -0.021565
185.40          -0.021698
185.60          -0.021835
185.80          -0.021974
186.00          -0.022116
186.20          -0.022262
186.40          -0.022411
186.60          -0.022564
186.80          -0.022720
187.00          -0.022880
187.20          -0.023043
187.40          -0.023211
187.60          -0.023382
187.80          -0.023558
188.00          -0.023739
188.20          -0.023923
188.40          -0.024113
188.60          -0.024308
188.80          -0.024507
189.00          -0.024712
189.20          -0.024923
189.40          -0.025139
189.60          -0.025362
189.80          -0.025590
190.00          -0.025825
190.20          -0.026067
190.40          -0.026316
190.60          -0.026573
190.80          -0.026837
191.00          -0.027109
191.20          -0.027389
191.40          -0.027678
191.60          -0.027977
191.80          -0.028285
192.00          -0.028602
192.20          -0.028931
192.40          -0.029270
192.60          -0.029622
192.80          -0.029985
193.00          -0.030361
193.20          -0.030750
193.40          -0.031153
193.60          -0.031572
193.80          -0.032006
194.00          -0.032456
194.20          -0.032923
194.40          -0.033409
194.60          -0.033915
194.80          -0.034440
195.00          -0.034988
195.20          -0.035558
195.40          -0.036152
195.60          -0.036772
195.80          -0.037420
196.00          -0.038096
196.20          -0.038804
196.40          -0.039544
196.60          -0.040319
196.80          -0.041132
197.00          -0.041985
197.20          -0.042880
197.40          -0.043821
197.60          -0.044812
197.80          -0.045855
198.00          -0.046954
198.20          -0.048115
198.40          -0.049341
198.60          -0.050639
198.80          -0.052013
199.00          -0.053470
199.20          -0.055017
199.40          -0.056662
199.60          -0.058414
199.80          -0.060281
200.00          -0.062276
200.20          -0.064409
200.40          -0.066694
200.60          -0.069147
200.80          -0.071784
201.00          -0.074623
201.20          -0.077688
201.40          -0.081001
201.60          -0.084592
201.80          -0.088491
202.00          -0.092735
202.20          -0.097365
202.40          -0.10243
202.60          -0.10798
202.80          -0.11409
203.00          -0.12082
203.20          -0.12826
203.40          -0.13652
203.60          -0.14570
203.80          -0.15595
204.00          -0.16743
204.20          -0.18031
204.40          -0.19483
204.60          -0.21124
204.80          -0.22984
205.00          -0.25099
205.20          -0.27509
205.40          -0.30266
205.60          -0.33439
205.80          -0.37164
206.00          -0.42074
206.20          -1.0103
206.40          -0.49570
206.60          -0.54095
206.80          -0.59205
207.00          -0.64158
207.20          -0.68523
207.40          -0.71826
207.60          -0.73619
207.80          -0.73601
208.00          -0.71724
208.20          -0.68214
208.40          -0.63502
208.60          -0.58092
208.80          -0.52448
209.00          -0.46923
209.20          -0.41747
209.40          -0.37039
209.60          -0.32842
209.80          -0.29149
210.00          -0.25925
210.20          -0.23123
210.40          -0.20692
210.60          -0.18584
210.80          -0.16753
211.00          -0.15160
211.20          -0.13770
211.40          -0.12555
211.60          -0.11488
211.80          -0.10550
212.00          -0.097205
212.20          -0.089860
212.40          -0.083333
212.60          -0.077514
212.80          -0.072311
213.00          -0.067647
213.20          -0.063452
213.40          -0.059671
213.60          -0.056254
213.80          -0.053158
214.00          -0.050347
214.20          -0.047788
214.40          -0.045455
214.60          -0.043322
214.80          -0.041370
215.00          -0.039579
215.20          -0.037933
215.40          -0.036419
215.60          -0.035022
215.80          -0.033733
216.00          -0.032541
216.20          -0.031438
216.40          -0.030414
216.60          -0.029465
216.80          -0.028582
217.00          -0.027761
217.20          -0.026996
217.40          -0.026283
217.60          -0.025618
217.80          -0.024996
218.00          -0.024415
218.20          -0.023872
218.40          -0.023363
218.60          -0.022886
218.80          -0.022439
219.00          -0.022019
219.20          -0.021625
219.40          -0.021256
219.60          -0.020908
219.80          -0.020581
220.00          -0.020274
220.20          -0.019984
220.40          -0.019712
220.60          -0.019456
220.80          -0.019215
221.00          -0.018987
221.20          -0.018773
221.40          -0.018572
221.60          -0.018382
221.80          -0.018203
222.00          -0.018034
222.20          -0.017876
222.40          -0.017726
222.60          -0.017586
222.80          -0.017454
223.00          -0.017329
223.20          -0.017213
223.40          -0.017103
223.60          -0.017000
223.80          -0.016904
224.00          -0.016814
224.20          -0.016730
224.40          -0.016651
224.60          -0.016578
224.80          -0.016510
225.00          -0.016447
