175.00          -0.036592
175.20          -0.036888
175.40          -0.037192
175.60          -0.037503
175.80          -0.037821
176.00          -0.038146
176.20          -0.038480
176.40          -0.038822
176.60          -0.039173
176.80          -0.039533
177.00          -0.039902
177.20          -0.040280
177.40          -0.040669
177.60          -0.041068
177.80          -0.041478
178.00          -0.041899
178.20          -0.042333
178.40          -0.042778
178.60          -0.043237
178.80          -0.043708
179.00          -0.044194
179.20          -0.044695
179.40          -0.045211
179.60          -0.045742
179.80          -0.046291
180.00          -0.046857
180.20          -0.047441
180.40          -0.048044
180.60          -0.048668
180.80          -0.049313
181.00          -0.049980
181.20          -0.050670
181.40          -0.051385
181.60          -0.052125
181.80          -0.052893
182.00          -0.053689
182.20          -0.054516
182.40          -0.055374
182.60          -0.056265
182.80          -0.057192
183.00          -0.058157
183.20          -0.059161
183.40          -0.060207
183.60          -0.061297
183.80          -0.062435
184.00          -0.063622
184.20          -0.064863
184.40          -0.066160
184.60          -0.067517
184.80          -0.068938
185.00          -0.070428
185.20          -0.071991
185.40          -0.073631
185.60          -0.075355
185.80          -0.077167
186.00          -0.079076
186.20          -0.081087
186.40          -0.083208
186.60          -0.085448
186.80          -0.087816
187.00          -0.090321
187.20          -0.092975
187.40          -0.095789
187.60          -0.098776
187.80          -0.10195
188.00          -0.10533
188.20          -0.10893
188.40          -0.11278
188.60          -0.11688
188.80          -0.12127
189.00          -0.12597
189.20          -0.13101
189.40          -0.13643
189.60          -0.14225
189.80          -0.14852
190.00          -0.15529
190.20          -0.16258
190.40          -0.17047
190.60          -0.17901
190.80          -0.18825
191.00          -0.19828
191.20          -0.20915
191.40          -0.22096
191.60          -0.23377
191.80          -0.24768
192.00          -0.26276
192.20          -0.27910
192.40          -0.29676
192.60          -0.31578
192.80          -0.33620
193.00          -0.35796
193.20          -0.38099
193.40          -0.40511
193.60          -0.43002
193.80          -0.45530
194.00          -0.48037
194.20          -0.50449
194.40          -0.52676
194.60          -0.54619
194.80          -0.56173
195.00          -0.57242
195.20          -0.57747
195.40          -0.57643
195.60          -0.56920
195.80          -0.55613
196.00          -0.53788
196.20          -0.51544
196.40          -0.48988
196.60          -0.46231
196.80          -0.43377
197.00          -0.40511
197.20          -0.37703
197.40          -0.35003
197.60          -0.32445
197.80          -0.30050
198.00          -0.27826
198.20          -0.25775
198.40          -0.23894
198.60          -0.22175
198.80          -0.20607
199.00          -0.19180
199.20          -0.17882
199.40          -0.16702
199.60          -0.15629
199.80          -0.14654
200.00          -0.13766
200.20          -0.12957
200.40          -0.12220
200.60          -0.11547
200.80          -0.10933
201.00          -0.10370
201.20          -0.098546
201.40          -0.093818
201.60          -0.089476
201.80          -0.085482
202.00          -0.081804
202.20          -0.078413
202.40          -0.075282
202.60          -0.072389
202.80          -0.069711
203.00          -0.067231
203.20          -0.064930
203.40          -0.062795
203.60          -0.060811
203.80          -0.058965
204.00          -0.057247
204.20          -0.055646
204.40          -0.054153
204.60          -0.052761
204.80          -0.051460
205.00          -0.050246
205.20          -0.049110
205.40          -0.048049
205.60          -0.047056
205.80          -0.046127
206.00          -0.045259
206.20          -0.044446
206.40          -0.043686
206.60          -0.042976
206.80          -0.042313
207.00          -0.041695
207.20          -0.041119
207.40          -0.040583
207.60          -0.040087
207.80          -0.039630
208.00          -0.039210
208.20          -0.038828
208.40          -0.038484
208.60          -0.038179
208.80          -0.037916
209.00          -0.037698
209.20          -0.037531
209.40          -0.037424
209.60          -0.037390
209.80          -0.037449
210.00          -0.037637
210.20          -0.038011
210.40          -0.038680
210.60          -0.039863
210.80          -0.042062
211.00          -0.046709
211.20          -0.059535
211.40          -0.13014
211.60          -2.0610
211.80          -0.061050
212.00          -0.036265
212.20          -0.032058
212.40          -0.030841
212.60          -0.030392
212.80          -0.030201
213.00          -0.030109
213.20          -0.030058
213.40          -0.030026
213.60          -0.030001
213.80          -0.029981
214.00          -0.029962
214.20          -0.029944
214.40          -0.029927
214.60          -0.029910
214.80          -0.029895
215.00          -0.029880
215.20          -0.029867
215.40          -0.029855
215.60          -0.029845
215.80          -0.029837
216.00          -0.029830
216.20          -0.029825
216.40          -0.029822
216.60          -0.029821
216.80          -0.029821
217.00          -0.029824
217.20          -0.029828
217.40          -0.029835
217.60          -0.029843
217.80          -0.029853
218.00          -0.029865
218.20          -0.029879
218.40          -0.029894
218.60          -0.029912
218.80          -0.029931
219.00          -0.029951
219.20          -0.029974
219.40          -0.029998
219.60          -0.030024
219.80          -0.030051
220.00          -0.030080
220.20          -0.030110
220.40          -0.030142
220.60          -0.030175
220.80          -0.030210
221.00          -0.030246
221.20          -0.030283
221.40          -0.030322
221.60          -0.030362
221.80          -0.030403
222.00          -0.030446
222.20          -0.030489
222.40          -0.030534
222.60          -0.030580
222.80          -0.030628
223.00          -0.030676
223.20          -0.030726
223.40          -0.030776
223.60          -0.030828
223.80          -0.030881
224.00          -0.030935
224.20          -0.030990
224.40          -0.031045
224.60          -0.031102
224.80          -0.031160
225.00          -0.031219
