175.00          -0.068591
175.20          -0.066588
175.40          -0.064856
175.60          -0.063370
175.80          -0.062115
176.00          -0.061081
176.20          -0.060267
176.40          -0.059680
176.60          -0.059345
176.80          -0.059308
177.00          -0.059656
177.20          -0.060550
177.40          -0.062311
177.60          -0.065645
177.80          -0.072391
178.00          -0.088876
178.20          -0.15302
178.40          -2.1779
178.60          -0.15074
178.80          -0.054908
179.00          -0.044765
179.20          -0.042612
179.40          -0.042106
179.60          -0.042054
179.80          -0.042142
180.00          -0.042270
180.20          -0.042405
180.40          -0.042537
180.60          -0.042661
180.80          -0.042779
181.00          -0.042891
181.20          -0.043000
181.40          -0.043106
181.60          -0.043210
181.80          -0.043314
182.00          -0.043417
182.20          -0.043522
182.40          -0.043628
182.60          -0.043735
182.80          -0.043845
183.00          -0.043956
183.20          -0.044070
183.40          -0.044186
183.60          -0.044304
183.80          -0.044425
184.00          -0.044548
184.20          -0.044673
184.40          -0.044801
184.60          -0.044931
184.80          -0.045064
185.00          -0.045198
185.20          -0.045335
185.40          -0.045475
185.60          -0.045616
185.80          -0.045759
186.00          -0.045905
186.20          -0.046052
186.40          -0.046202
186.60          -0.046353
186.80          -0.046506
187.00          -0.046661
187.20          -0.046818
187.40          -0.046976
187.60          -0.047136
187.80          -0.047298
188.00          -0.047462
188.20          -0.047627
188.40          -0.047793
188.60          -0.047962
188.80          -0.048131
189.00          -0.048303
189.20          -0.048475
189.40          -0.048650
189.60          -0.048825
189.80          -0.049003
190.00          -0.049181
190.20          -0.049361
190.40          -0.049543
190.60          -0.049726
190.80          -0.049910
191.00          -0.050096
191.20          -0.050284
191.40          -0.050472
191.60          -0.050663
191.80          -0.050855
192.00          -0.051048
192.20          -0.051243
192.40          -0.051439
192.60          -0.051637
192.80          -0.051836
193.00          -0.052037
193.20          -0.052240
193.40          -0.052445
193.60          -0.052651
193.80          -0.052859
194.00          -0.053069
194.20          -0.053280
194.40          -0.053494
194.60          -0.053710
194.80          -0.053928
195.00          -0.054148
195.20          -0.054370
195.40          -0.054595
195.60          -0.054822
195.80          -0.055051
196.00          -0.055284
196.20          -0.055519
196.40          -0.055758
196.60          -0.055999
196.80          -0.056244
197.00          -0.056493
197.20          -0.056745
197.40          -0.057002
197.60          -0.057263
197.80          -0.057529
198.00          -0.057800
198.20          -0.058077
198.40          -0.058360
198.60          -0.058650
198.80          -0.058947
199.00          -0.059252
199.20          -0.059567
199.40          -0.059892
199.60          -0.060228
199.80          -0.060578
200.00          -0.060943
200.20          -0.061326
200.40          -0.061729
200.60          -0.062158
200.80          -0.062617
201.00          -0.063115
201.20          -0.063662
201.40          -0.064274
201.60          -0.064976
201.80          -0.065810
202.00          -0.066853
202.20          -0.068257
202.40          -0.070377
202.60          -0.074231
202.80          -0.083950
203.00          -0.13518
203.20          -2.2566
203.40          -0.10388
203.60          -0.078383
203.80          -0.074648
204.00          -0.074553
204.20          -0.075800
204.40          -0.077970
204.60          -0.081163
204.80          -0.085842
205.00          -0.093052
205.20          -0.10518
205.40          -0.12816
205.60          -0.17573
205.80          -0.21916
206.00          -0.12114
206.20          -0.068280
206.40          -0.055984
206.60          -0.053469
206.80          -0.053475
207.00          -0.054185
207.20          -0.055071
207.40          -0.055962
207.60          -0.056807
207.80          -0.057592
208.00          -0.058317
208.20          -0.058988
208.40          -0.059611
208.60          -0.060193
208.80          -0.060740
209.00          -0.061256
209.20          -0.061746
209.40          -0.062213
209.60          -0.062660
209.80          -0.063090
210.00          -0.063505
210.20          -0.063907
210.40          -0.064297
210.60          -0.064677
210.80          -0.065047
211.00          -0.065410
211.20          -0.065766
211.40          -0.066116
211.60          -0.066460
211.80          -0.066798
212.00          -0.067133
212.20          -0.067464
212.40          -0.067791
212.60          -0.068115
212.80          -0.068436
213.00          -0.068755
213.20          -0.069072
213.40          -0.069388
213.60          -0.069701
213.80          -0.070014
214.00          -0.070325
214.20          -0.070635
214.40          -0.070945
214.60          -0.071254
214.80          -0.071563
215.00          -0.071871
215.20          -0.072179
215.40          -0.072488
215.60          -0.072797
215.80          -0.073106
216.00          -0.073415
216.20          -0.073725
216.40          -0.074036
216.60          -0.074348
216.80          -0.074660
217.00          -0.074974
217.20          -0.075289
217.40          -0.075605
217.60          -0.075923
217.80          -0.076242
218.00          -0.076562
218.20          -0.076885
218.40          -0.077209
218.60          -0.077535
218.80          -0.077864
219.00          -0.078194
219.20          -0.078527
219.40          -0.078863
219.60          -0.079201
219.80          -0.079541
220.00          -0.079885
220.20          -0.080232
220.40          -0.080582
220.60          -0.080936
220.80          -0.081293
221.00          -0.081653
221.20          -0.082018
221.40          -0.082387
221.60          -0.082760
221.80          -0.083138
222.00          -0.083521
222.20          -0.083908
222.40          -0.084301
222.60          -0.084700
222.80          -0.085104
223.00          -0.085515
223.20          -0.085932
223.40          -0.086356
223.60          -0.086788
223.80          -0.087227
224.00          -0.087674
224.20          -0.088130
224.40          -0.088594
224.60          -0.089069
224.80          -0.089553
225.00          -0.090049
