175.00          -0.047582
175.20          -0.047998
175.40          -0.048427
175.60          -0.048872
175.80          -0.049333
176.00          -0.049811
176.20          -0.050307
176.40          -0.050822
176.60          -0.051357
176.80          -0.051914
177.00          -0.052495
177.20          -0.053101
177.40          -0.053733
177.60          -0.054394
177.80          -0.055086
178.00          -0.055810
178.20          -0.056571
178.40          -0.057369
178.60          -0.058209
178.80          -0.059094
179.00          -0.060028
179.20          -0.061015
179.40          -0.062059
179.60          -0.063166
179.80          -0.064341
180.00          -0.065592
180.20          -0.066925
180.40          -0.068350
180.60          -0.069875
180.80          -0.071511
181.00          -0.073270
181.20          -0.075168
181.40          -0.077218
181.60          -0.079441
181.80          -0.081858
182.00          -0.084494
182.20          -0.087379
182.40          -0.090546
182.60          -0.094038
182.80          -0.097902
183.00          -0.10220
183.20          -0.10700
183.40          -0.11238
183.60          -0.11846
183.80          -0.12535
184.00          -0.13323
184.20          -0.14229
184.40          -0.15280
184.60          -0.16507
184.80          -0.17955
185.00          -0.19679
185.20          -0.21757
185.40          -0.24290
185.60          -0.27422
185.80          -0.31351
186.00          -0.36362
186.20          -0.42865
186.40          -0.51458
186.60          -0.63002
186.80          -0.78695
187.00          -0.99975
187.20          -1.2781
187.40          -1.6028
187.60          -1.8814
187.80          -1.9537
188.00          -1.7536
188.20          -1.4081
188.40          -1.0713
188.60          -0.80617
188.80          -0.61366
189.00          -0.47696
189.20          -0.37964
189.40          -0.30957
189.60          -0.25855
189.80          -0.22119
190.00          -0.19413
190.20          -0.17554
190.40          -0.16514
190.60          -0.16513
190.80          -0.18427
191.00          -0.25674
191.20          -0.56563
191.40          -1.3665
191.60          -0.46898
191.80          -0.20498
192.00          -0.13160
192.20          -0.10144
192.40          -0.085647
192.60          -0.075995
192.80          -0.069461
193.00          -0.064715
193.20          -0.061093
193.40          -0.058230
193.60          -0.055908
193.80          -0.053986
194.00          -0.052374
194.20          -0.051005
194.40          -0.049832
194.60          -0.048821
194.80          -0.047945
195.00          -0.047182
195.20          -0.046516
195.40          -0.045933
195.60          -0.045422
195.80          -0.044974
196.00          -0.044581
196.20          -0.044237
196.40          -0.043936
196.60          -0.043673
196.80          -0.043444
197.00          -0.043246
197.20          -0.043076
197.40          -0.042930
197.60          -0.042807
197.80          -0.042704
198.00          -0.042619
198.20          -0.042552
198.40          -0.042499
198.60          -0.042461
198.80          -0.042435
199.00          -0.042421
199.20          -0.042418
199.40          -0.042426
199.60          -0.042442
199.80          -0.042467
200.00          -0.042499
200.20          -0.042539
200.40          -0.042586
200.60          -0.042639
200.80          -0.042698
201.00          -0.042762
201.20          -0.042832
201.40          -0.042906
201.60          -0.042985
201.80          -0.043068
202.00          -0.043155
202.20          -0.043245
202.40          -0.043340
202.60          -0.043437
202.80          -0.043538
203.00          -0.043642
203.20          -0.043748
203.40          -0.043857
203.60          -0.043969
203.80          -0.044084
204.00          -0.044200
204.20          -0.044319
204.40          -0.044440
204.60          -0.044563
204.80          -0.044689
205.00          -0.044816
205.20          -0.044945
205.40          -0.045075
205.60          -0.045208
205.80          -0.045342
206.00          -0.045478
206.20          -0.045616
206.40          -0.045756
206.60          -0.045897
206.80          -0.046039
207.00          -0.046183
207.20          -0.046329
207.40          -0.046476
207.60          -0.046625
207.80          -0.046776
208.00          -0.046928
208.20          -0.047081
208.40          -0.047237
208.60          -0.047393
208.80          -0.047552
209.00          -0.047712
209.20          -0.047874
209.40          -0.048038
209.60          -0.048203
209.80          -0.048371
210.00          -0.048540
210.20          -0.048712
210.40          -0.048885
210.60          -0.049061
210.80          -0.049239
211.00          -0.049419
211.20          -0.049602
211.40          -0.049788
211.60          -0.049977
211.80          -0.050169
212.00          -0.050365
212.20          -0.050564
212.40          -0.050768
212.60          -0.050977
212.80          -0.051193
213.00          -0.051416
213.20          -0.051652
213.40          -0.051909
213.60          -0.052212
213.80          -0.052663
214.00          -0.054158
214.20          -0.12062
214.40          -0.054051
214.60          -0.053541
214.80          -0.053661
215.00          -0.053892
215.20          -0.054165
215.40          -0.054464
215.60          -0.054785
215.80          -0.055128
216.00          -0.055495
216.20          -0.055889
216.40          -0.056315
216.60          -0.056778
216.80          -0.057286
217.00          -0.057849
217.20          -0.058480
217.40          -0.059199
217.60          -0.060028
217.80          -0.061006
218.00          -0.062184
218.20          -0.063643
218.40          -0.065513
218.60          -0.068015
218.80          -0.071549
219.00          -0.076928
219.20          -0.086014
219.40          -0.10396
219.60          -0.14930
219.80          -0.29631
220.00          -0.24306
220.20          -0.084829
220.40          -0.056914
220.60          -0.050762
220.80          -0.049340
221.00          -0.049263
221.20          -0.049619
221.40          -0.050114
221.60          -0.050642
221.80          -0.051161
222.00          -0.051658
222.20          -0.052128
222.40          -0.052573
222.60          -0.052993
222.80          -0.053391
223.00          -0.053770
223.20          -0.054133
223.40          -0.054480
223.60          -0.054814
223.80          -0.055137
224.00          -0.055450
224.20          -0.055755
224.40          -0.056051
224.60          -0.056341
224.80          -0.056625
225.00          -0.056904
