175.00          -0.065487
175.20          -0.066022
175.40          -0.066565
175.60          -0.067118
175.80          -0.067679
176.00          -0.068249
176.20          -0.068828
176.40          -0.069417
176.60          -0.070015
176.80          -0.070623
177.00          -0.071240
177.20          -0.071867
177.40          -0.072504
177.60          -0.073152
177.80          -0.073809
178.00          -0.074477
178.20          -0.075156
178.40          -0.075845
178.60          -0.076545
178.80          -0.077256
179.00          -0.077979
179.20          -0.078713
179.40          -0.079458
179.60          -0.080216
179.80          -0.080985
180.00          -0.081767
180.20          -0.082561
180.40          -0.083368
180.60          -0.084187
180.80          -0.085020
181.00          -0.085865
181.20          -0.086725
181.40          -0.087598
181.60          -0.088485
181.80          -0.089386
182.00          -0.090301
182.20          -0.091232
182.40          -0.092177
182.60          -0.093137
182.80          -0.094113
183.00          -0.095105
183.20          -0.096113
183.40          -0.097137
183.60          -0.098178
183.80          -0.099235
184.00          -0.10031
184.20          -0.10140
184.40          -0.10251
184.60          -0.10364
184.80          -0.10479
185.00          -0.10596
185.20          -0.10714
185.40          -0.10835
185.60          -0.10958
185.80          -0.11082
186.00          -0.11209
186.20          -0.11338
186.40          -0.11469
186.60          -0.11603
186.80          -0.11739
187.00          -0.11877
187.20          -0.12018
187.40          -0.12161
187.60          -0.12307
187.80          -0.12456
188.00          -0.12607
188.20          -0.12762
188.40          -0.12921
188.60          -0.13083
188.80          -0.13249
189.00          -0.13420
189.20          -0.13597
189.40          -0.13783
189.60          -0.13980
189.80          -0.14197
190.00          -0.14451
190.20          -0.14794
190.40          -0.15435
190.60          -0.18131
190.80          -2.3836
191.00          -0.17326
191.20          -0.15855
191.40          -0.15741
191.60          -0.15837
191.80          -0.15997
192.00          -0.16182
192.20          -0.16382
192.40          -0.16592
192.60          -0.16808
192.80          -0.17030
193.00          -0.17258
193.20          -0.17490
193.40          -0.17728
193.60          -0.17970
193.80          -0.18217
194.00          -0.18469
194.20          -0.18726
194.40          -0.18988
194.60          -0.19255
194.80          -0.19528
195.00          -0.19806
195.20          -0.20090
195.40          -0.20379
195.60          -0.20675
195.80          -0.20977
196.00          -0.21285
196.20          -0.21599
196.40          -0.21920
196.60          -0.22249
196.80          -0.22584
197.00          -0.22928
197.20          -0.23279
197.40          -0.23638
197.60          -0.24005
197.80          -0.24382
198.00          -0.24767
198.20          -0.25162
198.40          -0.25568
198.60          -0.25983
198.80          -0.26410
199.00          -0.26848
199.20          -0.27298
199.40          -0.27761
199.60          -0.28238
199.80          -0.28728
200.00          -0.29234
200.20          -0.29755
200.40          -0.30293
200.60          -0.30848
200.80          -0.31423
201.00          -0.32017
201.20          -0.32633
201.40          -0.33271
201.60          -0.33933
201.80          -0.34622
202.00          -0.35337
202.20          -0.36083
202.40          -0.36861
202.60          -0.37672
202.80          -0.38521
203.00          -0.39409
203.20          -0.40340
203.40          -0.41318
203.60          -0.42345
203.80          -0.43427
204.00          -0.44567
204.20          -0.45771
204.40          -0.47044
204.60          -0.48392
204.80          -0.49821
205.00          -0.51339
205.20          -0.52953
205.40          -0.54671
205.60          -0.56502
205.80          -0.58456
206.00          -0.60541
206.20          -0.62768
206.40          -0.65148
206.60          -0.67688
206.80          -0.70399
207.00          -0.73286
207.20          -0.76353
207.40          -0.79598
207.60          -0.83015
207.80          -0.86584
208.00          -0.90275
208.20          -0.94040
208.40          -0.97807
208.60          -1.0148
208.80          -1.0493
209.00          -1.0800
209.20          -1.1050
209.40          -1.1222
209.60          -1.1296
209.80          -1.1254
210.00          -1.1083
210.20          -1.0778
210.40          -1.0347
210.60          -0.98041
210.80          -0.91739
211.00          -0.84848
211.20          -0.77666
211.40          -0.70462
211.60          -0.63461
211.80          -0.56829
212.00          -0.50675
212.20          -0.45057
212.40          -0.39998
212.60          -0.35491
212.80          -0.31513
213.00          -0.28037
213.20          -0.25041
213.40          -0.22533
213.60          -0.20632
213.80          -0.20027
214.00          -0.28981
214.20          -0.70808
214.40          -0.15298
214.60          -0.11983
214.80          -0.10467
215.00          -0.093844
215.20          -0.085112
215.40          -0.077783
215.60          -0.071548
215.80          -0.066231
216.00          -0.061716
216.20          -0.057916
216.40          -0.054771
216.60          -0.052233
216.80          -0.050270
217.00          -0.048861
217.20          -0.047995
217.40          -0.047672
217.60          -0.047898
217.80          -0.048690
218.00          -0.050071
218.20          -0.052069
218.40          -0.054719
218.60          -0.058060
218.80          -0.062128
219.00          -0.066958
219.20          -0.072577
219.40          -0.078994
219.60          -0.086201
219.80          -0.094153
220.00          -0.10277
220.20          -0.11193
220.40          -0.12144
220.60          -0.13108
220.80          -0.14058
221.00          -0.14965
221.20          -0.15797
221.40          -0.16529
221.60          -0.17137
221.80          -0.17606
222.00          -0.17928
222.20          -0.18103
222.40          -0.18140
222.60          -0.18052
222.80          -0.17855
223.00          -0.17567
223.20          -0.17207
223.40          -0.16793
223.60          -0.16340
223.80          -0.15862
224.00          -0.15369
224.20          -0.14870
224.40          -0.14374
224.60          -0.13884
224.80          -0.13406
225.00          -0.12941
