175.00          -0.028183
175.20          -0.028237
175.40          -0.028290
175.60          -0.028344
175.80          -0.028398
176.00          -0.028452
176.20          -0.028506
176.40          -0.028560
176.60          -0.028615
176.80          -0.028669
177.00          -0.028724
177.20          -0.028779
177.40          -0.028834
177.60          -0.028889
177.80          -0.028944
178.00          -0.028999
178.20          -0.029055
178.40          -0.029110
178.60          -0.029166
178.80          -0.029222
179.00          -0.029278
179.20          -0.029334
179.40          -0.029390
179.60          -0.029446
179.80          -0.029503
180.00          -0.029559
180.20          -0.029616
180.40          -0.029673
180.60          -0.029730
180.80          -0.029787
181.00          -0.029844
181.20          -0.029902
181.40          -0.029959
181.60          -0.030017
181.80          -0.030075
182.00          -0.030132
182.20          -0.030191
182.40          -0.030249
182.60          -0.030307
182.80          -0.030365
183.00          -0.030424
183.20          -0.030483
183.40          -0.030542
183.60          -0.030601
183.80          -0.030660
184.00          -0.030719
184.20          -0.030778
184.40          -0.030838
184.60          -0.030898
184.80          -0.030958
185.00          -0.031018
185.20          -0.031078
185.40          -0.031138
185.60          -0.031198
185.80          -0.031259
186.00          -0.031319
186.20          -0.031380
186.40          -0.031441
186.60          -0.031502
186.80          -0.031564
187.00          -0.031625
187.20          -0.031686
187.40          -0.031748
187.60          -0.031810
187.80          -0.031872
188.00          -0.031934
188.20          -0.031996
188.40          -0.032059
188.60          -0.032121
188.80          -0.032184
189.00          -0.032247
189.20          -0.032310
189.40          -0.032373
189.60          -0.032436
189.80          -0.032500
190.00          -0.032563
190.20          -0.032627
190.40          -0.032691
190.60          -0.032755
190.80          -0.032819
191.00          -0.032883
191.20          -0.032948
191.40          -0.033012
191.60          -0.033077
191.80          -0.033142
192.00          -0.033207
192.20          -0.033273
192.40          -0.033338
192.60          -0.033404
192.80          -0.033469
193.00          -0.033535
193.20          -0.033601
193.40          -0.033667
193.60          -0.033734
193.80          -0.033800
194.00          -0.033867
194.20          -0.033934
194.40          -0.034001
194.60          -0.034068
194.80          -0.034135
195.00          -0.034203
195.20          -0.034270
195.40          -0.034338
195.60          -0.034406
195.80          -0.034474
196.00          -0.034543
196.20          -0.034611
196.40          -0.034680
196.60          -0.034749
196.80          -0.034817
197.00          -0.034887
197.20          -0.034956
197.40          -0.035025
197.60          -0.035095
197.80          -0.035165
198.00          -0.035235
198.20          -0.035305
198.40          -0.035375
198.60          -0.035446
198.80          -0.035516
199.00          -0.035587
199.20          -0.035658
199.40          -0.035730
199.60          -0.035801
199.80          -0.035872
200.00          -0.035944
200.20          -0.036016
200.40          -0.036088
200.60          -0.036160
200.80          -0.036233
201.00          -0.036306
201.20          -0.036378
201.40          -0.036451
201.60          -0.036525
201.80          -0.036598
202.00          -0.036671
202.20          -0.036745
202.40          -0.036819
202.60          -0.036893
202.80          -0.036968
203.00          -0.037042
203.20          -0.037117
203.40          -0.037192
203.60          -0.037267
203.80          -0.037342
204.00          -0.037417
204.20          -0.037493
204.40          -0.037569
204.60          -0.037645
204.80          -0.037721
205.00          -0.037797
205.20          -0.037874
205.40          -0.037951
205.60          -0.038028
205.80          -0.038105
206.00          -0.038183
206.20          -0.038260
206.40          -0.038338
206.60          -0.038416
206.80          -0.038494
207.00          -0.038573
207.20          -0.038651
207.40          -0.038730
207.60          -0.038809
207.80          -0.038889
208.00          -0.038968
208.20          -0.039048
208.40          -0.039128
208.60          -0.039208
208.80          -0.039289
209.00          -0.039369
209.20          -0.039450
209.40          -0.039531
209.60          -0.039612
209.80          -0.039694
210.00          -0.039776
210.20          -0.039857
210.40          -0.039940
210.60          -0.040022
210.80          -0.040105
211.00          -0.040188
211.20          -0.040271
211.40          -0.040354
211.60          -0.040438
211.80          -0.040521
212.00          -0.040605
212.20          -0.040690
212.40          -0.040774
212.60          -0.040859
212.80          -0.040944
213.00          -0.041029
213.20          -0.041115
213.40          -0.041201
213.60          -0.041287
213.80          -0.041373
214.00          -0.041460
214.20          -0.041546
214.40          -0.041633
214.60          -0.041721
214.80          -0.041808
215.00          -0.041896
215.20          -0.041984
215.40          -0.042073
215.60          -0.042161
215.80          -0.042250
216.00          -0.042340
216.20          -0.042429
216.40          -0.042519
216.60          -0.042609
216.80          -0.042699
217.00          -0.042790
217.20          -0.042881
217.40          -0.042972
217.60          -0.043064
217.80          -0.043155
218.00          -0.043247
218.20          -0.043340
218.40          -0.043433
218.60          -0.043526
218.80          -0.043619
219.00          -0.043713
219.20          -0.043807
219.40          -0.043901
219.60          -0.043995
219.80          -0.044090
220.00          -0.044186
220.20          -0.044281
220.40          -0.044377
220.60          -0.044473
220.80          -0.044570
221.00          -0.044667
221.20          -0.044764
221.40          -0.044862
221.60          -0.044960
221.80          -0.045058
222.00          -0.045157
222.20          -0.045256
222.40          -0.045355
222.60          -0.045455
222.80          -0.045555
223.00          -0.045656
223.20          -0.045757
223.40          -0.045858
223.60          -0.045960
223.80          -0.046062
224.00          -0.046164
224.20          -0.046267
224.40          -0.046370
224.60          -0.046474
224.80          -0.046578
225.00          -0.046683
