175.00          -0.037134
175.20          -0.037235
175.40          -0.037337
175.60          -0.037440
175.80          -0.037543
176.00          -0.037646
176.20          -0.037750
176.40          -0.037854
176.60          -0.037959
176.80          -0.038064
177.00          -0.038170
177.20          -0.038276
177.40          -0.038383
177.60          -0.038489
177.80          -0.038597
178.00          -0.038705
178.20          -0.038813
178.40          -0.038922
178.60          -0.039031
178.80          -0.039141
179.00          -0.039251
179.20          -0.039362
179.40          -0.039473
179.60          -0.039585
179.80          -0.039697
180.00          -0.039810
180.20          -0.039923
180.40          -0.040037
180.60          -0.040151
180.80          -0.040266
181.00          -0.040381
181.20          -0.040497
181.40          -0.040613
181.60          -0.040730
181.80          -0.040848
182.00          -0.040965
182.20          -0.041084
182.40          -0.041203
182.60          -0.041323
182.80          -0.041443
183.00          -0.041563
183.20          -0.041685
183.40          -0.041807
183.60          -0.041929
183.80          -0.042052
184.00          -0.042176
184.20          -0.042300
184.40          -0.042425
184.60          -0.042550
184.80          -0.042676
185.00          -0.042803
185.20          -0.042930
185.40          -0.043058
185.60          -0.043186
185.80          -0.043316
186.00          -0.043445
186.20          -0.043576
186.40          -0.043707
186.60          -0.043839
186.80          -0.043971
187.00          -0.044104
187.20          -0.044238
187.40          -0.044373
187.60          -0.044508
187.80          -0.044644
188.00          -0.044780
188.20          -0.044918
188.40          -0.045056
188.60          -0.045194
188.80          -0.045334
189.00          -0.045474
189.20          -0.045615
189.40          -0.045757
189.60          -0.045900
189.80          -0.046043
190.00          -0.046187
190.20          -0.046332
190.40          -0.046478
190.60          -0.046624
190.80          -0.046771
191.00          -0.046920
191.20          -0.047069
191.40          -0.047219
191.60          -0.047369
191.80          -0.047521
192.00          -0.047673
192.20          -0.047827
192.40          -0.047981
192.60          -0.048136
192.80          -0.048292
193.00          -0.048449
193.20          -0.048607
193.40          -0.048766
193.60          -0.048926
193.80          -0.049087
194.00          -0.049249
194.20          -0.049412
194.40          -0.049576
194.60          -0.049740
194.80          -0.049906
195.00          -0.050073
195.20          -0.050241
195.40          -0.050411
195.60          -0.050581
195.80          -0.050752
196.00          -0.050925
196.20          -0.051098
196.40          -0.051273
196.60          -0.051449
196.80          -0.051626
197.00          -0.051804
197.20          -0.051984
197.40          -0.052164
197.60          -0.052346
197.80          -0.052529
198.00          -0.052714
198.20          -0.052900
198.40          -0.053087
198.60          -0.053275
198.80          -0.053465
199.00          -0.053656
199.20          -0.053849
199.40          -0.054043
199.60          -0.054238
199.80          -0.054435
200.00          -0.054634
200.20          -0.054834
200.40          -0.055035
200.60          -0.055238
200.80          -0.055443
201.00          -0.055649
201.20          -0.055857
201.40          -0.056066
201.60          -0.056277
201.80          -0.056490
202.00          -0.056704
202.20          -0.056921
202.40          -0.057139
202.60          -0.057359
202.80          -0.057580
203.00          -0.057804
203.20          -0.058030
203.40          -0.058257
203.60          -0.058487
203.80          -0.058718
204.00          -0.058952
204.20          -0.059187
204.40          -0.059425
204.60          -0.059665
204.80          -0.059907
205.00          -0.060151
205.20          -0.060398
205.40          -0.060646
205.60          -0.060898
205.80          -0.061151
206.00          -0.061407
206.20          -0.061666
206.40          -0.061927
206.60          -0.062191
206.80          -0.062457
207.00          -0.062726
207.20          -0.062998
207.40          -0.063272
207.60          -0.063550
207.80          -0.063830
208.00          -0.064114
208.20          -0.064400
208.40          -0.064689
208.60          -0.064982
208.80          -0.065278
209.00          -0.065577
209.20          -0.065879
209.40          -0.066185
209.60          -0.066494
209.80          -0.066807
210.00          -0.067124
210.20          -0.067444
210.40          -0.067769
210.60          -0.068097
210.80          -0.068429
211.00          -0.068765
211.20          -0.069105
211.40          -0.069450
211.60          -0.069799
211.80          -0.070152
212.00          -0.070510
212.20          -0.070873
212.40          -0.071241
212.60          -0.071613
212.80          -0.071990
213.00          -0.072373
213.20          -0.072761
213.40          -0.073154
213.60          -0.073553
213.80          -0.073958
214.00          -0.074368
214.20          -0.074785
214.40          -0.075207
214.60          -0.075636
214.80          -0.076072
215.00          -0.076514
215.20          -0.076963
215.40          -0.077419
215.60          -0.077882
215.80          -0.078352
216.00          -0.078830
216.20          -0.079316
216.40          -0.079810
216.60          -0.080313
216.80          -0.080823
217.00          -0.081343
217.20          -0.081872
217.40          -0.082409
217.60          -0.082957
217.80          -0.083514
218.00          -0.084082
218.20          -0.084659
218.40          -0.085248
218.60          -0.085848
218.80          -0.086459
219.00          -0.087082
219.20          -0.087717
219.40          -0.088365
219.60          -0.089026
219.80          -0.089701
220.00          -0.090389
220.20          -0.091091
220.40          -0.091809
220.60          -0.092542
220.80          -0.093290
221.00          -0.094055
221.20          -0.094837
221.40          -0.095637
221.60          -0.096455
221.80          -0.097291
222.00          -0.098147
222.20          -0.099024
222.40          -0.099922
222.60          -0.10084
222.80          -0.10178
223.00          -0.10275
223.20          -0.10374
223.40          -0.10475
223.60          -0.10580
223.80          -0.10686
224.00          -0.10796
224.20          -0.10909
224.40          -0.11025
224.60          -0.11144
224.80          -0.11266
225.00          -0.11392
