175.00          -0.039425
175.20          -0.039543
175.40          -0.039661
175.60          -0.039779
175.80          -0.039898
176.00          -0.040018
176.20          -0.040138
176.40          -0.040258
176.60          -0.040380
176.80          -0.040501
177.00          -0.040624
177.20          -0.040747
177.40          -0.040871
177.60          -0.040995
177.80          -0.041120
178.00          -0.041245
178.20          -0.041371
178.40          -0.041498
178.60          -0.041626
178.80          -0.041754
179.00          -0.041882
179.20          -0.042012
179.40          -0.042142
179.60          -0.042272
179.80          -0.042403
180.00          -0.042535
180.20          -0.042668
180.40          -0.042801
180.60          -0.042936
180.80          -0.043070
181.00          -0.043206
181.20          -0.043342
181.40          -0.043479
181.60          -0.043616
181.80          -0.043755
182.00          -0.043894
182.20          -0.044034
182.40          -0.044174
182.60          -0.044316
182.80          -0.044458
183.00          -0.044601
183.20          -0.044744
183.40          -0.044889
183.60          -0.045034
183.80          -0.045180
184.00          -0.045327
184.20          -0.045475
184.40          -0.045624
184.60          -0.045773
184.80          -0.045923
185.00          -0.046074
185.20          -0.046227
185.40          -0.046379
185.60          -0.046533
185.80          -0.046688
186.00          -0.046844
186.20          -0.047000
186.40          -0.047158
186.60          -0.047316
186.80          -0.047475
187.00          -0.047636
187.20          -0.047797
187.40          -0.047959
187.60          -0.048123
187.80          -0.048287
188.00          -0.048452
188.20          -0.048618
188.40          -0.048786
188.60          -0.048954
188.80          -0.049124
189.00          -0.049294
189.20          -0.049466
189.40          -0.049639
189.60          -0.049813
189.80          -0.049988
190.00          -0.050164
190.20          -0.050341
190.40          -0.050520
190.60          -0.050700
190.80          -0.050881
191.00          -0.051063
191.20          -0.051246
191.40          -0.051431
191.60          -0.051617
191.80          -0.051804
192.00          -0.051993
192.20          -0.052182
192.40          -0.052374
192.60          -0.052566
192.80          -0.052760
193.00          -0.052956
193.20          -0.053152
193.40          -0.053351
193.60          -0.053550
193.80          -0.053751
194.00          -0.053954
194.20          -0.054158
194.40          -0.054364
194.60          -0.054571
194.80          -0.054780
195.00          -0.054990
195.20          -0.055203
195.40          -0.055416
195.60          -0.055632
195.80          -0.055849
196.00          -0.056068
196.20          -0.056289
196.40          -0.056511
196.60          -0.056735
196.80          -0.056961
197.00          -0.057189
197.20          -0.057419
197.40          -0.057651
197.60          -0.057885
197.80          -0.058121
198.00          -0.058359
198.20          -0.058599
198.40          -0.058841
198.60          -0.059085
198.80          -0.059331
199.00          -0.059579
199.20          -0.059830
199.40          -0.060083
199.60          -0.060339
199.80          -0.060596
200.00          -0.060856
200.20          -0.061119
200.40          -0.061384
200.60          -0.061652
200.80          -0.061922
201.00          -0.062195
201.20          -0.062470
201.40          -0.062748
201.60          -0.063029
201.80          -0.063313
202.00          -0.063600
202.20          -0.063889
202.40          -0.064182
202.60          -0.064478
202.80          -0.064776
203.00          -0.065078
203.20          -0.065383
203.40          -0.065692
203.60          -0.066004
203.80          -0.066319
204.00          -0.066638
204.20          -0.066960
204.40          -0.067286
204.60          -0.067615
204.80          -0.067949
205.00          -0.068286
205.20          -0.068627
205.40          -0.068973
205.60          -0.069322
205.80          -0.069676
206.00          -0.070034
206.20          -0.070396
206.40          -0.070763
206.60          -0.071134
206.80          -0.071510
207.00          -0.071891
207.20          -0.072277
207.40          -0.072668
207.60          -0.073064
207.80          -0.073465
208.00          -0.073872
208.20          -0.074284
208.40          -0.074702
208.60          -0.075125
208.80          -0.075555
209.00          -0.075990
209.20          -0.076432
209.40          -0.076880
209.60          -0.077335
209.80          -0.077796
210.00          -0.078264
210.20          -0.078739
210.40          -0.079222
210.60          -0.079712
210.80          -0.080209
211.00          -0.080714
211.20          -0.081228
211.40          -0.081749
211.60          -0.082279
211.80          -0.082817
212.00          -0.083365
212.20          -0.083921
212.40          -0.084487
212.60          -0.085063
212.80          -0.085649
213.00          -0.086245
213.20          -0.086851
213.40          -0.087468
213.60          -0.088096
213.80          -0.088736
214.00          -0.089388
214.20          -0.090051
214.40          -0.090728
214.60          -0.091417
214.80          -0.092119
215.00          -0.092836
215.20          -0.093566
215.40          -0.094311
215.60          -0.095071
215.80          -0.095846
216.00          -0.096638
216.20          -0.097446
216.40          -0.098271
216.60          -0.099114
216.80          -0.099976
217.00          -0.10086
217.20          -0.10176
217.40          -0.10267
217.60          -0.10362
217.80          -0.10458
218.00          -0.10556
218.20          -0.10657
218.40          -0.10760
218.60          -0.10866
218.80          -0.10974
219.00          -0.11085
219.20          -0.11199
219.40          -0.11315
219.60          -0.11435
219.80          -0.11557
220.00          -0.11683
220.20          -0.11812
220.40          -0.11945
220.60          -0.12081
220.80          -0.12221
221.00          -0.12365
221.20          -0.12512
221.40          -0.12665
221.60          -0.12821
221.80          -0.12982
222.00          -0.13148
222.20          -0.13318
222.40          -0.13494
222.60          -0.13675
222.80          -0.13862
223.00          -0.14054
223.20          -0.14253
223.40          -0.14458
223.60          -0.14669
223.80          -0.14887
224.00          -0.15113
224.20          -0.15346
224.40          -0.15587
224.60          -0.15836
224.80          -0.16093
225.00          -0.16360
