175.00          -0.092971
175.20          -0.093724
175.40          -0.094487
175.60          -0.095261
175.80          -0.096045
176.00          -0.096840
176.20          -0.097647
176.40          -0.098465
176.60          -0.099294
176.80          -0.10014
177.00          -0.10099
177.20          -0.10185
177.40          -0.10273
177.60          -0.10362
177.80          -0.10453
178.00          -0.10544
178.20          -0.10637
178.40          -0.10731
178.60          -0.10827
178.80          -0.10924
179.00          -0.11023
179.20          -0.11123
179.40          -0.11224
179.60          -0.11327
179.80          -0.11431
180.00          -0.11537
180.20          -0.11645
180.40          -0.11754
180.60          -0.11865
180.80          -0.11977
181.00          -0.12091
181.20          -0.12207
181.40          -0.12324
181.60          -0.12443
181.80          -0.12564
182.00          -0.12687
182.20          -0.12812
182.40          -0.12938
182.60          -0.13067
182.80          -0.13197
183.00          -0.13329
183.20          -0.13463
183.40          -0.13599
183.60          -0.13737
183.80          -0.13877
184.00          -0.14019
184.20          -0.14163
184.40          -0.14310
184.60          -0.14458
184.80          -0.14608
185.00          -0.14761
185.20          -0.14915
185.40          -0.15072
185.60          -0.15231
185.80          -0.15392
186.00          -0.15555
186.20          -0.15720
186.40          -0.15888
186.60          -0.16057
186.80          -0.16229
187.00          -0.16403
187.20          -0.16579
187.40          -0.16757
187.60          -0.16937
187.80          -0.17119
188.00          -0.17303
188.20          -0.17488
188.40          -0.17676
188.60          -0.17866
188.80          -0.18057
189.00          -0.18250
189.20          -0.18445
189.40          -0.18641
189.60          -0.18839
189.80          -0.19038
190.00          -0.19238
190.20          -0.19440
190.40          -0.19642
190.60          -0.19845
190.80          -0.20049
191.00          -0.20253
191.20          -0.20458
191.40          -0.20662
191.60          -0.20867
191.80          -0.21071
192.00          -0.21275
192.20          -0.21479
192.40          -0.21681
192.60          -0.21881
192.80          -0.22081
193.00          -0.22278
193.20          -0.22473
193.40          -0.22666
193.60          -0.22856
193.80          -0.23043
194.00          -0.23226
194.20          -0.23405
194.40          -0.23580
194.60          -0.23750
194.80          -0.23915
195.00          -0.24075
195.20          -0.24228
195.40          -0.24376
195.60          -0.24516
195.80          -0.24650
196.00          -0.24775
196.20          -0.24893
196.40          -0.25003
196.60          -0.25103
196.80          -0.25194
197.00          -0.25276
197.20          -0.25348
197.40          -0.25409
197.60          -0.25460
197.80          -0.25500
198.00          -0.25529
198.20          -0.25546
198.40          -0.25552
198.60          -0.25546
198.80          -0.25528
199.00          -0.25498
199.20          -0.25456
199.40          -0.25402
199.60          -0.25336
199.80          -0.25257
200.00          -0.25167
200.20          -0.25065
200.40          -0.24951
200.60          -0.24825
200.80          -0.24688
201.00          -0.24541
201.20          -0.24383
201.40          -0.24214
201.60          -0.24035
201.80          -0.23847
202.00          -0.23650
202.20          -0.23445
202.40          -0.23231
202.60          -0.23009
202.80          -0.22781
203.00          -0.22546
203.20          -0.22304
203.40          -0.22057
203.60          -0.21805
203.80          -0.21549
204.00          -0.21288
204.20          -0.21024
204.40          -0.20757
204.60          -0.20488
204.80          -0.20217
205.00          -0.19944
205.20          -0.19670
205.40          -0.19395
205.60          -0.19120
205.80          -0.18846
206.00          -0.18572
206.20          -0.18299
206.40          -0.18027
206.60          -0.17757
206.80          -0.17489
207.00          -0.17223
207.20          -0.16960
207.40          -0.16700
207.60          -0.16442
207.80          -0.16187
208.00          -0.15936
208.20          -0.15688
208.40          -0.15444
208.60          -0.15204
208.80          -0.14968
209.00          -0.14735
209.20          -0.14507
209.40          -0.14283
209.60          -0.14063
209.80          -0.13847
210.00          -0.13636
210.20          -0.13429
210.40          -0.13226
210.60          -0.13028
210.80          -0.12834
211.00          -0.12644
211.20          -0.12459
211.40          -0.12278
211.60          -0.12101
211.80          -0.11928
212.00          -0.11760
212.20          -0.11596
212.40          -0.11435
212.60          -0.11279
212.80          -0.11127
213.00          -0.10979
213.20          -0.10835
213.40          -0.10694
213.60          -0.10557
213.80          -0.10424
214.00          -0.10295
214.20          -0.10169
214.40          -0.10046
214.60          -0.099272
214.80          -0.098115
215.00          -0.096990
215.20          -0.095898
215.40          -0.094838
215.60          -0.093808
215.80          -0.092808
216.00          -0.091838
216.20          -0.090897
216.40          -0.089983
216.60          -0.089098
216.80          -0.088239
217.00          -0.087406
217.20          -0.086599
217.40          -0.085817
217.60          -0.085059
217.80          -0.084325
218.00          -0.083614
218.20          -0.082927
218.40          -0.082261
218.60          -0.081617
218.80          -0.080994
219.00          -0.080391
219.20          -0.079809
219.40          -0.079246
219.60          -0.078702
219.80          -0.078177
220.00          -0.077669
220.20          -0.077180
220.40          -0.076708
220.60          -0.076253
220.80          -0.075814
221.00          -0.075391
221.20          -0.074983
221.40          -0.074591
221.60          -0.074214
221.80          -0.073851
222.00          -0.073502
222.20          -0.073167
222.40          -0.072845
222.60          -0.072537
222.80          -0.072241
223.00          -0.071957
223.20          -0.071686
223.40          -0.071427
223.60          -0.071179
223.80          -0.070942
224.00          -0.070716
224.20          -0.070501
224.40          -0.070297
224.60          -0.070102
224.80          -0.069918
225.00          -0.069743
