175.00          -0.088189
175.20          -0.087106
175.40          -0.086048
175.60          -0.085013
175.80          -0.084002
176.00          -0.083013
176.20          -0.082046
176.40          -0.081102
176.60          -0.080179
176.80          -0.079277
177.00          -0.078396
177.20          -0.077535
177.40          -0.076694
177.60          -0.075873
177.80          -0.075070
178.00          -0.074287
178.20          -0.073521
178.40          -0.072774
178.60          -0.072044
178.80          -0.071332
179.00          -0.070636
179.20          -0.069957
179.40          -0.069295
179.60          -0.068648
179.80          -0.068017
180.00          -0.067401
180.20          -0.066800
180.40          -0.066213
180.60          -0.065641
180.80          -0.065083
181.00          -0.064539
181.20          -0.064009
181.40          -0.063491
181.60          -0.062987
181.80          -0.062495
182.00          -0.062016
182.20          -0.061549
182.40          -0.061094
182.60          -0.060651
182.80          -0.060219
183.00          -0.059799
183.20          -0.059389
183.40          -0.058991
183.60          -0.058603
183.80          -0.058225
184.00          -0.057858
184.20          -0.057501
184.40          -0.057153
184.60          -0.056815
184.80          -0.056487
185.00          -0.056168
185.20          -0.055858
185.40          -0.055557
185.60          -0.055265
185.80          -0.054981
186.00          -0.054706
186.20          -0.054439
186.40          -0.054181
186.60          -0.053930
186.80          -0.053687
187.00          -0.053452
187.20          -0.053225
187.40          -0.053005
187.60          -0.052792
187.80          -0.052587
188.00          -0.052388
188.20          -0.052197
188.40          -0.052012
188.60          -0.051834
188.80          -0.051663
189.00          -0.051498
189.20          -0.051340
189.40          -0.051188
189.60          -0.051042
189.80          -0.050902
190.00          -0.050768
190.20          -0.050641
190.40          -0.050519
190.60          -0.050402
190.80          -0.050292
191.00          -0.050187
191.20          -0.050087
191.40          -0.049993
191.60          -0.049904
191.80          -0.049820
192.00          -0.049742
192.20          -0.049669
192.40          -0.049600
192.60          -0.049537
192.80          -0.049478
193.00          -0.049425
193.20          -0.049376
193.40          -0.049332
193.60          -0.049292
193.80          -0.049257
194.00          -0.049227
194.20          -0.049201
194.40          -0.049179
194.60          -0.049162
194.80          -0.049149
195.00          -0.049140
195.20          -0.049136
195.40          -0.049136
195.60          -0.049140
195.80          -0.049147
196.00          -0.049159
196.20          -0.049175
196.40          -0.049195
196.60          -0.049219
196.80          -0.049247
197.00          -0.049278
197.20          -0.049313
197.40          -0.049352
197.60          -0.049395
197.80          -0.049441
198.00          -0.049491
198.20          -0.049545
198.40          -0.049602
198.60          -0.049663
198.80          -0.049727
199.00          -0.049795
199.20          -0.049866
199.40          -0.049941
199.60          -0.050019
199.80          -0.050101
200.00          -0.050185
200.20          -0.050274
200.40          -0.050365
200.60          -0.050460
200.80          -0.050558
201.00          -0.050659
201.20          -0.050764
201.40          -0.050871
201.60          -0.050982
201.80          -0.051096
202.00          -0.051214
202.20          -0.051334
202.40          -0.051457
202.60          -0.051584
202.80          -0.051713
203.00          -0.051846
203.20          -0.051982
203.40          -0.052121
203.60          -0.052262
203.80          -0.052407
204.00          -0.052555
204.20          -0.052706
204.40          -0.052859
204.60          -0.053016
204.80          -0.053176
205.00          -0.053338
205.20          -0.053504
205.40          -0.053672
205.60          -0.053844
205.80          -0.054018
206.00          -0.054195
206.20          -0.054375
206.40          -0.054558
206.60          -0.054743
206.80          -0.054932
207.00          -0.055123
207.20          -0.055318
207.40          -0.055515
207.60          -0.055715
207.80          -0.055917
208.00          -0.056123
208.20          -0.056331
208.40          -0.056543
208.60          -0.056757
208.80          -0.056974
209.00          -0.057193
209.20          -0.057416
209.40          -0.057641
209.60          -0.057869
209.80          -0.058100
210.00          -0.058333
210.20          -0.058570
210.40          -0.058809
210.60          -0.059051
210.80          -0.059296
211.00          -0.059543
211.20          -0.059793
211.40          -0.060047
211.60          -0.060302
211.80          -0.060561
212.00          -0.060822
212.20          -0.061087
212.40          -0.061354
212.60          -0.061623
212.80          -0.061896
213.00          -0.062171
213.20          -0.062449
213.40          -0.062730
213.60          -0.063014
213.80          -0.063300
214.00          -0.063589
214.20          -0.063881
214.40          -0.064176
214.60          -0.064474
214.80          -0.064774
215.00          -0.065077
215.20          -0.065383
215.40          -0.065692
215.60          -0.066004
215.80          -0.066318
216.00          -0.066635
216.20          -0.066955
216.40          -0.067278
216.60          -0.067603
216.80          -0.067932
217.00          -0.068263
217.20          -0.068597
217.40          -0.068934
217.60          -0.069274
217.80          -0.069616
218.00          -0.069962
218.20          -0.070310
218.40          -0.070661
218.60          -0.071015
218.80          -0.071372
219.00          -0.071731
219.20          -0.072094
219.40          -0.072459
219.60          -0.072827
219.80          -0.073198
220.00          -0.073572
220.20          -0.073949
220.40          -0.074329
220.60          -0.074711
220.80          -0.075096
221.00          -0.075485
221.20          -0.075876
221.40          -0.076270
221.60          -0.076667
221.80          -0.077067
222.00          -0.077470
222.20          -0.077875
222.40          -0.078284
222.60          -0.078695
222.80          -0.079109
223.00          -0.079527
223.20          -0.079947
223.40          -0.080370
223.60          -0.080796
223.80          -0.081225
224.00          -0.081657
224.20          -0.082091
224.40          -0.082529
224.60          -0.082970
224.80          -0.083413
225.00          -0.083860
