175.00          -0.049531
175.20          -0.049851
175.40          -0.050178
175.60          -0.050510
175.80          -0.050849
176.00          -0.051195
176.20          -0.051548
176.40          -0.051908
176.60          -0.052275
176.80          -0.052651
177.00          -0.053034
177.20          -0.053426
177.40          -0.053826
177.60          -0.054235
177.80          -0.054654
178.00          -0.055083
178.20          -0.055521
178.40          -0.055970
178.60          -0.056430
178.80          -0.056902
179.00          -0.057385
179.20          -0.057881
179.40          -0.058389
179.60          -0.058911
179.80          -0.059447
180.00          -0.059998
180.20          -0.060564
180.40          -0.061147
180.60          -0.061746
180.80          -0.062362
181.00          -0.062997
181.20          -0.063652
181.40          -0.064326
181.60          -0.065022
181.80          -0.065741
182.00          -0.066483
182.20          -0.067250
182.40          -0.068042
182.60          -0.068863
182.80          -0.069712
183.00          -0.070592
183.20          -0.071504
183.40          -0.072451
183.60          -0.073434
183.80          -0.074455
184.00          -0.075517
184.20          -0.076622
184.40          -0.077772
184.60          -0.078972
184.80          -0.080224
185.00          -0.081531
185.20          -0.082897
185.40          -0.084326
185.60          -0.085822
185.80          -0.087391
186.00          -0.089038
186.20          -0.090767
186.40          -0.092587
186.60          -0.094502
186.80          -0.096522
187.00          -0.098653
187.20          -0.10091
187.40          -0.10329
187.60          -0.10582
187.80          -0.10850
188.00          -0.11135
188.20          -0.11439
188.40          -0.11762
188.60          -0.12108
188.80          -0.12478
189.00          -0.12874
189.20          -0.13300
189.40          -0.13758
189.60          -0.14253
189.80          -0.14787
190.00          -0.15365
190.20          -0.15993
190.40          -0.16676
190.60          -0.17422
190.80          -0.18237
191.00          -0.19132
191.20          -0.20115
191.40          -0.21200
191.60          -0.22401
191.80          -0.23733
192.00          -0.25217
192.20          -0.26873
192.40          -0.28728
192.60          -0.30812
192.80          -0.33160
193.00          -0.35811
193.20          -0.38811
193.40          -0.42209
193.60          -0.46058
193.80          -0.50412
194.00          -0.55316
194.20          -0.60800
194.40          -0.66859
194.60          -0.73427
194.80          -0.80347
195.00          -0.87329
195.20          -0.93928
195.40          -0.99550
195.60          -1.0352
195.80          -1.0525
196.00          -1.0438
196.20          -1.0093
196.40          -0.95317
196.60          -0.88200
196.80          -0.80302
197.00          -0.72255
197.20          -0.64513
197.40          -0.57356
197.60          -0.50915
197.80          -0.45224
198.00          -0.40252
198.20          -0.35939
198.40          -0.32212
198.60          -0.28995
198.80          -0.26219
199.00          -0.23819
199.20          -0.21741
199.40          -0.19936
199.60          -0.18366
199.80          -0.16994
200.00          -0.15794
200.20          -0.14740
200.40          -0.13812
200.60          -0.12993
200.80          -0.12268
201.00          -0.11626
201.20          -0.11055
201.40          -0.10547
201.60          -0.10095
201.80          -0.096923
202.00          -0.093333
202.20          -0.090137
202.40          -0.087295
202.60          -0.084776
202.80          -0.082555
203.00          -0.080610
203.20          -0.078926
203.40          -0.077495
203.60          -0.076312
203.80          -0.075384
204.00          -0.074724
204.20          -0.074362
204.40          -0.074344
204.60          -0.074753
204.80          -0.075723
205.00          -0.077484
205.20          -0.080459
205.40          -0.085479
205.60          -0.094397
205.80          -0.11214
206.00          -0.15624
206.20          -0.33720
206.40          -4.6177
206.60          -0.30790
206.80          -0.088712
207.00          -0.058706
207.20          -0.050750
207.40          -0.048033
207.60          -0.047011
207.80          -0.046640
208.00          -0.046542
208.20          -0.046566
208.40          -0.046645
208.60          -0.046747
208.80          -0.046859
209.00          -0.046973
209.20          -0.047087
209.40          -0.047200
209.60          -0.047311
209.80          -0.047420
210.00          -0.047529
210.20          -0.047637
210.40          -0.047745
210.60          -0.047854
210.80          -0.047964
211.00          -0.048076
211.20          -0.048188
211.40          -0.048303
211.60          -0.048420
211.80          -0.048538
212.00          -0.048659
212.20          -0.048783
212.40          -0.048908
212.60          -0.049037
212.80          -0.049167
213.00          -0.049300
213.20          -0.049435
213.40          -0.049573
213.60          -0.049713
213.80          -0.049856
214.00          -0.050001
214.20          -0.050148
214.40          -0.050298
214.60          -0.050449
214.80          -0.050603
215.00          -0.050759
215.20          -0.050918
215.40          -0.051078
215.60          -0.051240
215.80          -0.051405
216.00          -0.051571
216.20          -0.051739
216.40          -0.051910
216.60          -0.052082
216.80          -0.052256
217.00          -0.052432
217.20          -0.052609
217.40          -0.052788
217.60          -0.052969
217.80          -0.053152
218.00          -0.053337
218.20          -0.053523
218.40          -0.053711
218.60          -0.053900
218.80          -0.054091
219.00          -0.054284
219.20          -0.054478
219.40          -0.054674
219.60          -0.054872
219.80          -0.055071
220.00          -0.055272
220.20          -0.055474
220.40          -0.055678
220.60          -0.055884
220.80          -0.056091
221.00          -0.056300
221.20          -0.056510
221.40          -0.056722
221.60          -0.056935
221.80          -0.057151
222.00          -0.057368
222.20          -0.057586
222.40          -0.057807
222.60          -0.058029
222.80          -0.058252
223.00          -0.058478
223.20          -0.058706
223.40          -0.058935
223.60          -0.059166
223.80          -0.059400
224.00          -0.059635
224.20          -0.059873
224.40          -0.060112
224.60          -0.060354
224.80          -0.060599
225.00          -0.060846
