175.00          -0.063416
175.20          -0.063822
175.40          -0.064234
175.60          -0.064653
175.80          -0.065078
176.00          -0.065509
176.20          -0.065947
176.40          -0.066392
176.60          -0.066845
176.80          -0.067304
177.00          -0.067771
177.20          -0.068245
177.40          -0.068727
177.60          -0.069218
177.80          -0.069716
178.00          -0.070223
178.20          -0.070739
178.40          -0.071264
178.60          -0.071798
178.80          -0.072342
179.00          -0.072895
179.20          -0.073459
179.40          -0.074033
179.60          -0.074617
179.80          -0.075213
180.00          -0.075819
180.20          -0.076438
180.40          -0.077068
180.60          -0.077711
180.80          -0.078366
181.00          -0.079035
181.20          -0.079717
181.40          -0.080413
181.60          -0.081124
181.80          -0.081850
182.00          -0.082590
182.20          -0.083347
182.40          -0.084120
182.60          -0.084910
182.80          -0.085718
183.00          -0.086543
183.20          -0.087388
183.40          -0.088251
183.60          -0.089135
183.80          -0.090039
184.00          -0.090965
184.20          -0.091913
184.40          -0.092883
184.60          -0.093878
184.80          -0.094897
185.00          -0.095942
185.20          -0.097013
185.40          -0.098112
185.60          -0.099239
185.80          -0.10040
186.00          -0.10158
186.20          -0.10280
186.40          -0.10405
186.60          -0.10534
186.80          -0.10666
187.00          -0.10802
187.20          -0.10942
187.40          -0.11085
187.60          -0.11233
187.80          -0.11385
188.00          -0.11542
188.20          -0.11703
188.40          -0.11869
188.60          -0.12040
188.80          -0.12217
189.00          -0.12399
189.20          -0.12586
189.40          -0.12779
189.60          -0.12979
189.80          -0.13185
190.00          -0.13398
190.20          -0.13617
190.40          -0.13844
190.60          -0.14078
190.80          -0.14320
191.00          -0.14571
191.20          -0.14829
191.40          -0.15097
191.60          -0.15373
191.80          -0.15659
192.00          -0.15955
192.20          -0.16261
192.40          -0.16578
192.60          -0.16905
192.80          -0.17244
193.00          -0.17594
193.20          -0.17957
193.40          -0.18331
193.60          -0.18719
193.80          -0.19119
194.00          -0.19533
194.20          -0.19960
194.40          -0.20402
194.60          -0.20856
194.80          -0.21325
195.00          -0.21808
195.20          -0.22305
195.40          -0.22815
195.60          -0.23339
195.80          -0.23876
196.00          -0.24425
196.20          -0.24985
196.40          -0.25555
196.60          -0.26134
196.80          -0.26721
197.00          -0.27313
197.20          -0.27908
197.40          -0.28504
197.60          -0.29097
197.80          -0.29685
198.00          -0.30263
198.20          -0.30828
198.40          -0.31375
198.60          -0.31899
198.80          -0.32396
199.00          -0.32859
199.20          -0.33285
199.40          -0.33667
199.60          -0.34000
199.80          -0.34278
200.00          -0.34498
200.20          -0.34655
200.40          -0.34746
200.60          -0.34767
200.80          -0.34717
201.00          -0.34594
201.20          -0.34399
201.40          -0.34133
201.60          -0.33798
201.80          -0.33397
202.00          -0.32934
202.20          -0.32414
202.40          -0.31842
202.60          -0.31224
202.80          -0.30566
203.00          -0.29874
203.20          -0.29156
203.40          -0.28416
203.60          -0.27662
203.80          -0.26898
204.00          -0.26130
204.20          -0.25363
204.40          -0.24600
204.60          -0.23847
204.80          -0.23105
205.00          -0.22378
205.20          -0.21668
205.40          -0.20978
205.60          -0.20307
205.80          -0.19658
206.00          -0.19032
206.20          -0.18428
206.40          -0.17848
206.60          -0.17290
206.80          -0.16756
207.00          -0.16244
207.20          -0.15755
207.40          -0.15287
207.60          -0.14841
207.80          -0.14415
208.00          -0.14009
208.20          -0.13622
208.40          -0.13254
208.60          -0.12904
208.80          -0.12570
209.00          -0.12253
209.20          -0.11951
209.40          -0.11664
209.60          -0.11392
209.80          -0.11132
210.00          -0.10886
210.20          -0.10651
210.40          -0.10429
210.60          -0.10217
210.80          -0.10016
211.00          -0.098248
211.20          -0.096431
211.40          -0.094703
211.60          -0.093061
211.80          -0.091500
212.00          -0.090015
212.20          -0.088604
212.40          -0.087262
212.60          -0.085986
212.80          -0.084773
213.00          -0.083619
213.20          -0.082522
213.40          -0.081479
213.60          -0.080487
213.80          -0.079543
214.00          -0.078645
214.20          -0.077792
214.40          -0.076980
214.60          -0.076208
214.80          -0.075475
215.00          -0.074777
215.20          -0.074114
215.40          -0.073483
215.60          -0.072884
215.80          -0.072315
216.00          -0.071774
216.20          -0.071260
216.40          -0.070772
216.60          -0.070309
216.80          -0.069870
217.00          -0.069453
217.20          -0.069058
217.40          -0.068684
217.60          -0.068329
217.80          -0.067993
218.00          -0.067675
218.20          -0.067374
218.40          -0.067090
218.60          -0.066822
218.80          -0.066569
219.00          -0.066331
219.20          -0.066107
219.40          -0.065896
219.60          -0.065698
219.80          -0.065512
220.00          -0.065339
220.20          -0.065176
220.40          -0.065025
220.60          -0.064884
220.80          -0.064754
221.00          -0.064633
221.20          -0.064521
221.40          -0.064419
221.60          -0.064325
221.80          -0.064240
222.00          -0.064162
222.20          -0.064093
222.40          -0.064031
222.60          -0.063977
222.80          -0.063929
223.00          -0.063889
223.20          -0.063855
223.40          -0.063827
223.60          -0.063806
223.80          -0.063791
224.00          -0.063781
224.20          -0.063778
224.40          -0.063780
224.60          -0.063787
224.80          -0.063799
225.00          -0.063817
