175.00          -0.079965
175.20          -0.079175
175.40          -0.078420
175.60          -0.077700
175.80          -0.077012
176.00          -0.076355
176.20          -0.075726
176.40          -0.075124
176.60          -0.074547
176.80          -0.073995
177.00          -0.073466
177.20          -0.072958
177.40          -0.072471
177.60          -0.072002
177.80          -0.071553
178.00          -0.071120
178.20          -0.070705
178.40          -0.070304
178.60          -0.069919
178.80          -0.069548
179.00          -0.069190
179.20          -0.068845
179.40          -0.068511
179.60          -0.068190
179.80          -0.067879
180.00          -0.067579
180.20          -0.067288
180.40          -0.067007
180.60          -0.066735
180.80          -0.066472
181.00          -0.066217
181.20          -0.065969
181.40          -0.065729
181.60          -0.065496
181.80          -0.065270
182.00          -0.065050
182.20          -0.064837
182.40          -0.064629
182.60          -0.064427
182.80          -0.064231
183.00          -0.064039
183.20          -0.063853
183.40          -0.063671
183.60          -0.063493
183.80          -0.063320
184.00          -0.063152
184.20          -0.062987
184.40          -0.062826
184.60          -0.062668
184.80          -0.062514
185.00          -0.062364
185.20          -0.062216
185.40          -0.062072
185.60          -0.061930
185.80          -0.061792
186.00          -0.061656
186.20          -0.061523
186.40          -0.061392
186.60          -0.061264
186.80          -0.061138
187.00          -0.061014
187.20          -0.060892
187.40          -0.060773
187.60          -0.060655
187.80          -0.060539
188.00          -0.060425
188.20          -0.060313
188.40          -0.060203
188.60          -0.060094
188.80          -0.059987
189.00          -0.059881
189.20          -0.059776
189.40          -0.059674
189.60          -0.059572
189.80          -0.059472
190.00          -0.059373
190.20          -0.059275
190.40          -0.059178
190.60          -0.059083
190.80          -0.058988
191.00          -0.058895
191.20          -0.058803
191.40          -0.058711
191.60          -0.058621
191.80          -0.058531
192.00          -0.058442
192.20          -0.058355
192.40          -0.058268
192.60          -0.058181
192.80          -0.058096
193.00          -0.058011
193.20          -0.057927
193.40          -0.057844
193.60          -0.057762
193.80          -0.057680
194.00          -0.057598
194.20          -0.057518
194.40          -0.057438
194.60          -0.057358
194.80          -0.057279
195.00          -0.057201
195.20          -0.057123
195.40          -0.057046
195.60          -0.056969
195.80          -0.056893
196.00          -0.056817
196.20          -0.056742
196.40          -0.056667
196.60          -0.056592
196.80          -0.056518
197.00          -0.056445
197.20          -0.056372
197.40          -0.056299
197.60          -0.056226
197.80          -0.056154
198.00          -0.056083
198.20          -0.056012
198.40          -0.055941
198.60          -0.055871
198.80          -0.055801
199.00          -0.055731
199.20          -0.055662
199.40          -0.055593
199.60          -0.055524
199.80          -0.055456
200.00          -0.055388
200.20          -0.055320
200.40          -0.055253
200.60          -0.055186
200.80          -0.055120
201.00          -0.055054
201.20          -0.054989
201.40          -0.054923
201.60          -0.054859
201.80          -0.054795
202.00          -0.054731
202.20          -0.054668
202.40          -0.054605
202.60          -0.054543
202.80          -0.054482
203.00          -0.054422
203.20          -0.054363
203.40          -0.054305
203.60          -0.054248
203.80          -0.054194
204.00          -0.054141
204.20          -0.054093
204.40          -0.054048
204.60          -0.054010
204.80          -0.053983
205.00          -0.053971
205.20          -0.053990
205.40          -0.054069
205.60          -0.054299
205.80          -0.055047
206.00          -0.059666
206.20          -0.16166
206.40          -0.055379
206.60          -0.053633
206.80          -0.053261
207.00          -0.053103
207.20          -0.053005
207.40          -0.052928
207.60          -0.052861
207.80          -0.052798
208.00          -0.052737
208.20          -0.052678
208.40          -0.052619
208.60          -0.052561
208.80          -0.052503
209.00          -0.052445
209.20          -0.052388
209.40          -0.052330
209.60          -0.052272
209.80          -0.052215
210.00          -0.052158
210.20          -0.052100
210.40          -0.052043
210.60          -0.051986
210.80          -0.051929
211.00          -0.051872
211.20          -0.051816
211.40          -0.051759
211.60          -0.051703
211.80          -0.051646
212.00          -0.051590
212.20          -0.051534
212.40          -0.051478
212.60          -0.051422
212.80          -0.051366
213.00          -0.051310
213.20          -0.051254
213.40          -0.051199
213.60          -0.051144
213.80          -0.051088
214.00          -0.051033
214.20          -0.050978
214.40          -0.050924
214.60          -0.050869
214.80          -0.050814
215.00          -0.050760
215.20          -0.050706
215.40          -0.050651
215.60          -0.050597
215.80          -0.050543
216.00          -0.050490
216.20          -0.050436
216.40          -0.050382
216.60          -0.050329
216.80          -0.050275
217.00          -0.050222
217.20          -0.050169
217.40          -0.050116
217.60          -0.050063
217.80          -0.050010
218.00          -0.049958
218.20          -0.049905
218.40          -0.049853
218.60          -0.049801
218.80          -0.049749
219.00          -0.049696
219.20          -0.049645
219.40          -0.049593
219.60          -0.049541
219.80          -0.049490
220.00          -0.049438
220.20          -0.049387
220.40          -0.049336
220.60          -0.049285
220.80          -0.049234
221.00          -0.049183
221.20          -0.049133
221.40          -0.049082
221.60          -0.049032
221.80          -0.048982
222.00          -0.048933
222.20          -0.048884
222.40          -0.048835
222.60          -0.048786
222.80          -0.048738
223.00          -0.048690
223.20          -0.048643
223.40          -0.048596
223.60          -0.048551
223.80          -0.048506
224.00          -0.048462
224.20          -0.048420
224.40          -0.048380
224.60          -0.048341
224.80          -0.048306
225.00          -0.048273
