175.00          -0.11511
175.20          -0.11226
175.40          -0.10945
175.60          -0.10669
175.80          -0.10398
176.00          -0.10134
176.20          -0.098751
176.40          -0.096230
176.60          -0.093773
176.80          -0.091383
177.00          -0.089059
177.20          -0.086802
177.40          -0.084612
177.60          -0.082489
177.80          -0.080431
178.00          -0.078438
178.20          -0.076510
178.40          -0.074644
178.60          -0.072840
178.80          -0.071096
179.00          -0.069411
179.20          -0.067783
179.40          -0.066210
179.60          -0.064692
179.80          -0.063225
180.00          -0.061810
180.20          -0.060443
180.40          -0.059124
180.60          -0.057851
180.80          -0.056622
181.00          -0.055435
181.20          -0.054290
181.40          -0.053185
181.60          -0.052117
181.80          -0.051087
182.00          -0.050092
182.20          -0.049131
182.40          -0.048204
182.60          -0.047307
182.80          -0.046442
183.00          -0.045605
183.20          -0.044797
183.40          -0.044015
183.60          -0.043260
183.80          -0.042530
184.00          -0.041824
184.20          -0.041141
184.40          -0.040481
184.60          -0.039842
184.80          -0.039223
185.00          -0.038624
185.20          -0.038045
185.40          -0.037484
185.60          -0.036940
185.80          -0.036414
186.00          -0.035903
186.20          -0.035409
186.40          -0.034930
186.60          -0.034465
186.80          -0.034015
187.00          -0.033578
187.20          -0.033154
187.40          -0.032743
187.60          -0.032343
187.80          -0.031956
188.00          -0.031579
188.20          -0.031214
188.40          -0.030859
188.60          -0.030514
188.80          -0.030179
189.00          -0.029853
189.20          -0.029537
189.40          -0.029229
189.60          -0.028929
189.80          -0.028638
190.00          -0.028354
190.20          -0.028078
190.40          -0.027810
190.60          -0.027549
190.80          -0.027294
191.00          -0.027046
191.20          -0.026805
191.40          -0.026569
191.60          -0.026340
191.80          -0.026116
192.00          -0.025898
192.20          -0.025686
192.40          -0.025479
192.60          -0.025277
192.80          -0.025079
193.00          -0.024887
193.20          -0.024699
193.40          -0.024516
193.60          -0.024337
193.80          -0.024162
194.00          -0.023991
194.20          -0.023824
194.40          -0.023661
194.60          -0.023502
194.80          -0.023346
195.00          -0.023194
195.20          -0.023045
195.40          -0.022900
195.60          -0.022757
195.80          -0.022618
196.00          -0.022482
196.20          -0.022348
196.40          -0.022218
196.60          -0.022090
196.80          -0.021965
197.00          -0.021843
197.20          -0.021723
197.40          -0.021605
197.60          -0.021490
197.80          -0.021377
198.00          -0.021267
198.20          -0.021159
198.40          -0.021052
198.60          -0.020948
198.80          -0.020846
199.00          -0.020746
199.20          -0.020648
199.40          -0.020552
199.60          -0.020457
199.80          -0.020365
200.00          -0.020274
200.20          -0.020184
200.40          -0.020097
200.60          -0.020011
200.80          -0.019926
201.00          -0.019843
201.20          -0.019762
201.40          -0.019681
201.60          -0.019603
201.80          -0.019526
202.00          -0.019450
202.20          -0.019375
202.40          -0.019302
202.60          -0.019230
202.80          -0.019159
203.00          -0.019089
203.20          -0.019021
203.40          -0.018953
203.60          -0.018887
203.80          -0.018822
204.00          -0.018758
204.20          -0.018695
204.40          -0.018633
204.60          -0.018572
204.80          -0.018512
205.00          -0.018453
205.20          -0.018396
205.40          -0.018339
205.60          -0.018285
205.80          -0.018234
206.00          -0.018195
206.20          -0.019066
206.40          -0.018073
206.60          -0.018008
206.80          -0.017956
207.00          -0.017905
207.20          -0.017855
207.40          -0.017806
207.60          -0.017758
207.80          -0.017710
208.00          -0.017664
208.20          -0.017617
208.40          -0.017572
208.60          -0.017527
208.80          -0.017482
209.00          -0.017439
209.20          -0.017396
209.40          -0.017353
209.60          -0.017311
209.80          -0.017270
210.00          -0.017230
210.20          -0.017190
210.40          -0.017150
210.60          -0.017111
210.80          -0.017073
211.00          -0.017035
211.20          -0.016998
211.40          -0.016961
211.60          -0.016925
211.80          -0.016889
212.00          -0.016854
212.20          -0.016819
212.40          -0.016785
212.60          -0.016751
212.80          -0.016718
213.00          -0.016685
213.20          -0.016653
213.40          -0.016621
213.60          -0.016590
213.80          -0.016559
214.00          -0.016528
214.20          -0.016499
214.40          -0.016469
214.60          -0.016440
214.80          -0.016411
215.00          -0.016383
215.20          -0.016355
215.40          -0.016328
215.60          -0.016301
215.80          -0.016275
216.00          -0.016248
216.20          -0.016223
216.40          -0.016198
216.60          -0.016173
216.80          -0.016148
217.00          -0.016124
217.20          -0.016101
217.40          -0.016078
217.60          -0.016055
217.80          -0.016033
218.00          -0.016011
218.20          -0.015989
218.40          -0.015968
218.60          -0.015947
218.80          -0.015927
219.00          -0.015907
219.20          -0.015887
219.40          -0.015868
219.60          -0.015850
219.80          -0.015831
220.00          -0.015814
220.20          -0.015796
220.40          -0.015779
220.60          -0.015763
220.80          -0.015747
221.00          -0.015731
221.20          -0.015716
221.40          -0.015701
221.60          -0.015686
221.80          -0.015673
222.00          -0.015659
222.20          -0.015646
222.40          -0.015634
222.60          -0.015622
222.80          -0.015610
223.00          -0.015599
223.20          -0.015588
223.40          -0.015578
223.60          -0.015569
223.80          -0.015560
224.00          -0.015552
224.20          -0.015544
224.40          -0.015536
224.60          -0.015530
224.80          -0.015524
225.00          -0.015518
