175.00          -0.038744
175.20          -0.038869
175.40          -0.038994
175.60          -0.039121
175.80          -0.039248
176.00          -0.039376
176.20          -0.039505
176.40          -0.039635
176.60          -0.039765
176.80          -0.039896
177.00          -0.040028
177.20          -0.040161
177.40          -0.040295
177.60          -0.040430
177.80          -0.040565
178.00          -0.040701
178.20          -0.040838
178.40          -0.040977
178.60          -0.041116
178.80          -0.041255
179.00          -0.041396
179.20          -0.041538
179.40          -0.041681
179.60          -0.041825
179.80          -0.041969
180.00          -0.042115
180.20          -0.042261
180.40          -0.042409
180.60          -0.042558
180.80          -0.042708
181.00          -0.042858
181.20          -0.043010
181.40          -0.043163
181.60          -0.043317
181.80          -0.043472
182.00          -0.043628
182.20          -0.043786
182.40          -0.043944
182.60          -0.044104
182.80          -0.044265
183.00          -0.044427
183.20          -0.044590
183.40          -0.044755
183.60          -0.044920
183.80          -0.045087
184.00          -0.045256
184.20          -0.045425
184.40          -0.045596
184.60          -0.045769
184.80          -0.045942
185.00          -0.046117
185.20          -0.046294
185.40          -0.046472
185.60          -0.046651
185.80          -0.046832
186.00          -0.047014
186.20          -0.047198
186.40          -0.047383
186.60          -0.047570
186.80          -0.047758
187.00          -0.047949
187.20          -0.048140
187.40          -0.048334
187.60          -0.048529
187.80          -0.048725
188.00          -0.048924
188.20          -0.049124
188.40          -0.049326
188.60          -0.049530
188.80          -0.049736
189.00          -0.049944
189.20          -0.050153
189.40          -0.050365
189.60          -0.050578
189.80          -0.050794
190.00          -0.051011
190.20          -0.051231
190.40          -0.051453
190.60          -0.051677
190.80          -0.051903
191.00          -0.052131
191.20          -0.052362
191.40          -0.052595
191.60          -0.052831
191.80          -0.053069
192.00          -0.053309
192.20          -0.053552
192.40          -0.053797
192.60          -0.054045
192.80          -0.054296
193.00          -0.054549
193.20          -0.054805
193.40          -0.055064
193.60          -0.055326
193.80          -0.055591
194.00          -0.055858
194.20          -0.056129
194.40          -0.056403
194.60          -0.056680
194.80          -0.056960
195.00          -0.057244
195.20          -0.057531
195.40          -0.057821
195.60          -0.058115
195.80          -0.058412
196.00          -0.058713
196.20          -0.059018
196.40          -0.059327
196.60          -0.059640
196.80          -0.059956
197.00          -0.060277
197.20          -0.060602
197.40          -0.060931
197.60          -0.061265
197.80          -0.061603
198.00          -0.061945
198.20          -0.062292
198.40          -0.062644
198.60          -0.063001
198.80          -0.063363
199.00          -0.063731
199.20          -0.064103
199.40          -0.064481
199.60          -0.064864
199.80          -0.065253
200.00          -0.065648
200.20          -0.066049
200.40          -0.066456
200.60          -0.066869
200.80          -0.067289
201.00          -0.067715
201.20          -0.068148
201.40          -0.068588
201.60          -0.069035
201.80          -0.069490
202.00          -0.069952
202.20          -0.070421
202.40          -0.070899
202.60          -0.071385
202.80          -0.071879
203.00          -0.072382
203.20          -0.072894
203.40          -0.073415
203.60          -0.073945
203.80          -0.074486
204.00          -0.075036
204.20          -0.075596
204.40          -0.076167
204.60          -0.076749
204.80          -0.077342
205.00          -0.077947
205.20          -0.078564
205.40          -0.079193
205.60          -0.079834
205.80          -0.080489
206.00          -0.081158
206.20          -0.081840
206.40          -0.082537
206.60          -0.083249
206.80          -0.083976
207.00          -0.084720
207.20          -0.085479
207.40          -0.086256
207.60          -0.087051
207.80          -0.087863
208.00          -0.088695
208.20          -0.089546
208.40          -0.090418
208.60          -0.091310
208.80          -0.092225
209.00          -0.093162
209.20          -0.094123
209.40          -0.095108
209.60          -0.096118
209.80          -0.097154
210.00          -0.098218
210.20          -0.099310
210.40          -0.10043
210.60          -0.10158
210.80          -0.10277
211.00          -0.10398
211.20          -0.10524
211.40          -0.10652
211.60          -0.10785
211.80          -0.10921
212.00          -0.11062
212.20          -0.11207
212.40          -0.11356
212.60          -0.11510
212.80          -0.11668
213.00          -0.11832
213.20          -0.12001
213.40          -0.12175
213.60          -0.12356
213.80          -0.12542
214.00          -0.12734
214.20          -0.12934
214.40          -0.13140
214.60          -0.13353
214.80          -0.13574
215.00          -0.13803
215.20          -0.14041
215.40          -0.14287
215.60          -0.14542
215.80          -0.14807
216.00          -0.15083
216.20          -0.15369
216.40          -0.15666
216.60          -0.15975
216.80          -0.16296
217.00          -0.16631
217.20          -0.16979
217.40          -0.17342
217.60          -0.17720
217.80          -0.18114
218.00          -0.18525
218.20          -0.18953
218.40          -0.19400
218.60          -0.19867
218.80          -0.20354
219.00          -0.20863
219.20          -0.21394
219.40          -0.21949
219.60          -0.22529
219.80          -0.23135
220.00          -0.23768
220.20          -0.24429
220.40          -0.25119
220.60          -0.25840
220.80          -0.26592
221.00          -0.27376
221.20          -0.28193
221.40          -0.29043
221.60          -0.29927
221.80          -0.30845
222.00          -0.31796
222.20          -0.32780
222.40          -0.33795
222.60          -0.34839
222.80          -0.35909
223.00          -0.37003
223.20          -0.38115
223.40          -0.39239
223.60          -0.40369
223.80          -0.41496
224.00          -0.42611
224.20          -0.43703
224.40          -0.44759
224.60          -0.45766
224.80          -0.46709
225.00          -0.47574
