175.00          -0.052337
175.20          -0.052989
175.40          -0.053671
175.60          -0.054387
175.80          -0.055138
176.00          -0.055928
176.20          -0.056760
176.40          -0.057637
176.60          -0.058563
176.80          -0.059543
177.00          -0.060582
177.20          -0.061685
177.40          -0.062859
177.60          -0.064110
177.80          -0.065446
178.00          -0.066878
178.20          -0.068414
178.40          -0.070067
178.60          -0.071851
178.80          -0.073781
179.00          -0.075876
179.20          -0.078157
179.40          -0.080650
179.60          -0.083384
179.80          -0.086394
180.00          -0.089723
180.20          -0.093420
180.40          -0.097549
180.60          -0.10218
180.80          -0.10742
181.00          -0.11337
181.20          -0.12017
181.40          -0.12803
181.60          -0.13717
181.80          -0.14792
182.00          -0.16069
182.20          -0.17605
182.40          -0.19480
182.60          -0.21804
182.80          -0.24741
183.00          -0.28532
183.20          -0.33555
183.40          -0.40411
183.60          -0.50111
183.80          -0.64417
184.00          -0.86516
184.20          -1.2214
184.40          -1.7991
184.60          -2.5964
184.80          -3.0297
185.00          -2.3942
185.20          -1.4882
185.40          -0.89256
185.60          -0.55778
185.80          -0.36892
186.00          -0.25884
186.20          -0.19390
186.40          -0.15818
186.60          -0.14627
186.80          -0.16246
187.00          -0.22857
187.20          -0.41115
187.40          -0.83913
187.60          -1.1642
187.80          -0.80355
188.00          -0.47722
188.20          -0.31034
188.40          -0.22218
188.60          -0.17087
188.80          -0.13839
189.00          -0.11645
189.20          -0.10087
189.40          -0.089376
189.60          -0.080626
189.80          -0.073805
190.00          -0.068381
190.20          -0.063999
190.40          -0.060411
190.60          -0.057439
190.80          -0.054956
191.00          -0.052864
191.20          -0.051091
191.40          -0.049578
191.60          -0.048282
191.80          -0.047168
192.00          -0.046207
192.20          -0.045377
192.40          -0.044657
192.60          -0.044034
192.80          -0.043493
193.00          -0.043025
193.20          -0.042619
193.40          -0.042269
193.60          -0.041968
193.80          -0.041709
194.00          -0.041489
194.20          -0.041303
194.40          -0.041147
194.60          -0.041018
194.80          -0.040914
195.00          -0.040831
195.20          -0.040769
195.40          -0.040724
195.60          -0.040696
195.80          -0.040682
196.00          -0.040682
196.20          -0.040694
196.40          -0.040717
196.60          -0.040751
196.80          -0.040794
197.00          -0.040846
197.20          -0.040906
197.40          -0.040973
197.60          -0.041048
197.80          -0.041128
198.00          -0.041215
198.20          -0.041307
198.40          -0.041404
198.60          -0.041506
198.80          -0.041612
199.00          -0.041723
199.20          -0.041838
199.40          -0.041956
199.60          -0.042078
199.80          -0.042204
200.00          -0.042332
200.20          -0.042464
200.40          -0.042598
200.60          -0.042736
200.80          -0.042876
201.00          -0.043018
201.20          -0.043163
201.40          -0.043311
201.60          -0.043461
201.80          -0.043613
202.00          -0.043767
202.20          -0.043923
202.40          -0.044082
202.60          -0.044243
202.80          -0.044405
203.00          -0.044570
203.20          -0.044737
203.40          -0.044906
203.60          -0.045077
203.80          -0.045251
204.00          -0.045426
204.20          -0.045603
204.40          -0.045783
204.60          -0.045965
204.80          -0.046149
205.00          -0.046335
205.20          -0.046524
205.40          -0.046715
205.60          -0.046909
205.80          -0.047105
206.00          -0.047305
206.20          -0.047507
206.40          -0.047712
206.60          -0.047921
206.80          -0.048133
207.00          -0.048348
207.20          -0.048568
207.40          -0.048792
207.60          -0.049020
207.80          -0.049254
208.00          -0.049493
208.20          -0.049739
208.40          -0.049992
208.60          -0.050254
208.80          -0.050526
209.00          -0.050812
209.20          -0.051117
209.40          -0.051453
209.60          -0.051844
209.80          -0.052371
210.00          -0.053389
210.20          -0.059068
210.40          -0.082288
210.60          -0.054755
210.80          -0.053994
211.00          -0.054129
211.20          -0.054454
211.40          -0.054861
211.60          -0.055323
211.80          -0.055837
212.00          -0.056406
212.20          -0.057041
212.40          -0.057753
212.60          -0.058564
212.80          -0.059499
213.00          -0.060599
213.20          -0.061920
213.40          -0.063550
213.60          -0.065627
213.80          -0.068385
214.00          -0.072248
214.20          -0.078052
214.40          -0.087691
214.60          -0.10628
214.80          -0.15203
215.00          -0.31584
215.20          -0.40918
215.40          -0.10665
215.60          -0.058948
215.80          -0.049405
216.00          -0.047197
216.20          -0.046954
216.40          -0.047327
216.60          -0.047897
216.80          -0.048515
217.00          -0.049128
217.20          -0.049716
217.40          -0.050272
217.60          -0.050797
217.80          -0.051292
218.00          -0.051762
218.20          -0.052208
218.40          -0.052634
218.60          -0.053043
218.80          -0.053435
219.00          -0.053815
219.20          -0.054182
219.40          -0.054540
219.60          -0.054888
219.80          -0.055228
220.00          -0.055562
220.20          -0.055889
220.40          -0.056211
220.60          -0.056529
220.80          -0.056842
221.00          -0.057152
221.20          -0.057459
221.40          -0.057764
221.60          -0.058066
221.80          -0.058367
222.00          -0.058666
222.20          -0.058964
222.40          -0.059261
222.60          -0.059557
222.80          -0.059853
223.00          -0.060149
223.20          -0.060444
223.40          -0.060740
223.60          -0.061037
223.80          -0.061333
224.00          -0.061631
224.20          -0.061929
224.40          -0.062229
224.60          -0.062529
224.80          -0.062831
225.00          -0.063135
