175.00          -0.034259
175.20          -0.034347
175.40          -0.034436
175.60          -0.034525
175.80          -0.034615
176.00          -0.034706
176.20          -0.034797
176.40          -0.034888
176.60          -0.034980
176.80          -0.035073
177.00          -0.035166
177.20          -0.035260
177.40          -0.035354
177.60          -0.035449
177.80          -0.035545
178.00          -0.035641
178.20          -0.035738
178.40          -0.035836
178.60          -0.035934
178.80          -0.036033
179.00          -0.036133
179.20          -0.036234
179.40          -0.036335
179.60          -0.036437
179.80          -0.036540
180.00          -0.036643
180.20          -0.036748
180.40          -0.036853
180.60          -0.036959
180.80          -0.037067
181.00          -0.037175
181.20          -0.037284
181.40          -0.037394
181.60          -0.037505
181.80          -0.037617
182.00          -0.037730
182.20          -0.037844
182.40          -0.037960
182.60          -0.038076
182.80          -0.038194
183.00          -0.038313
183.20          -0.038434
183.40          -0.038555
183.60          -0.038679
183.80          -0.038803
184.00          -0.038929
184.20          -0.039057
184.40          -0.039186
184.60          -0.039317
184.80          -0.039450
185.00          -0.039584
185.20          -0.039720
185.40          -0.039859
185.60          -0.039999
185.80          -0.040141
186.00          -0.040286
186.20          -0.040432
186.40          -0.040582
186.60          -0.040733
186.80          -0.040887
187.00          -0.041044
187.20          -0.041204
187.40          -0.041367
187.60          -0.041533
187.80          -0.041702
188.00          -0.041874
188.20          -0.042050
188.40          -0.042230
188.60          -0.042414
188.80          -0.042602
189.00          -0.042795
189.20          -0.042992
189.40          -0.043194
189.60          -0.043401
189.80          -0.043614
190.00          -0.043832
190.20          -0.044057
190.40          -0.044288
190.60          -0.044527
190.80          -0.044772
191.00          -0.045026
191.20          -0.045288
191.40          -0.045559
191.60          -0.045840
191.80          -0.046131
192.00          -0.046434
192.20          -0.046748
192.40          -0.047075
192.60          -0.047416
192.80          -0.047772
193.00          -0.048144
193.20          -0.048534
193.40          -0.048943
193.60          -0.049373
193.80          -0.049826
194.00          -0.050304
194.20          -0.050808
194.40          -0.051343
194.60          -0.051911
194.80          -0.052515
195.00          -0.053160
195.20          -0.053849
195.40          -0.054589
195.60          -0.055384
195.80          -0.056242
196.00          -0.057171
196.20          -0.058181
196.40          -0.059281
196.60          -0.060485
196.80          -0.061809
197.00          -0.063269
197.20          -0.064890
197.40          -0.066697
197.60          -0.068722
197.80          -0.071006
198.00          -0.073600
198.20          -0.076564
198.40          -0.079981
198.60          -0.083951
198.80          -0.088610
199.00          -0.094135
199.20          -0.10077
199.40          -0.10883
199.60          -0.11879
199.80          -0.13132
200.00          -0.14740
200.20          -0.16855
200.40          -0.19719
200.60          -0.23736
200.80          -0.29624
201.00          -0.38742
201.20          -0.53905
201.40          -0.81560
201.60          -1.3817
201.80          -2.6608
202.00          -4.8143
202.20          -3.9259
202.40          -1.9313
202.60          -1.0156
202.80          -0.60875
203.00          -0.40531
203.20          -0.29202
203.40          -0.22343
203.60          -0.17918
203.80          -0.14920
204.00          -0.12810
204.20          -0.11281
204.40          -0.10148
204.60          -0.092969
204.80          -0.086548
205.00          -0.081750
205.20          -0.078306
205.40          -0.076111
205.60          -0.075266
205.80          -0.076225
206.00          -0.080300
206.20          -0.091612
206.40          -0.12807
206.60          -0.36477
206.80          -2.0324
207.00          -0.14587
207.20          -0.075749
207.40          -0.060525
207.60          -0.054972
207.80          -0.052331
208.00          -0.050849
208.20          -0.049917
208.40          -0.049284
208.60          -0.048828
208.80          -0.048487
209.00          -0.048225
209.20          -0.048021
209.40          -0.047861
209.60          -0.047736
209.80          -0.047638
210.00          -0.047563
210.20          -0.047508
210.40          -0.047469
210.60          -0.047445
210.80          -0.047433
211.00          -0.047432
211.20          -0.047441
211.40          -0.047458
211.60          -0.047484
211.80          -0.047516
212.00          -0.047555
212.20          -0.047599
212.40          -0.047648
212.60          -0.047703
212.80          -0.047761
213.00          -0.047824
213.20          -0.047890
213.40          -0.047960
213.60          -0.048032
213.80          -0.048108
214.00          -0.048186
214.20          -0.048267
214.40          -0.048350
214.60          -0.048435
214.80          -0.048521
215.00          -0.048610
215.20          -0.048701
215.40          -0.048793
215.60          -0.048886
215.80          -0.048981
216.00          -0.049078
216.20          -0.049175
216.40          -0.049274
216.60          -0.049374
216.80          -0.049475
217.00          -0.049576
217.20          -0.049679
217.40          -0.049783
217.60          -0.049887
217.80          -0.049993
218.00          -0.050099
218.20          -0.050205
218.40          -0.050313
218.60          -0.050421
218.80          -0.050530
219.00          -0.050639
219.20          -0.050749
219.40          -0.050860
219.60          -0.050971
219.80          -0.051083
220.00          -0.051195
220.20          -0.051307
220.40          -0.051421
220.60          -0.051534
220.80          -0.051648
221.00          -0.051763
221.20          -0.051878
221.40          -0.051993
221.60          -0.052109
221.80          -0.052225
222.00          -0.052342
222.20          -0.052459
222.40          -0.052576
222.60          -0.052694
222.80          -0.052812
223.00          -0.052931
223.20          -0.053050
223.40          -0.053169
223.60          -0.053289
223.80          -0.053409
224.00          -0.053530
224.20          -0.053651
224.40          -0.053772
224.60          -0.053894
224.80          -0.054016
225.00          -0.054139
