175.00          -0.48658
175.20          -0.47151
175.40          -0.45485
175.60          -0.43701
175.80          -0.41840
176.00          -0.39938
176.20          -0.38028
176.40          -0.36139
176.60          -0.34293
176.80          -0.32508
177.00          -0.30796
177.20          -0.29166
177.40          -0.27624
177.60          -0.26173
177.80          -0.24811
178.00          -0.23539
178.20          -0.22353
178.40          -0.21250
178.60          -0.20226
178.80          -0.19276
179.00          -0.18396
179.20          -0.17581
179.40          -0.16826
179.60          -0.16128
179.80          -0.15482
180.00          -0.14885
180.20          -0.14332
180.40          -0.13820
180.60          -0.13346
180.80          -0.12906
181.00          -0.12500
181.20          -0.12122
181.40          -0.11773
181.60          -0.11448
181.80          -0.11147
182.00          -0.10867
182.20          -0.10607
182.40          -0.10366
182.60          -0.10141
182.80          -0.099327
183.00          -0.097385
183.20          -0.095578
183.40          -0.093897
183.60          -0.092331
183.80          -0.090874
184.00          -0.089517
184.20          -0.088254
184.40          -0.087077
184.60          -0.085982
184.80          -0.084962
185.00          -0.084013
185.20          -0.083129
185.40          -0.082308
185.60          -0.081544
185.80          -0.080833
186.00          -0.080174
186.20          -0.079562
186.40          -0.078994
186.60          -0.078469
186.80          -0.077982
187.00          -0.077532
187.20          -0.077117
187.40          -0.076735
187.60          -0.076384
187.80          -0.076061
188.00          -0.075766
188.20          -0.075497
188.40          -0.075252
188.60          -0.075030
188.80          -0.074830
189.00          -0.074651
189.20          -0.074491
189.40          -0.074349
189.60          -0.074225
189.80          -0.074117
190.00          -0.074026
190.20          -0.073949
190.40          -0.073886
190.60          -0.073837
190.80          -0.073800
191.00          -0.073776
191.20          -0.073763
191.40          -0.073761
191.60          -0.073769
191.80          -0.073788
192.00          -0.073816
192.20          -0.073853
192.40          -0.073898
192.60          -0.073952
192.80          -0.074013
193.00          -0.074082
193.20          -0.074158
193.40          -0.074241
193.60          -0.074330
193.80          -0.074426
194.00          -0.074527
194.20          -0.074634
194.40          -0.074746
194.60          -0.074864
194.80          -0.074986
195.00          -0.075114
195.20          -0.075245
195.40          -0.075382
195.60          -0.075522
195.80          -0.075666
196.00          -0.075814
196.20          -0.075966
196.40          -0.076121
196.60          -0.076280
196.80          -0.076442
197.00          -0.076607
197.20          -0.076775
197.40          -0.076947
197.60          -0.077121
197.80          -0.077297
198.00          -0.077477
198.20          -0.077659
198.40          -0.077843
198.60          -0.078030
198.80          -0.078219
199.00          -0.078411
199.20          -0.078605
199.40          -0.078802
199.60          -0.079001
199.80          -0.079202
200.00          -0.079405
200.20          -0.079611
200.40          -0.079820
200.60          -0.080031
200.80          -0.080244
201.00          -0.080461
201.20          -0.080680
201.40          -0.080903
201.60          -0.081129
201.80          -0.081359
202.00          -0.081593
202.20          -0.081832
202.40          -0.082077
202.60          -0.082328
202.80          -0.082586
203.00          -0.082854
203.20          -0.083133
203.40          -0.083425
203.60          -0.083734
203.80          -0.084065
204.00          -0.084424
204.20          -0.084821
204.40          -0.085272
204.60          -0.085800
204.80          -0.086444
205.00          -0.087275
205.20          -0.088435
205.40          -0.090233
205.60          -0.093505
205.80          -0.10128
206.00          -0.13375
206.20          -2.3217
206.40          -0.12646
206.60          -0.090878
206.80          -0.086328
207.00          -0.085306
207.20          -0.085119
207.40          -0.085198
207.60          -0.085378
207.80          -0.085597
208.00          -0.085831
208.20          -0.086069
208.40          -0.086308
208.60          -0.086544
208.80          -0.086778
209.00          -0.087007
209.20          -0.087233
209.40          -0.087456
209.60          -0.087676
209.80          -0.087892
210.00          -0.088105
210.20          -0.088316
210.40          -0.088524
210.60          -0.088730
210.80          -0.088933
211.00          -0.089134
211.20          -0.089333
211.40          -0.089530
211.60          -0.089725
211.80          -0.089919
212.00          -0.090110
212.20          -0.090300
212.40          -0.090487
212.60          -0.090674
212.80          -0.090858
213.00          -0.091041
213.20          -0.091222
213.40          -0.091401
213.60          -0.091579
213.80          -0.091755
214.00          -0.091930
214.20          -0.092103
214.40          -0.092275
214.60          -0.092445
214.80          -0.092613
215.00          -0.092780
215.20          -0.092945
215.40          -0.093108
215.60          -0.093270
215.80          -0.093431
216.00          -0.093589
216.20          -0.093747
216.40          -0.093902
216.60          -0.094056
216.80          -0.094208
217.00          -0.094359
217.20          -0.094508
217.40          -0.094655
217.60          -0.094801
217.80          -0.094945
218.00          -0.095087
218.20          -0.095227
218.40          -0.095366
218.60          -0.095503
218.80          -0.095639
219.00          -0.095772
219.20          -0.095904
219.40          -0.096034
219.60          -0.096162
219.80          -0.096288
220.00          -0.096413
220.20          -0.096536
220.40          -0.096657
220.60          -0.096776
220.80          -0.096893
221.00          -0.097008
221.20          -0.097121
221.40          -0.097233
221.60          -0.097342
221.80          -0.097450
222.00          -0.097556
222.20          -0.097659
222.40          -0.097761
222.60          -0.097861
222.80          -0.097959
223.00          -0.098055
223.20          -0.098149
223.40          -0.098241
223.60          -0.098331
223.80          -0.098419
224.00          -0.098506
224.20          -0.098591
224.40          -0.098674
224.60          -0.098756
224.80          -0.098836
225.00          -0.098916
