175.00          -0.23357
175.20          -0.22347
175.40          -0.21394
175.60          -0.20496
175.80          -0.19651
176.00          -0.18859
176.20          -0.18116
176.40          -0.17419
176.60          -0.16768
176.80          -0.16158
177.00          -0.15588
177.20          -0.15055
177.40          -0.14557
177.60          -0.14091
177.80          -0.13656
178.00          -0.13250
178.20          -0.12871
178.40          -0.12516
178.60          -0.12185
178.80          -0.11875
179.00          -0.11585
179.20          -0.11315
179.40          -0.11062
179.60          -0.10825
179.80          -0.10604
180.00          -0.10397
180.20          -0.10203
180.40          -0.10022
180.60          -0.098527
180.80          -0.096942
181.00          -0.095459
181.20          -0.094072
181.40          -0.092775
181.60          -0.091562
181.80          -0.090428
182.00          -0.089367
182.20          -0.088376
182.40          -0.087450
182.60          -0.086586
182.80          -0.085779
183.00          -0.085026
183.20          -0.084325
183.40          -0.083671
183.60          -0.083063
183.80          -0.082497
184.00          -0.081972
184.20          -0.081484
184.40          -0.081033
184.60          -0.080615
184.80          -0.080230
185.00          -0.079875
185.20          -0.079549
185.40          -0.079250
185.60          -0.078976
185.80          -0.078727
186.00          -0.078501
186.20          -0.078297
186.40          -0.078114
186.60          -0.077951
186.80          -0.077806
187.00          -0.077680
187.20          -0.077570
187.40          -0.077476
187.60          -0.077398
187.80          -0.077334
188.00          -0.077284
188.20          -0.077248
188.40          -0.077224
188.60          -0.077211
188.80          -0.077211
189.00          -0.077221
189.20          -0.077242
189.40          -0.077272
189.60          -0.077312
189.80          -0.077361
190.00          -0.077418
190.20          -0.077484
190.40          -0.077558
190.60          -0.077639
190.80          -0.077727
191.00          -0.077822
191.20          -0.077924
191.40          -0.078032
191.60          -0.078145
191.80          -0.078265
192.00          -0.078390
192.20          -0.078520
192.40          -0.078655
192.60          -0.078795
192.80          -0.078939
193.00          -0.079088
193.20          -0.079241
193.40          -0.079397
193.60          -0.079558
193.80          -0.079722
194.00          -0.079890
194.20          -0.080061
194.40          -0.080235
194.60          -0.080413
194.80          -0.080593
195.00          -0.080776
195.20          -0.080961
195.40          -0.081149
195.60          -0.081340
195.80          -0.081533
196.00          -0.081728
196.20          -0.081925
196.40          -0.082124
196.60          -0.082325
196.80          -0.082528
197.00          -0.082733
197.20          -0.082939
197.40          -0.083147
197.60          -0.083357
197.80          -0.083568
198.00          -0.083781
198.20          -0.083995
198.40          -0.084211
198.60          -0.084428
198.80          -0.084646
199.00          -0.084865
199.20          -0.085086
199.40          -0.085308
199.60          -0.085532
199.80          -0.085757
200.00          -0.085983
200.20          -0.086210
200.40          -0.086439
200.60          -0.086670
200.80          -0.086902
201.00          -0.087136
201.20          -0.087372
201.40          -0.087610
201.60          -0.087851
201.80          -0.088095
202.00          -0.088341
202.20          -0.088592
202.40          -0.088847
202.60          -0.089106
202.80          -0.089373
203.00          -0.089646
203.20          -0.089930
203.40          -0.090224
203.60          -0.090534
203.80          -0.090863
204.00          -0.091218
204.20          -0.091607
204.40          -0.092045
204.60          -0.092554
204.80          -0.093170
205.00          -0.093962
205.20          -0.095062
205.40          -0.096765
205.60          -0.099879
205.80          -0.10737
206.00          -0.13976
206.20          -3.0669
206.40          -0.12805
206.60          -0.097500
206.80          -0.093390
207.00          -0.092444
207.20          -0.092265
207.40          -0.092335
207.60          -0.092500
207.80          -0.092704
208.00          -0.092924
208.20          -0.093148
208.40          -0.093372
208.60          -0.093595
208.80          -0.093814
209.00          -0.094030
209.20          -0.094243
209.40          -0.094452
209.60          -0.094657
209.80          -0.094859
210.00          -0.095058
210.20          -0.095254
210.40          -0.095446
210.60          -0.095636
210.80          -0.095824
211.00          -0.096008
211.20          -0.096190
211.40          -0.096369
211.60          -0.096546
211.80          -0.096721
212.00          -0.096893
212.20          -0.097063
212.40          -0.097231
212.60          -0.097396
212.80          -0.097559
213.00          -0.097720
213.20          -0.097879
213.40          -0.098036
213.60          -0.098190
213.80          -0.098342
214.00          -0.098492
214.20          -0.098640
214.40          -0.098786
214.60          -0.098929
214.80          -0.099071
215.00          -0.099210
215.20          -0.099347
215.40          -0.099482
215.60          -0.099615
215.80          -0.099746
216.00          -0.099874
216.20          -0.10000
216.40          -0.10012
216.60          -0.10025
216.80          -0.10037
217.00          -0.10048
217.20          -0.10060
217.40          -0.10071
217.60          -0.10082
217.80          -0.10093
218.00          -0.10104
218.20          -0.10114
218.40          -0.10124
218.60          -0.10134
218.80          -0.10144
219.00          -0.10153
219.20          -0.10163
219.40          -0.10172
219.60          -0.10181
219.80          -0.10189
220.00          -0.10197
220.20          -0.10205
220.40          -0.10213
220.60          -0.10221
220.80          -0.10228
221.00          -0.10235
221.20          -0.10242
221.40          -0.10249
221.60          -0.10255
221.80          -0.10261
222.00          -0.10267
222.20          -0.10273
222.40          -0.10278
222.60          -0.10283
222.80          -0.10288
223.00          -0.10293
223.20          -0.10297
223.40          -0.10302
223.60          -0.10305
223.80          -0.10309
224.00          -0.10313
224.20          -0.10316
224.40          -0.10319
224.60          -0.10322
224.80          -0.10324
225.00          -0.10327
