175.00          -0.12134
175.20          -0.12173
175.40          -0.12212
175.60          -0.12251
175.80          -0.12290
176.00          -0.12329
176.20          -0.12368
176.40          -0.12408
176.60          -0.12448
176.80          -0.12488
177.00          -0.12529
177.20          -0.12569
177.40          -0.12610
177.60          -0.12651
177.80          -0.12692
178.00          -0.12734
178.20          -0.12776
178.40          -0.12818
178.60          -0.12860
178.80          -0.12902
179.00          -0.12945
179.20          -0.12988
179.40          -0.13031
179.60          -0.13075
179.80          -0.13119
180.00          -0.13163
180.20          -0.13207
180.40          -0.13252
180.60          -0.13297
180.80          -0.13342
181.00          -0.13387
181.20          -0.13433
181.40          -0.13479
181.60          -0.13526
181.80          -0.13572
182.00          -0.13620
182.20          -0.13667
182.40          -0.13715
182.60          -0.13763
182.80          -0.13812
183.00          -0.13860
183.20          -0.13910
183.40          -0.13959
183.60          -0.14009
183.80          -0.14060
184.00          -0.14111
184.20          -0.14162
184.40          -0.14214
184.60          -0.14266
184.80          -0.14318
185.00          -0.14372
185.20          -0.14425
185.40          -0.14479
185.60          -0.14534
185.80          -0.14589
186.00          -0.14644
186.20          -0.14701
186.40          -0.14757
186.60          -0.14814
186.80          -0.14872
187.00          -0.14931
187.20          -0.14990
187.40          -0.15050
187.60          -0.15110
187.80          -0.15171
188.00          -0.15233
188.20          -0.15296
188.40          -0.15359
188.60          -0.15423
188.80          -0.15488
189.00          -0.15554
189.20          -0.15620
189.40          -0.15688
189.60          -0.15756
189.80          -0.15826
190.00          -0.15896
190.20          -0.15968
190.40          -0.16040
190.60          -0.16114
190.80          -0.16189
191.00          -0.16265
191.20          -0.16343
191.40          -0.16421
191.60          -0.16502
191.80          -0.16583
192.00          -0.16666
192.20          -0.16751
192.40          -0.16838
192.60          -0.16926
192.80          -0.17016
193.00          -0.17109
193.20          -0.17203
193.40          -0.17299
193.60          -0.17398
193.80          -0.17500
194.00          -0.17603
194.20          -0.17710
194.40          -0.17820
194.60          -0.17933
194.80          -0.18049
195.00          -0.18169
195.20          -0.18292
195.40          -0.18420
195.60          -0.18553
195.80          -0.18690
196.00          -0.18832
196.20          -0.18980
196.40          -0.19134
196.60          -0.19295
196.80          -0.19463
197.00          -0.19639
197.20          -0.19823
197.40          -0.20018
197.60          -0.20223
197.80          -0.20440
198.00          -0.20670
198.20          -0.20915
198.40          -0.21177
198.60          -0.21457
198.80          -0.21759
199.00          -0.22086
199.20          -0.22440
199.40          -0.22828
199.60          -0.23254
199.80          -0.23725
200.00          -0.24249
200.20          -0.24838
200.40          -0.25505
200.60          -0.26268
200.80          -0.27151
201.00          -0.28186
201.20          -0.29416
201.40          -0.30904
201.60          -0.32739
201.80          -0.35058
202.00          -0.38070
202.20          -0.42122
202.40          -0.47813
202.60          -0.56265
202.80          -0.69779
203.00          -0.93713
203.20          -1.4283
203.40          -2.6812
203.60          -6.6588
203.80          -6.3232
204.00          -2.0635
204.20          -0.89454
204.40          -0.50722
204.60          -0.34742
204.80          -0.27110
205.00          -0.23107
205.20          -0.20882
205.40          -0.19611
205.60          -0.18886
205.80          -0.18491
206.00          -0.18305
206.20          -0.18255
206.40          -0.18298
206.60          -0.18405
206.80          -0.18559
207.00          -0.18748
207.20          -0.18964
207.40          -0.19202
207.60          -0.19458
207.80          -0.19731
208.00          -0.20020
208.20          -0.20324
208.40          -0.20643
208.60          -0.20978
208.80          -0.21330
209.00          -0.21701
209.20          -0.22092
209.40          -0.22506
209.60          -0.22944
209.80          -0.23411
210.00          -0.23910
210.20          -0.24445
210.40          -0.25021
210.60          -0.25644
210.80          -0.26321
211.00          -0.27062
211.20          -0.27875
211.40          -0.28774
211.60          -0.29774
211.80          -0.30892
212.00          -0.32153
212.20          -0.33585
212.40          -0.35225
212.60          -0.37119
212.80          -0.39329
213.00          -0.41934
213.20          -0.45038
213.40          -0.48784
213.60          -0.53361
213.80          -0.59031
214.00          -0.66149
214.20          -0.75197
214.40          -0.86799
214.60          -1.0167
214.80          -1.2039
215.00          -1.4256
215.20          -1.6514
215.40          -1.8062
215.60          -1.7967
215.80          -1.6033
216.00          -1.3139
216.20          -1.0308
216.40          -0.80190
216.60          -0.63205
216.80          -0.50994
217.00          -0.42264
217.20          -0.35982
217.40          -0.31409
217.60          -0.28038
217.80          -0.25520
218.00          -0.23620
218.20          -0.22171
218.40          -0.21058
218.60          -0.20198
218.80          -0.19531
219.00          -0.19013
219.20          -0.18611
219.40          -0.18302
219.60          -0.18065
219.80          -0.17887
220.00          -0.17756
220.20          -0.17664
220.40          -0.17604
220.60          -0.17569
220.80          -0.17557
221.00          -0.17563
221.20          -0.17584
221.40          -0.17618
221.60          -0.17664
221.80          -0.17718
222.00          -0.17781
222.20          -0.17852
222.40          -0.17928
222.60          -0.18011
222.80          -0.18098
223.00          -0.18190
223.20          -0.18286
223.40          -0.18387
223.60          -0.18491
223.80          -0.18599
224.00          -0.18712
224.20          -0.18828
224.40          -0.18949
224.60          -0.19074
224.80          -0.19205
225.00          -0.19341
