175.00          -0.098642
175.20          -0.097264
175.40          -0.095961
175.60          -0.094729
175.80          -0.093564
176.00          -0.092464
176.20          -0.091425
176.40          -0.090444
176.60          -0.089518
176.80          -0.088646
177.00          -0.087824
177.20          -0.087050
177.40          -0.086322
177.60          -0.085639
177.80          -0.084996
178.00          -0.084394
178.20          -0.083830
178.40          -0.083303
178.60          -0.082810
178.80          -0.082350
179.00          -0.081922
179.20          -0.081524
179.40          -0.081156
179.60          -0.080815
179.80          -0.080501
180.00          -0.080212
180.20          -0.079947
180.40          -0.079706
180.60          -0.079487
180.80          -0.079290
181.00          -0.079113
181.20          -0.078955
181.40          -0.078816
181.60          -0.078696
181.80          -0.078592
182.00          -0.078506
182.20          -0.078435
182.40          -0.078379
182.60          -0.078338
182.80          -0.078312
183.00          -0.078298
183.20          -0.078298
183.40          -0.078310
183.60          -0.078335
183.80          -0.078370
184.00          -0.078417
184.20          -0.078475
184.40          -0.078543
184.60          -0.078620
184.80          -0.078707
185.00          -0.078803
185.20          -0.078908
185.40          -0.079022
185.60          -0.079143
185.80          -0.079273
186.00          -0.079409
186.20          -0.079553
186.40          -0.079704
186.60          -0.079862
186.80          -0.080026
187.00          -0.080197
187.20          -0.080373
187.40          -0.080555
187.60          -0.080742
187.80          -0.080935
188.00          -0.081133
188.20          -0.081336
188.40          -0.081543
188.60          -0.081755
188.80          -0.081972
189.00          -0.082192
189.20          -0.082417
189.40          -0.082645
189.60          -0.082877
189.80          -0.083113
190.00          -0.083352
190.20          -0.083594
190.40          -0.083840
190.60          -0.084088
190.80          -0.084340
191.00          -0.084593
191.20          -0.084850
191.40          -0.085109
191.60          -0.085371
191.80          -0.085634
192.00          -0.085900
192.20          -0.086168
192.40          -0.086438
192.60          -0.086710
192.80          -0.086983
193.00          -0.087258
193.20          -0.087535
193.40          -0.087813
193.60          -0.088092
193.80          -0.088373
194.00          -0.088655
194.20          -0.088938
194.40          -0.089222
194.60          -0.089507
194.80          -0.089793
195.00          -0.090080
195.20          -0.090367
195.40          -0.090656
195.60          -0.090944
195.80          -0.091234
196.00          -0.091524
196.20          -0.091814
196.40          -0.092104
196.60          -0.092395
196.80          -0.092687
197.00          -0.092978
197.20          -0.093270
197.40          -0.093561
197.60          -0.093853
197.80          -0.094145
198.00          -0.094437
198.20          -0.094728
198.40          -0.095020
198.60          -0.095312
198.80          -0.095603
199.00          -0.095894
199.20          -0.096186
199.40          -0.096477
199.60          -0.096768
199.80          -0.097059
200.00          -0.097350
200.20          -0.097640
200.40          -0.097931
200.60          -0.098222
200.80          -0.098513
201.00          -0.098805
201.20          -0.099097
201.40          -0.099389
201.60          -0.099683
201.80          -0.099978
202.00          -0.10027
202.20          -0.10057
202.40          -0.10087
202.60          -0.10118
202.80          -0.10149
203.00          -0.10180
203.20          -0.10212
203.40          -0.10245
203.60          -0.10279
203.80          -0.10315
204.00          -0.10353
204.20          -0.10394
204.40          -0.10439
204.60          -0.10491
204.80          -0.10553
205.00          -0.10631
205.20          -0.10737
205.40          -0.10902
205.60          -0.11203
205.80          -0.11942
206.00          -0.15346
206.20          -4.3153
206.40          -0.13596
206.60          -0.11038
206.80          -0.10663
207.00          -0.10573
207.20          -0.10554
207.40          -0.10560
207.60          -0.10576
207.80          -0.10596
208.00          -0.10618
208.20          -0.10640
208.40          -0.10662
208.60          -0.10685
208.80          -0.10707
209.00          -0.10728
209.20          -0.10750
209.40          -0.10771
209.60          -0.10791
209.80          -0.10811
210.00          -0.10831
210.20          -0.10850
210.40          -0.10869
210.60          -0.10888
210.80          -0.10906
211.00          -0.10924
211.20          -0.10942
211.40          -0.10959
211.60          -0.10976
211.80          -0.10993
212.00          -0.11009
212.20          -0.11025
212.40          -0.11040
212.60          -0.11056
212.80          -0.11070
213.00          -0.11085
213.20          -0.11099
213.40          -0.11113
213.60          -0.11127
213.80          -0.11140
214.00          -0.11154
214.20          -0.11166
214.40          -0.11179
214.60          -0.11191
214.80          -0.11203
215.00          -0.11214
215.20          -0.11226
215.40          -0.11237
215.60          -0.11247
215.80          -0.11258
216.00          -0.11268
216.20          -0.11278
216.40          -0.11287
216.60          -0.11296
216.80          -0.11305
217.00          -0.11314
217.20          -0.11323
217.40          -0.11331
217.60          -0.11339
217.80          -0.11346
218.00          -0.11353
218.20          -0.11360
218.40          -0.11367
218.60          -0.11374
218.80          -0.11380
219.00          -0.11386
219.20          -0.11392
219.40          -0.11397
219.60          -0.11402
219.80          -0.11407
220.00          -0.11412
220.20          -0.11417
220.40          -0.11421
220.60          -0.11425
220.80          -0.11429
221.00          -0.11432
221.20          -0.11435
221.40          -0.11438
221.60          -0.11441
221.80          -0.11444
222.00          -0.11446
222.20          -0.11449
222.40          -0.11451
222.60          -0.11453
222.80          -0.11454
223.00          -0.11456
223.20          -0.11457
223.40          -0.11458
223.60          -0.11459
223.80          -0.11460
224.00          -0.11461
224.20          -0.11462
224.40          -0.11462
224.60          -0.11463
224.80          -0.11464
225.00          -0.11465
