175.00          -0.035661
175.20          -0.035761
175.40          -0.035861
175.60          -0.035962
175.80          -0.036063
176.00          -0.036165
176.20          -0.036267
176.40          -0.036370
176.60          -0.036473
176.80          -0.036577
177.00          -0.036681
177.20          -0.036786
177.40          -0.036891
177.60          -0.036997
177.80          -0.037103
178.00          -0.037210
178.20          -0.037317
178.40          -0.037425
178.60          -0.037533
178.80          -0.037642
179.00          -0.037751
179.20          -0.037861
179.40          -0.037972
179.60          -0.038083
179.80          -0.038195
180.00          -0.038307
180.20          -0.038420
180.40          -0.038533
180.60          -0.038647
180.80          -0.038762
181.00          -0.038877
181.20          -0.038993
181.40          -0.039109
181.60          -0.039226
181.80          -0.039344
182.00          -0.039462
182.20          -0.039581
182.40          -0.039700
182.60          -0.039820
182.80          -0.039941
183.00          -0.040063
183.20          -0.040185
183.40          -0.040308
183.60          -0.040431
183.80          -0.040555
184.00          -0.040680
184.20          -0.040806
184.40          -0.040932
184.60          -0.041059
184.80          -0.041186
185.00          -0.041315
185.20          -0.041444
185.40          -0.041574
185.60          -0.041704
185.80          -0.041836
186.00          -0.041968
186.20          -0.042101
186.40          -0.042234
186.60          -0.042369
186.80          -0.042504
187.00          -0.042640
187.20          -0.042777
187.40          -0.042915
187.60          -0.043053
187.80          -0.043192
188.00          -0.043333
188.20          -0.043474
188.40          -0.043616
188.60          -0.043759
188.80          -0.043902
189.00          -0.044047
189.20          -0.044192
189.40          -0.044339
189.60          -0.044486
189.80          -0.044635
190.00          -0.044784
190.20          -0.044934
190.40          -0.045085
190.60          -0.045238
190.80          -0.045391
191.00          -0.045545
191.20          -0.045700
191.40          -0.045857
191.60          -0.046014
191.80          -0.046172
192.00          -0.046332
192.20          -0.046492
192.40          -0.046654
192.60          -0.046817
192.80          -0.046981
193.00          -0.047146
193.20          -0.047312
193.40          -0.047480
193.60          -0.047649
193.80          -0.047818
194.00          -0.047990
194.20          -0.048162
194.40          -0.048336
194.60          -0.048510
194.80          -0.048687
195.00          -0.048864
195.20          -0.049043
195.40          -0.049223
195.60          -0.049405
195.80          -0.049588
196.00          -0.049772
196.20          -0.049958
196.40          -0.050145
196.60          -0.050334
196.80          -0.050524
197.00          -0.050716
197.20          -0.050909
197.40          -0.051104
197.60          -0.051300
197.80          -0.051498
198.00          -0.051698
198.20          -0.051900
198.40          -0.052103
198.60          -0.052307
198.80          -0.052514
199.00          -0.052722
199.20          -0.052932
199.40          -0.053144
199.60          -0.053358
199.80          -0.053573
200.00          -0.053791
200.20          -0.054010
200.40          -0.054232
200.60          -0.054455
200.80          -0.054681
201.00          -0.054908
201.20          -0.055138
201.40          -0.055370
201.60          -0.055604
201.80          -0.055840
202.00          -0.056078
202.20          -0.056319
202.40          -0.056562
202.60          -0.056808
202.80          -0.057055
203.00          -0.057306
203.20          -0.057559
203.40          -0.057814
203.60          -0.058072
203.80          -0.058333
204.00          -0.058596
204.20          -0.058862
204.40          -0.059131
204.60          -0.059403
204.80          -0.059678
205.00          -0.059956
205.20          -0.060236
205.40          -0.060520
205.60          -0.060807
205.80          -0.061097
206.00          -0.061390
206.20          -0.061687
206.40          -0.061987
206.60          -0.062291
206.80          -0.062598
207.00          -0.062909
207.20          -0.063223
207.40          -0.063541
207.60          -0.063863
207.80          -0.064189
208.00          -0.064519
208.20          -0.064853
208.40          -0.065192
208.60          -0.065534
208.80          -0.065881
209.00          -0.066232
209.20          -0.066588
209.40          -0.066949
209.60          -0.067314
209.80          -0.067684
210.00          -0.068059
210.20          -0.068439
210.40          -0.068825
210.60          -0.069216
210.80          -0.069612
211.00          -0.070014
211.20          -0.070422
211.40          -0.070835
211.60          -0.071255
211.80          -0.071680
212.00          -0.072112
212.20          -0.072551
212.40          -0.072996
212.60          -0.073448
212.80          -0.073906
213.00          -0.074372
213.20          -0.074846
213.40          -0.075327
213.60          -0.075815
213.80          -0.076312
214.00          -0.076816
214.20          -0.077329
214.40          -0.077851
214.60          -0.078381
214.80          -0.078920
215.00          -0.079469
215.20          -0.080027
215.40          -0.080595
215.60          -0.081173
215.80          -0.081762
216.00          -0.082361
216.20          -0.082972
216.40          -0.083593
216.60          -0.084226
216.80          -0.084872
217.00          -0.085529
217.20          -0.086200
217.40          -0.086883
217.60          -0.087580
217.80          -0.088291
218.00          -0.089017
218.20          -0.089757
218.40          -0.090512
218.60          -0.091284
218.80          -0.092071
219.00          -0.092876
219.20          -0.093698
219.40          -0.094538
219.60          -0.095396
219.80          -0.096274
220.00          -0.097171
220.20          -0.098089
220.40          -0.099029
220.60          -0.099990
220.80          -0.10097
221.00          -0.10198
221.20          -0.10301
221.40          -0.10407
221.60          -0.10515
221.80          -0.10626
222.00          -0.10740
222.20          -0.10857
222.40          -0.10977
222.60          -0.11100
222.80          -0.11226
223.00          -0.11356
223.20          -0.11489
223.40          -0.11626
223.60          -0.11766
223.80          -0.11911
224.00          -0.12060
224.20          -0.12213
224.40          -0.12370
224.60          -0.12532
224.80          -0.12699
225.00          -0.12871
