175.00          -0.027694
175.20          -0.027745
175.40          -0.027797
175.60          -0.027848
175.80          -0.027900
176.00          -0.027952
176.20          -0.028004
176.40          -0.028056
176.60          -0.028108
176.80          -0.028160
177.00          -0.028213
177.20          -0.028265
177.40          -0.028318
177.60          -0.028370
177.80          -0.028423
178.00          -0.028476
178.20          -0.028529
178.40          -0.028582
178.60          -0.028636
178.80          -0.028689
179.00          -0.028743
179.20          -0.028796
179.40          -0.028850
179.60          -0.028904
179.80          -0.028958
180.00          -0.029012
180.20          -0.029066
180.40          -0.029121
180.60          -0.029175
180.80          -0.029230
181.00          -0.029285
181.20          -0.029339
181.40          -0.029394
181.60          -0.029450
181.80          -0.029505
182.00          -0.029560
182.20          -0.029616
182.40          -0.029671
182.60          -0.029727
182.80          -0.029783
183.00          -0.029839
183.20          -0.029895
183.40          -0.029951
183.60          -0.030007
183.80          -0.030064
184.00          -0.030120
184.20          -0.030177
184.40          -0.030234
184.60          -0.030291
184.80          -0.030348
185.00          -0.030405
185.20          -0.030462
185.40          -0.030520
185.60          -0.030577
185.80          -0.030635
186.00          -0.030693
186.20          -0.030751
186.40          -0.030809
186.60          -0.030867
186.80          -0.030925
187.00          -0.030984
187.20          -0.031042
187.40          -0.031101
187.60          -0.031160
187.80          -0.031219
188.00          -0.031278
188.20          -0.031337
188.40          -0.031397
188.60          -0.031456
188.80          -0.031516
189.00          -0.031575
189.20          -0.031635
189.40          -0.031695
189.60          -0.031755
189.80          -0.031816
190.00          -0.031876
190.20          -0.031937
190.40          -0.031997
190.60          -0.032058
190.80          -0.032119
191.00          -0.032180
191.20          -0.032241
191.40          -0.032303
191.60          -0.032364
191.80          -0.032426
192.00          -0.032488
192.20          -0.032550
192.40          -0.032612
192.60          -0.032674
192.80          -0.032736
193.00          -0.032799
193.20          -0.032861
193.40          -0.032924
193.60          -0.032987
193.80          -0.033050
194.00          -0.033113
194.20          -0.033176
194.40          -0.033240
194.60          -0.033303
194.80          -0.033367
195.00          -0.033431
195.20          -0.033495
195.40          -0.033559
195.60          -0.033623
195.80          -0.033688
196.00          -0.033752
196.20          -0.033817
196.40          -0.033882
196.60          -0.033947
196.80          -0.034012
197.00          -0.034077
197.20          -0.034143
197.40          -0.034208
197.60          -0.034274
197.80          -0.034340
198.00          -0.034406
198.20          -0.034472
198.40          -0.034538
198.60          -0.034605
198.80          -0.034671
199.00          -0.034738
199.20          -0.034805
199.40          -0.034872
199.60          -0.034939
199.80          -0.035006
200.00          -0.035074
200.20          -0.035142
200.40          -0.035209
200.60          -0.035277
200.80          -0.035346
201.00          -0.035414
201.20          -0.035482
201.40          -0.035551
201.60          -0.035619
201.80          -0.035688
202.00          -0.035757
202.20          -0.035827
202.40          -0.035896
202.60          -0.035965
202.80          -0.036035
203.00          -0.036105
203.20          -0.036175
203.40          -0.036245
203.60          -0.036315
203.80          -0.036386
204.00          -0.036456
204.20          -0.036527
204.40          -0.036598
204.60          -0.036669
204.80          -0.036741
205.00          -0.036812
205.20          -0.036884
205.40          -0.036955
205.60          -0.037027
205.80          -0.037099
206.00          -0.037172
206.20          -0.037244
206.40          -0.037317
206.60          -0.037389
206.80          -0.037462
207.00          -0.037535
207.20          -0.037609
207.40          -0.037682
207.60          -0.037756
207.80          -0.037830
208.00          -0.037904
208.20          -0.037978
208.40          -0.038052
208.60          -0.038126
208.80          -0.038201
209.00          -0.038276
209.20          -0.038351
209.40          -0.038426
209.60          -0.038501
209.80          -0.038577
210.00          -0.038653
210.20          -0.038728
210.40          -0.038805
210.60          -0.038881
210.80          -0.038957
211.00          -0.039034
211.20          -0.039111
211.40          -0.039188
211.60          -0.039265
211.80          -0.039342
212.00          -0.039420
212.20          -0.039497
212.40          -0.039575
212.60          -0.039653
212.80          -0.039732
213.00          -0.039810
213.20          -0.039889
213.40          -0.039968
213.60          -0.040047
213.80          -0.040126
214.00          -0.040205
214.20          -0.040285
214.40          -0.040365
214.60          -0.040445
214.80          -0.040525
215.00          -0.040605
215.20          -0.040686
215.40          -0.040767
215.60          -0.040848
215.80          -0.040929
216.00          -0.041010
216.20          -0.041092
216.40          -0.041174
216.60          -0.041256
216.80          -0.041338
217.00          -0.041420
217.20          -0.041503
217.40          -0.041586
217.60          -0.041669
217.80          -0.041752
218.00          -0.041836
218.20          -0.041920
218.40          -0.042003
218.60          -0.042088
218.80          -0.042172
219.00          -0.042257
219.20          -0.042341
219.40          -0.042426
219.60          -0.042512
219.80          -0.042597
220.00          -0.042683
220.20          -0.042769
220.40          -0.042855
220.60          -0.042941
220.80          -0.043028
221.00          -0.043115
221.20          -0.043202
221.40          -0.043289
221.60          -0.043377
221.80          -0.043464
222.00          -0.043552
222.20          -0.043641
222.40          -0.043729
222.60          -0.043818
222.80          -0.043907
223.00          -0.043996
223.20          -0.044086
223.40          -0.044175
223.60          -0.044265
223.80          -0.044356
224.00          -0.044446
224.20          -0.044537
224.40          -0.044628
224.60          -0.044719
224.80          -0.044811
225.00          -0.044902
