175.00          -0.031178
175.20          -0.031245
175.40          -0.031312
175.60          -0.031379
175.80          -0.031447
176.00          -0.031515
176.20          -0.031583
176.40          -0.031651
176.60          -0.031719
176.80          -0.031788
177.00          -0.031856
177.20          -0.031925
177.40          -0.031994
177.60          -0.032064
177.80          -0.032133
178.00          -0.032203
178.20          -0.032272
178.40          -0.032342
178.60          -0.032413
178.80          -0.032483
179.00          -0.032554
179.20          -0.032624
179.40          -0.032695
179.60          -0.032767
179.80          -0.032838
180.00          -0.032910
180.20          -0.032981
180.40          -0.033053
180.60          -0.033126
180.80          -0.033198
181.00          -0.033270
181.20          -0.033343
181.40          -0.033416
181.60          -0.033489
181.80          -0.033563
182.00          -0.033636
182.20          -0.033710
182.40          -0.033784
182.60          -0.033859
182.80          -0.033933
183.00          -0.034008
183.20          -0.034082
183.40          -0.034157
183.60          -0.034233
183.80          -0.034308
184.00          -0.034384
184.20          -0.034460
184.40          -0.034536
184.60          -0.034612
184.80          -0.034689
185.00          -0.034766
185.20          -0.034843
185.40          -0.034920
185.60          -0.034997
185.80          -0.035075
186.00          -0.035153
186.20          -0.035231
186.40          -0.035309
186.60          -0.035388
186.80          -0.035467
187.00          -0.035546
187.20          -0.035625
187.40          -0.035704
187.60          -0.035784
187.80          -0.035864
188.00          -0.035944
188.20          -0.036024
188.40          -0.036105
188.60          -0.036186
188.80          -0.036267
189.00          -0.036348
189.20          -0.036430
189.40          -0.036512
189.60          -0.036594
189.80          -0.036676
190.00          -0.036758
190.20          -0.036841
190.40          -0.036924
190.60          -0.037008
190.80          -0.037091
191.00          -0.037175
191.20          -0.037259
191.40          -0.037343
191.60          -0.037427
191.80          -0.037512
192.00          -0.037597
192.20          -0.037682
192.40          -0.037768
192.60          -0.037854
192.80          -0.037940
193.00          -0.038026
193.20          -0.038113
193.40          -0.038199
193.60          -0.038287
193.80          -0.038374
194.00          -0.038461
194.20          -0.038549
194.40          -0.038637
194.60          -0.038726
194.80          -0.038815
195.00          -0.038903
195.20          -0.038993
195.40          -0.039082
195.60          -0.039172
195.80          -0.039262
196.00          -0.039352
196.20          -0.039443
196.40          -0.039534
196.60          -0.039625
196.80          -0.039717
197.00          -0.039808
197.20          -0.039900
197.40          -0.039993
197.60          -0.040085
197.80          -0.040178
198.00          -0.040272
198.20          -0.040365
198.40          -0.040459
198.60          -0.040553
198.80          -0.040647
199.00          -0.040742
199.20          -0.040837
199.40          -0.040933
199.60          -0.041028
199.80          -0.041124
200.00          -0.041221
200.20          -0.041317
200.40          -0.041414
200.60          -0.041511
200.80          -0.041609
201.00          -0.041707
201.20          -0.041805
201.40          -0.041903
201.60          -0.042002
201.80          -0.042102
202.00          -0.042201
202.20          -0.042301
202.40          -0.042401
202.60          -0.042502
202.80          -0.042603
203.00          -0.042704
203.20          -0.042806
203.40          -0.042907
203.60          -0.043010
203.80          -0.043112
204.00          -0.043215
204.20          -0.043319
204.40          -0.043423
204.60          -0.043527
204.80          -0.043631
205.00          -0.043736
205.20          -0.043841
205.40          -0.043947
205.60          -0.044053
205.80          -0.044159
206.00          -0.044266
206.20          -0.044373
206.40          -0.044481
206.60          -0.044589
206.80          -0.044697
207.00          -0.044806
207.20          -0.044915
207.40          -0.045024
207.60          -0.045134
207.80          -0.045244
208.00          -0.045355
208.20          -0.045466
208.40          -0.045578
208.60          -0.045690
208.80          -0.045803
209.00          -0.045916
209.20          -0.046029
209.40          -0.046143
209.60          -0.046257
209.80          -0.046372
210.00          -0.046487
210.20          -0.046602
210.40          -0.046718
210.60          -0.046835
210.80          -0.046952
211.00          -0.047069
211.20          -0.047187
211.40          -0.047306
211.60          -0.047425
211.80          -0.047544
212.00          -0.047664
212.20          -0.047785
212.40          -0.047905
212.60          -0.048027
212.80          -0.048149
213.00          -0.048271
213.20          -0.048394
213.40          -0.048518
213.60          -0.048642
213.80          -0.048767
214.00          -0.048892
214.20          -0.049018
214.40          -0.049144
214.60          -0.049271
214.80          -0.049398
215.00          -0.049526
215.20          -0.049655
215.40          -0.049784
215.60          -0.049914
215.80          -0.050044
216.00          -0.050175
216.20          -0.050307
216.40          -0.050439
216.60          -0.050572
216.80          -0.050705
217.00          -0.050840
217.20          -0.050974
217.40          -0.051110
217.60          -0.051246
217.80          -0.051383
218.00          -0.051520
218.20          -0.051659
218.40          -0.051798
218.60          -0.051937
218.80          -0.052078
219.00          -0.052219
219.20          -0.052361
219.40          -0.052503
219.60          -0.052647
219.80          -0.052791
220.00          -0.052936
220.20          -0.053081
220.40          -0.053228
220.60          -0.053375
220.80          -0.053523
221.00          -0.053672
221.20          -0.053822
221.40          -0.053973
221.60          -0.054124
221.80          -0.054277
222.00          -0.054430
222.20          -0.054584
222.40          -0.054739
222.60          -0.054895
222.80          -0.055052
223.00          -0.055210
223.20          -0.055369
223.40          -0.055529
223.60          -0.055690
223.80          -0.055852
224.00          -0.056015
224.20          -0.056179
224.40          -0.056345
224.60          -0.056511
224.80          -0.056678
225.00          -0.056847
