175.00          -0.024203
175.20          -0.024241
175.40          -0.024279
175.60          -0.024318
175.80          -0.024356
176.00          -0.024395
176.20          -0.024433
176.40          -0.024472
176.60          -0.024511
176.80          -0.024550
177.00          -0.024589
177.20          -0.024628
177.40          -0.024667
177.60          -0.024706
177.80          -0.024745
178.00          -0.024785
178.20          -0.024824
178.40          -0.024864
178.60          -0.024903
178.80          -0.024943
179.00          -0.024982
179.20          -0.025022
179.40          -0.025062
179.60          -0.025102
179.80          -0.025142
180.00          -0.025182
180.20          -0.025222
180.40          -0.025263
180.60          -0.025303
180.80          -0.025343
181.00          -0.025384
181.20          -0.025424
181.40          -0.025465
181.60          -0.025506
181.80          -0.025547
182.00          -0.025588
182.20          -0.025629
182.40          -0.025670
182.60          -0.025711
182.80          -0.025752
183.00          -0.025793
183.20          -0.025835
183.40          -0.025876
183.60          -0.025918
183.80          -0.025959
184.00          -0.026001
184.20          -0.026043
184.40          -0.026085
184.60          -0.026127
184.80          -0.026169
185.00          -0.026211
185.20          -0.026253
185.40          -0.026295
185.60          -0.026338
185.80          -0.026380
186.00          -0.026423
186.20          -0.026466
186.40          -0.026508
186.60          -0.026551
186.80          -0.026594
187.00          -0.026637
187.20          -0.026680
187.40          -0.026723
187.60          -0.026767
187.80          -0.026810
188.00          -0.026854
188.20          -0.026897
188.40          -0.026941
188.60          -0.026985
188.80          -0.027028
189.00          -0.027072
189.20          -0.027116
189.40          -0.027161
189.60          -0.027205
189.80          -0.027249
190.00          -0.027294
190.20          -0.027338
190.40          -0.027383
190.60          -0.027428
190.80          -0.027472
191.00          -0.027517
191.20          -0.027562
191.40          -0.027607
191.60          -0.027653
191.80          -0.027698
192.00          -0.027744
192.20          -0.027789
192.40          -0.027835
192.60          -0.027881
192.80          -0.027927
193.00          -0.027973
193.20          -0.028019
193.40          -0.028065
193.60          -0.028112
193.80          -0.028158
194.00          -0.028205
194.20          -0.028252
194.40          -0.028299
194.60          -0.028346
194.80          -0.028393
195.00          -0.028440
195.20          -0.028488
195.40          -0.028536
195.60          -0.028584
195.80          -0.028632
196.00          -0.028680
196.20          -0.028729
196.40          -0.028777
196.60          -0.028826
196.80          -0.028875
197.00          -0.028925
197.20          -0.028974
197.40          -0.029024
197.60          -0.029075
197.80          -0.029126
198.00          -0.029177
198.20          -0.029228
198.40          -0.029280
198.60          -0.029333
198.80          -0.029387
199.00          -0.029441
199.20          -0.029497
199.40          -0.029554
199.60          -0.029612
199.80          -0.029673
200.00          -0.029737
200.20          -0.029805
200.40          -0.029879
200.60          -0.029962
200.80          -0.030060
201.00          -0.030187
201.20          -0.030369
201.40          -0.030694
201.60          -0.031534
201.80          -0.036933
202.00          -0.055192
202.20          -0.031135
202.40          -0.030348
202.60          -0.030244
202.80          -0.030253
203.00          -0.030293
203.20          -0.030343
203.40          -0.030397
203.60          -0.030452
203.80          -0.030508
204.00          -0.030564
204.20          -0.030620
204.40          -0.030676
204.60          -0.030732
204.80          -0.030788
205.00          -0.030844
205.20          -0.030900
205.40          -0.030956
205.60          -0.031012
205.80          -0.031068
206.00          -0.031124
206.20          -0.031181
206.40          -0.031237
206.60          -0.031294
206.80          -0.031351
207.00          -0.031408
207.20          -0.031465
207.40          -0.031523
207.60          -0.031580
207.80          -0.031638
208.00          -0.031697
208.20          -0.031756
208.40          -0.031815
208.60          -0.031874
208.80          -0.031934
209.00          -0.031994
209.20          -0.032055
209.40          -0.032116
209.60          -0.032178
209.80          -0.032240
210.00          -0.032303
210.20          -0.032366
210.40          -0.032430
210.60          -0.032495
210.80          -0.032561
211.00          -0.032627
211.20          -0.032694
211.40          -0.032763
211.60          -0.032832
211.80          -0.032903
212.00          -0.032975
212.20          -0.033048
212.40          -0.033123
212.60          -0.033199
212.80          -0.033277
213.00          -0.033358
213.20          -0.033440
213.40          -0.033526
213.60          -0.033614
213.80          -0.033705
214.00          -0.033800
214.20          -0.033899
214.40          -0.034003
214.60          -0.034113
214.80          -0.034229
215.00          -0.034353
215.20          -0.034485
215.40          -0.034629
215.60          -0.034784
215.80          -0.034956
216.00          -0.035146
216.20          -0.035359
216.40          -0.035602
216.60          -0.035882
216.80          -0.036211
217.00          -0.036606
217.20          -0.037088
217.40          -0.037695
217.60          -0.038481
217.80          -0.039539
218.00          -0.041030
218.20          -0.043255
218.40          -0.046846
218.60          -0.053305
218.80          -0.067014
219.00          -0.10582
219.20          -0.31593
219.40          -4.8729
219.60          -0.22667
219.80          -0.084734
220.00          -0.056274
220.20          -0.046287
220.40          -0.041752
220.60          -0.039365
220.80          -0.037985
221.00          -0.037136
221.20          -0.036591
221.40          -0.036233
221.60          -0.035995
221.80          -0.035837
222.00          -0.035735
222.20          -0.035673
222.40          -0.035642
222.60          -0.035633
222.80          -0.035643
223.00          -0.035669
223.20          -0.035711
223.40          -0.035770
223.60          -0.035852
223.80          -0.035975
224.00          -0.036194
224.20          -0.036762
224.40          -0.040940
224.60          -0.044268
224.80          -0.036268
225.00          -0.035980
