175.00          -0.053446
175.20          -0.053875
175.40          -0.054315
175.60          -0.054767
175.80          -0.055230
176.00          -0.055706
176.20          -0.056195
176.40          -0.056697
176.60          -0.057214
176.80          -0.057745
177.00          -0.058292
177.20          -0.058855
177.40          -0.059435
177.60          -0.060034
177.80          -0.060651
178.00          -0.061287
178.20          -0.061945
178.40          -0.062625
178.60          -0.063327
178.80          -0.064055
179.00          -0.064807
179.20          -0.065587
179.40          -0.066396
179.60          -0.067235
179.80          -0.068107
180.00          -0.069012
180.20          -0.069954
180.40          -0.070934
180.60          -0.071955
180.80          -0.073019
181.00          -0.074130
181.20          -0.075290
181.40          -0.076503
181.60          -0.077773
181.80          -0.079103
182.00          -0.080498
182.20          -0.081962
182.40          -0.083501
182.60          -0.085121
182.80          -0.086827
183.00          -0.088626
183.20          -0.090527
183.40          -0.092537
183.60          -0.094666
183.80          -0.096924
184.00          -0.099323
184.20          -0.10187
184.40          -0.10459
184.60          -0.10749
184.80          -0.11060
185.00          -0.11392
185.20          -0.11749
185.40          -0.12132
185.60          -0.12545
185.80          -0.12992
186.00          -0.13475
186.20          -0.13998
186.40          -0.14568
186.60          -0.15189
186.80          -0.15868
187.00          -0.16611
187.20          -0.17429
187.40          -0.18330
187.60          -0.19326
187.80          -0.20432
188.00          -0.21661
188.20          -0.23034
188.40          -0.24572
188.60          -0.26300
188.80          -0.28247
189.00          -0.30449
189.20          -0.32944
189.40          -0.35778
189.60          -0.38999
189.80          -0.42661
190.00          -0.46816
190.20          -0.51507
190.40          -0.56760
190.60          -0.62560
190.80          -0.68825
191.00          -0.75369
191.20          -0.81866
191.40          -0.87830
191.60          -0.92643
191.80          -0.95651
192.00          -0.96338
192.20          -0.94500
192.40          -0.90332
192.60          -0.84366
192.80          -0.77301
193.00          -0.69811
193.20          -0.62429
193.40          -0.55502
193.60          -0.49218
193.80          -0.43643
194.00          -0.38768
194.20          -0.34542
194.40          -0.30898
194.60          -0.27761
194.80          -0.25061
195.00          -0.22736
195.20          -0.20728
195.40          -0.18991
195.60          -0.17484
195.80          -0.16172
196.00          -0.15027
196.20          -0.14024
196.40          -0.13143
196.60          -0.12367
196.80          -0.11682
197.00          -0.11077
197.20          -0.10539
197.40          -0.10062
197.60          -0.096384
197.80          -0.092610
198.00          -0.089253
198.20          -0.086267
198.40          -0.083616
198.60          -0.081270
198.80          -0.079204
199.00          -0.077399
199.20          -0.075840
199.40          -0.074520
199.60          -0.073437
199.80          -0.072597
200.00          -0.072016
200.20          -0.071726
200.40          -0.071780
200.60          -0.072269
200.80          -0.073346
201.00          -0.075283
201.20          -0.078595
201.40          -0.084364
201.60          -0.095213
201.80          -0.11916
202.00          -0.19302
202.20          -0.78319
202.40          -1.0203
202.60          -0.11676
202.80          -0.062590
203.00          -0.051268
203.20          -0.047817
203.40          -0.046599
203.60          -0.046167
203.80          -0.046047
204.00          -0.046057
204.20          -0.046123
204.40          -0.046211
204.60          -0.046306
204.80          -0.046402
205.00          -0.046497
205.20          -0.046589
205.40          -0.046679
205.60          -0.046767
205.80          -0.046853
206.00          -0.046939
206.20          -0.047025
206.40          -0.047111
206.60          -0.047198
206.80          -0.047286
207.00          -0.047375
207.20          -0.047466
207.40          -0.047559
207.60          -0.047654
207.80          -0.047751
208.00          -0.047851
208.20          -0.047952
208.40          -0.048056
208.60          -0.048162
208.80          -0.048270
209.00          -0.048381
209.20          -0.048494
209.40          -0.048609
209.60          -0.048727
209.80          -0.048846
210.00          -0.048968
210.20          -0.049091
210.40          -0.049217
210.60          -0.049345
210.80          -0.049475
211.00          -0.049607
211.20          -0.049740
211.40          -0.049876
211.60          -0.050013
211.80          -0.050152
212.00          -0.050293
212.20          -0.050435
212.40          -0.050579
212.60          -0.050725
212.80          -0.050873
213.00          -0.051021
213.20          -0.051172
213.40          -0.051324
213.60          -0.051477
213.80          -0.051632
214.00          -0.051789
214.20          -0.051946
214.40          -0.052105
214.60          -0.052266
214.80          -0.052428
215.00          -0.052591
215.20          -0.052756
215.40          -0.052922
215.60          -0.053089
215.80          -0.053257
216.00          -0.053427
216.20          -0.053598
216.40          -0.053771
216.60          -0.053944
216.80          -0.054119
217.00          -0.054296
217.20          -0.054473
217.40          -0.054652
217.60          -0.054832
217.80          -0.055014
218.00          -0.055197
218.20          -0.055381
218.40          -0.055566
218.60          -0.055753
218.80          -0.055942
219.00          -0.056131
219.20          -0.056323
219.40          -0.056515
219.60          -0.056709
219.80          -0.056905
220.00          -0.057102
220.20          -0.057301
220.40          -0.057501
220.60          -0.057704
220.80          -0.057907
221.00          -0.058113
221.20          -0.058321
221.40          -0.058530
221.60          -0.058742
221.80          -0.058955
222.00          -0.059171
222.20          -0.059390
222.40          -0.059610
222.60          -0.059833
222.80          -0.060060
223.00          -0.060289
223.20          -0.060522
223.40          -0.060759
223.60          -0.061002
223.80          -0.061256
224.00          -0.061543
224.20          -0.062333
224.40          -0.062062
224.60          -0.062206
224.80          -0.062462
225.00          -0.062727
