175.00          -0.073252
175.20          -0.074243
175.40          -0.075270
175.60          -0.076336
175.80          -0.077442
176.00          -0.078592
176.20          -0.079787
176.40          -0.081031
176.60          -0.082326
176.80          -0.083675
177.00          -0.085083
177.20          -0.086553
177.40          -0.088088
177.60          -0.089693
177.80          -0.091373
178.00          -0.093133
178.20          -0.094978
178.40          -0.096915
178.60          -0.098950
178.80          -0.10109
179.00          -0.10334
179.20          -0.10572
179.40          -0.10823
179.60          -0.11088
179.80          -0.11368
180.00          -0.11665
180.20          -0.11980
180.40          -0.12314
180.60          -0.12669
180.80          -0.13048
181.00          -0.13452
181.20          -0.13883
181.40          -0.14344
181.60          -0.14839
181.80          -0.15369
182.00          -0.15940
182.20          -0.16554
182.40          -0.17217
182.60          -0.17933
182.80          -0.18708
183.00          -0.19548
183.20          -0.20462
183.40          -0.21456
183.60          -0.22540
183.80          -0.23723
184.00          -0.25018
184.20          -0.26436
184.40          -0.27991
184.60          -0.29698
184.80          -0.31572
185.00          -0.33629
185.20          -0.35886
185.40          -0.38357
185.60          -0.41055
185.80          -0.43986
186.00          -0.47150
186.20          -0.50533
186.40          -0.54100
186.60          -0.57795
186.80          -0.61527
187.00          -0.65172
187.20          -0.68565
187.40          -0.71512
187.60          -0.73802
187.80          -0.75240
188.00          -0.75671
188.20          -0.75021
188.40          -0.73307
188.60          -0.70641
188.80          -0.67209
189.00          -0.63234
189.20          -0.58945
189.40          -0.54546
189.60          -0.50201
189.80          -0.46031
190.00          -0.42115
190.20          -0.38494
190.40          -0.35187
190.60          -0.32192
190.80          -0.29497
191.00          -0.27081
191.20          -0.24921
191.40          -0.22993
191.60          -0.21273
191.80          -0.19738
192.00          -0.18367
192.20          -0.17143
192.40          -0.16047
192.60          -0.15065
192.80          -0.14184
193.00          -0.13392
193.20          -0.12679
193.40          -0.12036
193.60          -0.11455
193.80          -0.10930
194.00          -0.10454
194.20          -0.10022
194.40          -0.096298
194.60          -0.092730
194.80          -0.089480
195.00          -0.086518
195.20          -0.083814
195.40          -0.081346
195.60          -0.079090
195.80          -0.077028
196.00          -0.075143
196.20          -0.073419
196.40          -0.071843
196.60          -0.070403
196.80          -0.069089
197.00          -0.067891
197.20          -0.066801
197.40          -0.065813
197.60          -0.064920
197.80          -0.064118
198.00          -0.063402
198.20          -0.062769
198.40          -0.062218
198.60          -0.061747
198.80          -0.061358
199.00          -0.061052
199.20          -0.060833
199.40          -0.060710
199.60          -0.060693
199.80          -0.060798
200.00          -0.061050
200.20          -0.061484
200.40          -0.062157
200.60          -0.063158
200.80          -0.064634
201.00          -0.066850
201.20          -0.070315
201.40          -0.076142
201.60          -0.087203
201.80          -0.11329
202.00          -0.21124
202.20          -2.3842
202.40          -0.27979
202.60          -0.075646
202.80          -0.053400
203.00          -0.048167
203.20          -0.046638
203.40          -0.046230
203.60          -0.046222
203.80          -0.046367
204.00          -0.046568
204.20          -0.046786
204.40          -0.047005
204.60          -0.047218
204.80          -0.047422
205.00          -0.047617
205.20          -0.047805
205.40          -0.047985
205.60          -0.048159
205.80          -0.048327
206.00          -0.048492
206.20          -0.048653
206.40          -0.048811
206.60          -0.048967
206.80          -0.049121
207.00          -0.049274
207.20          -0.049427
207.40          -0.049579
207.60          -0.049730
207.80          -0.049882
208.00          -0.050034
208.20          -0.050187
208.40          -0.050340
208.60          -0.050493
208.80          -0.050648
209.00          -0.050803
209.20          -0.050959
209.40          -0.051117
209.60          -0.051275
209.80          -0.051434
210.00          -0.051595
210.20          -0.051756
210.40          -0.051919
210.60          -0.052083
210.80          -0.052248
211.00          -0.052414
211.20          -0.052582
211.40          -0.052751
211.60          -0.052921
211.80          -0.053092
212.00          -0.053264
212.20          -0.053438
212.40          -0.053613
212.60          -0.053789
212.80          -0.053966
213.00          -0.054145
213.20          -0.054325
213.40          -0.054506
213.60          -0.054688
213.80          -0.054871
214.00          -0.055056
214.20          -0.055242
214.40          -0.055429
214.60          -0.055617
214.80          -0.055807
215.00          -0.055997
215.20          -0.056189
215.40          -0.056383
215.60          -0.056577
215.80          -0.056773
216.00          -0.056970
216.20          -0.057168
216.40          -0.057368
216.60          -0.057569
216.80          -0.057771
217.00          -0.057974
217.20          -0.058179
217.40          -0.058385
217.60          -0.058592
217.80          -0.058801
218.00          -0.059012
218.20          -0.059223
218.40          -0.059436
218.60          -0.059651
218.80          -0.059867
219.00          -0.060085
219.20          -0.060304
219.40          -0.060525
219.60          -0.060748
219.80          -0.060972
220.00          -0.061198
220.20          -0.061426
220.40          -0.061656
220.60          -0.061887
220.80          -0.062121
221.00          -0.062357
221.20          -0.062595
221.40          -0.062835
221.60          -0.063077
221.80          -0.063322
222.00          -0.063569
222.20          -0.063819
222.40          -0.064072
222.60          -0.064327
222.80          -0.064586
223.00          -0.064848
223.20          -0.065113
223.40          -0.065382
223.60          -0.065654
223.80          -0.065931
224.00          -0.066212
224.20          -0.066503
224.40          -0.066783
224.60          -0.067080
224.80          -0.067381
225.00          -0.067688
