175.00          -0.052320
175.20          -0.052592
175.40          -0.052869
175.60          -0.053152
175.80          -0.053439
176.00          -0.053732
176.20          -0.054030
176.40          -0.054333
176.60          -0.054641
176.80          -0.054955
177.00          -0.055275
177.20          -0.055599
177.40          -0.055929
177.60          -0.056265
177.80          -0.056606
178.00          -0.056953
178.20          -0.057305
178.40          -0.057663
178.60          -0.058026
178.80          -0.058396
179.00          -0.058770
179.20          -0.059151
179.40          -0.059538
179.60          -0.059930
179.80          -0.060329
180.00          -0.060733
180.20          -0.061143
180.40          -0.061560
180.60          -0.061982
180.80          -0.062411
181.00          -0.062846
181.20          -0.063288
181.40          -0.063735
181.60          -0.064190
181.80          -0.064650
182.00          -0.065118
182.20          -0.065592
182.40          -0.066072
182.60          -0.066559
182.80          -0.067054
183.00          -0.067555
183.20          -0.068063
183.40          -0.068578
183.60          -0.069100
183.80          -0.069629
184.00          -0.070166
184.20          -0.070710
184.40          -0.071262
184.60          -0.071821
184.80          -0.072387
185.00          -0.072962
185.20          -0.073544
185.40          -0.074134
185.60          -0.074732
185.80          -0.075338
186.00          -0.075952
186.20          -0.076574
186.40          -0.077205
186.60          -0.077844
186.80          -0.078492
187.00          -0.079149
187.20          -0.079814
187.40          -0.080488
187.60          -0.081171
187.80          -0.081863
188.00          -0.082564
188.20          -0.083275
188.40          -0.083995
188.60          -0.084725
188.80          -0.085464
189.00          -0.086213
189.20          -0.086972
189.40          -0.087741
189.60          -0.088520
189.80          -0.089309
190.00          -0.090109
190.20          -0.090920
190.40          -0.091741
190.60          -0.092573
190.80          -0.093415
191.00          -0.094269
191.20          -0.095135
191.40          -0.096011
191.60          -0.096899
191.80          -0.097799
192.00          -0.098711
192.20          -0.099634
192.40          -0.10057
192.60          -0.10152
192.80          -0.10248
193.00          -0.10345
193.20          -0.10444
193.40          -0.10544
193.60          -0.10645
193.80          -0.10747
194.00          -0.10851
194.20          -0.10957
194.40          -0.11063
194.60          -0.11171
194.80          -0.11281
195.00          -0.11392
195.20          -0.11504
195.40          -0.11618
195.60          -0.11733
195.80          -0.11850
196.00          -0.11969
196.20          -0.12089
196.40          -0.12210
196.60          -0.12333
196.80          -0.12458
197.00          -0.12585
197.20          -0.12713
197.40          -0.12843
197.60          -0.12975
197.80          -0.13108
198.00          -0.13243
198.20          -0.13380
198.40          -0.13519
198.60          -0.13660
198.80          -0.13803
199.00          -0.13948
199.20          -0.14095
199.40          -0.14244
199.60          -0.14396
199.80          -0.14550
200.00          -0.14706
200.20          -0.14866
200.40          -0.15029
200.60          -0.15197
200.80          -0.15371
201.00          -0.15554
201.20          -0.15753
201.40          -0.15988
201.60          -0.16324
201.80          -0.17116
202.00          -0.25330
202.20          -0.24699
202.40          -0.17755
202.60          -0.17301
202.80          -0.17305
203.00          -0.17417
203.20          -0.17569
203.40          -0.17741
203.60          -0.17924
203.80          -0.18114
204.00          -0.18311
204.20          -0.18513
204.40          -0.18719
204.60          -0.18930
204.80          -0.19144
205.00          -0.19363
205.20          -0.19585
205.40          -0.19811
205.60          -0.20042
205.80          -0.20276
206.00          -0.20515
206.20          -0.20758
206.40          -0.21005
206.60          -0.21257
206.80          -0.21514
207.00          -0.21775
207.20          -0.22042
207.40          -0.22313
207.60          -0.22590
207.80          -0.22873
208.00          -0.23162
208.20          -0.23457
208.40          -0.23758
208.60          -0.24066
208.80          -0.24381
209.00          -0.24704
209.20          -0.25034
209.40          -0.25373
209.60          -0.25720
209.80          -0.26076
210.00          -0.26442
210.20          -0.26818
210.40          -0.27204
210.60          -0.27602
210.80          -0.28012
211.00          -0.28435
211.20          -0.28871
211.40          -0.29322
211.60          -0.29788
211.80          -0.30270
212.00          -0.30770
212.20          -0.31288
212.40          -0.31827
212.60          -0.32387
212.80          -0.32969
213.00          -0.33577
213.20          -0.34210
213.40          -0.34872
213.60          -0.35565
213.80          -0.36290
214.00          -0.37051
214.20          -0.37851
214.40          -0.38691
214.60          -0.39577
214.80          -0.40510
215.00          -0.41497
215.20          -0.42540
215.40          -0.43645
215.60          -0.44817
215.80          -0.46062
216.00          -0.47386
216.20          -0.48796
216.40          -0.50300
216.60          -0.51905
216.80          -0.53620
217.00          -0.55455
217.20          -0.57418
217.40          -0.59521
217.60          -0.61774
217.80          -0.64186
218.00          -0.66768
218.20          -0.69528
218.40          -0.72472
218.60          -0.75604
218.80          -0.78923
219.00          -0.82418
219.20          -0.86073
219.40          -0.89855
219.60          -0.93716
219.80          -0.97586
220.00          -1.0137
220.20          -1.0495
220.40          -1.0817
220.60          -1.1086
220.80          -1.1283
221.00          -1.1390
221.20          -1.1390
221.40          -1.1272
221.60          -1.1032
221.80          -1.0673
222.00          -1.0209
222.20          -0.96573
222.40          -0.90431
222.60          -0.83910
222.80          -0.77247
223.00          -0.70647
223.20          -0.64267
223.40          -0.58220
223.60          -0.52570
223.80          -0.47343
224.00          -0.42556
224.20          -0.44799
224.40          -0.37322
224.60          -0.32374
224.80          -0.29011
225.00          -0.26168
