175.00          -0.19491
175.20          -0.19072
175.40          -0.18648
175.60          -0.18219
175.80          -0.17790
176.00          -0.17361
176.20          -0.16935
176.40          -0.16512
176.60          -0.16096
176.80          -0.15686
177.00          -0.15284
177.20          -0.14891
177.40          -0.14508
177.60          -0.14134
177.80          -0.13771
178.00          -0.13420
178.20          -0.13079
178.40          -0.12750
178.60          -0.12432
178.80          -0.12125
179.00          -0.11830
179.20          -0.11546
179.40          -0.11272
179.60          -0.11010
179.80          -0.10758
180.00          -0.10516
180.20          -0.10284
180.40          -0.10061
180.60          -0.098480
180.80          -0.096438
181.00          -0.094482
181.20          -0.092610
181.40          -0.090817
181.60          -0.089102
181.80          -0.087460
182.00          -0.085889
182.20          -0.084386
182.40          -0.082948
182.60          -0.081572
182.80          -0.080256
183.00          -0.078996
183.20          -0.077791
183.40          -0.076639
183.60          -0.075536
183.80          -0.074480
184.00          -0.073470
184.20          -0.072503
184.40          -0.071578
184.60          -0.070693
184.80          -0.069845
185.00          -0.069033
185.20          -0.068256
185.40          -0.067512
185.60          -0.066800
185.80          -0.066117
186.00          -0.065464
186.20          -0.064837
186.40          -0.064238
186.60          -0.063663
186.80          -0.063112
187.00          -0.062584
187.20          -0.062078
187.40          -0.061594
187.60          -0.061129
187.80          -0.060683
188.00          -0.060256
188.20          -0.059847
188.40          -0.059454
188.60          -0.059078
188.80          -0.058717
189.00          -0.058371
189.20          -0.058039
189.40          -0.057721
189.60          -0.057416
189.80          -0.057123
190.00          -0.056842
190.20          -0.056573
190.40          -0.056315
190.60          -0.056068
190.80          -0.055830
191.00          -0.055603
191.20          -0.055384
191.40          -0.055175
191.60          -0.054975
191.80          -0.054782
192.00          -0.054598
192.20          -0.054422
192.40          -0.054253
192.60          -0.054090
192.80          -0.053935
193.00          -0.053787
193.20          -0.053644
193.40          -0.053508
193.60          -0.053378
193.80          -0.053253
194.00          -0.053134
194.20          -0.053020
194.40          -0.052911
194.60          -0.052807
194.80          -0.052707
195.00          -0.052612
195.20          -0.052522
195.40          -0.052436
195.60          -0.052354
195.80          -0.052275
196.00          -0.052201
196.20          -0.052130
196.40          -0.052063
196.60          -0.052000
196.80          -0.051939
197.00          -0.051882
197.20          -0.051829
197.40          -0.051778
197.60          -0.051730
197.80          -0.051685
198.00          -0.051644
198.20          -0.051605
198.40          -0.051568
198.60          -0.051535
198.80          -0.051504
199.00          -0.051475
199.20          -0.051449
199.40          -0.051426
199.60          -0.051406
199.80          -0.051388
200.00          -0.051372
200.20          -0.051360
200.40          -0.051350
200.60          -0.051342
200.80          -0.051338
201.00          -0.051337
201.20          -0.051338
201.40          -0.051343
201.60          -0.051352
201.80          -0.051364
202.00          -0.051381
202.20          -0.051403
202.40          -0.051430
202.60          -0.051462
202.80          -0.051502
203.00          -0.051551
203.20          -0.051609
203.40          -0.051680
203.60          -0.051766
203.80          -0.051871
204.00          -0.052002
204.20          -0.052167
204.40          -0.052380
204.60          -0.052663
204.80          -0.053052
205.00          -0.053615
205.20          -0.054487
205.40          -0.055981
205.60          -0.058972
205.80          -0.066912
206.00          -0.10796
206.20          -2.4687
206.40          -0.074495
206.60          -0.054611
206.80          -0.051328
207.00          -0.050398
207.20          -0.050080
207.40          -0.049971
207.60          -0.049946
207.80          -0.049956
208.00          -0.049982
208.20          -0.050015
208.40          -0.050050
208.60          -0.050085
208.80          -0.050120
209.00          -0.050153
209.20          -0.050184
209.40          -0.050214
209.60          -0.050243
209.80          -0.050270
210.00          -0.050296
210.20          -0.050320
210.40          -0.050344
210.60          -0.050366
210.80          -0.050388
211.00          -0.050409
211.20          -0.050429
211.40          -0.050448
211.60          -0.050467
211.80          -0.050485
212.00          -0.050502
212.20          -0.050519
212.40          -0.050536
212.60          -0.050552
212.80          -0.050567
213.00          -0.050582
213.20          -0.050597
213.40          -0.050611
213.60          -0.050625
213.80          -0.050639
214.00          -0.050652
214.20          -0.050665
214.40          -0.050678
214.60          -0.050690
214.80          -0.050702
215.00          -0.050714
215.20          -0.050725
215.40          -0.050737
215.60          -0.050747
215.80          -0.050758
216.00          -0.050768
216.20          -0.050778
216.40          -0.050788
216.60          -0.050798
216.80          -0.050807
217.00          -0.050816
217.20          -0.050825
217.40          -0.050833
217.60          -0.050841
217.80          -0.050849
218.00          -0.050857
218.20          -0.050864
218.40          -0.050871
218.60          -0.050878
218.80          -0.050885
219.00          -0.050891
219.20          -0.050897
219.40          -0.050903
219.60          -0.050909
219.80          -0.050914
220.00          -0.050919
220.20          -0.050924
220.40          -0.050929
220.60          -0.050933
220.80          -0.050938
221.00          -0.050942
221.20          -0.050946
221.40          -0.050950
221.60          -0.050954
221.80          -0.050958
222.00          -0.050961
222.20          -0.050965
222.40          -0.050969
222.60          -0.050973
222.80          -0.050977
223.00          -0.050982
223.20          -0.050987
223.40          -0.050993
223.60          -0.050999
223.80          -0.051007
224.00          -0.051015
224.20          -0.051026
224.40          -0.051038
224.60          -0.051053
224.80          -0.051072
225.00          -0.051095
