175.00          -0.036771
175.20          -0.036874
175.40          -0.036979
175.60          -0.037083
175.80          -0.037189
176.00          -0.037294
176.20          -0.037401
176.40          -0.037507
176.60          -0.037614
176.80          -0.037722
177.00          -0.037830
177.20          -0.037939
177.40          -0.038048
177.60          -0.038158
177.80          -0.038268
178.00          -0.038378
178.20          -0.038490
178.40          -0.038601
178.60          -0.038714
178.80          -0.038826
179.00          -0.038940
179.20          -0.039054
179.40          -0.039168
179.60          -0.039283
179.80          -0.039398
180.00          -0.039514
180.20          -0.039631
180.40          -0.039748
180.60          -0.039866
180.80          -0.039984
181.00          -0.040103
181.20          -0.040223
181.40          -0.040343
181.60          -0.040463
181.80          -0.040585
182.00          -0.040707
182.20          -0.040829
182.40          -0.040952
182.60          -0.041076
182.80          -0.041200
183.00          -0.041325
183.20          -0.041451
183.40          -0.041577
183.60          -0.041704
183.80          -0.041832
184.00          -0.041960
184.20          -0.042089
184.40          -0.042218
184.60          -0.042349
184.80          -0.042480
185.00          -0.042611
185.20          -0.042743
185.40          -0.042877
185.60          -0.043010
185.80          -0.043145
186.00          -0.043280
186.20          -0.043416
186.40          -0.043552
186.60          -0.043690
186.80          -0.043828
187.00          -0.043967
187.20          -0.044107
187.40          -0.044247
187.60          -0.044388
187.80          -0.044530
188.00          -0.044673
188.20          -0.044817
188.40          -0.044961
188.60          -0.045107
188.80          -0.045253
189.00          -0.045400
189.20          -0.045547
189.40          -0.045696
189.60          -0.045845
189.80          -0.045996
190.00          -0.046147
190.20          -0.046299
190.40          -0.046452
190.60          -0.046606
190.80          -0.046761
191.00          -0.046917
191.20          -0.047074
191.40          -0.047232
191.60          -0.047390
191.80          -0.047550
192.00          -0.047711
192.20          -0.047872
192.40          -0.048035
192.60          -0.048199
192.80          -0.048363
193.00          -0.048529
193.20          -0.048696
193.40          -0.048864
193.60          -0.049033
193.80          -0.049203
194.00          -0.049374
194.20          -0.049546
194.40          -0.049719
194.60          -0.049894
194.80          -0.050070
195.00          -0.050246
195.20          -0.050425
195.40          -0.050604
195.60          -0.050784
195.80          -0.050966
196.00          -0.051149
196.20          -0.051333
196.40          -0.051519
196.60          -0.051705
196.80          -0.051893
197.00          -0.052083
197.20          -0.052274
197.40          -0.052466
197.60          -0.052659
197.80          -0.052854
198.00          -0.053050
198.20          -0.053248
198.40          -0.053447
198.60          -0.053648
198.80          -0.053850
199.00          -0.054054
199.20          -0.054259
199.40          -0.054466
199.60          -0.054674
199.80          -0.054884
200.00          -0.055095
200.20          -0.055309
200.40          -0.055523
200.60          -0.055740
200.80          -0.055958
201.00          -0.056178
201.20          -0.056400
201.40          -0.056624
201.60          -0.056849
201.80          -0.057076
202.00          -0.057305
202.20          -0.057536
202.40          -0.057769
202.60          -0.058004
202.80          -0.058241
203.00          -0.058480
203.20          -0.058721
203.40          -0.058964
203.60          -0.059209
203.80          -0.059456
204.00          -0.059706
204.20          -0.059957
204.40          -0.060211
204.60          -0.060467
204.80          -0.060726
205.00          -0.060987
205.20          -0.061250
205.40          -0.061516
205.60          -0.061784
205.80          -0.062055
206.00          -0.062328
206.20          -0.062604
206.40          -0.062882
206.60          -0.063164
206.80          -0.063448
207.00          -0.063734
207.20          -0.064024
207.40          -0.064316
207.60          -0.064612
207.80          -0.064910
208.00          -0.065212
208.20          -0.065516
208.40          -0.065824
208.60          -0.066135
208.80          -0.066449
209.00          -0.066767
209.20          -0.067088
209.40          -0.067412
209.60          -0.067740
209.80          -0.068072
210.00          -0.068407
210.20          -0.068746
210.40          -0.069089
210.60          -0.069435
210.80          -0.069786
211.00          -0.070141
211.20          -0.070499
211.40          -0.070862
211.60          -0.071229
211.80          -0.071601
212.00          -0.071977
212.20          -0.072358
212.40          -0.072743
212.60          -0.073133
212.80          -0.073528
213.00          -0.073927
213.20          -0.074332
213.40          -0.074742
213.60          -0.075157
213.80          -0.075578
214.00          -0.076004
214.20          -0.076435
214.40          -0.076873
214.60          -0.077316
214.80          -0.077765
215.00          -0.078221
215.20          -0.078683
215.40          -0.079151
215.60          -0.079625
215.80          -0.080107
216.00          -0.080595
216.20          -0.081090
216.40          -0.081593
216.60          -0.082103
216.80          -0.082620
217.00          -0.083145
217.20          -0.083678
217.40          -0.084219
217.60          -0.084769
217.80          -0.085327
218.00          -0.085893
218.20          -0.086469
218.40          -0.087054
218.60          -0.087648
218.80          -0.088252
219.00          -0.088866
219.20          -0.089490
219.40          -0.090124
219.60          -0.090769
219.80          -0.091425
220.00          -0.092092
220.20          -0.092771
220.40          -0.093462
220.60          -0.094165
220.80          -0.094881
221.00          -0.095609
221.20          -0.096351
221.40          -0.097106
221.60          -0.097876
221.80          -0.098660
222.00          -0.099458
222.20          -0.10027
222.40          -0.10110
222.60          -0.10195
222.80          -0.10281
223.00          -0.10369
223.20          -0.10459
223.40          -0.10550
223.60          -0.10644
223.80          -0.10739
224.00          -0.10836
224.20          -0.10936
224.40          -0.11037
224.60          -0.11141
224.80          -0.11247
225.00          -0.11355
