175.00          -0.018942
175.20          -0.019017
175.40          -0.019093
175.60          -0.019170
175.80          -0.019249
176.00          -0.019330
176.20          -0.019411
176.40          -0.019494
176.60          -0.019579
176.80          -0.019665
177.00          -0.019753
177.20          -0.019843
177.40          -0.019934
177.60          -0.020027
177.80          -0.020122
178.00          -0.020219
178.20          -0.020318
178.40          -0.020419
178.60          -0.020522
178.80          -0.020627
179.00          -0.020735
179.20          -0.020845
179.40          -0.020957
179.60          -0.021072
179.80          -0.021189
180.00          -0.021309
180.20          -0.021432
180.40          -0.021557
180.60          -0.021686
180.80          -0.021818
181.00          -0.021953
181.20          -0.022091
181.40          -0.022233
181.60          -0.022378
181.80          -0.022527
182.00          -0.022680
182.20          -0.022837
182.40          -0.022999
182.60          -0.023164
182.80          -0.023335
183.00          -0.023510
183.20          -0.023690
183.40          -0.023875
183.60          -0.024066
183.80          -0.024263
184.00          -0.024465
184.20          -0.024674
184.40          -0.024889
184.60          -0.025111
184.80          -0.025340
185.00          -0.025577
185.20          -0.025821
185.40          -0.026074
185.60          -0.026336
185.80          -0.026606
186.00          -0.026887
186.20          -0.027177
186.40          -0.027478
186.60          -0.027790
186.80          -0.028114
187.00          -0.028451
187.20          -0.028801
187.40          -0.029165
187.60          -0.029544
187.80          -0.029938
188.00          -0.030349
188.20          -0.030778
188.40          -0.031226
188.60          -0.031693
188.80          -0.032182
189.00          -0.032694
189.20          -0.033230
189.40          -0.033792
189.60          -0.034382
189.80          -0.035001
190.00          -0.035652
190.20          -0.036338
190.40          -0.037060
190.60          -0.037822
190.80          -0.038626
191.00          -0.039477
191.20          -0.040377
191.40          -0.041332
191.60          -0.042346
191.80          -0.043423
192.00          -0.044570
192.20          -0.045793
192.40          -0.047099
192.60          -0.048496
192.80          -0.049993
193.00          -0.051600
193.20          -0.053329
193.40          -0.055192
193.60          -0.057204
193.80          -0.059383
194.00          -0.061746
194.20          -0.064316
194.40          -0.067119
194.60          -0.070183
194.80          -0.073543
195.00          -0.077238
195.20          -0.081316
195.40          -0.085829
195.60          -0.090844
195.80          -0.096438
196.00          -0.10270
196.20          -0.10974
196.40          -0.11770
196.60          -0.12673
196.80          -0.13702
197.00          -0.14883
197.20          -0.16245
197.40          -0.17824
197.60          -0.19665
197.80          -0.21826
198.00          -0.24375
198.20          -0.27398
198.40          -0.30999
198.60          -0.35297
198.80          -0.40424
199.00          -0.46505
199.20          -0.53617
199.40          -0.61710
199.60          -0.70484
199.80          -0.79227
200.00          -0.86732
200.20          -0.91479
200.40          -0.92196
200.60          -0.88561
200.80          -0.81425
201.00          -0.72321
201.20          -0.62738
201.40          -0.53694
201.60          -0.45691
201.80          -0.38870
202.00          -0.33174
202.20          -0.28462
202.40          -0.24577
202.60          -0.21370
202.80          -0.18713
203.00          -0.16501
203.20          -0.14648
203.40          -0.13088
203.60          -0.11766
203.80          -0.10638
204.00          -0.096713
204.20          -0.088377
204.40          -0.081153
204.60          -0.074860
204.80          -0.069355
205.00          -0.064519
205.20          -0.060256
205.40          -0.056490
205.60          -0.053166
205.80          -0.050274
206.00          -0.048061
206.20          -0.073670
206.40          -0.043125
206.60          -0.040720
206.80          -0.038888
207.00          -0.037259
207.20          -0.035782
207.40          -0.034436
207.60          -0.033207
207.80          -0.032081
208.00          -0.031048
208.20          -0.030099
208.40          -0.029224
208.60          -0.028418
208.80          -0.027674
209.00          -0.026986
209.20          -0.026348
209.40          -0.025757
209.60          -0.025209
209.80          -0.024699
210.00          -0.024225
210.20          -0.023783
210.40          -0.023372
210.60          -0.022988
210.80          -0.022630
211.00          -0.022295
211.20          -0.021982
211.40          -0.021689
211.60          -0.021415
211.80          -0.021158
212.00          -0.020917
212.20          -0.020691
212.40          -0.020479
212.60          -0.020281
212.80          -0.020094
213.00          -0.019919
213.20          -0.019754
213.40          -0.019599
213.60          -0.019454
213.80          -0.019317
214.00          -0.019189
214.20          -0.019068
214.40          -0.018954
214.60          -0.018848
214.80          -0.018747
215.00          -0.018653
215.20          -0.018565
215.40          -0.018482
215.60          -0.018404
215.80          -0.018331
216.00          -0.018263
216.20          -0.018198
216.40          -0.018138
216.60          -0.018082
216.80          -0.018030
217.00          -0.017981
217.20          -0.017935
217.40          -0.017893
217.60          -0.017854
217.80          -0.017817
218.00          -0.017783
218.20          -0.017752
218.40          -0.017724
218.60          -0.017698
218.80          -0.017674
219.00          -0.017652
219.20          -0.017633
219.40          -0.017615
219.60          -0.017599
219.80          -0.017586
220.00          -0.017574
220.20          -0.017563
220.40          -0.017555
220.60          -0.017548
220.80          -0.017542
221.00          -0.017538
221.20          -0.017535
221.40          -0.017534
221.60          -0.017534
221.80          -0.017536
222.00          -0.017538
222.20          -0.017542
222.40          -0.017547
222.60          -0.017553
222.80          -0.017561
223.00          -0.017569
223.20          -0.017579
223.40          -0.017589
223.60          -0.017601
223.80          -0.017613
224.00          -0.017627
224.20          -0.017641
224.40          -0.017657
224.60          -0.017673
224.80          -0.017691
225.00          -0.017709
