175.00          -0.024720
175.20          -0.024760
175.40          -0.024800
175.60          -0.024840
175.80          -0.024880
176.00          -0.024920
176.20          -0.024961
176.40          -0.025001
176.60          -0.025042
176.80          -0.025082
177.00          -0.025123
177.20          -0.025164
177.40          -0.025204
177.60          -0.025245
177.80          -0.025286
178.00          -0.025327
178.20          -0.025368
178.40          -0.025410
178.60          -0.025451
178.80          -0.025492
179.00          -0.025534
179.20          -0.025575
179.40          -0.025617
179.60          -0.025658
179.80          -0.025700
180.00          -0.025742
180.20          -0.025784
180.40          -0.025826
180.60          -0.025868
180.80          -0.025910
181.00          -0.025952
181.20          -0.025995
181.40          -0.026037
181.60          -0.026080
181.80          -0.026122
182.00          -0.026165
182.20          -0.026208
182.40          -0.026250
182.60          -0.026293
182.80          -0.026336
183.00          -0.026379
183.20          -0.026423
183.40          -0.026466
183.60          -0.026509
183.80          -0.026553
184.00          -0.026596
184.20          -0.026640
184.40          -0.026683
184.60          -0.026727
184.80          -0.026771
185.00          -0.026815
185.20          -0.026859
185.40          -0.026903
185.60          -0.026947
185.80          -0.026991
186.00          -0.027036
186.20          -0.027080
186.40          -0.027125
186.60          -0.027169
186.80          -0.027214
187.00          -0.027259
187.20          -0.027304
187.40          -0.027349
187.60          -0.027394
187.80          -0.027439
188.00          -0.027484
188.20          -0.027530
188.40          -0.027575
188.60          -0.027621
188.80          -0.027666
189.00          -0.027712
189.20          -0.027758
189.40          -0.027804
189.60          -0.027850
189.80          -0.027896
190.00          -0.027942
190.20          -0.027988
190.40          -0.028035
190.60          -0.028081
190.80          -0.028128
191.00          -0.028174
191.20          -0.028221
191.40          -0.028268
191.60          -0.028315
191.80          -0.028362
192.00          -0.028409
192.20          -0.028457
192.40          -0.028504
192.60          -0.028551
192.80          -0.028599
193.00          -0.028647
193.20          -0.028694
193.40          -0.028742
193.60          -0.028790
193.80          -0.028838
194.00          -0.028887
194.20          -0.028935
194.40          -0.028983
194.60          -0.029032
194.80          -0.029081
195.00          -0.029129
195.20          -0.029178
195.40          -0.029227
195.60          -0.029277
195.80          -0.029326
196.00          -0.029375
196.20          -0.029425
196.40          -0.029474
196.60          -0.029524
196.80          -0.029574
197.00          -0.029624
197.20          -0.029674
197.40          -0.029724
197.60          -0.029775
197.80          -0.029825
198.00          -0.029876
198.20          -0.029927
198.40          -0.029978
198.60          -0.030029
198.80          -0.030081
199.00          -0.030132
199.20          -0.030184
199.40          -0.030236
199.60          -0.030288
199.80          -0.030340
200.00          -0.030393
200.20          -0.030446
200.40          -0.030499
200.60          -0.030552
200.80          -0.030605
201.00          -0.030659
201.20          -0.030713
201.40          -0.030768
201.60          -0.030823
201.80          -0.030878
202.00          -0.030934
202.20          -0.030990
202.40          -0.031047
202.60          -0.031105
202.80          -0.031164
203.00          -0.031223
203.20          -0.031284
203.40          -0.031347
203.60          -0.031411
203.80          -0.031478
204.00          -0.031548
204.20          -0.031623
204.40          -0.031705
204.60          -0.031797
204.80          -0.031906
205.00          -0.032045
205.20          -0.032243
205.40          -0.032586
205.60          -0.033410
205.80          -0.037548
206.00          -0.14167
206.20          -0.033859
206.40          -0.032340
206.60          -0.032134
206.80          -0.032118
207.00          -0.032153
207.20          -0.032203
207.40          -0.032260
207.60          -0.032320
207.80          -0.032381
208.00          -0.032443
208.20          -0.032504
208.40          -0.032566
208.60          -0.032628
208.80          -0.032690
209.00          -0.032751
209.20          -0.032813
209.40          -0.032876
209.60          -0.032938
209.80          -0.033000
210.00          -0.033063
210.20          -0.033126
210.40          -0.033189
210.60          -0.033253
210.80          -0.033317
211.00          -0.033381
211.20          -0.033446
211.40          -0.033511
211.60          -0.033576
211.80          -0.033643
212.00          -0.033709
212.20          -0.033777
212.40          -0.033845
212.60          -0.033914
212.80          -0.033984
213.00          -0.034054
213.20          -0.034126
213.40          -0.034198
213.60          -0.034272
213.80          -0.034347
214.00          -0.034424
214.20          -0.034502
214.40          -0.034581
214.60          -0.034663
214.80          -0.034747
215.00          -0.034833
215.20          -0.034921
215.40          -0.035013
215.60          -0.035107
215.80          -0.035206
216.00          -0.035309
216.20          -0.035417
216.40          -0.035531
216.60          -0.035651
216.80          -0.035779
217.00          -0.035917
217.20          -0.036066
217.40          -0.036227
217.60          -0.036405
217.80          -0.036603
218.00          -0.036826
218.20          -0.037080
218.40          -0.037374
218.60          -0.037720
218.80          -0.038137
219.00          -0.038649
219.20          -0.039296
219.40          -0.040141
219.60          -0.041286
219.80          -0.042915
220.00          -0.045376
220.20          -0.049408
220.40          -0.056814
220.60          -0.073047
220.80          -0.12176
221.00          -0.42938
221.20          -2.7401
221.40          -0.19901
221.60          -0.083783
221.80          -0.057769
222.00          -0.048163
222.20          -0.043668
222.40          -0.041251
222.60          -0.039830
222.80          -0.038942
223.00          -0.038363
223.20          -0.037976
223.40          -0.037714
223.60          -0.037535
223.80          -0.037415
224.00          -0.037336
224.20          -0.037288
224.40          -0.037264
224.60          -0.037257
224.80          -0.037263
225.00          -0.037280
