175.00          -0.056250
175.20          -0.056690
175.40          -0.057142
175.60          -0.057606
175.80          -0.058083
176.00          -0.058573
176.20          -0.059078
176.40          -0.059598
176.60          -0.060133
176.80          -0.060685
177.00          -0.061254
177.20          -0.061842
177.40          -0.062449
177.60          -0.063077
177.80          -0.063726
178.00          -0.064398
178.20          -0.065094
178.40          -0.065816
178.60          -0.066565
178.80          -0.067342
179.00          -0.068151
179.20          -0.068991
179.40          -0.069867
179.60          -0.070780
179.80          -0.071732
180.00          -0.072726
180.20          -0.073765
180.40          -0.074853
180.60          -0.075993
180.80          -0.077188
181.00          -0.078443
181.20          -0.079763
181.40          -0.081153
181.60          -0.082618
181.80          -0.084164
182.00          -0.085799
182.20          -0.087530
182.40          -0.089365
182.60          -0.091315
182.80          -0.093389
183.00          -0.095599
183.20          -0.097959
183.40          -0.10048
183.60          -0.10319
183.80          -0.10609
184.00          -0.10922
184.20          -0.11260
184.40          -0.11625
184.60          -0.12020
184.80          -0.12450
185.00          -0.12919
185.20          -0.13431
185.40          -0.13993
185.60          -0.14611
185.80          -0.15293
186.00          -0.16048
186.20          -0.16888
186.40          -0.17825
186.60          -0.18875
186.80          -0.20056
187.00          -0.21392
187.20          -0.22909
187.40          -0.24641
187.60          -0.26627
187.80          -0.28916
188.00          -0.31567
188.20          -0.34651
188.40          -0.38253
188.60          -0.42471
188.80          -0.47418
189.00          -0.53206
189.20          -0.59939
189.40          -0.67667
189.60          -0.76324
189.80          -0.85632
190.00          -0.94977
190.20          -1.0333
190.40          -1.0935
190.60          -1.1171
190.80          -1.0972
191.00          -1.0367
191.20          -0.94725
191.40          -0.84361
191.60          -0.73862
191.80          -0.64065
192.00          -0.55375
192.20          -0.47903
192.40          -0.41590
192.60          -0.36304
192.80          -0.31895
193.00          -0.28217
193.20          -0.25141
193.40          -0.22559
193.60          -0.20383
193.80          -0.18539
194.00          -0.16969
194.20          -0.15627
194.40          -0.14472
194.60          -0.13475
194.80          -0.12610
195.00          -0.11856
195.20          -0.11196
195.40          -0.10617
195.60          -0.10107
195.80          -0.096560
196.00          -0.092560
196.20          -0.089003
196.40          -0.085832
196.60          -0.082997
196.80          -0.080459
197.00          -0.078180
197.20          -0.076131
197.40          -0.074286
197.60          -0.072622
197.80          -0.071119
198.00          -0.069761
198.20          -0.068532
198.40          -0.067419
198.60          -0.066410
198.80          -0.065497
199.00          -0.064669
199.20          -0.063919
199.40          -0.063240
199.60          -0.062626
199.80          -0.062072
200.00          -0.061572
200.20          -0.061122
200.40          -0.060719
200.60          -0.060359
200.80          -0.060039
201.00          -0.059756
201.20          -0.059509
201.40          -0.059295
201.60          -0.059113
201.80          -0.058962
202.00          -0.058840
202.20          -0.058748
202.40          -0.058684
202.60          -0.058649
202.80          -0.058644
203.00          -0.058670
203.20          -0.058730
203.40          -0.058826
203.60          -0.058965
203.80          -0.059152
204.00          -0.059399
204.20          -0.059721
204.40          -0.060139
204.60          -0.060692
204.80          -0.061437
205.00          -0.062477
205.20          -0.064006
205.40          -0.066430
205.60          -0.070741
205.80          -0.080028
206.00          -0.10911
206.20          -0.38707
206.40          -0.35830
206.60          -0.076204
206.80          -0.059259
207.00          -0.055859
207.20          -0.054975
207.40          -0.054800
207.60          -0.054869
207.80          -0.055029
208.00          -0.055222
208.20          -0.055427
208.40          -0.055632
208.60          -0.055835
208.80          -0.056033
209.00          -0.056226
209.20          -0.056415
209.40          -0.056599
209.60          -0.056780
209.80          -0.056958
210.00          -0.057133
210.20          -0.057305
210.40          -0.057476
210.60          -0.057645
210.80          -0.057813
211.00          -0.057980
211.20          -0.058146
211.40          -0.058311
211.60          -0.058476
211.80          -0.058640
212.00          -0.058804
212.20          -0.058968
212.40          -0.059132
212.60          -0.059296
212.80          -0.059459
213.00          -0.059623
213.20          -0.059787
213.40          -0.059951
213.60          -0.060115
213.80          -0.060280
214.00          -0.060444
214.20          -0.060609
214.40          -0.060775
214.60          -0.060940
214.80          -0.061106
215.00          -0.061272
215.20          -0.061438
215.40          -0.061605
215.60          -0.061772
215.80          -0.061940
216.00          -0.062108
216.20          -0.062276
216.40          -0.062444
216.60          -0.062613
216.80          -0.062782
217.00          -0.062952
217.20          -0.063122
217.40          -0.063292
217.60          -0.063463
217.80          -0.063634
218.00          -0.063805
218.20          -0.063977
218.40          -0.064149
218.60          -0.064322
218.80          -0.064495
219.00          -0.064668
219.20          -0.064842
219.40          -0.065016
219.60          -0.065190
219.80          -0.065365
220.00          -0.065540
220.20          -0.065716
220.40          -0.065892
220.60          -0.066068
220.80          -0.066245
221.00          -0.066422
221.20          -0.066600
221.40          -0.066778
221.60          -0.066956
221.80          -0.067135
222.00          -0.067315
222.20          -0.067494
222.40          -0.067675
222.60          -0.067855
222.80          -0.068037
223.00          -0.068218
223.20          -0.068400
223.40          -0.068583
223.60          -0.068766
223.80          -0.068950
224.00          -0.069135
224.20          -0.069320
224.40          -0.069505
224.60          -0.069692
224.80          -0.069879
225.00          -0.070066
