175.00          -0.10149
175.20          -0.10221
175.40          -0.10294
175.60          -0.10368
175.80          -0.10443
176.00          -0.10519
176.20          -0.10595
176.40          -0.10673
176.60          -0.10751
176.80          -0.10830
177.00          -0.10910
177.20          -0.10991
177.40          -0.11072
177.60          -0.11154
177.80          -0.11237
178.00          -0.11321
178.20          -0.11406
178.40          -0.11491
178.60          -0.11577
178.80          -0.11664
179.00          -0.11751
179.20          -0.11839
179.40          -0.11928
179.60          -0.12017
179.80          -0.12107
180.00          -0.12197
180.20          -0.12288
180.40          -0.12380
180.60          -0.12472
180.80          -0.12565
181.00          -0.12658
181.20          -0.12752
181.40          -0.12846
181.60          -0.12940
181.80          -0.13035
182.00          -0.13130
182.20          -0.13226
182.40          -0.13322
182.60          -0.13419
182.80          -0.13515
183.00          -0.13612
183.20          -0.13710
183.40          -0.13807
183.60          -0.13905
183.80          -0.14003
184.00          -0.14101
184.20          -0.14199
184.40          -0.14297
184.60          -0.14396
184.80          -0.14494
185.00          -0.14592
185.20          -0.14691
185.40          -0.14789
185.60          -0.14888
185.80          -0.14986
186.00          -0.15084
186.20          -0.15183
186.40          -0.15281
186.60          -0.15378
186.80          -0.15476
187.00          -0.15574
187.20          -0.15671
187.40          -0.15768
187.60          -0.15864
187.80          -0.15960
188.00          -0.16056
188.20          -0.16152
188.40          -0.16247
188.60          -0.16342
188.80          -0.16436
189.00          -0.16530
189.20          -0.16623
189.40          -0.16716
189.60          -0.16808
189.80          -0.16900
190.00          -0.16991
190.20          -0.17081
190.40          -0.17171
190.60          -0.17260
190.80          -0.17349
191.00          -0.17437
191.20          -0.17524
191.40          -0.17610
191.60          -0.17696
191.80          -0.17781
192.00          -0.17865
192.20          -0.17949
192.40          -0.18032
192.60          -0.18114
192.80          -0.18195
193.00          -0.18276
193.20          -0.18355
193.40          -0.18434
193.60          -0.18512
193.80          -0.18590
194.00          -0.18667
194.20          -0.18742
194.40          -0.18818
194.60          -0.18892
194.80          -0.18966
195.00          -0.19038
195.20          -0.19111
195.40          -0.19182
195.60          -0.19253
195.80          -0.19323
196.00          -0.19393
196.20          -0.19462
196.40          -0.19530
196.60          -0.19598
196.80          -0.19665
197.00          -0.19732
197.20          -0.19798
197.40          -0.19864
197.60          -0.19929
197.80          -0.19995
198.00          -0.20060
198.20          -0.20124
198.40          -0.20189
198.60          -0.20253
198.80          -0.20318
199.00          -0.20382
199.20          -0.20446
199.40          -0.20511
199.60          -0.20576
199.80          -0.20641
200.00          -0.20706
200.20          -0.20772
200.40          -0.20838
200.60          -0.20906
200.80          -0.20973
201.00          -0.21042
201.20          -0.21111
201.40          -0.21182
201.60          -0.21254
201.80          -0.21327
202.00          -0.21402
202.20          -0.21478
202.40          -0.21556
202.60          -0.21636
202.80          -0.21718
203.00          -0.21802
203.20          -0.21889
203.40          -0.21979
203.60          -0.22073
203.80          -0.22170
204.00          -0.22271
204.20          -0.22377
204.40          -0.22488
204.60          -0.22607
204.80          -0.22735
205.00          -0.22876
205.20          -0.23037
205.40          -0.23231
205.60          -0.23497
205.80          -0.23974
206.00          -0.25756
206.20          -0.46002
206.40          -0.23351
206.60          -0.23411
206.80          -0.23606
207.00          -0.23802
207.20          -0.23995
207.40          -0.24187
207.60          -0.24381
207.80          -0.24579
208.00          -0.24782
208.20          -0.24991
208.40          -0.25208
208.60          -0.25433
208.80          -0.25666
209.00          -0.25908
209.20          -0.26160
209.40          -0.26423
209.60          -0.26696
209.80          -0.26981
210.00          -0.27279
210.20          -0.27588
210.40          -0.27911
210.60          -0.28248
210.80          -0.28599
211.00          -0.28966
211.20          -0.29348
211.40          -0.29746
211.60          -0.30160
211.80          -0.30592
212.00          -0.31042
212.20          -0.31510
212.40          -0.31997
212.60          -0.32502
212.80          -0.33028
213.00          -0.33572
213.20          -0.34137
213.40          -0.34721
213.60          -0.35324
213.80          -0.35947
214.00          -0.36589
214.20          -0.37248
214.40          -0.37923
214.60          -0.38614
214.80          -0.39319
215.00          -0.40035
215.20          -0.40759
215.40          -0.41489
215.60          -0.42221
215.80          -0.42951
216.00          -0.43673
216.20          -0.44384
216.40          -0.45076
216.60          -0.45743
216.80          -0.46380
217.00          -0.46977
217.20          -0.47528
217.40          -0.48024
217.60          -0.48459
217.80          -0.48823
218.00          -0.49110
218.20          -0.49313
218.40          -0.49426
218.60          -0.49443
218.80          -0.49362
219.00          -0.49180
219.20          -0.48895
219.40          -0.48508
219.60          -0.48022
219.80          -0.47440
220.00          -0.46767
220.20          -0.46009
220.40          -0.45174
220.60          -0.44271
220.80          -0.43307
221.00          -0.42293
221.20          -0.41237
221.40          -0.40148
221.60          -0.39035
221.80          -0.37907
222.00          -0.36771
222.20          -0.35635
222.40          -0.34504
222.60          -0.33384
222.80          -0.32281
223.00          -0.31199
223.20          -0.30139
223.40          -0.29107
223.60          -0.28103
223.80          -0.27129
224.00          -0.26187
224.20          -0.25277
224.40          -0.24400
224.60          -0.23555
224.80          -0.22743
225.00          -0.21963
