175.00          -0.10462
175.20          -0.10540
175.40          -0.10618
175.60          -0.10698
175.80          -0.10779
176.00          -0.10860
176.20          -0.10942
176.40          -0.11026
176.60          -0.11110
176.80          -0.11195
177.00          -0.11281
177.20          -0.11367
177.40          -0.11455
177.60          -0.11543
177.80          -0.11632
178.00          -0.11722
178.20          -0.11813
178.40          -0.11904
178.60          -0.11996
178.80          -0.12089
179.00          -0.12183
179.20          -0.12277
179.40          -0.12371
179.60          -0.12467
179.80          -0.12563
180.00          -0.12660
180.20          -0.12757
180.40          -0.12854
180.60          -0.12953
180.80          -0.13052
181.00          -0.13151
181.20          -0.13251
181.40          -0.13351
181.60          -0.13451
181.80          -0.13552
182.00          -0.13654
182.20          -0.13755
182.40          -0.13857
182.60          -0.13960
182.80          -0.14062
183.00          -0.14165
183.20          -0.14268
183.40          -0.14372
183.60          -0.14475
183.80          -0.14579
184.00          -0.14682
184.20          -0.14786
184.40          -0.14890
184.60          -0.14994
184.80          -0.15097
185.00          -0.15201
185.20          -0.15305
185.40          -0.15409
185.60          -0.15512
185.80          -0.15615
186.00          -0.15719
186.20          -0.15822
186.40          -0.15924
186.60          -0.16027
186.80          -0.16129
187.00          -0.16231
187.20          -0.16332
187.40          -0.16433
187.60          -0.16534
187.80          -0.16634
188.00          -0.16734
188.20          -0.16833
188.40          -0.16932
188.60          -0.17030
188.80          -0.17128
189.00          -0.17225
189.20          -0.17321
189.40          -0.17417
189.60          -0.17512
189.80          -0.17607
190.00          -0.17700
190.20          -0.17793
190.40          -0.17886
190.60          -0.17977
190.80          -0.18068
191.00          -0.18158
191.20          -0.18247
191.40          -0.18335
191.60          -0.18422
191.80          -0.18509
192.00          -0.18594
192.20          -0.18679
192.40          -0.18763
192.60          -0.18846
192.80          -0.18928
193.00          -0.19009
193.20          -0.19090
193.40          -0.19169
193.60          -0.19248
193.80          -0.19326
194.00          -0.19402
194.20          -0.19478
194.40          -0.19554
194.60          -0.19628
194.80          -0.19701
195.00          -0.19774
195.20          -0.19846
195.40          -0.19917
195.60          -0.19988
195.80          -0.20058
196.00          -0.20127
196.20          -0.20195
196.40          -0.20263
196.60          -0.20330
196.80          -0.20397
197.00          -0.20463
197.20          -0.20529
197.40          -0.20595
197.60          -0.20660
197.80          -0.20725
198.00          -0.20789
198.20          -0.20854
198.40          -0.20918
198.60          -0.20983
198.80          -0.21047
199.00          -0.21112
199.20          -0.21176
199.40          -0.21242
199.60          -0.21307
199.80          -0.21373
200.00          -0.21439
200.20          -0.21507
200.40          -0.21574
200.60          -0.21643
200.80          -0.21713
201.00          -0.21784
201.20          -0.21856
201.40          -0.21930
201.60          -0.22005
201.80          -0.22082
202.00          -0.22160
202.20          -0.22241
202.40          -0.22324
202.60          -0.22410
202.80          -0.22498
203.00          -0.22589
203.20          -0.22684
203.40          -0.22782
203.60          -0.22885
203.80          -0.22992
204.00          -0.23104
204.20          -0.23223
204.40          -0.23350
204.60          -0.23486
204.80          -0.23635
205.00          -0.23802
205.20          -0.23997
205.40          -0.24243
205.60          -0.24598
205.80          -0.25284
206.00          -0.28096
206.20          -0.59947
206.40          -0.24347
206.60          -0.24273
206.80          -0.24477
207.00          -0.24697
207.20          -0.24915
207.40          -0.25133
207.60          -0.25352
207.80          -0.25575
208.00          -0.25803
208.20          -0.26038
208.40          -0.26280
208.60          -0.26531
208.80          -0.26790
209.00          -0.27060
209.20          -0.27339
209.40          -0.27630
209.60          -0.27932
209.80          -0.28246
210.00          -0.28573
210.20          -0.28913
210.40          -0.29266
210.60          -0.29633
210.80          -0.30015
211.00          -0.30411
211.20          -0.30823
211.40          -0.31250
211.60          -0.31693
211.80          -0.32152
212.00          -0.32627
212.20          -0.33118
212.40          -0.33626
212.60          -0.34149
212.80          -0.34688
213.00          -0.35243
213.20          -0.35812
213.40          -0.36394
213.60          -0.36990
213.80          -0.37596
214.00          -0.38212
214.20          -0.38836
214.40          -0.39464
214.60          -0.40096
214.80          -0.40727
215.00          -0.41354
215.20          -0.41972
215.40          -0.42579
215.60          -0.43168
215.80          -0.43735
216.00          -0.44275
216.20          -0.44781
216.40          -0.45248
216.60          -0.45669
216.80          -0.46038
217.00          -0.46350
217.20          -0.46598
217.40          -0.46778
217.60          -0.46884
217.80          -0.46913
218.00          -0.46861
218.20          -0.46726
218.40          -0.46507
218.60          -0.46203
218.80          -0.45817
219.00          -0.45349
219.20          -0.44803
219.40          -0.44185
219.60          -0.43497
219.80          -0.42748
220.00          -0.41942
220.20          -0.41087
220.40          -0.40190
220.60          -0.39259
220.80          -0.38299
221.00          -0.37319
221.20          -0.36324
221.40          -0.35321
221.60          -0.34315
221.80          -0.33312
222.00          -0.32316
222.20          -0.31331
222.40          -0.30362
222.60          -0.29410
222.80          -0.28478
223.00          -0.27568
223.20          -0.26683
223.40          -0.25822
223.60          -0.24987
223.80          -0.24179
224.00          -0.23398
224.20          -0.22644
224.40          -0.21916
224.60          -0.21215
224.80          -0.20541
225.00          -0.19892
