175.00          -0.032061
175.20          -0.032142
175.40          -0.032224
175.60          -0.032306
175.80          -0.032389
176.00          -0.032472
176.20          -0.032555
176.40          -0.032639
176.60          -0.032723
176.80          -0.032808
177.00          -0.032894
177.20          -0.032980
177.40          -0.033066
177.60          -0.033153
177.80          -0.033241
178.00          -0.033329
178.20          -0.033418
178.40          -0.033507
178.60          -0.033597
178.80          -0.033687
179.00          -0.033778
179.20          -0.033870
179.40          -0.033962
179.60          -0.034055
179.80          -0.034149
180.00          -0.034243
180.20          -0.034338
180.40          -0.034434
180.60          -0.034530
180.80          -0.034627
181.00          -0.034725
181.20          -0.034823
181.40          -0.034922
181.60          -0.035022
181.80          -0.035123
182.00          -0.035225
182.20          -0.035327
182.40          -0.035431
182.60          -0.035535
182.80          -0.035640
183.00          -0.035746
183.20          -0.035853
183.40          -0.035961
183.60          -0.036070
183.80          -0.036180
184.00          -0.036291
184.20          -0.036403
184.40          -0.036516
184.60          -0.036630
184.80          -0.036745
185.00          -0.036862
185.20          -0.036980
185.40          -0.037099
185.60          -0.037219
185.80          -0.037340
186.00          -0.037463
186.20          -0.037588
186.40          -0.037713
186.60          -0.037841
186.80          -0.037969
187.00          -0.038100
187.20          -0.038232
187.40          -0.038365
187.60          -0.038501
187.80          -0.038638
188.00          -0.038777
188.20          -0.038918
188.40          -0.039061
188.60          -0.039205
188.80          -0.039352
189.00          -0.039501
189.20          -0.039653
189.40          -0.039807
189.60          -0.039963
189.80          -0.040122
190.00          -0.040283
190.20          -0.040447
190.40          -0.040614
190.60          -0.040784
190.80          -0.040956
191.00          -0.041132
191.20          -0.041312
191.40          -0.041495
191.60          -0.041681
191.80          -0.041871
192.00          -0.042065
192.20          -0.042264
192.40          -0.042466
192.60          -0.042673
192.80          -0.042885
193.00          -0.043102
193.20          -0.043324
193.40          -0.043551
193.60          -0.043785
193.80          -0.044024
194.00          -0.044269
194.20          -0.044522
194.40          -0.044781
194.60          -0.045048
194.80          -0.045323
195.00          -0.045606
195.20          -0.045898
195.40          -0.046199
195.60          -0.046511
195.80          -0.046833
196.00          -0.047166
196.20          -0.047511
196.40          -0.047869
196.60          -0.048241
196.80          -0.048628
197.00          -0.049030
197.20          -0.049450
197.40          -0.049887
197.60          -0.050344
197.80          -0.050823
198.00          -0.051324
198.20          -0.051850
198.40          -0.052403
198.60          -0.052986
198.80          -0.053600
199.00          -0.054249
199.20          -0.054937
199.40          -0.055667
199.60          -0.056443
199.80          -0.057271
200.00          -0.058156
200.20          -0.059104
200.40          -0.060123
200.60          -0.061222
200.80          -0.062410
201.00          -0.063701
201.20          -0.065106
201.40          -0.066644
201.60          -0.068334
201.80          -0.070200
202.00          -0.072271
202.20          -0.074584
202.40          -0.077182
202.60          -0.080122
202.80          -0.083476
203.00          -0.087335
203.20          -0.091820
203.40          -0.097092
203.60          -0.10337
203.80          -0.11097
204.00          -0.12031
204.20          -0.13207
204.40          -0.14723
204.60          -0.16741
204.80          -0.19536
205.00          -0.23607
205.20          -0.29951
205.40          -0.40807
205.60          -0.62100
205.80          -1.1371
206.00          -2.8642
206.20          -6.4961
206.40          -1.9520
206.60          -0.64079
206.80          -0.29347
207.00          -0.16874
207.20          -0.11544
207.40          -0.091220
207.60          -0.081300
207.80          -0.079860
208.00          -0.084720
208.20          -0.095621
208.40          -0.11382
208.60          -0.14248
208.80          -0.18798
209.00          -0.26317
209.20          -0.39454
209.40          -0.63555
209.60          -1.0585
209.80          -1.5183
210.00          -1.4092
210.20          -0.93249
210.40          -0.58579
210.60          -0.38960
210.80          -0.27778
211.00          -0.21030
211.20          -0.16712
211.40          -0.13805
211.60          -0.11766
211.80          -0.10285
212.00          -0.091779
212.20          -0.083313
212.40          -0.076706
212.60          -0.071465
212.80          -0.067245
213.00          -0.063808
213.20          -0.060977
213.40          -0.058625
213.60          -0.056655
213.80          -0.054995
214.00          -0.053586
214.20          -0.052385
214.40          -0.051358
214.60          -0.050475
214.80          -0.049715
215.00          -0.049059
215.20          -0.048491
215.40          -0.048000
215.60          -0.047575
215.80          -0.047207
216.00          -0.046889
216.20          -0.046615
216.40          -0.046379
216.60          -0.046177
216.80          -0.046005
217.00          -0.045860
217.20          -0.045738
217.40          -0.045638
217.60          -0.045557
217.80          -0.045493
218.00          -0.045444
218.20          -0.045409
218.40          -0.045387
218.60          -0.045376
218.80          -0.045375
219.00          -0.045384
219.20          -0.045401
219.40          -0.045427
219.60          -0.045459
219.80          -0.045499
220.00          -0.045544
220.20          -0.045595
220.40          -0.045651
220.60          -0.045712
220.80          -0.045777
221.00          -0.045847
221.20          -0.045920
221.40          -0.045997
221.60          -0.046077
221.80          -0.046160
222.00          -0.046247
222.20          -0.046336
222.40          -0.046427
222.60          -0.046521
222.80          -0.046617
223.00          -0.046716
223.20          -0.046817
223.40          -0.046919
223.60          -0.047024
223.80          -0.047130
224.00          -0.047238
224.20          -0.047348
224.40          -0.047459
224.60          -0.047572
224.80          -0.047687
225.00          -0.047803
