175.00          -0.22045
175.20          -0.22738
175.40          -0.23464
175.60          -0.24224
175.80          -0.25021
176.00          -0.25854
176.20          -0.26724
176.40          -0.27632
176.60          -0.28579
176.80          -0.29563
177.00          -0.30585
177.20          -0.31642
177.40          -0.32733
177.60          -0.33854
177.80          -0.35001
178.00          -0.36168
178.20          -0.37348
178.40          -0.38532
178.60          -0.39710
178.80          -0.40869
179.00          -0.41995
179.20          -0.43073
179.40          -0.44085
179.60          -0.45012
179.80          -0.45836
180.00          -0.46537
180.20          -0.47098
180.40          -0.47501
180.60          -0.47734
180.80          -0.47784
181.00          -0.47647
181.20          -0.47320
181.40          -0.46806
181.60          -0.46114
181.80          -0.45256
182.00          -0.44247
182.20          -0.43107
182.40          -0.41857
182.60          -0.40519
182.80          -0.39113
183.00          -0.37663
183.20          -0.36186
183.40          -0.34701
183.60          -0.33224
183.80          -0.31768
184.00          -0.30343
184.20          -0.28959
184.40          -0.27623
184.60          -0.26338
184.80          -0.25109
185.00          -0.23938
185.20          -0.22825
185.40          -0.21771
185.60          -0.20773
185.80          -0.19832
186.00          -0.18946
186.20          -0.18111
186.40          -0.17327
186.60          -0.16591
186.80          -0.15899
187.00          -0.15251
187.20          -0.14642
187.40          -0.14072
187.60          -0.13537
187.80          -0.13036
188.00          -0.12566
188.20          -0.12125
188.40          -0.11712
188.60          -0.11324
188.80          -0.10961
189.00          -0.10620
189.20          -0.10300
189.40          -0.099993
189.60          -0.097171
189.80          -0.094521
190.00          -0.092030
190.20          -0.089690
190.40          -0.087489
190.60          -0.085420
190.80          -0.083474
191.00          -0.081644
191.20          -0.079921
191.40          -0.078299
191.60          -0.076773
191.80          -0.075336
192.00          -0.073983
192.20          -0.072708
192.40          -0.071508
192.60          -0.070378
192.80          -0.069313
193.00          -0.068311
193.20          -0.067366
193.40          -0.066477
193.60          -0.065640
193.80          -0.064852
194.00          -0.064110
194.20          -0.063413
194.40          -0.062757
194.60          -0.062140
194.80          -0.061561
195.00          -0.061017
195.20          -0.060506
195.40          -0.060028
195.60          -0.059579
195.80          -0.059160
196.00          -0.058768
196.20          -0.058402
196.40          -0.058061
196.60          -0.057743
196.80          -0.057449
197.00          -0.057175
197.20          -0.056923
197.40          -0.056690
197.60          -0.056476
197.80          -0.056281
198.00          -0.056102
198.20          -0.055941
198.40          -0.055796
198.60          -0.055666
198.80          -0.055551
199.00          -0.055451
199.20          -0.055364
199.40          -0.055292
199.60          -0.055232
199.80          -0.055185
200.00          -0.055151
200.20          -0.055130
200.40          -0.055120
200.60          -0.055122
200.80          -0.055137
201.00          -0.055162
201.20          -0.055200
201.40          -0.055250
201.60          -0.055311
201.80          -0.055385
202.00          -0.055471
202.20          -0.055570
202.40          -0.055683
202.60          -0.055809
202.80          -0.055951
203.00          -0.056110
203.20          -0.056286
203.40          -0.056481
203.60          -0.056699
203.80          -0.056942
204.00          -0.057213
204.20          -0.057519
204.40          -0.057866
204.60          -0.058262
204.80          -0.058721
205.00          -0.059260
205.20          -0.059904
205.40          -0.060691
205.60          -0.061680
205.80          -0.062968
206.00          -0.064722
206.20          -0.067263
206.40          -0.071266
206.60          -0.078416
206.80          -0.094090
207.00          -0.14547
207.20          -0.74010
207.40          -0.39544
207.60          -0.083821
207.80          -0.060337
208.00          -0.055338
208.20          -0.053989
208.40          -0.053706
208.60          -0.053799
208.80          -0.054037
209.00          -0.054331
209.20          -0.054643
209.40          -0.054959
209.60          -0.055270
209.80          -0.055573
210.00          -0.055869
210.20          -0.056158
210.40          -0.056439
210.60          -0.056714
210.80          -0.056983
211.00          -0.057246
211.20          -0.057506
211.40          -0.057762
211.60          -0.058014
211.80          -0.058264
212.00          -0.058511
212.20          -0.058756
212.40          -0.059000
212.60          -0.059242
212.80          -0.059483
213.00          -0.059723
213.20          -0.059962
213.40          -0.060200
213.60          -0.060438
213.80          -0.060676
214.00          -0.060913
214.20          -0.061150
214.40          -0.061388
214.60          -0.061625
214.80          -0.061863
215.00          -0.062100
215.20          -0.062338
215.40          -0.062577
215.60          -0.062815
215.80          -0.063055
216.00          -0.063294
216.20          -0.063534
216.40          -0.063775
216.60          -0.064016
216.80          -0.064258
217.00          -0.064500
217.20          -0.064743
217.40          -0.064987
217.60          -0.065231
217.80          -0.065476
218.00          -0.065722
218.20          -0.065969
218.40          -0.066216
218.60          -0.066464
218.80          -0.066712
219.00          -0.066962
219.20          -0.067212
219.40          -0.067463
219.60          -0.067715
219.80          -0.067968
220.00          -0.068222
220.20          -0.068476
220.40          -0.068732
220.60          -0.068988
220.80          -0.069245
221.00          -0.069503
221.20          -0.069762
221.40          -0.070022
221.60          -0.070283
221.80          -0.070545
222.00          -0.070807
222.20          -0.071071
222.40          -0.071336
222.60          -0.071601
222.80          -0.071868
223.00          -0.072136
223.20          -0.072405
223.40          -0.072675
223.60          -0.072946
223.80          -0.073218
224.00          -0.073492
224.20          -0.073766
224.40          -0.074042
224.60          -0.074319
224.80          -0.074597
225.00          -0.074877
