175.00          -0.57147
175.20          -0.53176
175.40          -0.49143
175.60          -0.45203
175.80          -0.41461
176.00          -0.37980
176.20          -0.34790
176.40          -0.31899
176.60          -0.29299
176.80          -0.26972
177.00          -0.24896
177.20          -0.23047
177.40          -0.21402
177.60          -0.19937
177.80          -0.18632
178.00          -0.17468
178.20          -0.16429
178.40          -0.15499
178.60          -0.14665
178.80          -0.13917
179.00          -0.13243
179.20          -0.12635
179.40          -0.12086
179.60          -0.11590
179.80          -0.11139
180.00          -0.10729
180.20          -0.10357
180.40          -0.10017
180.60          -0.097061
180.80          -0.094219
181.00          -0.091615
181.20          -0.089226
181.40          -0.087029
181.60          -0.085008
181.80          -0.083145
182.00          -0.081426
182.20          -0.079839
182.40          -0.078371
182.60          -0.077011
182.80          -0.075752
183.00          -0.074584
183.20          -0.073499
183.40          -0.072491
183.60          -0.071555
183.80          -0.070683
184.00          -0.069871
184.20          -0.069114
184.40          -0.068409
184.60          -0.067752
184.80          -0.067138
185.00          -0.066565
185.20          -0.066030
185.40          -0.065530
185.60          -0.065062
185.80          -0.064626
186.00          -0.064217
186.20          -0.063836
186.40          -0.063479
186.60          -0.063145
186.80          -0.062833
187.00          -0.062541
187.20          -0.062268
187.40          -0.062013
187.60          -0.061775
187.80          -0.061552
188.00          -0.061344
188.20          -0.061150
188.40          -0.060969
188.60          -0.060800
188.80          -0.060643
189.00          -0.060497
189.20          -0.060361
189.40          -0.060235
189.60          -0.060118
189.80          -0.060009
190.00          -0.059909
190.20          -0.059816
190.40          -0.059730
190.60          -0.059652
190.80          -0.059580
191.00          -0.059514
191.20          -0.059454
191.40          -0.059399
191.60          -0.059350
191.80          -0.059305
192.00          -0.059266
192.20          -0.059230
192.40          -0.059199
192.60          -0.059172
192.80          -0.059149
193.00          -0.059129
193.20          -0.059112
193.40          -0.059099
193.60          -0.059089
193.80          -0.059082
194.00          -0.059077
194.20          -0.059075
194.40          -0.059076
194.60          -0.059079
194.80          -0.059084
195.00          -0.059091
195.20          -0.059100
195.40          -0.059112
195.60          -0.059124
195.80          -0.059139
196.00          -0.059155
196.20          -0.059173
196.40          -0.059192
196.60          -0.059213
196.80          -0.059235
197.00          -0.059258
197.20          -0.059283
197.40          -0.059308
197.60          -0.059335
197.80          -0.059363
198.00          -0.059392
198.20          -0.059421
198.40          -0.059452
198.60          -0.059483
198.80          -0.059516
199.00          -0.059549
199.20          -0.059583
199.40          -0.059619
199.60          -0.059654
199.80          -0.059691
200.00          -0.059729
200.20          -0.059768
200.40          -0.059807
200.60          -0.059848
200.80          -0.059890
201.00          -0.059933
201.20          -0.059978
201.40          -0.060024
201.60          -0.060072
201.80          -0.060123
202.00          -0.060176
202.20          -0.060232
202.40          -0.060292
202.60          -0.060358
202.80          -0.060430
203.00          -0.060511
203.20          -0.060603
203.40          -0.060713
203.60          -0.060846
203.80          -0.061017
204.00          -0.061248
204.20          -0.061587
204.40          -0.062143
204.60          -0.063220
204.80          -0.066018
205.00          -0.080463
205.20          -0.77287
205.40          -0.067565
205.60          -0.061463
205.80          -0.060505
206.00          -0.060269
206.20          -0.060216
206.40          -0.060223
206.60          -0.060252
206.80          -0.060290
207.00          -0.060331
207.20          -0.060372
207.40          -0.060412
207.60          -0.060451
207.80          -0.060489
208.00          -0.060525
208.20          -0.060560
208.40          -0.060594
208.60          -0.060626
208.80          -0.060657
209.00          -0.060688
209.20          -0.060717
209.40          -0.060745
209.60          -0.060772
209.80          -0.060799
210.00          -0.060824
210.20          -0.060849
210.40          -0.060872
210.60          -0.060896
210.80          -0.060918
211.00          -0.060939
211.20          -0.060960
211.40          -0.060980
211.60          -0.061000
211.80          -0.061018
212.00          -0.061036
212.20          -0.061053
212.40          -0.061070
212.60          -0.061086
212.80          -0.061101
213.00          -0.061116
213.20          -0.061130
213.40          -0.061143
213.60          -0.061156
213.80          -0.061168
214.00          -0.061180
214.20          -0.061191
214.40          -0.061201
214.60          -0.061210
214.80          -0.061219
215.00          -0.061228
215.20          -0.061235
215.40          -0.061242
215.60          -0.061249
215.80          -0.061255
216.00          -0.061260
216.20          -0.061265
216.40          -0.061269
216.60          -0.061272
216.80          -0.061275
217.00          -0.061277
217.20          -0.061278
217.40          -0.061279
217.60          -0.061280
217.80          -0.061279
218.00          -0.061279
218.20          -0.061277
218.40          -0.061275
218.60          -0.061272
218.80          -0.061269
219.00          -0.061265
219.20          -0.061260
219.40          -0.061255
219.60          -0.061249
219.80          -0.061243
220.00          -0.061236
220.20          -0.061228
220.40          -0.061220
220.60          -0.061211
220.80          -0.061202
221.00          -0.061192
221.20          -0.061181
221.40          -0.061170
221.60          -0.061158
221.80          -0.061145
222.00          -0.061132
222.20          -0.061119
222.40          -0.061105
222.60          -0.061090
222.80          -0.061075
223.00          -0.061059
223.20          -0.061043
223.40          -0.061026
223.60          -0.061009
223.80          -0.060991
224.00          -0.060974
224.20          -0.060956
224.40          -0.060938
224.60          -0.060921
224.80          -0.060905
225.00          -0.060889
