175.00          -0.30829
175.20          -0.28504
175.40          -0.26401
175.60          -0.24505
175.80          -0.22801
176.00          -0.21269
176.20          -0.19895
176.40          -0.18660
176.60          -0.17551
176.80          -0.16554
177.00          -0.15656
177.20          -0.14847
177.40          -0.14115
177.60          -0.13454
177.80          -0.12855
178.00          -0.12311
178.20          -0.11817
178.40          -0.11367
178.60          -0.10956
178.80          -0.10581
179.00          -0.10238
179.20          -0.099236
179.40          -0.096349
179.60          -0.093696
179.80          -0.091253
180.00          -0.089002
180.20          -0.086925
180.40          -0.085006
180.60          -0.083230
180.80          -0.081586
181.00          -0.080061
181.20          -0.078646
181.40          -0.077331
181.60          -0.076109
181.80          -0.074971
182.00          -0.073912
182.20          -0.072924
182.40          -0.072002
182.60          -0.071141
182.80          -0.070337
183.00          -0.069586
183.20          -0.068883
183.40          -0.068225
183.60          -0.067609
183.80          -0.067031
184.00          -0.066490
184.20          -0.065983
184.40          -0.065507
184.60          -0.065060
184.80          -0.064641
185.00          -0.064247
185.20          -0.063877
185.40          -0.063530
185.60          -0.063204
185.80          -0.062897
186.00          -0.062609
186.20          -0.062339
186.40          -0.062085
186.60          -0.061846
186.80          -0.061621
187.00          -0.061410
187.20          -0.061212
187.40          -0.061026
187.60          -0.060851
187.80          -0.060687
188.00          -0.060533
188.20          -0.060389
188.40          -0.060253
188.60          -0.060126
188.80          -0.060007
189.00          -0.059896
189.20          -0.059792
189.40          -0.059695
189.60          -0.059604
189.80          -0.059520
190.00          -0.059441
190.20          -0.059367
190.40          -0.059299
190.60          -0.059236
190.80          -0.059177
191.00          -0.059123
191.20          -0.059072
191.40          -0.059026
191.60          -0.058984
191.80          -0.058945
192.00          -0.058910
192.20          -0.058877
192.40          -0.058848
192.60          -0.058822
192.80          -0.058798
193.00          -0.058777
193.20          -0.058758
193.40          -0.058742
193.60          -0.058728
193.80          -0.058716
194.00          -0.058706
194.20          -0.058698
194.40          -0.058691
194.60          -0.058687
194.80          -0.058684
195.00          -0.058682
195.20          -0.058682
195.40          -0.058683
195.60          -0.058686
195.80          -0.058689
196.00          -0.058694
196.20          -0.058700
196.40          -0.058707
196.60          -0.058715
196.80          -0.058724
197.00          -0.058734
197.20          -0.058744
197.40          -0.058755
197.60          -0.058768
197.80          -0.058780
198.00          -0.058794
198.20          -0.058808
198.40          -0.058823
198.60          -0.058839
198.80          -0.058855
199.00          -0.058871
199.20          -0.058889
199.40          -0.058907
199.60          -0.058925
199.80          -0.058944
200.00          -0.058964
200.20          -0.058984
200.40          -0.059006
200.60          -0.059028
200.80          -0.059050
201.00          -0.059074
201.20          -0.059099
201.40          -0.059126
201.60          -0.059154
201.80          -0.059183
202.00          -0.059215
202.20          -0.059250
202.40          -0.059288
202.60          -0.059331
202.80          -0.059379
203.00          -0.059435
203.20          -0.059501
203.40          -0.059582
203.60          -0.059683
203.80          -0.059818
204.00          -0.060005
204.20          -0.060288
204.40          -0.060763
204.60          -0.061702
204.80          -0.064189
205.00          -0.077400
205.20          -0.56920
205.40          -0.065229
205.60          -0.060066
205.80          -0.059224
206.00          -0.059002
206.20          -0.058939
206.40          -0.058928
206.60          -0.058936
206.80          -0.058952
207.00          -0.058971
207.20          -0.058990
207.40          -0.059008
207.60          -0.059026
207.80          -0.059042
208.00          -0.059057
208.20          -0.059071
208.40          -0.059083
208.60          -0.059095
208.80          -0.059105
209.00          -0.059115
209.20          -0.059124
209.40          -0.059131
209.60          -0.059138
209.80          -0.059144
210.00          -0.059150
210.20          -0.059154
210.40          -0.059158
210.60          -0.059161
210.80          -0.059163
211.00          -0.059165
211.20          -0.059166
211.40          -0.059167
211.60          -0.059166
211.80          -0.059166
212.00          -0.059164
212.20          -0.059162
212.40          -0.059159
212.60          -0.059156
212.80          -0.059152
213.00          -0.059148
213.20          -0.059143
213.40          -0.059137
213.60          -0.059131
213.80          -0.059125
214.00          -0.059117
214.20          -0.059110
214.40          -0.059101
214.60          -0.059092
214.80          -0.059083
215.00          -0.059073
215.20          -0.059062
215.40          -0.059051
215.60          -0.059040
215.80          -0.059027
216.00          -0.059015
216.20          -0.059002
216.40          -0.058988
216.60          -0.058974
216.80          -0.058959
217.00          -0.058943
217.20          -0.058927
217.40          -0.058911
217.60          -0.058894
217.80          -0.058877
218.00          -0.058859
218.20          -0.058840
218.40          -0.058821
218.60          -0.058802
218.80          -0.058782
219.00          -0.058761
219.20          -0.058740
219.40          -0.058718
219.60          -0.058696
219.80          -0.058674
220.00          -0.058650
220.20          -0.058627
220.40          -0.058603
220.60          -0.058578
220.80          -0.058553
221.00          -0.058527
221.20          -0.058501
221.40          -0.058474
221.60          -0.058447
221.80          -0.058419
222.00          -0.058391
222.20          -0.058362
222.40          -0.058333
222.60          -0.058304
222.80          -0.058274
223.00          -0.058243
223.20          -0.058212
223.40          -0.058181
223.60          -0.058150
223.80          -0.058119
224.00          -0.058087
224.20          -0.058056
224.40          -0.058025
224.60          -0.057994
224.80          -0.057965
225.00          -0.057937
