175.00          -0.024495
175.20          -0.024624
175.40          -0.024756
175.60          -0.024890
175.80          -0.025026
176.00          -0.025164
176.20          -0.025305
176.40          -0.025448
176.60          -0.025593
176.80          -0.025741
177.00          -0.025892
177.20          -0.026045
177.40          -0.026201
177.60          -0.026360
177.80          -0.026521
178.00          -0.026686
178.20          -0.026854
178.40          -0.027024
178.60          -0.027198
178.80          -0.027375
179.00          -0.027556
179.20          -0.027740
179.40          -0.027928
179.60          -0.028119
179.80          -0.028314
180.00          -0.028514
180.20          -0.028717
180.40          -0.028924
180.60          -0.029136
180.80          -0.029352
181.00          -0.029573
181.20          -0.029798
181.40          -0.030028
181.60          -0.030263
181.80          -0.030504
182.00          -0.030750
182.20          -0.031001
182.40          -0.031258
182.60          -0.031521
182.80          -0.031790
183.00          -0.032065
183.20          -0.032347
183.40          -0.032635
183.60          -0.032931
183.80          -0.033234
184.00          -0.033544
184.20          -0.033862
184.40          -0.034188
184.60          -0.034523
184.80          -0.034866
185.00          -0.035218
185.20          -0.035579
185.40          -0.035950
185.60          -0.036331
185.80          -0.036723
186.00          -0.037125
186.20          -0.037539
186.40          -0.037964
186.60          -0.038402
186.80          -0.038852
187.00          -0.039316
187.20          -0.039793
187.40          -0.040285
187.60          -0.040792
187.80          -0.041314
188.00          -0.041853
188.20          -0.042408
188.40          -0.042982
188.60          -0.043574
188.80          -0.044186
189.00          -0.044818
189.20          -0.045471
189.40          -0.046146
189.60          -0.046845
189.80          -0.047569
190.00          -0.048318
190.20          -0.049094
190.40          -0.049899
190.60          -0.050733
190.80          -0.051598
191.00          -0.052497
191.20          -0.053430
191.40          -0.054399
191.60          -0.055407
191.80          -0.056456
192.00          -0.057547
192.20          -0.058684
192.40          -0.059868
192.60          -0.061103
192.80          -0.062391
193.00          -0.063735
193.20          -0.065140
193.40          -0.066608
193.60          -0.068143
193.80          -0.069750
194.00          -0.071432
194.20          -0.073196
194.40          -0.075045
194.60          -0.076986
194.80          -0.079024
195.00          -0.081167
195.20          -0.083420
195.40          -0.085792
195.60          -0.088290
195.80          -0.090924
196.00          -0.093703
196.20          -0.096637
196.40          -0.099737
196.60          -0.10302
196.80          -0.10649
197.00          -0.11016
197.20          -0.11406
197.40          -0.11819
197.60          -0.12258
197.80          -0.12724
198.00          -0.13219
198.20          -0.13746
198.40          -0.14307
198.60          -0.14904
198.80          -0.15540
199.00          -0.16218
199.20          -0.16940
199.40          -0.17710
199.60          -0.18530
199.80          -0.19404
200.00          -0.20334
200.20          -0.21322
200.40          -0.22372
200.60          -0.23484
200.80          -0.24660
201.00          -0.25900
201.20          -0.27201
201.40          -0.28561
201.60          -0.29973
201.80          -0.31429
202.00          -0.32917
202.20          -0.34421
202.40          -0.35921
202.60          -0.37393
202.80          -0.38808
203.00          -0.40133
203.20          -0.41333
203.40          -0.42373
203.60          -0.43215
203.80          -0.43829
204.00          -0.44188
204.20          -0.44275
204.40          -0.44080
204.60          -0.43608
204.80          -0.42873
205.00          -0.41896
205.20          -0.40711
205.40          -0.39352
205.60          -0.37858
205.80          -0.36268
206.00          -0.34618
206.20          -0.32941
206.40          -0.31264
206.60          -0.29611
206.80          -0.28001
207.00          -0.26447
207.20          -0.24959
207.40          -0.23543
207.60          -0.22203
207.80          -0.20941
208.00          -0.19755
208.20          -0.18645
208.40          -0.17608
208.60          -0.16640
208.80          -0.15738
209.00          -0.14899
209.20          -0.14118
209.40          -0.13391
209.60          -0.12715
209.80          -0.12086
210.00          -0.11500
210.20          -0.10955
210.40          -0.10448
210.60          -0.099749
210.80          -0.095338
211.00          -0.091222
211.20          -0.087379
211.40          -0.083787
211.60          -0.080428
211.80          -0.077285
212.00          -0.074340
212.20          -0.071580
212.40          -0.068991
212.60          -0.066560
212.80          -0.064275
213.00          -0.062127
213.20          -0.060105
213.40          -0.058201
213.60          -0.056407
213.80          -0.054714
214.00          -0.053116
214.20          -0.051607
214.40          -0.050180
214.60          -0.048831
214.80          -0.047554
215.00          -0.046344
215.20          -0.045197
215.40          -0.044110
215.60          -0.043078
215.80          -0.042099
216.00          -0.041168
216.20          -0.040284
216.40          -0.039442
216.60          -0.038642
216.80          -0.037880
217.00          -0.037154
217.20          -0.036462
217.40          -0.035802
217.60          -0.035173
217.80          -0.034573
218.00          -0.033999
218.20          -0.033452
218.40          -0.032928
218.60          -0.032428
218.80          -0.031950
219.00          -0.031492
219.20          -0.031054
219.40          -0.030635
219.60          -0.030234
219.80          -0.029849
220.00          -0.029481
220.20          -0.029127
220.40          -0.028789
220.60          -0.028464
220.80          -0.028152
221.00          -0.027853
221.20          -0.027566
221.40          -0.027291
221.60          -0.027026
221.80          -0.026772
222.00          -0.026528
222.20          -0.026293
222.40          -0.026068
222.60          -0.025851
222.80          -0.025643
223.00          -0.025443
223.20          -0.025250
223.40          -0.025065
223.60          -0.024887
223.80          -0.024716
224.00          -0.024551
224.20          -0.024393
224.40          -0.024241
224.60          -0.024095
224.80          -0.023956
225.00          -0.023825
