175.00          -0.025900
175.20          -0.025944
175.40          -0.025989
175.60          -0.026033
175.80          -0.026078
176.00          -0.026122
176.20          -0.026167
176.40          -0.026212
176.60          -0.026257
176.80          -0.026302
177.00          -0.026347
177.20          -0.026392
177.40          -0.026438
177.60          -0.026483
177.80          -0.026529
178.00          -0.026574
178.20          -0.026620
178.40          -0.026666
178.60          -0.026712
178.80          -0.026758
179.00          -0.026804
179.20          -0.026850
179.40          -0.026896
179.60          -0.026943
179.80          -0.026989
180.00          -0.027036
180.20          -0.027082
180.40          -0.027129
180.60          -0.027176
180.80          -0.027223
181.00          -0.027270
181.20          -0.027317
181.40          -0.027365
181.60          -0.027412
181.80          -0.027460
182.00          -0.027507
182.20          -0.027555
182.40          -0.027603
182.60          -0.027651
182.80          -0.027699
183.00          -0.027747
183.20          -0.027795
183.40          -0.027843
183.60          -0.027892
183.80          -0.027940
184.00          -0.027989
184.20          -0.028038
184.40          -0.028087
184.60          -0.028136
184.80          -0.028185
185.00          -0.028234
185.20          -0.028283
185.40          -0.028333
185.60          -0.028382
185.80          -0.028432
186.00          -0.028482
186.20          -0.028532
186.40          -0.028582
186.60          -0.028632
186.80          -0.028682
187.00          -0.028732
187.20          -0.028783
187.40          -0.028833
187.60          -0.028884
187.80          -0.028935
188.00          -0.028986
188.20          -0.029037
188.40          -0.029088
188.60          -0.029139
188.80          -0.029190
189.00          -0.029242
189.20          -0.029294
189.40          -0.029345
189.60          -0.029397
189.80          -0.029449
190.00          -0.029502
190.20          -0.029554
190.40          -0.029606
190.60          -0.029659
190.80          -0.029712
191.00          -0.029765
191.20          -0.029817
191.40          -0.029871
191.60          -0.029924
191.80          -0.029977
192.00          -0.030031
192.20          -0.030085
192.40          -0.030138
192.60          -0.030192
192.80          -0.030247
193.00          -0.030301
193.20          -0.030355
193.40          -0.030410
193.60          -0.030465
193.80          -0.030520
194.00          -0.030575
194.20          -0.030630
194.40          -0.030686
194.60          -0.030741
194.80          -0.030797
195.00          -0.030853
195.20          -0.030909
195.40          -0.030966
195.60          -0.031022
195.80          -0.031079
196.00          -0.031136
196.20          -0.031193
196.40          -0.031251
196.60          -0.031308
196.80          -0.031366
197.00          -0.031424
197.20          -0.031483
197.40          -0.031541
197.60          -0.031600
197.80          -0.031659
198.00          -0.031719
198.20          -0.031778
198.40          -0.031838
198.60          -0.031899
198.80          -0.031959
199.00          -0.032020
199.20          -0.032082
199.40          -0.032144
199.60          -0.032206
199.80          -0.032269
200.00          -0.032332
200.20          -0.032396
200.40          -0.032460
200.60          -0.032525
200.80          -0.032590
201.00          -0.032657
201.20          -0.032724
201.40          -0.032792
201.60          -0.032861
201.80          -0.032931
202.00          -0.033002
202.20          -0.033075
202.40          -0.033150
202.60          -0.033226
202.80          -0.033305
203.00          -0.033387
203.20          -0.033472
203.40          -0.033562
203.60          -0.033658
203.80          -0.033761
204.00          -0.033874
204.20          -0.034002
204.40          -0.034150
204.60          -0.034331
204.80          -0.034565
205.00          -0.034897
205.20          -0.035433
205.40          -0.036491
205.60          -0.039509
205.80          -0.061658
206.00          -0.096964
206.20          -0.037501
206.40          -0.034829
206.60          -0.034349
206.80          -0.034258
207.00          -0.034277
207.20          -0.034335
207.40          -0.034409
207.60          -0.034490
207.80          -0.034574
208.00          -0.034660
208.20          -0.034747
208.40          -0.034835
208.60          -0.034923
208.80          -0.035012
209.00          -0.035102
209.20          -0.035192
209.40          -0.035284
209.60          -0.035377
209.80          -0.035471
210.00          -0.035567
210.20          -0.035665
210.40          -0.035764
210.60          -0.035867
210.80          -0.035971
211.00          -0.036079
211.20          -0.036190
211.40          -0.036304
211.60          -0.036423
211.80          -0.036547
212.00          -0.036676
212.20          -0.036810
212.40          -0.036952
212.60          -0.037102
212.80          -0.037261
213.00          -0.037430
213.20          -0.037612
213.40          -0.037808
213.60          -0.038021
213.80          -0.038254
214.00          -0.038511
214.20          -0.038797
214.40          -0.039119
214.60          -0.039486
214.80          -0.039907
215.00          -0.040399
215.20          -0.040982
215.40          -0.041685
215.60          -0.042551
215.80          -0.043641
216.00          -0.045051
216.20          -0.046937
216.40          -0.049562
216.60          -0.053401
216.80          -0.059397
217.00          -0.069631
217.20          -0.089523
217.40          -0.13718
217.60          -0.30742
217.80          -2.1424
218.00          -1.4886
218.20          -0.24793
218.40          -0.11355
218.60          -0.075320
218.80          -0.059614
219.00          -0.051772
219.20          -0.047354
219.40          -0.044655
219.60          -0.042907
219.80          -0.041726
220.00          -0.040904
220.20          -0.040318
220.40          -0.039894
220.60          -0.039584
220.80          -0.039357
221.00          -0.039191
221.20          -0.039071
221.40          -0.038987
221.60          -0.038930
221.80          -0.038896
222.00          -0.038878
222.20          -0.038874
222.40          -0.038882
222.60          -0.038900
222.80          -0.038925
223.00          -0.038956
223.20          -0.038993
223.40          -0.039035
223.60          -0.039081
223.80          -0.039130
224.00          -0.039182
224.20          -0.039236
224.40          -0.039293
224.60          -0.039352
224.80          -0.039412
225.00          -0.039474
