175.00          -0.48969
175.20          -0.41242
175.40          -0.34818
175.60          -0.29552
175.80          -0.25259
176.00          -0.21757
176.20          -0.18893
176.40          -0.16536
176.60          -0.14587
176.80          -0.12964
177.00          -0.11604
177.20          -0.10459
177.40          -0.094908
177.60          -0.086689
177.80          -0.079715
178.00          -0.073835
178.20          -0.068983
178.40          -0.065250
178.60          -0.063191
178.80          -0.065650
179.00          -0.10871
179.20          -0.15486
179.40          -0.048814
179.60          -0.042541
179.80          -0.039855
180.00          -0.037904
180.20          -0.036257
180.40          -0.034803
180.60          -0.033496
180.80          -0.032312
181.00          -0.031234
181.20          -0.030252
181.40          -0.029353
181.60          -0.028531
181.80          -0.027776
182.00          -0.027084
182.20          -0.026447
182.40          -0.025861
182.60          -0.025321
182.80          -0.024824
183.00          -0.024364
183.20          -0.023940
183.40          -0.023547
183.60          -0.023185
183.80          -0.022849
184.00          -0.022538
184.20          -0.022250
184.40          -0.021983
184.60          -0.021736
184.80          -0.021506
185.00          -0.021294
185.20          -0.021097
185.40          -0.020914
185.60          -0.020745
185.80          -0.020588
186.00          -0.020443
186.20          -0.020309
186.40          -0.020185
186.60          -0.020070
186.80          -0.019964
187.00          -0.019867
187.20          -0.019777
187.40          -0.019694
187.60          -0.019619
187.80          -0.019550
188.00          -0.019487
188.20          -0.019430
188.40          -0.019378
188.60          -0.019331
188.80          -0.019289
189.00          -0.019252
189.20          -0.019219
189.40          -0.019190
189.60          -0.019165
189.80          -0.019144
190.00          -0.019127
190.20          -0.019113
190.40          -0.019102
190.60          -0.019094
190.80          -0.019089
191.00          -0.019087
191.20          -0.019088
191.40          -0.019091
191.60          -0.019097
191.80          -0.019105
192.00          -0.019115
192.20          -0.019128
192.40          -0.019143
192.60          -0.019160
192.80          -0.019179
193.00          -0.019200
193.20          -0.019223
193.40          -0.019248
193.60          -0.019275
193.80          -0.019303
194.00          -0.019333
194.20          -0.019366
194.40          -0.019399
194.60          -0.019435
194.80          -0.019472
195.00          -0.019511
195.20          -0.019552
195.40          -0.019594
195.60          -0.019638
195.80          -0.019684
196.00          -0.019731
196.20          -0.019780
196.40          -0.019831
196.60          -0.019884
196.80          -0.019939
197.00          -0.019995
197.20          -0.020054
197.40          -0.020114
197.60          -0.020177
197.80          -0.020242
198.00          -0.020309
198.20          -0.020378
198.40          -0.020450
198.60          -0.020525
198.80          -0.020602
199.00          -0.020683
199.20          -0.020766
199.40          -0.020854
199.60          -0.020944
199.80          -0.021039
200.00          -0.021138
200.20          -0.021242
200.40          -0.021351
200.60          -0.021466
200.80          -0.021588
201.00          -0.021716
201.20          -0.021852
201.40          -0.021998
201.60          -0.022154
201.80          -0.022321
202.00          -0.022502
202.20          -0.022700
202.40          -0.022917
202.60          -0.023157
202.80          -0.023427
203.00          -0.023738
203.20          -0.024109
203.40          -0.024589
203.60          -0.025361
203.80          -0.028117
204.00          -0.059170
204.20          -0.027087
204.40          -0.027164
204.60          -0.027965
204.80          -0.029096
205.00          -0.030599
205.20          -0.032628
205.40          -0.035473
205.60          -0.039679
205.80          -0.046343
206.00          -0.057929
206.20          -0.080701
206.40          -0.13169
206.60          -0.22906
206.80          -0.20458
207.00          -0.096888
207.20          -0.052551
207.40          -0.035821
207.60          -0.028539
207.80          -0.024964
208.00          -0.023056
208.20          -0.021982
208.40          -0.021360
208.60          -0.021000
208.80          -0.020797
209.00          -0.020693
209.20          -0.020655
209.40          -0.020659
209.60          -0.020692
209.80          -0.020745
210.00          -0.020812
210.20          -0.020890
210.40          -0.020974
210.60          -0.021063
210.80          -0.021156
211.00          -0.021252
211.20          -0.021349
211.40          -0.021448
211.60          -0.021547
211.80          -0.021648
212.00          -0.021749
212.20          -0.021850
212.40          -0.021952
212.60          -0.022054
212.80          -0.022156
213.00          -0.022259
213.20          -0.022362
213.40          -0.022465
213.60          -0.022569
213.80          -0.022673
214.00          -0.022777
214.20          -0.022882
214.40          -0.022988
214.60          -0.023094
214.80          -0.023200
215.00          -0.023308
215.20          -0.023416
215.40          -0.023525
215.60          -0.023635
215.80          -0.023745
216.00          -0.023857
216.20          -0.023970
216.40          -0.024084
216.60          -0.024199
216.80          -0.024315
217.00          -0.024433
217.20          -0.024552
217.40          -0.024672
217.60          -0.024794
217.80          -0.024918
218.00          -0.025044
218.20          -0.025171
218.40          -0.025300
218.60          -0.025431
218.80          -0.025565
219.00          -0.025700
219.20          -0.025838
219.40          -0.025978
219.60          -0.026121
219.80          -0.026266
220.00          -0.026414
220.20          -0.026565
220.40          -0.026719
220.60          -0.026876
220.80          -0.027037
221.00          -0.027201
221.20          -0.027368
221.40          -0.027540
221.60          -0.027716
221.80          -0.027895
222.00          -0.028080
222.20          -0.028269
222.40          -0.028463
222.60          -0.028662
222.80          -0.028867
223.00          -0.029077
223.20          -0.029294
223.40          -0.029517
223.60          -0.029747
223.80          -0.029984
224.00          -0.030228
224.20          -0.030481
224.40          -0.030742
224.60          -0.031012
224.80          -0.031292
225.00          -0.031582
