175.00          -0.40740
175.20          -0.40195
175.40          -0.39452
175.60          -0.38531
175.80          -0.37457
176.00          -0.36256
176.20          -0.34958
176.40          -0.33590
176.60          -0.32181
176.80          -0.30754
177.00          -0.29330
177.20          -0.27928
177.40          -0.26560
177.60          -0.25239
177.80          -0.23971
178.00          -0.22763
178.20          -0.21617
178.40          -0.20536
178.60          -0.19518
178.80          -0.18562
179.00          -0.17668
179.20          -0.16833
179.40          -0.16053
179.60          -0.15326
179.80          -0.14650
180.00          -0.14020
180.20          -0.13433
180.40          -0.12888
180.60          -0.12380
180.80          -0.11908
181.00          -0.11468
181.20          -0.11059
181.40          -0.10678
181.60          -0.10323
181.80          -0.099916
182.00          -0.096828
182.20          -0.093946
182.40          -0.091255
182.60          -0.088741
182.80          -0.086391
183.00          -0.084193
183.20          -0.082137
183.40          -0.080211
183.60          -0.078407
183.80          -0.076716
184.00          -0.075130
184.20          -0.073643
184.40          -0.072246
184.60          -0.070934
184.80          -0.069701
185.00          -0.068543
185.20          -0.067453
185.40          -0.066428
185.60          -0.065463
185.80          -0.064555
186.00          -0.063699
186.20          -0.062893
186.40          -0.062134
186.60          -0.061418
186.80          -0.060743
187.00          -0.060106
187.20          -0.059506
187.40          -0.058940
187.60          -0.058406
187.80          -0.057902
188.00          -0.057427
188.20          -0.056978
188.40          -0.056555
188.60          -0.056156
188.80          -0.055779
189.00          -0.055424
189.20          -0.055089
189.40          -0.054773
189.60          -0.054475
189.80          -0.054194
190.00          -0.053930
190.20          -0.053681
190.40          -0.053447
190.60          -0.053227
190.80          -0.053019
191.00          -0.052825
191.20          -0.052642
191.40          -0.052471
191.60          -0.052310
191.80          -0.052160
192.00          -0.052019
192.20          -0.051888
192.40          -0.051766
192.60          -0.051652
192.80          -0.051546
193.00          -0.051448
193.20          -0.051357
193.40          -0.051273
193.60          -0.051196
193.80          -0.051125
194.00          -0.051060
194.20          -0.051001
194.40          -0.050948
194.60          -0.050900
194.80          -0.050857
195.00          -0.050819
195.20          -0.050786
195.40          -0.050757
195.60          -0.050733
195.80          -0.050713
196.00          -0.050697
196.20          -0.050684
196.40          -0.050675
196.60          -0.050670
196.80          -0.050668
197.00          -0.050670
197.20          -0.050675
197.40          -0.050682
197.60          -0.050693
197.80          -0.050707
198.00          -0.050723
198.20          -0.050743
198.40          -0.050765
198.60          -0.050789
198.80          -0.050816
199.00          -0.050846
199.20          -0.050879
199.40          -0.050913
199.60          -0.050951
199.80          -0.050991
200.00          -0.051034
200.20          -0.051079
200.40          -0.051127
200.60          -0.051179
200.80          -0.051233
201.00          -0.051291
201.20          -0.051352
201.40          -0.051418
201.60          -0.051488
201.80          -0.051564
202.00          -0.051645
202.20          -0.051734
202.40          -0.051832
202.60          -0.051941
202.80          -0.052064
203.00          -0.052204
203.20          -0.052369
203.40          -0.052567
203.60          -0.052814
203.80          -0.053134
204.00          -0.053574
204.20          -0.054226
204.40          -0.055303
204.60          -0.057398
204.80          -0.062852
205.00          -0.090985
205.20          -1.4296
205.40          -0.065585
205.60          -0.053805
205.80          -0.051965
206.00          -0.051516
206.20          -0.051417
206.40          -0.051433
206.60          -0.051492
206.80          -0.051567
207.00          -0.051647
207.20          -0.051729
207.40          -0.051809
207.60          -0.051888
207.80          -0.051965
208.00          -0.052040
208.20          -0.052114
208.40          -0.052185
208.60          -0.052255
208.80          -0.052323
209.00          -0.052389
209.20          -0.052455
209.40          -0.052519
209.60          -0.052582
209.80          -0.052645
210.00          -0.052706
210.20          -0.052766
210.40          -0.052826
210.60          -0.052885
210.80          -0.052943
211.00          -0.053000
211.20          -0.053057
211.40          -0.053113
211.60          -0.053168
211.80          -0.053223
212.00          -0.053277
212.20          -0.053331
212.40          -0.053384
212.60          -0.053436
212.80          -0.053488
213.00          -0.053539
213.20          -0.053590
213.40          -0.053640
213.60          -0.053690
213.80          -0.053739
214.00          -0.053788
214.20          -0.053836
214.40          -0.053884
214.60          -0.053931
214.80          -0.053977
215.00          -0.054023
215.20          -0.054068
215.40          -0.054113
215.60          -0.054158
215.80          -0.054202
216.00          -0.054245
216.20          -0.054288
216.40          -0.054330
216.60          -0.054371
216.80          -0.054412
217.00          -0.054453
217.20          -0.054493
217.40          -0.054532
217.60          -0.054571
217.80          -0.054610
218.00          -0.054647
218.20          -0.054684
218.40          -0.054721
218.60          -0.054757
218.80          -0.054793
219.00          -0.054827
219.20          -0.054862
219.40          -0.054896
219.60          -0.054929
219.80          -0.054961
220.00          -0.054993
220.20          -0.055025
220.40          -0.055056
220.60          -0.055086
220.80          -0.055116
221.00          -0.055145
221.20          -0.055174
221.40          -0.055202
221.60          -0.055230
221.80          -0.055257
222.00          -0.055284
222.20          -0.055310
222.40          -0.055336
222.60          -0.055361
222.80          -0.055386
223.00          -0.055411
223.20          -0.055436
223.40          -0.055461
223.60          -0.055485
223.80          -0.055510
224.00          -0.055536
224.20          -0.055562
224.40          -0.055589
224.60          -0.055618
224.80          -0.055650
225.00          -0.055686
