175.00          -0.048215
175.20          -0.048396
175.40          -0.048578
175.60          -0.048761
175.80          -0.048946
176.00          -0.049132
176.20          -0.049319
176.40          -0.049507
176.60          -0.049696
176.80          -0.049887
177.00          -0.050079
177.20          -0.050272
177.40          -0.050467
177.60          -0.050663
177.80          -0.050860
178.00          -0.051059
178.20          -0.051259
178.40          -0.051461
178.60          -0.051664
178.80          -0.051868
179.00          -0.052074
179.20          -0.052281
179.40          -0.052490
179.60          -0.052701
179.80          -0.052913
180.00          -0.053126
180.20          -0.053341
180.40          -0.053558
180.60          -0.053776
180.80          -0.053996
181.00          -0.054218
181.20          -0.054442
181.40          -0.054667
181.60          -0.054894
181.80          -0.055122
182.00          -0.055353
182.20          -0.055585
182.40          -0.055819
182.60          -0.056055
182.80          -0.056293
183.00          -0.056533
183.20          -0.056775
183.40          -0.057018
183.60          -0.057264
183.80          -0.057512
184.00          -0.057762
184.20          -0.058014
184.40          -0.058268
184.60          -0.058525
184.80          -0.058783
185.00          -0.059044
185.20          -0.059307
185.40          -0.059573
185.60          -0.059840
185.80          -0.060111
186.00          -0.060383
186.20          -0.060658
186.40          -0.060936
186.60          -0.061216
186.80          -0.061499
187.00          -0.061784
187.20          -0.062073
187.40          -0.062363
187.60          -0.062657
187.80          -0.062954
188.00          -0.063253
188.20          -0.063555
188.40          -0.063861
188.60          -0.064169
188.80          -0.064480
189.00          -0.064795
189.20          -0.065113
189.40          -0.065434
189.60          -0.065758
189.80          -0.066086
190.00          -0.066417
190.20          -0.066751
190.40          -0.067090
190.60          -0.067432
190.80          -0.067777
191.00          -0.068127
191.20          -0.068480
191.40          -0.068837
191.60          -0.069198
191.80          -0.069564
192.00          -0.069933
192.20          -0.070307
192.40          -0.070685
192.60          -0.071068
192.80          -0.071455
193.00          -0.071847
193.20          -0.072243
193.40          -0.072645
193.60          -0.073051
193.80          -0.073462
194.00          -0.073879
194.20          -0.074300
194.40          -0.074727
194.60          -0.075160
194.80          -0.075598
195.00          -0.076042
195.20          -0.076492
195.40          -0.076948
195.60          -0.077409
195.80          -0.077878
196.00          -0.078352
196.20          -0.078834
196.40          -0.079321
196.60          -0.079816
196.80          -0.080318
197.00          -0.080827
197.20          -0.081344
197.40          -0.081868
197.60          -0.082400
197.80          -0.082940
198.00          -0.083488
198.20          -0.084044
198.40          -0.084609
198.60          -0.085183
198.80          -0.085766
199.00          -0.086358
199.20          -0.086960
199.40          -0.087571
199.60          -0.088192
199.80          -0.088824
200.00          -0.089466
200.20          -0.090119
200.40          -0.090784
200.60          -0.091459
200.80          -0.092147
201.00          -0.092846
201.20          -0.093558
201.40          -0.094283
201.60          -0.095021
201.80          -0.095773
202.00          -0.096538
202.20          -0.097318
202.40          -0.098112
202.60          -0.098922
202.80          -0.099748
203.00          -0.10059
203.20          -0.10145
203.40          -0.10232
203.60          -0.10322
203.80          -0.10413
204.00          -0.10506
204.20          -0.10601
204.40          -0.10698
204.60          -0.10797
204.80          -0.10898
205.00          -0.11001
205.20          -0.11107
205.40          -0.11214
205.60          -0.11325
205.80          -0.11438
206.00          -0.11553
206.20          -0.11671
206.40          -0.11792
206.60          -0.11916
206.80          -0.12042
207.00          -0.12172
207.20          -0.12305
207.40          -0.12441
207.60          -0.12580
207.80          -0.12723
208.00          -0.12870
208.20          -0.13020
208.40          -0.13175
208.60          -0.13333
208.80          -0.13495
209.00          -0.13662
209.20          -0.13833
209.40          -0.14009
209.60          -0.14190
209.80          -0.14375
210.00          -0.14566
210.20          -0.14762
210.40          -0.14964
210.60          -0.15171
210.80          -0.15385
211.00          -0.15604
211.20          -0.15830
211.40          -0.16063
211.60          -0.16302
211.80          -0.16549
212.00          -0.16803
212.20          -0.17064
212.40          -0.17334
212.60          -0.17611
212.80          -0.17897
213.00          -0.18192
213.20          -0.18496
213.40          -0.18809
213.60          -0.19131
213.80          -0.19464
214.00          -0.19806
214.20          -0.20159
214.40          -0.20522
214.60          -0.20897
214.80          -0.21282
215.00          -0.21679
215.20          -0.22088
215.40          -0.22508
215.60          -0.22940
215.80          -0.23384
216.00          -0.23839
216.20          -0.24307
216.40          -0.24787
216.60          -0.25278
216.80          -0.25780
217.00          -0.26293
217.20          -0.26817
217.40          -0.27350
217.60          -0.27892
217.80          -0.28442
218.00          -0.28998
218.20          -0.29560
218.40          -0.30126
218.60          -0.30693
218.80          -0.31261
219.00          -0.31825
219.20          -0.32384
219.40          -0.32935
219.60          -0.33475
219.80          -0.33999
220.00          -0.34505
220.20          -0.34989
220.40          -0.35446
220.60          -0.35872
220.80          -0.36263
221.00          -0.36615
221.20          -0.36923
221.40          -0.37183
221.60          -0.37392
221.80          -0.37545
222.00          -0.37641
222.20          -0.37677
222.40          -0.37650
222.60          -0.37559
222.80          -0.37405
223.00          -0.37187
223.20          -0.36906
223.40          -0.36565
223.60          -0.36166
223.80          -0.35711
224.00          -0.35206
224.20          -0.34653
224.40          -0.34059
224.60          -0.33427
224.80          -0.32762
225.00          -0.32071
