175.00          -0.063025
175.20          -0.063258
175.40          -0.063492
175.60          -0.063728
175.80          -0.063965
176.00          -0.064203
176.20          -0.064442
176.40          -0.064683
176.60          -0.064925
176.80          -0.065168
177.00          -0.065413
177.20          -0.065659
177.40          -0.065907
177.60          -0.066156
177.80          -0.066407
178.00          -0.066659
178.20          -0.066913
178.40          -0.067168
178.60          -0.067424
178.80          -0.067683
179.00          -0.067943
179.20          -0.068204
179.40          -0.068468
179.60          -0.068733
179.80          -0.068999
180.00          -0.069268
180.20          -0.069538
180.40          -0.069810
180.60          -0.070084
180.80          -0.070360
181.00          -0.070637
181.20          -0.070917
181.40          -0.071199
181.60          -0.071482
181.80          -0.071768
182.00          -0.072056
182.20          -0.072346
182.40          -0.072638
182.60          -0.072932
182.80          -0.073229
183.00          -0.073528
183.20          -0.073830
183.40          -0.074133
183.60          -0.074440
183.80          -0.074749
184.00          -0.075060
184.20          -0.075374
184.40          -0.075691
184.60          -0.076010
184.80          -0.076333
185.00          -0.076658
185.20          -0.076986
185.40          -0.077317
185.60          -0.077652
185.80          -0.077989
186.00          -0.078330
186.20          -0.078674
186.40          -0.079022
186.60          -0.079373
186.80          -0.079727
187.00          -0.080085
187.20          -0.080447
187.40          -0.080813
187.60          -0.081183
187.80          -0.081557
188.00          -0.081936
188.20          -0.082318
188.40          -0.082705
188.60          -0.083097
188.80          -0.083493
189.00          -0.083894
189.20          -0.084300
189.40          -0.084711
189.60          -0.085127
189.80          -0.085549
190.00          -0.085976
190.20          -0.086409
190.40          -0.086849
190.60          -0.087294
190.80          -0.087745
191.00          -0.088203
191.20          -0.088668
191.40          -0.089139
191.60          -0.089618
191.80          -0.090104
192.00          -0.090598
192.20          -0.091100
192.40          -0.091610
192.60          -0.092128
192.80          -0.092655
193.00          -0.093191
193.20          -0.093737
193.40          -0.094292
193.60          -0.094857
193.80          -0.095433
194.00          -0.096020
194.20          -0.096618
194.40          -0.097227
194.60          -0.097849
194.80          -0.098483
195.00          -0.099130
195.20          -0.099791
195.40          -0.10047
195.60          -0.10116
195.80          -0.10186
196.00          -0.10258
196.20          -0.10332
196.40          -0.10407
196.60          -0.10485
196.80          -0.10564
197.00          -0.10645
197.20          -0.10728
197.40          -0.10814
197.60          -0.10901
197.80          -0.10991
198.00          -0.11084
198.20          -0.11179
198.40          -0.11276
198.60          -0.11377
198.80          -0.11480
199.00          -0.11587
199.20          -0.11697
199.40          -0.11810
199.60          -0.11927
199.80          -0.12047
200.00          -0.12172
200.20          -0.12301
200.40          -0.12434
200.60          -0.12572
200.80          -0.12714
201.00          -0.12862
201.20          -0.13016
201.40          -0.13175
201.60          -0.13340
201.80          -0.13512
202.00          -0.13691
202.20          -0.13877
202.40          -0.14070
202.60          -0.14272
202.80          -0.14483
203.00          -0.14703
203.20          -0.14932
203.40          -0.15172
203.60          -0.15424
203.80          -0.15687
204.00          -0.15963
204.20          -0.16252
204.40          -0.16556
204.60          -0.16876
204.80          -0.17212
205.00          -0.17566
205.20          -0.17939
205.40          -0.18333
205.60          -0.18748
205.80          -0.19188
206.00          -0.19652
206.20          -0.20145
206.40          -0.20666
206.60          -0.21220
206.80          -0.21807
207.00          -0.22431
207.20          -0.23095
207.40          -0.23802
207.60          -0.24554
207.80          -0.25356
208.00          -0.26211
208.20          -0.27122
208.40          -0.28095
208.60          -0.29132
208.80          -0.30239
209.00          -0.31419
209.20          -0.32676
209.40          -0.34013
209.60          -0.35434
209.80          -0.36940
210.00          -0.38532
210.20          -0.40209
210.40          -0.41966
210.60          -0.43798
210.80          -0.45694
211.00          -0.47638
211.20          -0.49609
211.40          -0.51583
211.60          -0.53524
211.80          -0.55394
212.00          -0.57148
212.20          -0.58735
212.40          -0.60105
212.60          -0.61206
212.80          -0.61993
213.00          -0.62428
213.20          -0.62486
213.40          -0.62159
213.60          -0.61452
213.80          -0.60389
214.00          -0.59005
214.20          -0.57348
214.40          -0.55471
214.60          -0.53430
214.80          -0.51279
215.00          -0.49068
215.20          -0.46841
215.40          -0.44635
215.60          -0.42481
215.80          -0.40398
216.00          -0.38405
216.20          -0.36511
216.40          -0.34723
216.60          -0.33043
216.80          -0.31470
217.00          -0.30003
217.20          -0.28637
217.40          -0.27368
217.60          -0.26191
217.80          -0.25100
218.00          -0.24089
218.20          -0.23153
218.40          -0.22287
218.60          -0.21484
218.80          -0.20741
219.00          -0.20052
219.20          -0.19413
219.40          -0.18820
219.60          -0.18270
219.80          -0.17759
220.00          -0.17284
220.20          -0.16842
220.40          -0.16431
220.60          -0.16048
220.80          -0.15690
221.00          -0.15357
221.20          -0.15045
221.40          -0.14754
221.60          -0.14482
221.80          -0.14227
222.00          -0.13988
222.20          -0.13764
222.40          -0.13554
222.60          -0.13356
222.80          -0.13171
223.00          -0.12997
223.20          -0.12833
223.40          -0.12679
223.60          -0.12533
223.80          -0.12396
224.00          -0.12267
224.20          -0.12145
224.40          -0.12030
224.60          -0.11921
224.80          -0.11818
225.00          -0.11721
