175.00          -0.075943
175.20          -0.076916
175.40          -0.077920
175.60          -0.078959
175.80          -0.080033
176.00          -0.081144
176.20          -0.082294
176.40          -0.083486
176.60          -0.084721
176.80          -0.086001
177.00          -0.087330
177.20          -0.088711
177.40          -0.090145
177.60          -0.091636
177.80          -0.093188
178.00          -0.094804
178.20          -0.096488
178.40          -0.098243
178.60          -0.10008
178.80          -0.10199
179.00          -0.10399
179.20          -0.10608
179.40          -0.10828
179.60          -0.11057
179.80          -0.11298
180.00          -0.11551
180.20          -0.11817
180.40          -0.12097
180.60          -0.12391
180.80          -0.12702
181.00          -0.13029
181.20          -0.13375
181.40          -0.13741
181.60          -0.14129
181.80          -0.14539
182.00          -0.14975
182.20          -0.15438
182.40          -0.15930
182.60          -0.16455
182.80          -0.17014
183.00          -0.17611
183.20          -0.18249
183.40          -0.18933
183.60          -0.19665
183.80          -0.20451
184.00          -0.21295
184.20          -0.22203
184.40          -0.23181
184.60          -0.24236
184.80          -0.25374
185.00          -0.26602
185.20          -0.27930
185.40          -0.29365
185.60          -0.30917
185.80          -0.32593
186.00          -0.34403
186.20          -0.36354
186.40          -0.38452
186.60          -0.40702
186.80          -0.43104
187.00          -0.45652
187.20          -0.48333
187.40          -0.51126
187.60          -0.53995
187.80          -0.56891
188.00          -0.59746
188.20          -0.62477
188.40          -0.64982
188.60          -0.67148
188.80          -0.68860
189.00          -0.70008
189.20          -0.70504
189.40          -0.70293
189.60          -0.69365
189.80          -0.67753
190.00          -0.65533
190.20          -0.62815
190.40          -0.59723
190.60          -0.56388
190.80          -0.52930
191.00          -0.49453
191.20          -0.46041
191.40          -0.42757
191.60          -0.39644
191.80          -0.36727
192.00          -0.34019
192.20          -0.31523
192.40          -0.29234
192.60          -0.27145
192.80          -0.25242
193.00          -0.23513
193.20          -0.21943
193.40          -0.20519
193.60          -0.19228
193.80          -0.18057
194.00          -0.16994
194.20          -0.16029
194.40          -0.15152
194.60          -0.14354
194.80          -0.13628
195.00          -0.12966
195.20          -0.12362
195.40          -0.11810
195.60          -0.11305
195.80          -0.10843
196.00          -0.10420
196.20          -0.10031
196.40          -0.096746
196.60          -0.093467
196.80          -0.090451
197.00          -0.087673
197.20          -0.085114
197.40          -0.082755
197.60          -0.080578
197.80          -0.078568
198.00          -0.076713
198.20          -0.074998
198.40          -0.073415
198.60          -0.071951
198.80          -0.070599
199.00          -0.069350
199.20          -0.068196
199.40          -0.067131
199.60          -0.066149
199.80          -0.065245
200.00          -0.064413
200.20          -0.063650
200.40          -0.062950
200.60          -0.062311
200.80          -0.061730
201.00          -0.061205
201.20          -0.060732
201.40          -0.060310
201.60          -0.059937
201.80          -0.059614
202.00          -0.059339
202.20          -0.059113
202.40          -0.058936
202.60          -0.058810
202.80          -0.058738
203.00          -0.058724
203.20          -0.058774
203.40          -0.058896
203.60          -0.059100
203.80          -0.059403
204.00          -0.059828
204.20          -0.060408
204.40          -0.061192
204.60          -0.062258
204.80          -0.063734
205.00          -0.065838
205.20          -0.068985
205.40          -0.074039
205.60          -0.083106
205.80          -0.10268
206.00          -0.16338
206.20          -0.69806
206.40          -0.75258
206.60          -0.097922
206.80          -0.058735
207.00          -0.050717
207.20          -0.048466
207.40          -0.047846
207.60          -0.047791
207.80          -0.047950
208.00          -0.048192
208.20          -0.048463
208.40          -0.048739
208.60          -0.049010
208.80          -0.049273
209.00          -0.049527
209.20          -0.049771
209.40          -0.050007
209.60          -0.050235
209.80          -0.050456
210.00          -0.050672
210.20          -0.050883
210.40          -0.051090
210.60          -0.051293
210.80          -0.051494
211.00          -0.051693
211.20          -0.051890
211.40          -0.052086
211.60          -0.052280
211.80          -0.052474
212.00          -0.052668
212.20          -0.052861
212.40          -0.053054
212.60          -0.053247
212.80          -0.053441
213.00          -0.053635
213.20          -0.053829
213.40          -0.054024
213.60          -0.054220
213.80          -0.054416
214.00          -0.054613
214.20          -0.054811
214.40          -0.055010
214.60          -0.055210
214.80          -0.055411
215.00          -0.055613
215.20          -0.055816
215.40          -0.056020
215.60          -0.056225
215.80          -0.056431
216.00          -0.056639
216.20          -0.056847
216.40          -0.057057
216.60          -0.057268
216.80          -0.057480
217.00          -0.057693
217.20          -0.057908
217.40          -0.058124
217.60          -0.058341
217.80          -0.058559
218.00          -0.058778
218.20          -0.058999
218.40          -0.059221
218.60          -0.059445
218.80          -0.059670
219.00          -0.059896
219.20          -0.060123
219.40          -0.060352
219.60          -0.060582
219.80          -0.060814
220.00          -0.061047
220.20          -0.061281
220.40          -0.061517
220.60          -0.061754
220.80          -0.061993
221.00          -0.062233
221.20          -0.062474
221.40          -0.062718
221.60          -0.062962
221.80          -0.063209
222.00          -0.063457
222.20          -0.063706
222.40          -0.063958
222.60          -0.064211
222.80          -0.064466
223.00          -0.064722
223.20          -0.064981
223.40          -0.065241
223.60          -0.065503
223.80          -0.065768
224.00          -0.066034
224.20          -0.066302
224.40          -0.066573
224.60          -0.066846
224.80          -0.067121
225.00          -0.067399
