175.00          -0.068612
175.20          -0.069937
175.40          -0.071341
175.60          -0.072831
175.80          -0.074414
176.00          -0.076101
176.20          -0.077900
176.40          -0.079823
176.60          -0.081884
176.80          -0.084096
177.00          -0.086476
177.20          -0.089042
177.40          -0.091818
177.60          -0.094827
177.80          -0.098098
178.00          -0.10167
178.20          -0.10557
178.40          -0.10985
178.60          -0.11457
178.80          -0.11978
179.00          -0.12557
179.20          -0.13203
179.40          -0.13926
179.60          -0.14740
179.80          -0.15661
180.00          -0.16709
180.20          -0.17910
180.40          -0.19293
180.60          -0.20899
180.80          -0.22778
181.00          -0.24995
181.20          -0.27632
181.40          -0.30801
181.60          -0.34643
181.80          -0.39352
182.00          -0.45177
182.20          -0.52446
182.40          -0.61571
182.60          -0.73034
182.80          -0.87286
183.00          -1.0447
183.20          -1.2383
183.40          -1.4274
183.60          -1.5626
183.80          -1.5893
184.00          -1.4899
184.20          -1.3020
184.40          -1.0856
184.60          -0.88401
184.80          -0.71530
185.00          -0.58124
185.20          -0.47703
185.40          -0.39650
185.60          -0.33413
185.80          -0.28552
186.00          -0.24736
186.20          -0.21722
186.40          -0.19330
186.60          -0.17433
186.80          -0.15943
187.00          -0.14803
187.20          -0.13992
187.40          -0.13531
187.60          -0.13522
187.80          -0.14253
188.00          -0.16609
188.20          -0.24125
188.40          -0.62215
188.60          -1.8272
188.80          -0.28241
189.00          -0.12046
189.20          -0.083128
189.40          -0.069060
189.60          -0.062058
189.80          -0.057881
190.00          -0.055061
190.20          -0.052989
190.40          -0.051375
190.60          -0.050066
190.80          -0.048976
191.00          -0.048050
191.20          -0.047255
191.40          -0.046565
191.60          -0.045962
191.80          -0.045434
192.00          -0.044970
192.20          -0.044562
192.40          -0.044204
192.60          -0.043889
192.80          -0.043613
193.00          -0.043372
193.20          -0.043162
193.40          -0.042981
193.60          -0.042825
193.80          -0.042694
194.00          -0.042583
194.20          -0.042492
194.40          -0.042419
194.60          -0.042363
194.80          -0.042321
195.00          -0.042294
195.20          -0.042279
195.40          -0.042277
195.60          -0.042285
195.80          -0.042304
196.00          -0.042333
196.20          -0.042370
196.40          -0.042415
196.60          -0.042468
196.80          -0.042529
197.00          -0.042596
197.20          -0.042670
197.40          -0.042749
197.60          -0.042834
197.80          -0.042925
198.00          -0.043020
198.20          -0.043120
198.40          -0.043224
198.60          -0.043333
198.80          -0.043446
199.00          -0.043562
199.20          -0.043682
199.40          -0.043806
199.60          -0.043933
199.80          -0.044063
200.00          -0.044195
200.20          -0.044331
200.40          -0.044470
200.60          -0.044611
200.80          -0.044755
201.00          -0.044902
201.20          -0.045051
201.40          -0.045202
201.60          -0.045355
201.80          -0.045511
202.00          -0.045669
202.20          -0.045829
202.40          -0.045991
202.60          -0.046156
202.80          -0.046322
203.00          -0.046490
203.20          -0.046661
203.40          -0.046833
203.60          -0.047008
203.80          -0.047184
204.00          -0.047362
204.20          -0.047543
204.40          -0.047725
204.60          -0.047909
204.80          -0.048096
205.00          -0.048284
205.20          -0.048475
205.40          -0.048668
205.60          -0.048863
205.80          -0.049060
206.00          -0.049259
206.20          -0.049461
206.40          -0.049665
206.60          -0.049872
206.80          -0.050082
207.00          -0.050294
207.20          -0.050509
207.40          -0.050727
207.60          -0.050948
207.80          -0.051172
208.00          -0.051400
208.20          -0.051631
208.40          -0.051866
208.60          -0.052106
208.80          -0.052350
209.00          -0.052599
209.20          -0.052853
209.40          -0.053112
209.60          -0.053379
209.80          -0.053652
210.00          -0.053934
210.20          -0.054226
210.40          -0.054531
210.60          -0.054852
210.80          -0.055197
211.00          -0.055582
211.20          -0.056051
211.40          -0.056751
211.60          -0.058597
211.80          -0.10109
212.00          -0.062179
212.20          -0.058327
212.40          -0.058193
212.60          -0.058469
212.80          -0.058868
213.00          -0.059333
213.20          -0.059852
213.40          -0.060422
213.60          -0.061049
213.80          -0.061744
214.00          -0.062520
214.20          -0.063396
214.40          -0.064399
214.60          -0.065566
214.80          -0.066950
215.00          -0.068632
215.20          -0.070732
215.40          -0.073448
215.60          -0.077121
215.80          -0.082380
216.00          -0.090514
216.20          -0.10454
216.40          -0.13284
216.60          -0.20334
216.80          -0.33954
217.00          -0.17115
217.20          -0.074245
217.40          -0.054361
217.60          -0.049831
217.80          -0.049082
218.00          -0.049442
218.20          -0.050142
218.40          -0.050925
218.60          -0.051703
218.80          -0.052444
219.00          -0.053140
219.20          -0.053792
219.40          -0.054402
219.60          -0.054975
219.80          -0.055517
220.00          -0.056030
220.20          -0.056519
220.40          -0.056987
220.60          -0.057436
220.80          -0.057870
221.00          -0.058289
221.20          -0.058697
221.40          -0.059093
221.60          -0.059481
221.80          -0.059860
222.00          -0.060232
222.20          -0.060599
222.40          -0.060959
222.60          -0.061315
222.80          -0.061667
223.00          -0.062016
223.20          -0.062361
223.40          -0.062704
223.60          -0.063045
223.80          -0.063384
224.00          -0.063722
224.20          -0.064059
224.40          -0.064395
224.60          -0.064730
224.80          -0.065066
225.00          -0.065401
