175.00          -0.070517
175.20          -0.071010
175.40          -0.071509
175.60          -0.072016
175.80          -0.072531
176.00          -0.073052
176.20          -0.073582
176.40          -0.074119
176.60          -0.074665
176.80          -0.075218
177.00          -0.075780
177.20          -0.076350
177.40          -0.076930
177.60          -0.077518
177.80          -0.078115
178.00          -0.078722
178.20          -0.079338
178.40          -0.079965
178.60          -0.080601
178.80          -0.081248
179.00          -0.081905
179.20          -0.082574
179.40          -0.083253
179.60          -0.083944
179.80          -0.084646
180.00          -0.085361
180.20          -0.086087
180.40          -0.086827
180.60          -0.087579
180.80          -0.088344
181.00          -0.089123
181.20          -0.089916
181.40          -0.090724
181.60          -0.091546
181.80          -0.092383
182.00          -0.093236
182.20          -0.094104
182.40          -0.094989
182.60          -0.095890
182.80          -0.096809
183.00          -0.097745
183.20          -0.098700
183.40          -0.099673
183.60          -0.10067
183.80          -0.10168
184.00          -0.10271
184.20          -0.10376
184.40          -0.10484
184.60          -0.10593
184.80          -0.10705
185.00          -0.10820
185.20          -0.10936
185.40          -0.11055
185.60          -0.11177
185.80          -0.11301
186.00          -0.11428
186.20          -0.11558
186.40          -0.11690
186.60          -0.11826
186.80          -0.11964
187.00          -0.12106
187.20          -0.12251
187.40          -0.12399
187.60          -0.12550
187.80          -0.12705
188.00          -0.12863
188.20          -0.13025
188.40          -0.13191
188.60          -0.13361
188.80          -0.13535
189.00          -0.13713
189.20          -0.13895
189.40          -0.14081
189.60          -0.14272
189.80          -0.14468
190.00          -0.14668
190.20          -0.14873
190.40          -0.15083
190.60          -0.15299
190.80          -0.15519
191.00          -0.15745
191.20          -0.15976
191.40          -0.16213
191.60          -0.16456
191.80          -0.16705
192.00          -0.16960
192.20          -0.17221
192.40          -0.17488
192.60          -0.17762
192.80          -0.18042
193.00          -0.18329
193.20          -0.18623
193.40          -0.18923
193.60          -0.19231
193.80          -0.19545
194.00          -0.19866
194.20          -0.20195
194.40          -0.20530
194.60          -0.20872
194.80          -0.21222
195.00          -0.21578
195.20          -0.21941
195.40          -0.22311
195.60          -0.22687
195.80          -0.23069
196.00          -0.23457
196.20          -0.23850
196.40          -0.24249
196.60          -0.24652
196.80          -0.25059
197.00          -0.25469
197.20          -0.25883
197.40          -0.26297
197.60          -0.26713
197.80          -0.27129
198.00          -0.27543
198.20          -0.27955
198.40          -0.28363
198.60          -0.28766
198.80          -0.29162
199.00          -0.29550
199.20          -0.29927
199.40          -0.30293
199.60          -0.30644
199.80          -0.30979
200.00          -0.31297
200.20          -0.31594
200.40          -0.31870
200.60          -0.32121
200.80          -0.32346
201.00          -0.32542
201.20          -0.32709
201.40          -0.32843
201.60          -0.32944
201.80          -0.33011
202.00          -0.33041
202.20          -0.33034
202.40          -0.32990
202.60          -0.32907
202.80          -0.32786
203.00          -0.32627
203.20          -0.32430
203.40          -0.32197
203.60          -0.31928
203.80          -0.31625
204.00          -0.31288
204.20          -0.30921
204.40          -0.30525
204.60          -0.30102
204.80          -0.29655
205.00          -0.29187
205.20          -0.28698
205.40          -0.28193
205.60          -0.27673
205.80          -0.27142
206.00          -0.26601
206.20          -0.26054
206.40          -0.25501
206.60          -0.24946
206.80          -0.24390
207.00          -0.23836
207.20          -0.23284
207.40          -0.22737
207.60          -0.22196
207.80          -0.21662
208.00          -0.21136
208.20          -0.20619
208.40          -0.20113
208.60          -0.19617
208.80          -0.19133
209.00          -0.18661
209.20          -0.18201
209.40          -0.17753
209.60          -0.17318
209.80          -0.16896
210.00          -0.16487
210.20          -0.16090
210.40          -0.15707
210.60          -0.15336
210.80          -0.14977
211.00          -0.14631
211.20          -0.14297
211.40          -0.13975
211.60          -0.13664
211.80          -0.13365
212.00          -0.13077
212.20          -0.12800
212.40          -0.12533
212.60          -0.12276
212.80          -0.12029
213.00          -0.11791
213.20          -0.11563
213.40          -0.11344
213.60          -0.11133
213.80          -0.10931
214.00          -0.10736
214.20          -0.10549
214.40          -0.10370
214.60          -0.10198
214.80          -0.10033
215.00          -0.098745
215.20          -0.097224
215.40          -0.095765
215.60          -0.094366
215.80          -0.093023
216.00          -0.091736
216.20          -0.090501
216.40          -0.089317
216.60          -0.088182
216.80          -0.087095
217.00          -0.086052
217.20          -0.085053
217.40          -0.084096
217.60          -0.083179
217.80          -0.082300
218.00          -0.081459
218.20          -0.080654
218.40          -0.079883
218.60          -0.079145
218.80          -0.078439
219.00          -0.077764
219.20          -0.077119
219.40          -0.076501
219.60          -0.075911
219.80          -0.075348
220.00          -0.074810
220.20          -0.074296
220.40          -0.073806
220.60          -0.073338
220.80          -0.072892
221.00          -0.072468
221.20          -0.072063
221.40          -0.071678
221.60          -0.071312
221.80          -0.070965
222.00          -0.070634
222.20          -0.070321
222.40          -0.070024
222.60          -0.069743
222.80          -0.069477
223.00          -0.069225
223.20          -0.068988
223.40          -0.068764
223.60          -0.068554
223.80          -0.068357
224.00          -0.068172
224.20          -0.067998
224.40          -0.067837
224.60          -0.067686
224.80          -0.067546
225.00          -0.067417
