175.00          -0.065369
175.20          -0.064758
175.40          -0.064163
175.60          -0.063585
175.80          -0.063023
176.00          -0.062476
176.20          -0.061945
176.40          -0.061428
176.60          -0.060926
176.80          -0.060439
177.00          -0.059965
177.20          -0.059505
177.40          -0.059058
177.60          -0.058624
177.80          -0.058203
178.00          -0.057794
178.20          -0.057397
178.40          -0.057013
178.60          -0.056640
178.80          -0.056278
179.00          -0.055927
179.20          -0.055588
179.40          -0.055259
179.60          -0.054940
179.80          -0.054632
180.00          -0.054334
180.20          -0.054045
180.40          -0.053766
180.60          -0.053497
180.80          -0.053237
181.00          -0.052986
181.20          -0.052743
181.40          -0.052510
181.60          -0.052285
181.80          -0.052068
182.00          -0.051860
182.20          -0.051659
182.40          -0.051466
182.60          -0.051282
182.80          -0.051104
183.00          -0.050935
183.20          -0.050772
183.40          -0.050617
183.60          -0.050468
183.80          -0.050327
184.00          -0.050193
184.20          -0.050065
184.40          -0.049944
184.60          -0.049829
184.80          -0.049720
185.00          -0.049618
185.20          -0.049522
185.40          -0.049432
185.60          -0.049348
185.80          -0.049270
186.00          -0.049198
186.20          -0.049131
186.40          -0.049070
186.60          -0.049014
186.80          -0.048964
187.00          -0.048919
187.20          -0.048879
187.40          -0.048845
187.60          -0.048816
187.80          -0.048791
188.00          -0.048772
188.20          -0.048758
188.40          -0.048748
188.60          -0.048744
188.80          -0.048744
189.00          -0.048748
189.20          -0.048757
189.40          -0.048771
189.60          -0.048790
189.80          -0.048812
190.00          -0.048839
190.20          -0.048871
190.40          -0.048907
190.60          -0.048947
190.80          -0.048991
191.00          -0.049039
191.20          -0.049092
191.40          -0.049148
191.60          -0.049209
191.80          -0.049273
192.00          -0.049342
192.20          -0.049414
192.40          -0.049490
192.60          -0.049570
192.80          -0.049654
193.00          -0.049742
193.20          -0.049833
193.40          -0.049929
193.60          -0.050027
193.80          -0.050130
194.00          -0.050236
194.20          -0.050346
194.40          -0.050459
194.60          -0.050576
194.80          -0.050696
195.00          -0.050820
195.20          -0.050947
195.40          -0.051078
195.60          -0.051212
195.80          -0.051350
196.00          -0.051491
196.20          -0.051635
196.40          -0.051783
196.60          -0.051934
196.80          -0.052088
197.00          -0.052246
197.20          -0.052407
197.40          -0.052571
197.60          -0.052739
197.80          -0.052910
198.00          -0.053084
198.20          -0.053261
198.40          -0.053441
198.60          -0.053625
198.80          -0.053812
199.00          -0.054002
199.20          -0.054195
199.40          -0.054391
199.60          -0.054591
199.80          -0.054794
200.00          -0.054999
200.20          -0.055208
200.40          -0.055420
200.60          -0.055635
200.80          -0.055854
201.00          -0.056075
201.20          -0.056299
201.40          -0.056527
201.60          -0.056758
201.80          -0.056991
202.00          -0.057228
202.20          -0.057468
202.40          -0.057711
202.60          -0.057957
202.80          -0.058206
203.00          -0.058458
203.20          -0.058713
203.40          -0.058971
203.60          -0.059233
203.80          -0.059497
204.00          -0.059764
204.20          -0.060035
204.40          -0.060308
204.60          -0.060585
204.80          -0.060864
205.00          -0.061147
205.20          -0.061433
205.40          -0.061721
205.60          -0.062013
205.80          -0.062308
206.00          -0.062606
206.20          -0.062907
206.40          -0.063211
206.60          -0.063518
206.80          -0.063828
207.00          -0.064141
207.20          -0.064458
207.40          -0.064777
207.60          -0.065100
207.80          -0.065425
208.00          -0.065754
208.20          -0.066085
208.40          -0.066420
208.60          -0.066758
208.80          -0.067099
209.00          -0.067443
209.20          -0.067790
209.40          -0.068140
209.60          -0.068493
209.80          -0.068850
210.00          -0.069209
210.20          -0.069572
210.40          -0.069938
210.60          -0.070307
210.80          -0.070679
211.00          -0.071054
211.20          -0.071432
211.40          -0.071814
211.60          -0.072198
211.80          -0.072586
212.00          -0.072977
212.20          -0.073371
212.40          -0.073768
212.60          -0.074168
212.80          -0.074571
213.00          -0.074978
213.20          -0.075388
213.40          -0.075801
213.60          -0.076217
213.80          -0.076636
214.00          -0.077058
214.20          -0.077484
214.40          -0.077913
214.60          -0.078345
214.80          -0.078780
215.00          -0.079218
215.20          -0.079660
215.40          -0.080105
215.60          -0.080553
215.80          -0.081004
216.00          -0.081458
216.20          -0.081916
216.40          -0.082376
216.60          -0.082840
216.80          -0.083307
217.00          -0.083778
217.20          -0.084251
217.40          -0.084728
217.60          -0.085208
217.80          -0.085691
218.00          -0.086177
218.20          -0.086667
218.40          -0.087159
218.60          -0.087655
218.80          -0.088154
219.00          -0.088656
219.20          -0.089162
219.40          -0.089670
219.60          -0.090182
219.80          -0.090697
220.00          -0.091215
220.20          -0.091737
220.40          -0.092261
220.60          -0.092789
220.80          -0.093319
221.00          -0.093853
221.20          -0.094390
221.40          -0.094931
221.60          -0.095474
221.80          -0.096020
222.00          -0.096570
222.20          -0.097122
222.40          -0.097678
222.60          -0.098237
222.80          -0.098799
223.00          -0.099364
223.20          -0.099932
223.40          -0.10050
223.60          -0.10108
223.80          -0.10165
224.00          -0.10223
224.20          -0.10282
224.40          -0.10340
224.60          -0.10399
224.80          -0.10458
225.00          -0.10518
