175.00          -0.11099
175.20          -0.11292
175.40          -0.11492
175.60          -0.11698
175.80          -0.11912
176.00          -0.12133
176.20          -0.12363
176.40          -0.12600
176.60          -0.12846
176.80          -0.13101
177.00          -0.13365
177.20          -0.13638
177.40          -0.13922
177.60          -0.14215
177.80          -0.14519
178.00          -0.14834
178.20          -0.15160
178.40          -0.15497
178.60          -0.15846
178.80          -0.16207
179.00          -0.16580
179.20          -0.16965
179.40          -0.17362
179.60          -0.17772
179.80          -0.18194
180.00          -0.18628
180.20          -0.19073
180.40          -0.19530
180.60          -0.19997
180.80          -0.20474
181.00          -0.20959
181.20          -0.21452
181.40          -0.21951
181.60          -0.22454
181.80          -0.22959
182.00          -0.23464
182.20          -0.23966
182.40          -0.24461
182.60          -0.24946
182.80          -0.25419
183.00          -0.25873
183.20          -0.26306
183.40          -0.26713
183.60          -0.27089
183.80          -0.27429
184.00          -0.27729
184.20          -0.27985
184.40          -0.28191
184.60          -0.28345
184.80          -0.28444
185.00          -0.28483
185.20          -0.28463
185.40          -0.28382
185.60          -0.28240
185.80          -0.28037
186.00          -0.27776
186.20          -0.27459
186.40          -0.27089
186.60          -0.26671
186.80          -0.26209
187.00          -0.25708
187.20          -0.25173
187.40          -0.24610
187.60          -0.24023
187.80          -0.23419
188.00          -0.22803
188.20          -0.22178
188.40          -0.21550
188.60          -0.20922
188.80          -0.20298
189.00          -0.19681
189.20          -0.19074
189.40          -0.18479
189.60          -0.17899
189.80          -0.17333
190.00          -0.16785
190.20          -0.16254
190.40          -0.15742
190.60          -0.15248
190.80          -0.14773
191.00          -0.14317
191.20          -0.13880
191.40          -0.13461
191.60          -0.13061
191.80          -0.12678
192.00          -0.12312
192.20          -0.11964
192.40          -0.11631
192.60          -0.11314
192.80          -0.11013
193.00          -0.10725
193.20          -0.10451
193.40          -0.10191
193.60          -0.099432
193.80          -0.097075
194.00          -0.094832
194.20          -0.092700
194.40          -0.090671
194.60          -0.088742
194.80          -0.086907
195.00          -0.085163
195.20          -0.083504
195.40          -0.081926
195.60          -0.080426
195.80          -0.078999
196.00          -0.077642
196.20          -0.076352
196.40          -0.075125
196.60          -0.073959
196.80          -0.072850
197.00          -0.071796
197.20          -0.070793
197.40          -0.069841
197.60          -0.068936
197.80          -0.068076
198.00          -0.067260
198.20          -0.066485
198.40          -0.065749
198.60          -0.065052
198.80          -0.064391
199.00          -0.063766
199.20          -0.063174
199.40          -0.062615
199.60          -0.062088
199.80          -0.061592
200.00          -0.061125
200.20          -0.060688
200.40          -0.060280
200.60          -0.059899
200.80          -0.059547
201.00          -0.059223
201.20          -0.058927
201.40          -0.058659
201.60          -0.058421
201.80          -0.058212
202.00          -0.058035
202.20          -0.057892
202.40          -0.057784
202.60          -0.057715
202.80          -0.057689
203.00          -0.057713
203.20          -0.057793
203.40          -0.057940
203.60          -0.058168
203.80          -0.058496
204.00          -0.058952
204.20          -0.059576
204.40          -0.060429
204.60          -0.061609
204.80          -0.063276
205.00          -0.065718
205.20          -0.069498
205.40          -0.075851
205.60          -0.088040
205.80          -0.11751
206.00          -0.23483
206.20          -3.8848
206.40          -0.26425
206.60          -0.077386
206.80          -0.054297
207.00          -0.048408
207.20          -0.046482
207.40          -0.045816
207.60          -0.045625
207.80          -0.045628
208.00          -0.045712
208.20          -0.045828
208.40          -0.045954
208.60          -0.046079
208.80          -0.046199
209.00          -0.046311
209.20          -0.046416
209.40          -0.046513
209.60          -0.046603
209.80          -0.046688
210.00          -0.046767
210.20          -0.046841
210.40          -0.046912
210.60          -0.046978
210.80          -0.047042
211.00          -0.047103
211.20          -0.047163
211.40          -0.047220
211.60          -0.047276
211.80          -0.047330
212.00          -0.047384
212.20          -0.047437
212.40          -0.047489
212.60          -0.047541
212.80          -0.047593
213.00          -0.047644
213.20          -0.047695
213.40          -0.047746
213.60          -0.047798
213.80          -0.047849
214.00          -0.047901
214.20          -0.047952
214.40          -0.048005
214.60          -0.048057
214.80          -0.048110
215.00          -0.048163
215.20          -0.048217
215.40          -0.048271
215.60          -0.048325
215.80          -0.048380
216.00          -0.048436
216.20          -0.048492
216.40          -0.048548
216.60          -0.048605
216.80          -0.048662
217.00          -0.048720
217.20          -0.048778
217.40          -0.048837
217.60          -0.048897
217.80          -0.048956
218.00          -0.049017
218.20          -0.049077
218.40          -0.049139
218.60          -0.049200
218.80          -0.049263
219.00          -0.049325
219.20          -0.049389
219.40          -0.049452
219.60          -0.049516
219.80          -0.049581
220.00          -0.049646
220.20          -0.049711
220.40          -0.049777
220.60          -0.049843
220.80          -0.049910
221.00          -0.049977
221.20          -0.050044
221.40          -0.050112
221.60          -0.050180
221.80          -0.050249
222.00          -0.050318
222.20          -0.050388
222.40          -0.050457
222.60          -0.050528
222.80          -0.050598
223.00          -0.050669
223.20          -0.050741
223.40          -0.050812
223.60          -0.050884
223.80          -0.050957
224.00          -0.051030
224.20          -0.051103
224.40          -0.051177
224.60          -0.051250
224.80          -0.051325
225.00          -0.051400
