175.00          -0.082161
175.20          -0.082730
175.40          -0.083309
175.60          -0.083898
175.80          -0.084498
176.00          -0.085108
176.20          -0.085728
176.40          -0.086360
176.60          -0.087004
176.80          -0.087659
177.00          -0.088326
177.20          -0.089006
177.40          -0.089698
177.60          -0.090403
177.80          -0.091121
178.00          -0.091853
178.20          -0.092598
178.40          -0.093358
178.60          -0.094133
178.80          -0.094922
179.00          -0.095727
179.20          -0.096547
179.40          -0.097384
179.60          -0.098236
179.80          -0.099106
180.00          -0.099992
180.20          -0.10090
180.40          -0.10182
180.60          -0.10276
180.80          -0.10372
181.00          -0.10469
181.20          -0.10569
181.40          -0.10671
181.60          -0.10774
181.80          -0.10880
182.00          -0.10988
182.20          -0.11098
182.40          -0.11210
182.60          -0.11324
182.80          -0.11440
183.00          -0.11559
183.20          -0.11680
183.40          -0.11803
183.60          -0.11928
183.80          -0.12056
184.00          -0.12185
184.20          -0.12318
184.40          -0.12452
184.60          -0.12589
184.80          -0.12728
185.00          -0.12869
185.20          -0.13012
185.40          -0.13158
185.60          -0.13305
185.80          -0.13455
186.00          -0.13606
186.20          -0.13760
186.40          -0.13915
186.60          -0.14072
186.80          -0.14230
187.00          -0.14390
187.20          -0.14551
187.40          -0.14713
187.60          -0.14876
187.80          -0.15039
188.00          -0.15203
188.20          -0.15367
188.40          -0.15530
188.60          -0.15693
188.80          -0.15855
189.00          -0.16016
189.20          -0.16176
189.40          -0.16333
189.60          -0.16488
189.80          -0.16640
190.00          -0.16789
190.20          -0.16933
190.40          -0.17074
190.60          -0.17209
190.80          -0.17339
191.00          -0.17463
191.20          -0.17581
191.40          -0.17691
191.60          -0.17794
191.80          -0.17889
192.00          -0.17974
192.20          -0.18051
192.40          -0.18118
192.60          -0.18175
192.80          -0.18221
193.00          -0.18257
193.20          -0.18281
193.40          -0.18294
193.60          -0.18294
193.80          -0.18283
194.00          -0.18260
194.20          -0.18225
194.40          -0.18177
194.60          -0.18118
194.80          -0.18046
195.00          -0.17963
195.20          -0.17869
195.40          -0.17764
195.60          -0.17648
195.80          -0.17521
196.00          -0.17385
196.20          -0.17240
196.40          -0.17087
196.60          -0.16925
196.80          -0.16756
197.00          -0.16580
197.20          -0.16397
197.40          -0.16210
197.60          -0.16017
197.80          -0.15821
198.00          -0.15621
198.20          -0.15418
198.40          -0.15212
198.60          -0.15005
198.80          -0.14797
199.00          -0.14588
199.20          -0.14378
199.40          -0.14170
199.60          -0.13961
199.80          -0.13754
200.00          -0.13549
200.20          -0.13345
200.40          -0.13144
200.60          -0.12945
200.80          -0.12749
201.00          -0.12555
201.20          -0.12365
201.40          -0.12178
201.60          -0.11994
201.80          -0.11814
202.00          -0.11638
202.20          -0.11465
202.40          -0.11296
202.60          -0.11131
202.80          -0.10969
203.00          -0.10812
203.20          -0.10658
203.40          -0.10508
203.60          -0.10362
203.80          -0.10220
204.00          -0.10082
204.20          -0.099472
204.40          -0.098163
204.60          -0.096889
204.80          -0.095651
205.00          -0.094447
205.20          -0.093278
205.40          -0.092143
205.60          -0.091040
205.80          -0.089969
206.00          -0.088930
206.20          -0.087921
206.40          -0.086942
206.60          -0.085992
206.80          -0.085071
207.00          -0.084177
207.20          -0.083309
207.40          -0.082468
207.60          -0.081652
207.80          -0.080860
208.00          -0.080093
208.20          -0.079348
208.40          -0.078626
208.60          -0.077926
208.80          -0.077247
209.00          -0.076588
209.20          -0.075949
209.40          -0.075330
209.60          -0.074729
209.80          -0.074146
210.00          -0.073581
210.20          -0.073033
210.40          -0.072501
210.60          -0.071985
210.80          -0.071485
211.00          -0.071000
211.20          -0.070529
211.40          -0.070072
211.60          -0.069628
211.80          -0.069198
212.00          -0.068780
212.20          -0.068375
212.40          -0.067982
212.60          -0.067600
212.80          -0.067229
213.00          -0.066869
213.20          -0.066520
213.40          -0.066181
213.60          -0.065852
213.80          -0.065532
214.00          -0.065222
214.20          -0.064920
214.40          -0.064627
214.60          -0.064343
214.80          -0.064066
215.00          -0.063798
215.20          -0.063537
215.40          -0.063284
215.60          -0.063038
215.80          -0.062798
216.00          -0.062566
216.20          -0.062340
216.40          -0.062121
216.60          -0.061907
216.80          -0.061700
217.00          -0.061498
217.20          -0.061302
217.40          -0.061112
217.60          -0.060926
217.80          -0.060746
218.00          -0.060571
218.20          -0.060401
218.40          -0.060235
218.60          -0.060074
218.80          -0.059918
219.00          -0.059765
219.20          -0.059617
219.40          -0.059473
219.60          -0.059333
219.80          -0.059197
220.00          -0.059064
220.20          -0.058936
220.40          -0.058810
220.60          -0.058688
220.80          -0.058570
221.00          -0.058454
221.20          -0.058342
221.40          -0.058233
221.60          -0.058126
221.80          -0.058023
222.00          -0.057923
222.20          -0.057825
222.40          -0.057730
222.60          -0.057637
222.80          -0.057547
223.00          -0.057460
223.20          -0.057375
223.40          -0.057292
223.60          -0.057211
223.80          -0.057133
224.00          -0.057057
224.20          -0.056983
224.40          -0.056911
224.60          -0.056841
224.80          -0.056773
225.00          -0.056706
