175.00          -0.044314
175.20          -0.044553
175.40          -0.044795
175.60          -0.045043
175.80          -0.045294
176.00          -0.045551
176.20          -0.045812
176.40          -0.046078
176.60          -0.046349
176.80          -0.046625
177.00          -0.046907
177.20          -0.047195
177.40          -0.047489
177.60          -0.047789
177.80          -0.048095
178.00          -0.048408
178.20          -0.048728
178.40          -0.049055
178.60          -0.049390
178.80          -0.049732
179.00          -0.050083
179.20          -0.050442
179.40          -0.050810
179.60          -0.051187
179.80          -0.051574
180.00          -0.051971
180.20          -0.052378
180.40          -0.052797
180.60          -0.053227
180.80          -0.053670
181.00          -0.054125
181.20          -0.054593
181.40          -0.055075
181.60          -0.055573
181.80          -0.056085
182.00          -0.056614
182.20          -0.057160
182.40          -0.057724
182.60          -0.058308
182.80          -0.058911
183.00          -0.059536
183.20          -0.060183
183.40          -0.060854
183.60          -0.061550
183.80          -0.062273
184.00          -0.063025
184.20          -0.063806
184.40          -0.064620
184.60          -0.065468
184.80          -0.066353
185.00          -0.067276
185.20          -0.068241
185.40          -0.069251
185.60          -0.070309
185.80          -0.071417
186.00          -0.072581
186.20          -0.073805
186.40          -0.075092
186.60          -0.076448
186.80          -0.077879
187.00          -0.079390
187.20          -0.080989
187.40          -0.082683
187.60          -0.084481
187.80          -0.086393
188.00          -0.088427
188.20          -0.090598
188.40          -0.092917
188.60          -0.095400
188.80          -0.098063
189.00          -0.10093
189.20          -0.10401
189.40          -0.10734
189.60          -0.11095
189.80          -0.11486
190.00          -0.11912
190.20          -0.12377
190.40          -0.12886
190.60          -0.13444
190.80          -0.14060
191.00          -0.14740
191.20          -0.15495
191.40          -0.16335
191.60          -0.17276
191.80          -0.18332
192.00          -0.19523
192.20          -0.20875
192.40          -0.22415
192.60          -0.24179
192.80          -0.26212
193.00          -0.28566
193.20          -0.31308
193.40          -0.34519
193.60          -0.38297
193.80          -0.42762
194.00          -0.48051
194.20          -0.54314
194.40          -0.61699
194.60          -0.70308
194.80          -0.80118
195.00          -0.90854
195.20          -1.0181
195.40          -1.1173
195.60          -1.1885
195.80          -1.2146
196.00          -1.1869
196.20          -1.1105
196.40          -1.0018
196.60          -0.88010
196.80          -0.76057
197.00          -0.65203
197.20          -0.55802
197.40          -0.47875
197.60          -0.41287
197.80          -0.35846
198.00          -0.31358
198.20          -0.27650
198.40          -0.24575
198.60          -0.22013
198.80          -0.19868
199.00          -0.18064
199.20          -0.16538
199.40          -0.15243
199.60          -0.14139
199.80          -0.13196
200.00          -0.12388
200.20          -0.11696
200.40          -0.11104
200.60          -0.10601
200.80          -0.10176
201.00          -0.098230
201.20          -0.095397
201.40          -0.093256
201.60          -0.091855
201.80          -0.091308
202.00          -0.091848
202.20          -0.093930
202.40          -0.098489
202.60          -0.10765
202.80          -0.12715
203.00          -0.17764
203.20          -0.39089
203.40          -3.9418
203.60          -0.32281
203.80          -0.098875
204.00          -0.064938
204.20          -0.055196
204.40          -0.051454
204.60          -0.049736
204.80          -0.048836
205.00          -0.048310
205.20          -0.047971
205.40          -0.047733
205.60          -0.047554
205.80          -0.047413
206.00          -0.047297
206.20          -0.047200
206.40          -0.047119
206.60          -0.047050
206.80          -0.046993
207.00          -0.046947
207.20          -0.046910
207.40          -0.046883
207.60          -0.046864
207.80          -0.046853
208.00          -0.046850
208.20          -0.046855
208.40          -0.046867
208.60          -0.046886
208.80          -0.046912
209.00          -0.046944
209.20          -0.046982
209.40          -0.047025
209.60          -0.047075
209.80          -0.047129
210.00          -0.047188
210.20          -0.047252
210.40          -0.047321
210.60          -0.047394
210.80          -0.047471
211.00          -0.047552
211.20          -0.047637
211.40          -0.047725
211.60          -0.047817
211.80          -0.047912
212.00          -0.048010
212.20          -0.048112
212.40          -0.048216
212.60          -0.048323
212.80          -0.048432
213.00          -0.048545
213.20          -0.048659
213.40          -0.048776
213.60          -0.048895
213.80          -0.049017
214.00          -0.049140
214.20          -0.049266
214.40          -0.049393
214.60          -0.049523
214.80          -0.049654
215.00          -0.049787
215.20          -0.049922
215.40          -0.050058
215.60          -0.050196
215.80          -0.050336
216.00          -0.050477
216.20          -0.050620
216.40          -0.050764
216.60          -0.050910
216.80          -0.051057
217.00          -0.051206
217.20          -0.051356
217.40          -0.051507
217.60          -0.051660
217.80          -0.051814
218.00          -0.051969
218.20          -0.052126
218.40          -0.052284
218.60          -0.052443
218.80          -0.052603
219.00          -0.052765
219.20          -0.052928
219.40          -0.053092
219.60          -0.053258
219.80          -0.053425
220.00          -0.053593
220.20          -0.053763
220.40          -0.053934
220.60          -0.054106
220.80          -0.054280
221.00          -0.054455
221.20          -0.054631
221.40          -0.054809
221.60          -0.054989
221.80          -0.055170
222.00          -0.055352
222.20          -0.055537
222.40          -0.055723
222.60          -0.055911
222.80          -0.056101
223.00          -0.056293
223.20          -0.056487
223.40          -0.056683
223.60          -0.056883
223.80          -0.057086
224.00          -0.057293
224.20          -0.057505
224.40          -0.057727
224.60          -0.057967
224.80          -0.058259
225.00          -0.058868
