175.00          -0.060044
175.20          -0.060283
175.40          -0.060523
175.60          -0.060765
175.80          -0.061009
176.00          -0.061254
176.20          -0.061501
176.40          -0.061749
176.60          -0.061999
176.80          -0.062251
177.00          -0.062505
177.20          -0.062760
177.40          -0.063018
177.60          -0.063277
177.80          -0.063538
178.00          -0.063800
178.20          -0.064065
178.40          -0.064332
178.60          -0.064600
178.80          -0.064871
179.00          -0.065144
179.20          -0.065418
179.40          -0.065695
179.60          -0.065974
179.80          -0.066255
180.00          -0.066538
180.20          -0.066824
180.40          -0.067112
180.60          -0.067402
180.80          -0.067694
181.00          -0.067989
181.20          -0.068287
181.40          -0.068586
181.60          -0.068889
181.80          -0.069194
182.00          -0.069501
182.20          -0.069812
182.40          -0.070125
182.60          -0.070440
182.80          -0.070759
183.00          -0.071080
183.20          -0.071405
183.40          -0.071732
183.60          -0.072063
183.80          -0.072396
184.00          -0.072733
184.20          -0.073073
184.40          -0.073417
184.60          -0.073763
184.80          -0.074113
185.00          -0.074467
185.20          -0.074825
185.40          -0.075186
185.60          -0.075550
185.80          -0.075919
186.00          -0.076292
186.20          -0.076668
186.40          -0.077049
186.60          -0.077434
186.80          -0.077823
187.00          -0.078217
187.20          -0.078615
187.40          -0.079018
187.60          -0.079426
187.80          -0.079838
188.00          -0.080256
188.20          -0.080678
188.40          -0.081106
188.60          -0.081539
188.80          -0.081978
189.00          -0.082422
189.20          -0.082872
189.40          -0.083328
189.60          -0.083790
189.80          -0.084259
190.00          -0.084734
190.20          -0.085215
190.40          -0.085703
190.60          -0.086198
190.80          -0.086701
191.00          -0.087210
191.20          -0.087728
191.40          -0.088253
191.60          -0.088786
191.80          -0.089328
192.00          -0.089878
192.20          -0.090436
192.40          -0.091004
192.60          -0.091581
192.80          -0.092168
193.00          -0.092765
193.20          -0.093372
193.40          -0.093989
193.60          -0.094618
193.80          -0.095257
194.00          -0.095908
194.20          -0.096572
194.40          -0.097247
194.60          -0.097936
194.80          -0.098637
195.00          -0.099353
195.20          -0.10008
195.40          -0.10083
195.60          -0.10159
195.80          -0.10236
196.00          -0.10315
196.20          -0.10396
196.40          -0.10479
196.60          -0.10563
196.80          -0.10649
197.00          -0.10738
197.20          -0.10828
197.40          -0.10920
197.60          -0.11015
197.80          -0.11112
198.00          -0.11211
198.20          -0.11313
198.40          -0.11417
198.60          -0.11524
198.80          -0.11634
199.00          -0.11746
199.20          -0.11862
199.40          -0.11981
199.60          -0.12103
199.80          -0.12228
200.00          -0.12357
200.20          -0.12490
200.40          -0.12627
200.60          -0.12768
200.80          -0.12913
201.00          -0.13062
201.20          -0.13217
201.40          -0.13376
201.60          -0.13540
201.80          -0.13709
202.00          -0.13885
202.20          -0.14066
202.40          -0.14253
202.60          -0.14447
202.80          -0.14647
203.00          -0.14855
203.20          -0.15070
203.40          -0.15293
203.60          -0.15525
203.80          -0.15765
204.00          -0.16015
204.20          -0.16274
204.40          -0.16543
204.60          -0.16823
204.80          -0.17114
205.00          -0.17418
205.20          -0.17733
205.40          -0.18062
205.60          -0.18405
205.80          -0.18763
206.00          -0.19136
206.20          -0.19525
206.40          -0.19932
206.60          -0.20356
206.80          -0.20800
207.00          -0.21263
207.20          -0.21747
207.40          -0.22254
207.60          -0.22783
207.80          -0.23336
208.00          -0.23915
208.20          -0.24520
208.40          -0.25152
208.60          -0.25812
208.80          -0.26501
209.00          -0.27219
209.20          -0.27969
209.40          -0.28748
209.60          -0.29559
209.80          -0.30401
210.00          -0.31272
210.20          -0.32173
210.40          -0.33100
210.60          -0.34053
210.80          -0.35028
211.00          -0.36020
211.20          -0.37025
211.40          -0.38036
211.60          -0.39046
211.80          -0.40046
212.00          -0.41026
212.20          -0.41975
212.40          -0.42880
212.60          -0.43727
212.80          -0.44503
213.00          -0.45194
213.20          -0.45783
213.40          -0.46260
213.60          -0.46610
213.80          -0.46823
214.00          -0.46893
214.20          -0.46814
214.40          -0.46584
214.60          -0.46205
214.80          -0.45683
215.00          -0.45026
215.20          -0.44245
215.40          -0.43354
215.60          -0.42367
215.80          -0.41302
216.00          -0.40174
216.20          -0.38999
216.40          -0.37793
216.60          -0.36570
216.80          -0.35343
217.00          -0.34123
217.20          -0.32919
217.40          -0.31741
217.60          -0.30594
217.80          -0.29483
218.00          -0.28412
218.20          -0.27384
218.40          -0.26401
218.60          -0.25463
218.80          -0.24570
219.00          -0.23722
219.20          -0.22918
219.40          -0.22158
219.60          -0.21439
219.80          -0.20761
220.00          -0.20120
220.20          -0.19517
220.40          -0.18948
220.60          -0.18413
220.80          -0.17908
221.00          -0.17434
221.20          -0.16987
221.40          -0.16566
221.60          -0.16170
221.80          -0.15797
222.00          -0.15446
222.20          -0.15116
222.40          -0.14805
222.60          -0.14511
222.80          -0.14235
223.00          -0.13974
223.20          -0.13729
223.40          -0.13497
223.60          -0.13279
223.80          -0.13073
224.00          -0.12878
224.20          -0.12694
224.40          -0.12521
224.60          -0.12357
224.80          -0.12202
225.00          -0.12055
