175.00          -0.011782
175.20          -0.011789
175.40          -0.011796
175.60          -0.011803
175.80          -0.011809
176.00          -0.011816
176.20          -0.011823
176.40          -0.011830
176.60          -0.011837
176.80          -0.011844
177.00          -0.011850
177.20          -0.011857
177.40          -0.011864
177.60          -0.011871
177.80          -0.011878
178.00          -0.011885
178.20          -0.011892
178.40          -0.011899
178.60          -0.011906
178.80          -0.011913
179.00          -0.011920
179.20          -0.011927
179.40          -0.011934
179.60          -0.011941
179.80          -0.011948
180.00          -0.011955
180.20          -0.011962
180.40          -0.011969
180.60          -0.011976
180.80          -0.011983
181.00          -0.011990
181.20          -0.011997
181.40          -0.012004
181.60          -0.012012
181.80          -0.012019
182.00          -0.012026
182.20          -0.012033
182.40          -0.012040
182.60          -0.012048
182.80          -0.012055
183.00          -0.012062
183.20          -0.012069
183.40          -0.012077
183.60          -0.012084
183.80          -0.012091
184.00          -0.012098
184.20          -0.012106
184.40          -0.012113
184.60          -0.012120
184.80          -0.012128
185.00          -0.012135
185.20          -0.012143
185.40          -0.012150
185.60          -0.012157
185.80          -0.012165
186.00          -0.012172
186.20          -0.012180
186.40          -0.012187
186.60          -0.012195
186.80          -0.012202
187.00          -0.012210
187.20          -0.012217
187.40          -0.012225
187.60          -0.012232
187.80          -0.012240
188.00          -0.012247
188.20          -0.012255
188.40          -0.012262
188.60          -0.012270
188.80          -0.012278
189.00          -0.012285
189.20          -0.012293
189.40          -0.012301
189.60          -0.012308
189.80          -0.012316
190.00          -0.012324
190.20          -0.012332
190.40          -0.012339
190.60          -0.012347
190.80          -0.012355
191.00          -0.012363
191.20          -0.012370
191.40          -0.012378
191.60          -0.012386
191.80          -0.012394
192.00          -0.012402
192.20          -0.012410
192.40          -0.012418
192.60          -0.012426
192.80          -0.012434
193.00          -0.012442
193.20          -0.012449
193.40          -0.012457
193.60          -0.012465
193.80          -0.012473
194.00          -0.012482
194.20          -0.012490
194.40          -0.012498
194.60          -0.012506
194.80          -0.012514
195.00          -0.012522
195.20          -0.012530
195.40          -0.012538
195.60          -0.012546
195.80          -0.012555
196.00          -0.012563
196.20          -0.012571
196.40          -0.012579
196.60          -0.012588
196.80          -0.012596
197.00          -0.012604
197.20          -0.012613
197.40          -0.012621
197.60          -0.012629
197.80          -0.012638
198.00          -0.012646
198.20          -0.012654
198.40          -0.012663
198.60          -0.012671
198.80          -0.012680
199.00          -0.012688
199.20          -0.012697
199.40          -0.012706
199.60          -0.012714
199.80          -0.012723
200.00          -0.012731
200.20          -0.012740
200.40          -0.012749
200.60          -0.012757
200.80          -0.012766
201.00          -0.012775
201.20          -0.012784
201.40          -0.012793
201.60          -0.012802
201.80          -0.012811
202.00          -0.012819
202.20          -0.012828
202.40          -0.012838
202.60          -0.012847
202.80          -0.012856
203.00          -0.012865
203.20          -0.012874
203.40          -0.012884
203.60          -0.012893
203.80          -0.012903
204.00          -0.012912
204.20          -0.012922
204.40          -0.012933
204.60          -0.012943
204.80          -0.012954
205.00          -0.012966
205.20          -0.012979
205.40          -0.012995
205.60          -0.013017
205.80          -0.013058
206.00          -0.013209
206.20          -0.027376
206.40          -0.013096
206.60          -0.013029
206.80          -0.013029
207.00          -0.013037
207.20          -0.013047
207.40          -0.013057
207.60          -0.013067
207.80          -0.013077
208.00          -0.013087
208.20          -0.013097
208.40          -0.013107
208.60          -0.013118
208.80          -0.013128
209.00          -0.013138
209.20          -0.013148
209.40          -0.013158
209.60          -0.013169
209.80          -0.013179
210.00          -0.013189
210.20          -0.013200
210.40          -0.013210
210.60          -0.013221
210.80          -0.013231
211.00          -0.013242
211.20          -0.013252
211.40          -0.013263
211.60          -0.013274
211.80          -0.013285
212.00          -0.013296
212.20          -0.013307
212.40          -0.013318
212.60          -0.013329
212.80          -0.013340
213.00          -0.013352
213.20          -0.013363
213.40          -0.013375
213.60          -0.013387
213.80          -0.013399
214.00          -0.013410
214.20          -0.013423
214.40          -0.013435
214.60          -0.013447
214.80          -0.013460
215.00          -0.013473
215.20          -0.013485
215.40          -0.013499
215.60          -0.013512
215.80          -0.013525
216.00          -0.013539
216.20          -0.013553
216.40          -0.013568
216.60          -0.013582
216.80          -0.013597
217.00          -0.013612
217.20          -0.013628
217.40          -0.013644
217.60          -0.013661
217.80          -0.013678
218.00          -0.013695
218.20          -0.013713
218.40          -0.013732
218.60          -0.013751
218.80          -0.013772
219.00          -0.013793
219.20          -0.013815
219.40          -0.013838
219.60          -0.013862
219.80          -0.013888
220.00          -0.013916
220.20          -0.013945
220.40          -0.013976
220.60          -0.014010
220.80          -0.014046
221.00          -0.014086
221.20          -0.014130
221.40          -0.014178
221.60          -0.014232
221.80          -0.014292
222.00          -0.014361
222.20          -0.014440
222.40          -0.014532
222.60          -0.014640
222.80          -0.014771
223.00          -0.014929
223.20          -0.015127
223.40          -0.015381
223.60          -0.015714
223.80          -0.016170
224.00          -0.016820
224.20          -0.017805
224.40          -0.019417
224.60          -0.022364
224.80          -0.028766
225.00          -0.047653
