175.00          -0.019331
175.20          -0.019391
175.40          -0.019451
175.60          -0.019512
175.80          -0.019574
176.00          -0.019637
176.20          -0.019701
176.40          -0.019765
176.60          -0.019831
176.80          -0.019897
177.00          -0.019965
177.20          -0.020033
177.40          -0.020102
177.60          -0.020173
177.80          -0.020245
178.00          -0.020317
178.20          -0.020391
178.40          -0.020466
178.60          -0.020542
178.80          -0.020620
179.00          -0.020699
179.20          -0.020779
179.40          -0.020860
179.60          -0.020943
179.80          -0.021027
180.00          -0.021113
180.20          -0.021200
180.40          -0.021289
180.60          -0.021380
180.80          -0.021472
181.00          -0.021566
181.20          -0.021662
181.40          -0.021760
181.60          -0.021859
181.80          -0.021961
182.00          -0.022065
182.20          -0.022171
182.40          -0.022279
182.60          -0.022389
182.80          -0.022502
183.00          -0.022617
183.20          -0.022735
183.40          -0.022855
183.60          -0.022979
183.80          -0.023105
184.00          -0.023234
184.20          -0.023366
184.40          -0.023501
184.60          -0.023640
184.80          -0.023782
185.00          -0.023928
185.20          -0.024078
185.40          -0.024231
185.60          -0.024389
185.80          -0.024551
186.00          -0.024717
186.20          -0.024889
186.40          -0.025065
186.60          -0.025246
186.80          -0.025432
187.00          -0.025624
187.20          -0.025822
187.40          -0.026026
187.60          -0.026237
187.80          -0.026454
188.00          -0.026679
188.20          -0.026911
188.40          -0.027150
188.60          -0.027398
188.80          -0.027655
189.00          -0.027921
189.20          -0.028197
189.40          -0.028483
189.60          -0.028780
189.80          -0.029088
190.00          -0.029408
190.20          -0.029741
190.40          -0.030088
190.60          -0.030450
190.80          -0.030826
191.00          -0.031219
191.20          -0.031630
191.40          -0.032059
191.60          -0.032508
191.80          -0.032978
192.00          -0.033471
192.20          -0.033988
192.40          -0.034532
192.60          -0.035103
192.80          -0.035705
193.00          -0.036339
193.20          -0.037008
193.40          -0.037715
193.60          -0.038463
193.80          -0.039255
194.00          -0.040096
194.20          -0.040990
194.40          -0.041941
194.60          -0.042954
194.80          -0.044037
195.00          -0.045194
195.20          -0.046435
195.40          -0.047767
195.60          -0.049200
195.80          -0.050746
196.00          -0.052416
196.20          -0.054224
196.40          -0.056189
196.60          -0.058327
196.80          -0.060662
197.00          -0.063219
197.20          -0.066027
197.40          -0.069123
197.60          -0.072546
197.80          -0.076347
198.00          -0.080584
198.20          -0.085328
198.40          -0.090662
198.60          -0.096692
198.80          -0.10354
199.00          -0.11137
199.20          -0.12037
199.40          -0.13079
199.60          -0.14294
199.80          -0.15721
200.00          -0.17411
200.20          -0.19431
200.40          -0.21867
200.60          -0.24835
200.80          -0.28485
201.00          -0.33019
201.20          -0.38697
201.40          -0.45847
201.60          -0.54848
201.80          -0.66045
202.00          -0.79522
202.20          -0.94611
202.40          -1.0918
202.60          -1.1939
202.80          -1.2123
203.00          -1.1361
203.20          -0.99481
203.40          -0.83267
203.60          -0.68131
203.80          -0.55394
204.00          -0.45207
204.20          -0.37238
204.40          -0.31045
204.60          -0.26232
204.80          -0.22483
205.00          -0.19569
205.20          -0.17336
205.40          -0.15720
205.60          -0.14797
205.80          -0.15083
206.00          -0.19560
206.20          -0.84825
206.40          -0.54000
206.60          -0.12298
206.80          -0.082863
207.00          -0.069188
207.20          -0.061633
207.40          -0.056391
207.60          -0.052324
207.80          -0.048983
208.00          -0.046148
208.20          -0.043697
208.40          -0.041550
208.60          -0.039653
208.80          -0.037965
209.00          -0.036457
209.20          -0.035103
209.40          -0.033883
209.60          -0.032780
209.80          -0.031780
210.00          -0.030872
210.20          -0.030044
210.40          -0.029290
210.60          -0.028600
210.80          -0.027968
211.00          -0.027389
211.20          -0.026857
211.40          -0.026367
211.60          -0.025917
211.80          -0.025501
212.00          -0.025118
212.20          -0.024764
212.40          -0.024437
212.60          -0.024134
212.80          -0.023854
213.00          -0.023594
213.20          -0.023354
213.40          -0.023131
213.60          -0.022924
213.80          -0.022733
214.00          -0.022555
214.20          -0.022390
214.40          -0.022236
214.60          -0.022094
214.80          -0.021963
215.00          -0.021841
215.20          -0.021727
215.40          -0.021623
215.60          -0.021526
215.80          -0.021436
216.00          -0.021353
216.20          -0.021277
216.40          -0.021206
216.60          -0.021142
216.80          -0.021082
217.00          -0.021028
217.20          -0.020978
217.40          -0.020933
217.60          -0.020892
217.80          -0.020854
218.00          -0.020821
218.20          -0.020791
218.40          -0.020765
218.60          -0.020741
218.80          -0.020721
219.00          -0.020704
219.20          -0.020689
219.40          -0.020677
219.60          -0.020667
219.80          -0.020660
220.00          -0.020655
220.20          -0.020652
220.40          -0.020651
220.60          -0.020652
220.80          -0.020655
221.00          -0.020659
221.20          -0.020666
221.40          -0.020674
221.60          -0.020683
221.80          -0.020694
222.00          -0.020707
222.20          -0.020721
222.40          -0.020736
222.60          -0.020753
222.80          -0.020771
223.00          -0.020791
223.20          -0.020811
223.40          -0.020833
223.60          -0.020856
223.80          -0.020880
224.00          -0.020905
224.20          -0.020931
224.40          -0.020958
224.60          -0.020987
224.80          -0.021016
225.00          -0.021046
