175.00          -0.048523
175.20          -0.047984
175.40          -0.047461
175.60          -0.046955
175.80          -0.046465
176.00          -0.045990
176.20          -0.045529
176.40          -0.045084
176.60          -0.044652
176.80          -0.044233
177.00          -0.043828
177.20          -0.043435
177.40          -0.043055
177.60          -0.042686
177.80          -0.042329
178.00          -0.041984
178.20          -0.041649
178.40          -0.041324
178.60          -0.041010
178.80          -0.040706
179.00          -0.040412
179.20          -0.040127
179.40          -0.039851
179.60          -0.039584
179.80          -0.039326
180.00          -0.039076
180.20          -0.038834
180.40          -0.038600
180.60          -0.038374
180.80          -0.038155
181.00          -0.037944
181.20          -0.037740
181.40          -0.037542
181.60          -0.037352
181.80          -0.037168
182.00          -0.036990
182.20          -0.036819
182.40          -0.036653
182.60          -0.036494
182.80          -0.036340
183.00          -0.036192
183.20          -0.036050
183.40          -0.035913
183.60          -0.035781
183.80          -0.035654
184.00          -0.035533
184.20          -0.035416
184.40          -0.035304
184.60          -0.035196
184.80          -0.035093
185.00          -0.034995
185.20          -0.034901
185.40          -0.034811
185.60          -0.034725
185.80          -0.034643
186.00          -0.034566
186.20          -0.034492
186.40          -0.034422
186.60          -0.034356
186.80          -0.034293
187.00          -0.034234
187.20          -0.034179
187.40          -0.034126
187.60          -0.034078
187.80          -0.034032
188.00          -0.033990
188.20          -0.033951
188.40          -0.033915
188.60          -0.033882
188.80          -0.033852
189.00          -0.033825
189.20          -0.033801
189.40          -0.033780
189.60          -0.033762
189.80          -0.033746
190.00          -0.033733
190.20          -0.033722
190.40          -0.033715
190.60          -0.033709
190.80          -0.033707
191.00          -0.033706
191.20          -0.033708
191.40          -0.033713
191.60          -0.033720
191.80          -0.033729
192.00          -0.033740
192.20          -0.033754
192.40          -0.033770
192.60          -0.033788
192.80          -0.033808
193.00          -0.033830
193.20          -0.033854
193.40          -0.033881
193.60          -0.033909
193.80          -0.033939
194.00          -0.033972
194.20          -0.034006
194.40          -0.034042
194.60          -0.034080
194.80          -0.034120
195.00          -0.034162
195.20          -0.034205
195.40          -0.034251
195.60          -0.034298
195.80          -0.034347
196.00          -0.034397
196.20          -0.034449
196.40          -0.034503
196.60          -0.034559
196.80          -0.034616
197.00          -0.034675
197.20          -0.034736
197.40          -0.034798
197.60          -0.034861
197.80          -0.034927
198.00          -0.034994
198.20          -0.035062
198.40          -0.035132
198.60          -0.035204
198.80          -0.035277
199.00          -0.035351
199.20          -0.035427
199.40          -0.035505
199.60          -0.035584
199.80          -0.035665
200.00          -0.035747
200.20          -0.035831
200.40          -0.035916
200.60          -0.036003
200.80          -0.036092
201.00          -0.036182
201.20          -0.036274
201.40          -0.036367
201.60          -0.036463
201.80          -0.036560
202.00          -0.036659
202.20          -0.036760
202.40          -0.036864
202.60          -0.036970
202.80          -0.037079
203.00          -0.037191
203.20          -0.037306
203.40          -0.037426
203.60          -0.037550
203.80          -0.037680
204.00          -0.037818
204.20          -0.037965
204.40          -0.038125
204.60          -0.038304
204.80          -0.038509
205.00          -0.038758
205.20          -0.039079
205.40          -0.039542
205.60          -0.040326
205.80          -0.042080
206.00          -0.049126
206.20          -0.55070
206.40          -0.045916
206.60          -0.039519
206.80          -0.038826
207.00          -0.038761
207.20          -0.038835
207.40          -0.038950
207.60          -0.039079
207.80          -0.039212
208.00          -0.039346
208.20          -0.039479
208.40          -0.039611
208.60          -0.039743
208.80          -0.039874
209.00          -0.040004
209.20          -0.040133
209.40          -0.040262
209.60          -0.040391
209.80          -0.040519
210.00          -0.040647
210.20          -0.040775
210.40          -0.040902
210.60          -0.041030
210.80          -0.041157
211.00          -0.041284
211.20          -0.041411
211.40          -0.041538
211.60          -0.041665
211.80          -0.041792
212.00          -0.041918
212.20          -0.042045
212.40          -0.042171
212.60          -0.042298
212.80          -0.042424
213.00          -0.042550
213.20          -0.042676
213.40          -0.042801
213.60          -0.042927
213.80          -0.043052
214.00          -0.043177
214.20          -0.043301
214.40          -0.043425
214.60          -0.043549
214.80          -0.043673
215.00          -0.043796
215.20          -0.043918
215.40          -0.044040
215.60          -0.044161
215.80          -0.044282
216.00          -0.044403
216.20          -0.044522
216.40          -0.044641
216.60          -0.044759
216.80          -0.044876
217.00          -0.044993
217.20          -0.045108
217.40          -0.045223
217.60          -0.045336
217.80          -0.045449
218.00          -0.045560
218.20          -0.045670
218.40          -0.045779
218.60          -0.045887
218.80          -0.045993
219.00          -0.046098
219.20          -0.046201
219.40          -0.046303
219.60          -0.046403
219.80          -0.046502
220.00          -0.046599
220.20          -0.046694
220.40          -0.046787
220.60          -0.046878
220.80          -0.046967
221.00          -0.047054
221.20          -0.047138
221.40          -0.047220
221.60          -0.047300
221.80          -0.047377
222.00          -0.047452
222.20          -0.047524
222.40          -0.047593
222.60          -0.047659
222.80          -0.047722
223.00          -0.047781
223.20          -0.047838
223.40          -0.047890
223.60          -0.047940
223.80          -0.047985
224.00          -0.048027
224.20          -0.048065
224.40          -0.048098
224.60          -0.048127
224.80          -0.048152
225.00          -0.048172
