175.00          -0.047666
175.20          -0.047156
175.40          -0.046662
175.60          -0.046184
175.80          -0.045720
176.00          -0.045271
176.20          -0.044836
176.40          -0.044414
176.60          -0.044006
176.80          -0.043610
177.00          -0.043227
177.20          -0.042856
177.40          -0.042496
177.60          -0.042147
177.80          -0.041810
178.00          -0.041483
178.20          -0.041166
178.40          -0.040860
178.60          -0.040563
178.80          -0.040275
179.00          -0.039997
179.20          -0.039728
179.40          -0.039467
179.60          -0.039215
179.80          -0.038971
180.00          -0.038735
180.20          -0.038507
180.40          -0.038286
180.60          -0.038073
180.80          -0.037866
181.00          -0.037667
181.20          -0.037475
181.40          -0.037289
181.60          -0.037109
181.80          -0.036936
182.00          -0.036769
182.20          -0.036608
182.40          -0.036453
182.60          -0.036303
182.80          -0.036159
183.00          -0.036021
183.20          -0.035888
183.40          -0.035759
183.60          -0.035636
183.80          -0.035518
184.00          -0.035405
184.20          -0.035296
184.40          -0.035192
184.60          -0.035092
184.80          -0.034997
185.00          -0.034906
185.20          -0.034819
185.40          -0.034736
185.60          -0.034657
185.80          -0.034582
186.00          -0.034511
186.20          -0.034444
186.40          -0.034381
186.60          -0.034321
186.80          -0.034264
187.00          -0.034211
187.20          -0.034162
187.40          -0.034116
187.60          -0.034073
187.80          -0.034033
188.00          -0.033996
188.20          -0.033963
188.40          -0.033932
188.60          -0.033905
188.80          -0.033880
189.00          -0.033858
189.20          -0.033839
189.40          -0.033823
189.60          -0.033809
189.80          -0.033798
190.00          -0.033790
190.20          -0.033785
190.40          -0.033781
190.60          -0.033781
190.80          -0.033783
191.00          -0.033787
191.20          -0.033793
191.40          -0.033802
191.60          -0.033813
191.80          -0.033827
192.00          -0.033842
192.20          -0.033860
192.40          -0.033880
192.60          -0.033902
192.80          -0.033927
193.00          -0.033953
193.20          -0.033981
193.40          -0.034012
193.60          -0.034044
193.80          -0.034078
194.00          -0.034115
194.20          -0.034153
194.40          -0.034193
194.60          -0.034235
194.80          -0.034278
195.00          -0.034324
195.20          -0.034371
195.40          -0.034420
195.60          -0.034471
195.80          -0.034523
196.00          -0.034578
196.20          -0.034633
196.40          -0.034691
196.60          -0.034750
196.80          -0.034811
197.00          -0.034874
197.20          -0.034938
197.40          -0.035003
197.60          -0.035071
197.80          -0.035140
198.00          -0.035210
198.20          -0.035282
198.40          -0.035355
198.60          -0.035431
198.80          -0.035507
199.00          -0.035585
199.20          -0.035665
199.40          -0.035746
199.60          -0.035828
199.80          -0.035913
200.00          -0.035998
200.20          -0.036086
200.40          -0.036174
200.60          -0.036265
200.80          -0.036357
201.00          -0.036450
201.20          -0.036546
201.40          -0.036643
201.60          -0.036741
201.80          -0.036842
202.00          -0.036945
202.20          -0.037050
202.40          -0.037157
202.60          -0.037266
202.80          -0.037378
203.00          -0.037493
203.20          -0.037612
203.40          -0.037735
203.60          -0.037862
203.80          -0.037996
204.00          -0.038136
204.20          -0.038287
204.40          -0.038450
204.60          -0.038631
204.80          -0.038839
205.00          -0.039090
205.20          -0.039413
205.40          -0.039875
205.60          -0.040656
205.80          -0.042399
206.00          -0.049388
206.20          -0.54786
206.40          -0.046218
206.60          -0.039884
206.80          -0.039201
207.00          -0.039140
207.20          -0.039218
207.40          -0.039337
207.60          -0.039469
207.80          -0.039605
208.00          -0.039742
208.20          -0.039879
208.40          -0.040015
208.60          -0.040150
208.80          -0.040284
209.00          -0.040417
209.20          -0.040550
209.40          -0.040683
209.60          -0.040815
209.80          -0.040946
210.00          -0.041078
210.20          -0.041209
210.40          -0.041340
210.60          -0.041471
210.80          -0.041601
211.00          -0.041732
211.20          -0.041862
211.40          -0.041993
211.60          -0.042123
211.80          -0.042253
212.00          -0.042383
212.20          -0.042513
212.40          -0.042643
212.60          -0.042773
212.80          -0.042902
213.00          -0.043032
213.20          -0.043161
213.40          -0.043290
213.60          -0.043418
213.80          -0.043547
214.00          -0.043675
214.20          -0.043803
214.40          -0.043930
214.60          -0.044057
214.80          -0.044184
215.00          -0.044310
215.20          -0.044435
215.40          -0.044560
215.60          -0.044685
215.80          -0.044809
216.00          -0.044932
216.20          -0.045054
216.40          -0.045176
216.60          -0.045297
216.80          -0.045417
217.00          -0.045536
217.20          -0.045654
217.40          -0.045771
217.60          -0.045888
217.80          -0.046003
218.00          -0.046116
218.20          -0.046229
218.40          -0.046340
218.60          -0.046450
218.80          -0.046559
219.00          -0.046666
219.20          -0.046772
219.40          -0.046875
219.60          -0.046978
219.80          -0.047078
220.00          -0.047177
220.20          -0.047273
220.40          -0.047368
220.60          -0.047461
220.80          -0.047551
221.00          -0.047639
221.20          -0.047725
221.40          -0.047808
221.60          -0.047889
221.80          -0.047967
222.00          -0.048042
222.20          -0.048114
222.40          -0.048184
222.60          -0.048250
222.80          -0.048313
223.00          -0.048373
223.20          -0.048429
223.40          -0.048481
223.60          -0.048530
223.80          -0.048575
224.00          -0.048615
224.20          -0.048652
224.40          -0.048684
224.60          -0.048712
224.80          -0.048735
225.00          -0.048753
