175.00          -0.27139
175.20          -0.27881
175.40          -0.28626
175.60          -0.29369
175.80          -0.30105
176.00          -0.30827
176.20          -0.31527
176.40          -0.32199
176.60          -0.32832
176.80          -0.33419
177.00          -0.33949
177.20          -0.34413
177.40          -0.34803
177.60          -0.35110
177.80          -0.35325
178.00          -0.35444
178.20          -0.35460
178.40          -0.35371
178.60          -0.35177
178.80          -0.34877
179.00          -0.34477
179.20          -0.33980
179.40          -0.33395
179.60          -0.32729
179.80          -0.31992
180.00          -0.31196
180.20          -0.30350
180.40          -0.29465
180.60          -0.28552
180.80          -0.27622
181.00          -0.26682
181.20          -0.25743
181.40          -0.24810
181.60          -0.23890
181.80          -0.22989
182.00          -0.22111
182.20          -0.21259
182.40          -0.20436
182.60          -0.19644
182.80          -0.18884
183.00          -0.18157
183.20          -0.17463
183.40          -0.16801
183.60          -0.16172
183.80          -0.15575
184.00          -0.15009
184.20          -0.14472
184.40          -0.13964
184.60          -0.13484
184.80          -0.13031
185.00          -0.12602
185.20          -0.12197
185.40          -0.11815
185.60          -0.11455
185.80          -0.11114
186.00          -0.10793
186.20          -0.10490
186.40          -0.10205
186.60          -0.099351
186.80          -0.096806
187.00          -0.094405
187.20          -0.092138
187.40          -0.089999
187.60          -0.087979
187.80          -0.086072
188.00          -0.084270
188.20          -0.082569
188.40          -0.080961
188.60          -0.079443
188.80          -0.078007
189.00          -0.076650
189.20          -0.075368
189.40          -0.074155
189.60          -0.073008
189.80          -0.071924
190.00          -0.070898
190.20          -0.069928
190.40          -0.069010
190.60          -0.068142
190.80          -0.067321
191.00          -0.066544
191.20          -0.065809
191.40          -0.065114
191.60          -0.064457
191.80          -0.063836
192.00          -0.063248
192.20          -0.062693
192.40          -0.062168
192.60          -0.061672
192.80          -0.061203
193.00          -0.060761
193.20          -0.060343
193.40          -0.059949
193.60          -0.059578
193.80          -0.059228
194.00          -0.058899
194.20          -0.058589
194.40          -0.058298
194.60          -0.058024
194.80          -0.057768
195.00          -0.057527
195.20          -0.057303
195.40          -0.057092
195.60          -0.056897
195.80          -0.056714
196.00          -0.056545
196.20          -0.056388
196.40          -0.056243
196.60          -0.056110
196.80          -0.055988
197.00          -0.055876
197.20          -0.055775
197.40          -0.055684
197.60          -0.055602
197.80          -0.055530
198.00          -0.055466
198.20          -0.055411
198.40          -0.055365
198.60          -0.055327
198.80          -0.055297
199.00          -0.055275
199.20          -0.055261
199.40          -0.055254
199.60          -0.055255
199.80          -0.055264
200.00          -0.055280
200.20          -0.055304
200.40          -0.055335
200.60          -0.055374
200.80          -0.055421
201.00          -0.055476
201.20          -0.055539
201.40          -0.055612
201.60          -0.055694
201.80          -0.055786
202.00          -0.055889
202.20          -0.056004
202.40          -0.056133
202.60          -0.056277
202.80          -0.056438
203.00          -0.056620
203.20          -0.056826
203.40          -0.057062
203.60          -0.057334
203.80          -0.057652
204.00          -0.058029
204.20          -0.058486
204.40          -0.059053
204.60          -0.059777
204.80          -0.060738
205.00          -0.062080
205.20          -0.064086
205.40          -0.067385
205.60          -0.073668
205.80          -0.089075
206.00          -0.15477
206.20          -4.6826
206.40          -0.13622
206.60          -0.066393
206.80          -0.057115
207.00          -0.054798
207.20          -0.054131
207.40          -0.053993
207.60          -0.054053
207.80          -0.054193
208.00          -0.054365
208.20          -0.054548
208.40          -0.054732
208.60          -0.054913
208.80          -0.055090
209.00          -0.055262
209.20          -0.055430
209.40          -0.055592
209.60          -0.055750
209.80          -0.055905
210.00          -0.056055
210.20          -0.056203
210.40          -0.056348
210.60          -0.056490
210.80          -0.056630
211.00          -0.056768
211.20          -0.056904
211.40          -0.057039
211.60          -0.057172
211.80          -0.057304
212.00          -0.057435
212.20          -0.057565
212.40          -0.057694
212.60          -0.057822
212.80          -0.057949
213.00          -0.058075
213.20          -0.058201
213.40          -0.058327
213.60          -0.058451
213.80          -0.058575
214.00          -0.058699
214.20          -0.058822
214.40          -0.058945
214.60          -0.059068
214.80          -0.059190
215.00          -0.059312
215.20          -0.059433
215.40          -0.059554
215.60          -0.059675
215.80          -0.059795
216.00          -0.059916
216.20          -0.060035
216.40          -0.060155
216.60          -0.060274
216.80          -0.060394
217.00          -0.060512
217.20          -0.060631
217.40          -0.060749
217.60          -0.060867
217.80          -0.060985
218.00          -0.061103
218.20          -0.061220
218.40          -0.061337
218.60          -0.061454
218.80          -0.061570
219.00          -0.061686
219.20          -0.061802
219.40          -0.061918
219.60          -0.062033
219.80          -0.062149
220.00          -0.062264
220.20          -0.062378
220.40          -0.062493
220.60          -0.062607
220.80          -0.062721
221.00          -0.062834
221.20          -0.062948
221.40          -0.063061
221.60          -0.063174
221.80          -0.063286
222.00          -0.063398
222.20          -0.063510
222.40          -0.063622
222.60          -0.063734
222.80          -0.063845
223.00          -0.063956
223.20          -0.064067
223.40          -0.064178
223.60          -0.064289
223.80          -0.064399
224.00          -0.064510
224.20          -0.064620
224.40          -0.064730
224.60          -0.064841
224.80          -0.064952
225.00          -0.065063
