175.00          -0.27435
175.20          -0.26854
175.40          -0.26247
175.60          -0.25618
175.80          -0.24973
176.00          -0.24317
176.20          -0.23653
176.40          -0.22987
176.60          -0.22322
176.80          -0.21661
177.00          -0.21008
177.20          -0.20364
177.40          -0.19734
177.60          -0.19117
177.80          -0.18516
178.00          -0.17933
178.20          -0.17367
178.40          -0.16821
178.60          -0.16293
178.80          -0.15785
179.00          -0.15296
179.20          -0.14827
179.40          -0.14377
179.60          -0.13946
179.80          -0.13533
180.00          -0.13138
180.20          -0.12762
180.40          -0.12402
180.60          -0.12058
180.80          -0.11731
181.00          -0.11419
181.20          -0.11121
181.40          -0.10838
181.60          -0.10568
181.80          -0.10311
182.00          -0.10066
182.20          -0.098337
182.40          -0.096121
182.60          -0.094013
182.80          -0.092006
183.00          -0.090098
183.20          -0.088281
183.40          -0.086553
183.60          -0.084909
183.80          -0.083345
184.00          -0.081857
184.20          -0.080442
184.40          -0.079095
184.60          -0.077813
184.80          -0.076594
185.00          -0.075434
185.20          -0.074330
185.40          -0.073280
185.60          -0.072281
185.80          -0.071331
186.00          -0.070426
186.20          -0.069566
186.40          -0.068748
186.60          -0.067970
186.80          -0.067230
187.00          -0.066526
187.20          -0.065857
187.40          -0.065220
187.60          -0.064616
187.80          -0.064041
188.00          -0.063495
188.20          -0.062976
188.40          -0.062484
188.60          -0.062016
188.80          -0.061572
189.00          -0.061151
189.20          -0.060752
189.40          -0.060374
189.60          -0.060016
189.80          -0.059676
190.00          -0.059355
190.20          -0.059052
190.40          -0.058765
190.60          -0.058494
190.80          -0.058239
191.00          -0.057999
191.20          -0.057772
191.40          -0.057559
191.60          -0.057359
191.80          -0.057172
192.00          -0.056997
192.20          -0.056833
192.40          -0.056680
192.60          -0.056538
192.80          -0.056406
193.00          -0.056284
193.20          -0.056172
193.40          -0.056068
193.60          -0.055974
193.80          -0.055887
194.00          -0.055810
194.20          -0.055739
194.40          -0.055677
194.60          -0.055622
194.80          -0.055573
195.00          -0.055532
195.20          -0.055497
195.40          -0.055469
195.60          -0.055447
195.80          -0.055431
196.00          -0.055420
196.20          -0.055416
196.40          -0.055417
196.60          -0.055423
196.80          -0.055434
197.00          -0.055450
197.20          -0.055471
197.40          -0.055497
197.60          -0.055528
197.80          -0.055563
198.00          -0.055603
198.20          -0.055647
198.40          -0.055696
198.60          -0.055749
198.80          -0.055807
199.00          -0.055868
199.20          -0.055934
199.40          -0.056004
199.60          -0.056079
199.80          -0.056158
200.00          -0.056241
200.20          -0.056330
200.40          -0.056422
200.60          -0.056520
200.80          -0.056623
201.00          -0.056731
201.20          -0.056845
201.40          -0.056966
201.60          -0.057093
201.80          -0.057227
202.00          -0.057370
202.20          -0.057522
202.40          -0.057685
202.60          -0.057859
202.80          -0.058048
203.00          -0.058253
203.20          -0.058478
203.40          -0.058728
203.60          -0.059009
203.80          -0.059328
204.00          -0.059699
204.20          -0.060139
204.40          -0.060675
204.60          -0.061348
204.80          -0.062231
205.00          -0.063454
205.20          -0.065272
205.40          -0.068264
205.60          -0.074013
205.80          -0.088440
206.00          -0.15429
206.20          -8.2252
206.40          -0.11684
206.60          -0.066612
206.80          -0.059372
207.00          -0.057528
207.20          -0.057009
207.40          -0.056923
207.60          -0.057002
207.80          -0.057148
208.00          -0.057321
208.20          -0.057504
208.40          -0.057688
208.60          -0.057870
208.80          -0.058048
209.00          -0.058221
209.20          -0.058391
209.40          -0.058556
209.60          -0.058717
209.80          -0.058875
210.00          -0.059030
210.20          -0.059181
210.40          -0.059330
210.60          -0.059476
210.80          -0.059620
211.00          -0.059762
211.20          -0.059902
211.40          -0.060040
211.60          -0.060177
211.80          -0.060313
212.00          -0.060447
212.20          -0.060579
212.40          -0.060711
212.60          -0.060841
212.80          -0.060971
213.00          -0.061099
213.20          -0.061227
213.40          -0.061354
213.60          -0.061479
213.80          -0.061604
214.00          -0.061729
214.20          -0.061852
214.40          -0.061975
214.60          -0.062097
214.80          -0.062218
215.00          -0.062339
215.20          -0.062459
215.40          -0.062578
215.60          -0.062696
215.80          -0.062814
216.00          -0.062932
216.20          -0.063048
216.40          -0.063164
216.60          -0.063280
216.80          -0.063394
217.00          -0.063509
217.20          -0.063622
217.40          -0.063735
217.60          -0.063847
217.80          -0.063959
218.00          -0.064069
218.20          -0.064180
218.40          -0.064289
218.60          -0.064398
218.80          -0.064506
219.00          -0.064614
219.20          -0.064721
219.40          -0.064827
219.60          -0.064932
219.80          -0.065037
220.00          -0.065141
220.20          -0.065245
220.40          -0.065347
220.60          -0.065449
220.80          -0.065551
221.00          -0.065651
221.20          -0.065751
221.40          -0.065850
221.60          -0.065949
221.80          -0.066046
222.00          -0.066143
222.20          -0.066239
222.40          -0.066335
222.60          -0.066429
222.80          -0.066523
223.00          -0.066617
223.20          -0.066709
223.40          -0.066802
223.60          -0.066893
223.80          -0.066984
224.00          -0.067074
224.20          -0.067164
224.40          -0.067254
224.60          -0.067344
224.80          -0.067433
225.00          -0.067523
