175.00          -0.055726
175.20          -0.055972
175.40          -0.056221
175.60          -0.056472
175.80          -0.056725
176.00          -0.056981
176.20          -0.057239
176.40          -0.057499
176.60          -0.057761
176.80          -0.058026
177.00          -0.058293
177.20          -0.058562
177.40          -0.058834
177.60          -0.059107
177.80          -0.059383
178.00          -0.059660
178.20          -0.059940
178.40          -0.060222
178.60          -0.060506
178.80          -0.060791
179.00          -0.061079
179.20          -0.061369
179.40          -0.061661
179.60          -0.061954
179.80          -0.062250
180.00          -0.062547
180.20          -0.062846
180.40          -0.063147
180.60          -0.063449
180.80          -0.063754
181.00          -0.064060
181.20          -0.064368
181.40          -0.064677
181.60          -0.064988
181.80          -0.065301
182.00          -0.065615
182.20          -0.065930
182.40          -0.066247
182.60          -0.066566
182.80          -0.066886
183.00          -0.067207
183.20          -0.067530
183.40          -0.067854
183.60          -0.068180
183.80          -0.068506
184.00          -0.068834
184.20          -0.069163
184.40          -0.069493
184.60          -0.069824
184.80          -0.070156
185.00          -0.070489
185.20          -0.070824
185.40          -0.071159
185.60          -0.071495
185.80          -0.071832
186.00          -0.072169
186.20          -0.072508
186.40          -0.072847
186.60          -0.073187
186.80          -0.073527
187.00          -0.073868
187.20          -0.074210
187.40          -0.074551
187.60          -0.074894
187.80          -0.075237
188.00          -0.075580
188.20          -0.075923
188.40          -0.076267
188.60          -0.076611
188.80          -0.076955
189.00          -0.077299
189.20          -0.077643
189.40          -0.077987
189.60          -0.078331
189.80          -0.078675
190.00          -0.079019
190.20          -0.079362
190.40          -0.079705
190.60          -0.080048
190.80          -0.080390
191.00          -0.080732
191.20          -0.081073
191.40          -0.081414
191.60          -0.081754
191.80          -0.082094
192.00          -0.082432
192.20          -0.082770
192.40          -0.083107
192.60          -0.083443
192.80          -0.083778
193.00          -0.084112
193.20          -0.084445
193.40          -0.084777
193.60          -0.085107
193.80          -0.085436
194.00          -0.085764
194.20          -0.086090
194.40          -0.086415
194.60          -0.086738
194.80          -0.087060
195.00          -0.087380
195.20          -0.087698
195.40          -0.088014
195.60          -0.088329
195.80          -0.088642
196.00          -0.088952
196.20          -0.089261
196.40          -0.089567
196.60          -0.089872
196.80          -0.090174
197.00          -0.090474
197.20          -0.090771
197.40          -0.091066
197.60          -0.091359
197.80          -0.091649
198.00          -0.091936
198.20          -0.092221
198.40          -0.092503
198.60          -0.092783
198.80          -0.093059
199.00          -0.093333
199.20          -0.093604
199.40          -0.093872
199.60          -0.094137
199.80          -0.094398
200.00          -0.094657
200.20          -0.094913
200.40          -0.095165
200.60          -0.095414
200.80          -0.095659
201.00          -0.095902
201.20          -0.096141
201.40          -0.096376
201.60          -0.096608
201.80          -0.096837
202.00          -0.097061
202.20          -0.097283
202.40          -0.097500
202.60          -0.097714
202.80          -0.097924
203.00          -0.098131
203.20          -0.098334
203.40          -0.098532
203.60          -0.098728
203.80          -0.098919
204.00          -0.099107
204.20          -0.099292
204.40          -0.099473
204.60          -0.099652
204.80          -0.099831
205.00          -0.10001
205.20          -0.10020
205.40          -0.10042
205.60          -0.10073
205.80          -0.10147
206.00          -0.10670
206.20          -0.14613
206.40          -0.10399
206.60          -0.10231
206.80          -0.10197
207.00          -0.10190
207.20          -0.10192
207.40          -0.10198
207.60          -0.10206
207.80          -0.10214
208.00          -0.10223
208.20          -0.10233
208.40          -0.10242
208.60          -0.10251
208.80          -0.10259
209.00          -0.10268
209.20          -0.10276
209.40          -0.10284
209.60          -0.10292
209.80          -0.10299
210.00          -0.10306
210.20          -0.10313
210.40          -0.10319
210.60          -0.10326
210.80          -0.10332
211.00          -0.10337
211.20          -0.10342
211.40          -0.10347
211.60          -0.10352
211.80          -0.10356
212.00          -0.10361
212.20          -0.10364
212.40          -0.10368
212.60          -0.10371
212.80          -0.10374
213.00          -0.10377
213.20          -0.10380
213.40          -0.10382
213.60          -0.10385
213.80          -0.10387
214.00          -0.10389
214.20          -0.10390
214.40          -0.10392
214.60          -0.10393
214.80          -0.10394
215.00          -0.10395
215.20          -0.10396
215.40          -0.10397
215.60          -0.10398
215.80          -0.10399
216.00          -0.10400
216.20          -0.10401
216.40          -0.10402
216.60          -0.10402
216.80          -0.10403
217.00          -0.10404
217.20          -0.10405
217.40          -0.10406
217.60          -0.10408
217.80          -0.10409
218.00          -0.10411
218.20          -0.10413
218.40          -0.10415
218.60          -0.10418
218.80          -0.10421
219.00          -0.10424
219.20          -0.10428
219.40          -0.10432
219.60          -0.10437
219.80          -0.10442
220.00          -0.10448
220.20          -0.10455
220.40          -0.10463
220.60          -0.10471
220.80          -0.10480
221.00          -0.10491
221.20          -0.10502
221.40          -0.10515
221.60          -0.10529
221.80          -0.10544
222.00          -0.10561
222.20          -0.10580
222.40          -0.10601
222.60          -0.10624
222.80          -0.10649
223.00          -0.10677
223.20          -0.10708
223.40          -0.10742
223.60          -0.10779
223.80          -0.10821
224.00          -0.10867
224.20          -0.10919
224.40          -0.10976
224.60          -0.11041
224.80          -0.11114
225.00          -0.11196
