175.00          -0.057129
175.20          -0.057401
175.40          -0.057675
175.60          -0.057951
175.80          -0.058230
176.00          -0.058512
176.20          -0.058796
176.40          -0.059082
176.60          -0.059371
176.80          -0.059661
177.00          -0.059955
177.20          -0.060250
177.40          -0.060548
177.60          -0.060848
177.80          -0.061150
178.00          -0.061454
178.20          -0.061761
178.40          -0.062070
178.60          -0.062381
178.80          -0.062694
179.00          -0.063009
179.20          -0.063326
179.40          -0.063645
179.60          -0.063966
179.80          -0.064289
180.00          -0.064614
180.20          -0.064941
180.40          -0.065270
180.60          -0.065601
180.80          -0.065933
181.00          -0.066268
181.20          -0.066604
181.40          -0.066942
181.60          -0.067282
181.80          -0.067623
182.00          -0.067966
182.20          -0.068311
182.40          -0.068657
182.60          -0.069005
182.80          -0.069354
183.00          -0.069705
183.20          -0.070057
183.40          -0.070411
183.60          -0.070766
183.80          -0.071122
184.00          -0.071480
184.20          -0.071839
184.40          -0.072199
184.60          -0.072560
184.80          -0.072923
185.00          -0.073286
185.20          -0.073651
185.40          -0.074017
185.60          -0.074383
185.80          -0.074751
186.00          -0.075119
186.20          -0.075488
186.40          -0.075858
186.60          -0.076229
186.80          -0.076600
187.00          -0.076972
187.20          -0.077345
187.40          -0.077718
187.60          -0.078091
187.80          -0.078465
188.00          -0.078839
188.20          -0.079214
188.40          -0.079589
188.60          -0.079964
188.80          -0.080339
189.00          -0.080714
189.20          -0.081089
189.40          -0.081465
189.60          -0.081840
189.80          -0.082215
190.00          -0.082590
190.20          -0.082964
190.40          -0.083339
190.60          -0.083712
190.80          -0.084086
191.00          -0.084459
191.20          -0.084831
191.40          -0.085203
191.60          -0.085574
191.80          -0.085944
192.00          -0.086313
192.20          -0.086682
192.40          -0.087049
192.60          -0.087416
192.80          -0.087781
193.00          -0.088145
193.20          -0.088508
193.40          -0.088870
193.60          -0.089231
193.80          -0.089590
194.00          -0.089947
194.20          -0.090303
194.40          -0.090657
194.60          -0.091010
194.80          -0.091361
195.00          -0.091710
195.20          -0.092057
195.40          -0.092403
195.60          -0.092746
195.80          -0.093087
196.00          -0.093426
196.20          -0.093763
196.40          -0.094098
196.60          -0.094430
196.80          -0.094760
197.00          -0.095088
197.20          -0.095413
197.40          -0.095735
197.60          -0.096055
197.80          -0.096372
198.00          -0.096687
198.20          -0.096999
198.40          -0.097307
198.60          -0.097613
198.80          -0.097916
199.00          -0.098216
199.20          -0.098513
199.40          -0.098807
199.60          -0.099098
199.80          -0.099385
200.00          -0.099670
200.20          -0.099950
200.40          -0.10023
200.60          -0.10050
200.80          -0.10077
201.00          -0.10104
201.20          -0.10130
201.40          -0.10156
201.60          -0.10182
201.80          -0.10207
202.00          -0.10232
202.20          -0.10257
202.40          -0.10281
202.60          -0.10305
202.80          -0.10328
203.00          -0.10351
203.20          -0.10374
203.40          -0.10396
203.60          -0.10418
203.80          -0.10440
204.00          -0.10461
204.20          -0.10481
204.40          -0.10501
204.60          -0.10521
204.80          -0.10540
205.00          -0.10558
205.20          -0.10576
205.40          -0.10594
205.60          -0.10612
205.80          -0.10639
206.00          -0.10799
206.20          -0.12322
206.40          -0.10843
206.60          -0.10777
206.80          -0.10769
207.00          -0.10775
207.20          -0.10784
207.40          -0.10796
207.60          -0.10808
207.80          -0.10821
208.00          -0.10834
208.20          -0.10848
208.40          -0.10861
208.60          -0.10874
208.80          -0.10887
209.00          -0.10899
209.20          -0.10912
209.40          -0.10925
209.60          -0.10937
209.80          -0.10949
210.00          -0.10961
210.20          -0.10973
210.40          -0.10984
210.60          -0.10996
210.80          -0.11007
211.00          -0.11018
211.20          -0.11030
211.40          -0.11041
211.60          -0.11052
211.80          -0.11063
212.00          -0.11074
212.20          -0.11085
212.40          -0.11096
212.60          -0.11107
212.80          -0.11118
213.00          -0.11129
213.20          -0.11140
213.40          -0.11152
213.60          -0.11163
213.80          -0.11175
214.00          -0.11187
214.20          -0.11200
214.40          -0.11212
214.60          -0.11225
214.80          -0.11239
215.00          -0.11252
215.20          -0.11267
215.40          -0.11282
215.60          -0.11297
215.80          -0.11313
216.00          -0.11330
216.20          -0.11347
216.40          -0.11365
216.60          -0.11384
216.80          -0.11404
217.00          -0.11425
217.20          -0.11447
217.40          -0.11471
217.60          -0.11495
217.80          -0.11521
218.00          -0.11549
218.20          -0.11578
218.40          -0.11609
218.60          -0.11642
218.80          -0.11677
219.00          -0.11714
219.20          -0.11753
219.40          -0.11795
219.60          -0.11840
219.80          -0.11888
220.00          -0.11939
220.20          -0.11994
220.40          -0.12052
220.60          -0.12115
220.80          -0.12182
221.00          -0.12255
221.20          -0.12332
221.40          -0.12416
221.60          -0.12506
221.80          -0.12604
222.00          -0.12709
222.20          -0.12824
222.40          -0.12948
222.60          -0.13083
222.80          -0.13230
223.00          -0.13390
223.20          -0.13566
223.40          -0.13759
223.60          -0.13972
223.80          -0.14207
224.00          -0.14468
224.20          -0.14758
224.40          -0.15083
224.60          -0.15448
224.80          -0.15861
225.00          -0.16330
