175.00          -0.043820
175.20          -0.043901
175.40          -0.043980
175.60          -0.044058
175.80          -0.044134
176.00          -0.044208
176.20          -0.044281
176.40          -0.044354
176.60          -0.044426
176.80          -0.044496
177.00          -0.044567
177.20          -0.044637
177.40          -0.044707
177.60          -0.044776
177.80          -0.044845
178.00          -0.044914
178.20          -0.044982
178.40          -0.045051
178.60          -0.045119
178.80          -0.045187
179.00          -0.045256
179.20          -0.045324
179.40          -0.045392
179.60          -0.045460
179.80          -0.045528
180.00          -0.045596
180.20          -0.045664
180.40          -0.045732
180.60          -0.045800
180.80          -0.045868
181.00          -0.045936
181.20          -0.046003
181.40          -0.046071
181.60          -0.046139
181.80          -0.046207
182.00          -0.046275
182.20          -0.046342
182.40          -0.046410
182.60          -0.046478
182.80          -0.046546
183.00          -0.046613
183.20          -0.046681
183.40          -0.046748
183.60          -0.046816
183.80          -0.046883
184.00          -0.046951
184.20          -0.047018
184.40          -0.047086
184.60          -0.047153
184.80          -0.047221
185.00          -0.047288
185.20          -0.047356
185.40          -0.047423
185.60          -0.047491
185.80          -0.047558
186.00          -0.047626
186.20          -0.047694
186.40          -0.047762
186.60          -0.047830
186.80          -0.047898
187.00          -0.047966
187.20          -0.048034
187.40          -0.048103
187.60          -0.048172
187.80          -0.048242
188.00          -0.048311
188.20          -0.048382
188.40          -0.048452
188.60          -0.048524
188.80          -0.048596
189.00          -0.048669
189.20          -0.048742
189.40          -0.048817
189.60          -0.048893
189.80          -0.048970
190.00          -0.049049
190.20          -0.049129
190.40          -0.049211
190.60          -0.049296
190.80          -0.049383
191.00          -0.049473
191.20          -0.049567
191.40          -0.049665
191.60          -0.049767
191.80          -0.049874
192.00          -0.049988
192.20          -0.050109
192.40          -0.050239
192.60          -0.050379
192.80          -0.050532
193.00          -0.050699
193.20          -0.050885
193.40          -0.051092
193.60          -0.051327
193.80          -0.051596
194.00          -0.051909
194.20          -0.052276
194.40          -0.052715
194.60          -0.053250
194.80          -0.053914
195.00          -0.054756
195.20          -0.055850
195.40          -0.057316
195.60          -0.059344
195.80          -0.062269
196.00          -0.066704
196.20          -0.073866
196.40          -0.086457
196.60          -0.11139
196.80          -0.17069
197.00          -0.36576
197.20          -1.6517
197.40          -2.7016
197.60          -0.45414
197.80          -0.16923
198.00          -0.087843
198.20          -0.058131
198.40          -0.048223
198.60          -0.045920
198.80          -0.046057
199.00          -0.046759
199.20          -0.047460
199.40          -0.048030
199.60          -0.048467
199.80          -0.048797
200.00          -0.049047
200.20          -0.049238
200.40          -0.049388
200.60          -0.049506
200.80          -0.049602
201.00          -0.049680
201.20          -0.049745
201.40          -0.049800
201.60          -0.049847
201.80          -0.049888
202.00          -0.049924
202.20          -0.049955
202.40          -0.049983
202.60          -0.050007
202.80          -0.050029
203.00          -0.050048
203.20          -0.050066
203.40          -0.050081
203.60          -0.050095
203.80          -0.050107
204.00          -0.050117
204.20          -0.050126
204.40          -0.050133
204.60          -0.050139
204.80          -0.050144
205.00          -0.050147
205.20          -0.050149
205.40          -0.050150
205.60          -0.050149
205.80          -0.050147
206.00          -0.050144
206.20          -0.050140
206.40          -0.050134
206.60          -0.050127
206.80          -0.050119
207.00          -0.050109
207.20          -0.050099
207.40          -0.050087
207.60          -0.050074
207.80          -0.050059
208.00          -0.050043
208.20          -0.050026
208.40          -0.050007
208.60          -0.049988
208.80          -0.049966
209.00          -0.049944
209.20          -0.049920
209.40          -0.049894
209.60          -0.049867
209.80          -0.049839
210.00          -0.049810
210.20          -0.049778
210.40          -0.049746
210.60          -0.049711
210.80          -0.049676
211.00          -0.049639
211.20          -0.049600
211.40          -0.049559
211.60          -0.049517
211.80          -0.049474
212.00          -0.049428
212.20          -0.049381
212.40          -0.049333
212.60          -0.049282
212.80          -0.049230
213.00          -0.049176
213.20          -0.049121
213.40          -0.049064
213.60          -0.049004
213.80          -0.048943
214.00          -0.048881
214.20          -0.048816
214.40          -0.048749
214.60          -0.048681
214.80          -0.048611
215.00          -0.048539
215.20          -0.048465
215.40          -0.048389
215.60          -0.048311
215.80          -0.048232
216.00          -0.048150
216.20          -0.048067
216.40          -0.047982
216.60          -0.047896
216.80          -0.047807
217.00          -0.047717
217.20          -0.047626
217.40          -0.047533
217.60          -0.047438
217.80          -0.047343
218.00          -0.047246
218.20          -0.047148
218.40          -0.047050
218.60          -0.046951
218.80          -0.046851
219.00          -0.046752
219.20          -0.046653
219.40          -0.046554
219.60          -0.046456
219.80          -0.046360
220.00          -0.046266
220.20          -0.046174
220.40          -0.046085
220.60          -0.046000
220.80          -0.045919
221.00          -0.045844
221.20          -0.045775
221.40          -0.045714
221.60          -0.045661
221.80          -0.045618
222.00          -0.045586
222.20          -0.045567
222.40          -0.045563
222.60          -0.045574
222.80          -0.045604
223.00          -0.045654
223.20          -0.045727
223.40          -0.045824
223.60          -0.045948
223.80          -0.046101
224.00          -0.046287
224.20          -0.046507
224.40          -0.046763
224.60          -0.047059
224.80          -0.047395
225.00          -0.047774
