175.00          -0.027974
175.20          -0.028028
175.40          -0.028082
175.60          -0.028137
175.80          -0.028191
176.00          -0.028246
176.20          -0.028300
176.40          -0.028355
176.60          -0.028410
176.80          -0.028465
177.00          -0.028521
177.20          -0.028576
177.40          -0.028632
177.60          -0.028687
177.80          -0.028743
178.00          -0.028799
178.20          -0.028855
178.40          -0.028912
178.60          -0.028968
178.80          -0.029025
179.00          -0.029082
179.20          -0.029139
179.40          -0.029196
179.60          -0.029253
179.80          -0.029310
180.00          -0.029368
180.20          -0.029426
180.40          -0.029484
180.60          -0.029542
180.80          -0.029600
181.00          -0.029659
181.20          -0.029717
181.40          -0.029776
181.60          -0.029835
181.80          -0.029894
182.00          -0.029953
182.20          -0.030013
182.40          -0.030072
182.60          -0.030132
182.80          -0.030192
183.00          -0.030252
183.20          -0.030313
183.40          -0.030373
183.60          -0.030434
183.80          -0.030495
184.00          -0.030556
184.20          -0.030617
184.40          -0.030679
184.60          -0.030740
184.80          -0.030802
185.00          -0.030864
185.20          -0.030926
185.40          -0.030989
185.60          -0.031051
185.80          -0.031114
186.00          -0.031177
186.20          -0.031240
186.40          -0.031304
186.60          -0.031367
186.80          -0.031431
187.00          -0.031495
187.20          -0.031559
187.40          -0.031624
187.60          -0.031688
187.80          -0.031753
188.00          -0.031818
188.20          -0.031883
188.40          -0.031949
188.60          -0.032015
188.80          -0.032081
189.00          -0.032147
189.20          -0.032213
189.40          -0.032280
189.60          -0.032347
189.80          -0.032414
190.00          -0.032481
190.20          -0.032549
190.40          -0.032617
190.60          -0.032685
190.80          -0.032753
191.00          -0.032822
191.20          -0.032890
191.40          -0.032959
191.60          -0.033029
191.80          -0.033098
192.00          -0.033168
192.20          -0.033238
192.40          -0.033309
192.60          -0.033380
192.80          -0.033451
193.00          -0.033522
193.20          -0.033593
193.40          -0.033665
193.60          -0.033737
193.80          -0.033810
194.00          -0.033883
194.20          -0.033956
194.40          -0.034029
194.60          -0.034103
194.80          -0.034177
195.00          -0.034251
195.20          -0.034326
195.40          -0.034401
195.60          -0.034476
195.80          -0.034552
196.00          -0.034628
196.20          -0.034704
196.40          -0.034781
196.60          -0.034858
196.80          -0.034935
197.00          -0.035013
197.20          -0.035091
197.40          -0.035170
197.60          -0.035249
197.80          -0.035328
198.00          -0.035408
198.20          -0.035489
198.40          -0.035569
198.60          -0.035650
198.80          -0.035732
199.00          -0.035814
199.20          -0.035897
199.40          -0.035980
199.60          -0.036063
199.80          -0.036147
200.00          -0.036232
200.20          -0.036317
200.40          -0.036402
200.60          -0.036488
200.80          -0.036575
201.00          -0.036662
201.20          -0.036750
201.40          -0.036838
201.60          -0.036927
201.80          -0.037017
202.00          -0.037107
202.20          -0.037198
202.40          -0.037289
202.60          -0.037381
202.80          -0.037474
203.00          -0.037568
203.20          -0.037662
203.40          -0.037757
203.60          -0.037853
203.80          -0.037950
204.00          -0.038047
204.20          -0.038146
204.40          -0.038245
204.60          -0.038345
204.80          -0.038446
205.00          -0.038549
205.20          -0.038652
205.40          -0.038756
205.60          -0.038861
205.80          -0.038967
206.00          -0.039075
206.20          -0.039183
206.40          -0.039293
206.60          -0.039404
206.80          -0.039517
207.00          -0.039630
207.20          -0.039745
207.40          -0.039862
207.60          -0.039980
207.80          -0.040100
208.00          -0.040222
208.20          -0.040345
208.40          -0.040470
208.60          -0.040597
208.80          -0.040725
209.00          -0.040856
209.20          -0.040989
209.40          -0.041125
209.60          -0.041263
209.80          -0.041403
210.00          -0.041546
210.20          -0.041691
210.40          -0.041840
210.60          -0.041992
210.80          -0.042147
211.00          -0.042305
211.20          -0.042468
211.40          -0.042634
211.60          -0.042804
211.80          -0.042979
212.00          -0.043158
212.20          -0.043342
212.40          -0.043532
212.60          -0.043728
212.80          -0.043930
213.00          -0.044139
213.20          -0.044355
213.40          -0.044579
213.60          -0.044812
213.80          -0.045054
214.00          -0.045306
214.20          -0.045570
214.40          -0.045847
214.60          -0.046137
214.80          -0.046443
215.00          -0.046766
215.20          -0.047108
215.40          -0.047472
215.60          -0.047861
215.80          -0.048279
216.00          -0.048729
216.20          -0.049218
216.40          -0.049751
216.60          -0.050338
216.80          -0.050988
217.00          -0.051716
217.20          -0.052540
217.40          -0.053484
217.60          -0.054581
217.80          -0.055878
218.00          -0.057444
218.20          -0.059381
218.40          -0.061854
218.60          -0.065130
218.80          -0.069692
219.00          -0.076469
219.20          -0.087493
219.40          -0.10800
219.60          -0.15560
219.80          -0.32714
220.00          -2.7699
220.20          -0.72475
220.40          -0.14016
220.60          -0.074388
220.80          -0.057308
221.00          -0.051408
221.20          -0.049223
221.40          -0.048561
221.60          -0.048620
221.80          -0.049064
222.00          -0.049739
222.20          -0.050571
222.40          -0.051526
222.60          -0.052592
222.80          -0.053769
223.00          -0.055064
223.20          -0.056494
223.40          -0.058080
223.60          -0.059850
223.80          -0.061841
224.00          -0.064101
224.20          -0.066690
224.40          -0.069688
224.60          -0.073198
224.80          -0.077360
225.00          -0.082363
