175.00          -0.032526
175.20          -0.032607
175.40          -0.032687
175.60          -0.032768
175.80          -0.032849
176.00          -0.032931
176.20          -0.033013
176.40          -0.033096
176.60          -0.033179
176.80          -0.033262
177.00          -0.033345
177.20          -0.033430
177.40          -0.033514
177.60          -0.033599
177.80          -0.033684
178.00          -0.033770
178.20          -0.033856
178.40          -0.033942
178.60          -0.034029
178.80          -0.034117
179.00          -0.034204
179.20          -0.034293
179.40          -0.034381
179.60          -0.034471
179.80          -0.034560
180.00          -0.034650
180.20          -0.034741
180.40          -0.034832
180.60          -0.034924
180.80          -0.035016
181.00          -0.035108
181.20          -0.035201
181.40          -0.035295
181.60          -0.035389
181.80          -0.035484
182.00          -0.035579
182.20          -0.035674
182.40          -0.035771
182.60          -0.035868
182.80          -0.035965
183.00          -0.036063
183.20          -0.036162
183.40          -0.036261
183.60          -0.036361
183.80          -0.036461
184.00          -0.036562
184.20          -0.036664
184.40          -0.036766
184.60          -0.036869
184.80          -0.036973
185.00          -0.037077
185.20          -0.037182
185.40          -0.037288
185.60          -0.037394
185.80          -0.037502
186.00          -0.037609
186.20          -0.037718
186.40          -0.037828
186.60          -0.037938
186.80          -0.038049
187.00          -0.038161
187.20          -0.038273
187.40          -0.038387
187.60          -0.038501
187.80          -0.038617
188.00          -0.038733
188.20          -0.038850
188.40          -0.038968
188.60          -0.039087
188.80          -0.039207
189.00          -0.039328
189.20          -0.039450
189.40          -0.039573
189.60          -0.039697
189.80          -0.039822
190.00          -0.039948
190.20          -0.040076
190.40          -0.040204
190.60          -0.040334
190.80          -0.040465
191.00          -0.040597
191.20          -0.040730
191.40          -0.040865
191.60          -0.041001
191.80          -0.041138
192.00          -0.041277
192.20          -0.041417
192.40          -0.041559
192.60          -0.041702
192.80          -0.041847
193.00          -0.041993
193.20          -0.042141
193.40          -0.042291
193.60          -0.042442
193.80          -0.042595
194.00          -0.042750
194.20          -0.042907
194.40          -0.043066
194.60          -0.043226
194.80          -0.043389
195.00          -0.043554
195.20          -0.043721
195.40          -0.043890
195.60          -0.044061
195.80          -0.044235
196.00          -0.044412
196.20          -0.044590
196.40          -0.044772
196.60          -0.044956
196.80          -0.045142
197.00          -0.045332
197.20          -0.045525
197.40          -0.045720
197.60          -0.045919
197.80          -0.046121
198.00          -0.046326
198.20          -0.046535
198.40          -0.046748
198.60          -0.046964
198.80          -0.047184
199.00          -0.047409
199.20          -0.047637
199.40          -0.047870
199.60          -0.048108
199.80          -0.048350
200.00          -0.048597
200.20          -0.048849
200.40          -0.049107
200.60          -0.049370
200.80          -0.049639
201.00          -0.049914
201.20          -0.050196
201.40          -0.050484
201.60          -0.050779
201.80          -0.051081
202.00          -0.051391
202.20          -0.051709
202.40          -0.052035
202.60          -0.052370
202.80          -0.052714
203.00          -0.053068
203.20          -0.053432
203.40          -0.053806
203.60          -0.054192
203.80          -0.054590
204.00          -0.055000
204.20          -0.055424
204.40          -0.055861
204.60          -0.056313
204.80          -0.056781
205.00          -0.057266
205.20          -0.057768
205.40          -0.058289
205.60          -0.058830
205.80          -0.059392
206.00          -0.059977
206.20          -0.060586
206.40          -0.061220
206.60          -0.061882
206.80          -0.062574
207.00          -0.063298
207.20          -0.064056
207.40          -0.064850
207.60          -0.065684
207.80          -0.066561
208.00          -0.067484
208.20          -0.068457
208.40          -0.069484
208.60          -0.070571
208.80          -0.071722
209.00          -0.072943
209.20          -0.074241
209.40          -0.075624
209.60          -0.077100
209.80          -0.078678
210.00          -0.080369
210.20          -0.082187
210.40          -0.084143
210.60          -0.086256
210.80          -0.088542
211.00          -0.091025
211.20          -0.093728
211.40          -0.096681
211.60          -0.099917
211.80          -0.10348
212.00          -0.10741
212.20          -0.11177
212.40          -0.11663
212.60          -0.12207
212.80          -0.12819
213.00          -0.13511
213.20          -0.14299
213.40          -0.15202
213.60          -0.16244
213.80          -0.17456
214.00          -0.18878
214.20          -0.20563
214.40          -0.22579
214.60          -0.25021
214.80          -0.28016
215.00          -0.31743
215.20          -0.36454
215.40          -0.42512
215.60          -0.50446
215.80          -0.61033
216.00          -0.75401
216.20          -0.95100
216.40          -1.2190
216.60          -1.5651
216.80          -1.9476
217.00          -2.2211
217.20          -2.1974
217.40          -1.8793
217.60          -1.4634
217.80          -1.0995
218.00          -0.82640
218.20          -0.63182
218.40          -0.49429
218.60          -0.39612
218.80          -0.32491
219.00          -0.27240
219.20          -0.23312
219.40          -0.20345
219.60          -0.18102
219.80          -0.16429
220.00          -0.15238
220.20          -0.14505
220.40          -0.14285
220.60          -0.14778
220.80          -0.16525
221.00          -0.21085
221.20          -0.33823
221.40          -0.75544
221.60          -1.2050
221.80          -0.53461
222.00          -0.25853
222.20          -0.16481
222.40          -0.12401
222.60          -0.10258
222.80          -0.089765
223.00          -0.081364
223.20          -0.075472
223.40          -0.071127
223.60          -0.067797
223.80          -0.065167
224.00          -0.063042
224.20          -0.061294
224.40          -0.059834
224.60          -0.058600
224.80          -0.057548
225.00          -0.056644
