175.00          -0.051059
175.20          -0.051344
175.40          -0.051633
175.60          -0.051926
175.80          -0.052224
176.00          -0.052526
176.20          -0.052833
176.40          -0.053144
176.60          -0.053460
176.80          -0.053782
177.00          -0.054108
177.20          -0.054439
177.40          -0.054776
177.60          -0.055118
177.80          -0.055467
178.00          -0.055820
178.20          -0.056180
178.40          -0.056546
178.60          -0.056919
178.80          -0.057298
179.00          -0.057684
179.20          -0.058077
179.40          -0.058477
179.60          -0.058884
179.80          -0.059299
180.00          -0.059722
180.20          -0.060154
180.40          -0.060593
180.60          -0.061042
180.80          -0.061499
181.00          -0.061966
181.20          -0.062442
181.40          -0.062929
181.60          -0.063425
181.80          -0.063933
182.00          -0.064451
182.20          -0.064981
182.40          -0.065523
182.60          -0.066077
182.80          -0.066644
183.00          -0.067224
183.20          -0.067818
183.40          -0.068426
183.60          -0.069049
183.80          -0.069687
184.00          -0.070342
184.20          -0.071013
184.40          -0.071701
184.60          -0.072408
184.80          -0.073133
185.00          -0.073879
185.20          -0.074644
185.40          -0.075431
185.60          -0.076241
185.80          -0.077073
186.00          -0.077930
186.20          -0.078813
186.40          -0.079722
186.60          -0.080659
186.80          -0.081625
187.00          -0.082621
187.20          -0.083650
187.40          -0.084712
187.60          -0.085810
187.80          -0.086945
188.00          -0.088118
188.20          -0.089333
188.40          -0.090590
188.60          -0.091893
188.80          -0.093244
189.00          -0.094646
189.20          -0.096100
189.40          -0.097611
189.60          -0.099181
189.80          -0.10081
190.00          -0.10251
190.20          -0.10428
190.40          -0.10613
190.60          -0.10805
190.80          -0.11006
191.00          -0.11216
191.20          -0.11435
191.40          -0.11665
191.60          -0.11905
191.80          -0.12156
192.00          -0.12420
192.20          -0.12698
192.40          -0.12989
192.60          -0.13295
192.80          -0.13617
193.00          -0.13957
193.20          -0.14315
193.40          -0.14693
193.60          -0.15093
193.80          -0.15515
194.00          -0.15963
194.20          -0.16437
194.40          -0.16940
194.60          -0.17474
194.80          -0.18042
195.00          -0.18647
195.20          -0.19291
195.40          -0.19978
195.60          -0.20711
195.80          -0.21494
196.00          -0.22331
196.20          -0.23227
196.40          -0.24187
196.60          -0.25214
196.80          -0.26315
197.00          -0.27495
197.20          -0.28760
197.40          -0.30114
197.60          -0.31564
197.80          -0.33113
198.00          -0.34766
198.20          -0.36525
198.40          -0.38390
198.60          -0.40359
198.80          -0.42425
199.00          -0.44576
199.20          -0.46796
199.40          -0.49059
199.60          -0.51330
199.80          -0.53566
200.00          -0.55713
200.20          -0.57708
200.40          -0.59480
200.60          -0.60957
200.80          -0.62067
201.00          -0.62746
201.20          -0.62949
201.40          -0.62648
201.60          -0.61842
201.80          -0.60557
202.00          -0.58841
202.20          -0.56762
202.40          -0.54396
202.60          -0.51827
202.80          -0.49133
203.00          -0.46388
203.20          -0.43652
203.40          -0.40974
203.60          -0.38391
203.80          -0.35930
204.00          -0.33607
204.20          -0.31432
204.40          -0.29407
204.60          -0.27531
204.80          -0.25800
205.00          -0.24206
205.20          -0.22743
205.40          -0.21400
205.60          -0.20170
205.80          -0.19043
206.00          -0.18011
206.20          -0.17066
206.40          -0.16200
206.60          -0.15407
206.80          -0.14680
207.00          -0.14013
207.20          -0.13400
207.40          -0.12837
207.60          -0.12319
207.80          -0.11842
208.00          -0.11403
208.20          -0.10999
208.40          -0.10625
208.60          -0.10280
208.80          -0.099611
209.00          -0.096661
209.20          -0.093931
209.40          -0.091402
209.60          -0.089058
209.80          -0.086883
210.00          -0.084866
210.20          -0.082993
210.40          -0.081253
210.60          -0.079636
210.80          -0.078133
211.00          -0.076736
211.20          -0.075436
211.40          -0.074228
211.60          -0.073104
211.80          -0.072059
212.00          -0.071088
212.20          -0.070185
212.40          -0.069347
212.60          -0.068568
212.80          -0.067846
213.00          -0.067177
213.20          -0.066558
213.40          -0.065986
213.60          -0.065459
213.80          -0.064974
214.00          -0.064529
214.20          -0.064123
214.40          -0.063753
214.60          -0.063418
214.80          -0.063117
215.00          -0.062849
215.20          -0.062613
215.40          -0.062409
215.60          -0.062235
215.80          -0.062093
216.00          -0.061982
216.20          -0.061902
216.40          -0.061855
216.60          -0.061842
216.80          -0.061866
217.00          -0.061928
217.20          -0.062032
217.40          -0.062185
217.60          -0.062391
217.80          -0.062661
218.00          -0.063006
218.20          -0.063443
218.40          -0.063997
218.60          -0.064701
218.80          -0.065606
219.00          -0.066793
219.20          -0.068388
219.40          -0.070612
219.60          -0.073875
219.80          -0.079020
220.00          -0.088052
220.20          -0.10690
220.40          -0.16123
220.60          -0.52114
220.80          -1.9578
221.00          -0.13878
221.20          -0.072214
221.40          -0.059243
221.60          -0.055395
221.80          -0.054097
222.00          -0.053705
222.20          -0.053680
222.40          -0.053815
222.60          -0.054021
222.80          -0.054257
223.00          -0.054503
223.20          -0.054750
223.40          -0.054993
223.60          -0.055231
223.80          -0.055463
224.00          -0.055688
224.20          -0.055908
224.40          -0.056122
224.60          -0.056331
224.80          -0.056536
225.00          -0.056737
