175.00          -0.080624
175.20          -0.079456
175.40          -0.078328
175.60          -0.077237
175.80          -0.076184
176.00          -0.075166
176.20          -0.074183
176.40          -0.073233
176.60          -0.072316
176.80          -0.071431
177.00          -0.070576
177.20          -0.069751
177.40          -0.068954
177.60          -0.068186
177.80          -0.067444
178.00          -0.066728
178.20          -0.066038
178.40          -0.065372
178.60          -0.064730
178.80          -0.064111
179.00          -0.063515
179.20          -0.062940
179.40          -0.062386
179.60          -0.061853
179.80          -0.061340
180.00          -0.060846
180.20          -0.060371
180.40          -0.059914
180.60          -0.059474
180.80          -0.059052
181.00          -0.058646
181.20          -0.058257
181.40          -0.057883
181.60          -0.057525
181.80          -0.057181
182.00          -0.056852
182.20          -0.056537
182.40          -0.056236
182.60          -0.055948
182.80          -0.055672
183.00          -0.055410
183.20          -0.055160
183.40          -0.054921
183.60          -0.054695
183.80          -0.054479
184.00          -0.054275
184.20          -0.054082
184.40          -0.053899
184.60          -0.053726
184.80          -0.053563
185.00          -0.053410
185.20          -0.053267
185.40          -0.053132
185.60          -0.053007
185.80          -0.052891
186.00          -0.052783
186.20          -0.052683
186.40          -0.052592
186.60          -0.052509
186.80          -0.052434
187.00          -0.052366
187.20          -0.052306
187.40          -0.052254
187.60          -0.052208
187.80          -0.052170
188.00          -0.052138
188.20          -0.052114
188.40          -0.052095
188.60          -0.052084
188.80          -0.052078
189.00          -0.052079
189.20          -0.052086
189.40          -0.052099
189.60          -0.052118
189.80          -0.052142
190.00          -0.052172
190.20          -0.052208
190.40          -0.052249
190.60          -0.052296
190.80          -0.052347
191.00          -0.052404
191.20          -0.052466
191.40          -0.052533
191.60          -0.052604
191.80          -0.052681
192.00          -0.052762
192.20          -0.052848
192.40          -0.052938
192.60          -0.053033
192.80          -0.053132
193.00          -0.053236
193.20          -0.053344
193.40          -0.053456
193.60          -0.053572
193.80          -0.053693
194.00          -0.053817
194.20          -0.053946
194.40          -0.054078
194.60          -0.054214
194.80          -0.054354
195.00          -0.054498
195.20          -0.054646
195.40          -0.054797
195.60          -0.054952
195.80          -0.055110
196.00          -0.055272
196.20          -0.055437
196.40          -0.055606
196.60          -0.055778
196.80          -0.055954
197.00          -0.056133
197.20          -0.056315
197.40          -0.056500
197.60          -0.056689
197.80          -0.056881
198.00          -0.057076
198.20          -0.057274
198.40          -0.057475
198.60          -0.057679
198.80          -0.057886
199.00          -0.058097
199.20          -0.058310
199.40          -0.058526
199.60          -0.058745
199.80          -0.058967
200.00          -0.059191
200.20          -0.059419
200.40          -0.059649
200.60          -0.059882
200.80          -0.060118
201.00          -0.060356
201.20          -0.060597
201.40          -0.060841
201.60          -0.061088
201.80          -0.061337
202.00          -0.061588
202.20          -0.061843
202.40          -0.062099
202.60          -0.062359
202.80          -0.062621
203.00          -0.062885
203.20          -0.063152
203.40          -0.063421
203.60          -0.063693
203.80          -0.063967
204.00          -0.064243
204.20          -0.064522
204.40          -0.064804
204.60          -0.065087
204.80          -0.065373
205.00          -0.065661
205.20          -0.065952
205.40          -0.066245
205.60          -0.066540
205.80          -0.066837
206.00          -0.067137
206.20          -0.067439
206.40          -0.067743
206.60          -0.068049
206.80          -0.068357
207.00          -0.068667
207.20          -0.068980
207.40          -0.069295
207.60          -0.069612
207.80          -0.069931
208.00          -0.070252
208.20          -0.070575
208.40          -0.070900
208.60          -0.071227
208.80          -0.071557
209.00          -0.071888
209.20          -0.072221
209.40          -0.072557
209.60          -0.072894
209.80          -0.073233
210.00          -0.073575
210.20          -0.073918
210.40          -0.074264
210.60          -0.074611
210.80          -0.074960
211.00          -0.075312
211.20          -0.075665
211.40          -0.076020
211.60          -0.076378
211.80          -0.076737
212.00          -0.077099
212.20          -0.077462
212.40          -0.077828
212.60          -0.078195
212.80          -0.078565
213.00          -0.078937
213.20          -0.079312
213.40          -0.079688
213.60          -0.080067
213.80          -0.080449
214.00          -0.080833
214.20          -0.081219
214.40          -0.081609
214.60          -0.082001
214.80          -0.082397
215.00          -0.082796
215.20          -0.083198
215.40          -0.083605
215.60          -0.084015
215.80          -0.084431
216.00          -0.084851
216.20          -0.085278
216.40          -0.085711
216.60          -0.086152
216.80          -0.086602
217.00          -0.087062
217.20          -0.087535
217.40          -0.088022
217.60          -0.088528
217.80          -0.089056
218.00          -0.089612
218.20          -0.090206
218.40          -0.090848
218.60          -0.091556
218.80          -0.092356
219.00          -0.093293
219.20          -0.094437
219.40          -0.095920
219.60          -0.098005
219.80          -0.10129
220.00          -0.10743
220.20          -0.12264
220.40          -0.19172
220.60          -6.4496
220.80          -0.16945
221.00          -0.10674
221.20          -0.097351
221.40          -0.094865
221.60          -0.094157
221.80          -0.094070
222.00          -0.094242
222.20          -0.094533
222.40          -0.094883
222.60          -0.095263
222.80          -0.095659
223.00          -0.096061
223.20          -0.096466
223.40          -0.096872
223.60          -0.097277
223.80          -0.097679
224.00          -0.098080
224.20          -0.098477
224.40          -0.098872
224.60          -0.099264
224.80          -0.099653
225.00          -0.10004
