175.00          -0.025052
175.20          -0.025111
175.40          -0.025178
175.60          -0.025256
175.80          -0.025355
176.00          -0.025502
176.20          -0.025786
176.40          -0.026720
176.60          -0.050333
176.80          -0.026968
177.00          -0.025495
177.20          -0.025391
177.40          -0.025408
177.60          -0.025449
177.80          -0.025496
178.00          -0.025545
178.20          -0.025594
178.40          -0.025643
178.60          -0.025692
178.80          -0.025740
179.00          -0.025789
179.20          -0.025837
179.40          -0.025886
179.60          -0.025934
179.80          -0.025982
180.00          -0.026031
180.20          -0.026079
180.40          -0.026128
180.60          -0.026177
180.80          -0.026226
181.00          -0.026275
181.20          -0.026324
181.40          -0.026374
181.60          -0.026424
181.80          -0.026474
182.00          -0.026524
182.20          -0.026575
182.40          -0.026626
182.60          -0.026678
182.80          -0.026730
183.00          -0.026783
183.20          -0.026835
183.40          -0.026889
183.60          -0.026943
183.80          -0.026998
184.00          -0.027053
184.20          -0.027109
184.40          -0.027166
184.60          -0.027224
184.80          -0.027283
185.00          -0.027342
185.20          -0.027403
185.40          -0.027465
185.60          -0.027529
185.80          -0.027594
186.00          -0.027660
186.20          -0.027729
186.40          -0.027799
186.60          -0.027872
186.80          -0.027948
187.00          -0.028026
187.20          -0.028108
187.40          -0.028194
187.60          -0.028285
187.80          -0.028381
188.00          -0.028483
188.20          -0.028593
188.40          -0.028713
188.60          -0.028843
188.80          -0.028986
189.00          -0.029146
189.20          -0.029328
189.40          -0.029536
189.60          -0.029780
189.80          -0.030071
190.00          -0.030426
190.20          -0.030873
190.40          -0.031453
190.60          -0.032238
190.80          -0.033356
191.00          -0.035054
191.20          -0.037876
191.40          -0.043207
191.60          -0.055568
191.80          -0.097902
192.00          -0.54128
192.20          -0.55826
192.40          -0.086045
192.60          -0.047580
192.80          -0.037461
193.00          -0.033513
193.20          -0.031633
193.40          -0.030627
193.60          -0.030047
193.80          -0.029698
194.00          -0.029484
194.20          -0.029353
194.40          -0.029275
194.60          -0.029234
194.80          -0.029217
195.00          -0.029218
195.20          -0.029231
195.40          -0.029254
195.60          -0.029284
195.80          -0.029320
196.00          -0.029359
196.20          -0.029402
196.40          -0.029447
196.60          -0.029495
196.80          -0.029544
197.00          -0.029594
197.20          -0.029646
197.40          -0.029698
197.60          -0.029752
197.80          -0.029806
198.00          -0.029861
198.20          -0.029916
198.40          -0.029972
198.60          -0.030029
198.80          -0.030086
199.00          -0.030144
199.20          -0.030203
199.40          -0.030262
199.60          -0.030322
199.80          -0.030384
200.00          -0.030446
200.20          -0.030511
200.40          -0.030578
200.60          -0.030650
200.80          -0.030728
201.00          -0.030820
201.20          -0.030941
201.40          -0.031147
201.60          -0.031766
201.80          -0.044029
202.00          -0.033096
202.20          -0.031380
202.40          -0.031241
202.60          -0.031252
202.80          -0.031300
203.00          -0.031361
203.20          -0.031429
203.40          -0.031502
203.60          -0.031580
203.80          -0.031662
204.00          -0.031750
204.20          -0.031844
204.40          -0.031946
204.60          -0.032058
204.80          -0.032184
205.00          -0.032330
205.20          -0.032503
205.40          -0.032718
205.60          -0.032998
205.80          -0.033392
206.00          -0.033997
206.20          -0.035059
206.40          -0.037349
206.60          -0.044567
206.80          -0.11031
207.00          -0.16841
207.20          -0.041826
207.40          -0.034858
207.60          -0.033271
207.80          -0.032741
208.00          -0.032542
208.20          -0.032474
208.40          -0.032466
208.60          -0.032488
208.80          -0.032527
209.00          -0.032575
209.20          -0.032628
209.40          -0.032686
209.60          -0.032745
209.80          -0.032805
210.00          -0.032866
210.20          -0.032928
210.40          -0.032990
210.60          -0.033052
210.80          -0.033114
211.00          -0.033176
211.20          -0.033238
211.40          -0.033301
211.60          -0.033363
211.80          -0.033425
212.00          -0.033487
212.20          -0.033549
212.40          -0.033610
212.60          -0.033672
212.80          -0.033734
213.00          -0.033796
213.20          -0.033858
213.40          -0.033920
213.60          -0.033981
213.80          -0.034043
214.00          -0.034105
214.20          -0.034167
214.40          -0.034229
214.60          -0.034291
214.80          -0.034353
215.00          -0.034415
215.20          -0.034477
215.40          -0.034539
215.60          -0.034601
215.80          -0.034663
216.00          -0.034726
216.20          -0.034788
216.40          -0.034850
216.60          -0.034913
216.80          -0.034976
217.00          -0.035038
217.20          -0.035101
217.40          -0.035164
217.60          -0.035227
217.80          -0.035290
218.00          -0.035353
218.20          -0.035417
218.40          -0.035480
218.60          -0.035544
218.80          -0.035608
219.00          -0.035671
219.20          -0.035735
219.40          -0.035799
219.60          -0.035864
219.80          -0.035928
220.00          -0.035992
220.20          -0.036057
220.40          -0.036122
220.60          -0.036187
220.80          -0.036252
221.00          -0.036317
221.20          -0.036382
221.40          -0.036448
221.60          -0.036513
221.80          -0.036579
222.00          -0.036645
222.20          -0.036711
222.40          -0.036778
222.60          -0.036844
222.80          -0.036911
223.00          -0.036978
223.20          -0.037045
223.40          -0.037112
223.60          -0.037180
223.80          -0.037248
224.00          -0.037316
224.20          -0.037384
224.40          -0.037452
224.60          -0.037521
224.80          -0.037590
225.00          -0.037659
