175.00          -0.17927
175.20          -0.22460
175.40          -0.30358
175.60          -0.46627
175.80          -0.91372
176.00          -3.0694
176.20          -4.6286
176.40          -0.72007
176.60          -0.22854
176.80          -0.11528
177.00          -0.082690
177.20          -0.077003
177.40          -0.084498
177.60          -0.10201
177.80          -0.13097
178.00          -0.17691
178.20          -0.25199
178.40          -0.38179
178.60          -0.61922
178.80          -1.0451
179.00          -1.5563
179.20          -1.5015
179.40          -0.98979
179.60          -0.60692
179.80          -0.39310
180.00          -0.27338
180.20          -0.20228
180.40          -0.15740
180.60          -0.12755
180.80          -0.10683
181.00          -0.091928
181.20          -0.080896
181.40          -0.072531
181.60          -0.066059
181.80          -0.060966
182.00          -0.056900
182.20          -0.053614
182.40          -0.050930
182.60          -0.048718
182.80          -0.046881
183.00          -0.045345
183.20          -0.044053
183.40          -0.042962
183.60          -0.042037
183.80          -0.041250
184.00          -0.040580
184.20          -0.040007
184.40          -0.039518
184.60          -0.039100
184.80          -0.038744
185.00          -0.038441
185.20          -0.038183
185.40          -0.037966
185.60          -0.037784
185.80          -0.037633
186.00          -0.037509
186.20          -0.037408
186.40          -0.037330
186.60          -0.037270
186.80          -0.037227
187.00          -0.037199
187.20          -0.037185
187.40          -0.037184
187.60          -0.037193
187.80          -0.037212
188.00          -0.037241
188.20          -0.037277
188.40          -0.037321
188.60          -0.037372
188.80          -0.037430
189.00          -0.037493
189.20          -0.037561
189.40          -0.037634
189.60          -0.037712
189.80          -0.037794
190.00          -0.037880
190.20          -0.037970
190.40          -0.038063
190.60          -0.038159
190.80          -0.038258
191.00          -0.038360
191.20          -0.038465
191.40          -0.038572
191.60          -0.038682
191.80          -0.038794
192.00          -0.038908
192.20          -0.039024
192.40          -0.039143
192.60          -0.039263
192.80          -0.039386
193.00          -0.039510
193.20          -0.039637
193.40          -0.039765
193.60          -0.039895
193.80          -0.040027
194.00          -0.040161
194.20          -0.040296
194.40          -0.040434
194.60          -0.040574
194.80          -0.040715
195.00          -0.040859
195.20          -0.041005
195.40          -0.041153
195.60          -0.041303
195.80          -0.041455
196.00          -0.041610
196.20          -0.041768
196.40          -0.041929
196.60          -0.042092
196.80          -0.042259
197.00          -0.042429
197.20          -0.042603
197.40          -0.042781
197.60          -0.042963
197.80          -0.043151
198.00          -0.043344
198.20          -0.043542
198.40          -0.043748
198.60          -0.043961
198.80          -0.044184
199.00          -0.044417
199.20          -0.044662
199.40          -0.044922
199.60          -0.045200
199.80          -0.045501
200.00          -0.045831
200.20          -0.046202
200.40          -0.046631
200.60          -0.047147
200.80          -0.047809
201.00          -0.048745
201.20          -0.050299
201.40          -0.053694
201.60          -0.066658
201.80          -0.49551
202.00          -0.082163
202.20          -0.055067
202.40          -0.052024
202.60          -0.051726
202.80          -0.052252
203.00          -0.053246
203.20          -0.054684
203.40          -0.056698
203.60          -0.059602
203.80          -0.064059
204.00          -0.071617
204.20          -0.086587
204.40          -0.12511
204.60          -0.28096
204.80          -0.42079
205.00          -0.10217
205.20          -0.056197
205.40          -0.046298
205.60          -0.043461
205.80          -0.042642
206.00          -0.042529
206.20          -0.042692
206.40          -0.042967
206.60          -0.043285
206.80          -0.043615
207.00          -0.043943
207.20          -0.044262
207.40          -0.044572
207.60          -0.044871
207.80          -0.045159
208.00          -0.045437
208.20          -0.045705
208.40          -0.045966
208.60          -0.046219
208.80          -0.046465
209.00          -0.046706
209.20          -0.046941
209.40          -0.047172
209.60          -0.047398
209.80          -0.047620
210.00          -0.047840
210.20          -0.048056
210.40          -0.048269
210.60          -0.048481
210.80          -0.048690
211.00          -0.048898
211.20          -0.049104
211.40          -0.049308
211.60          -0.049512
211.80          -0.049715
212.00          -0.049916
212.20          -0.050117
212.40          -0.050318
212.60          -0.050518
212.80          -0.050718
213.00          -0.050918
213.20          -0.051118
213.40          -0.051317
213.60          -0.051517
213.80          -0.051717
214.00          -0.051917
214.20          -0.052118
214.40          -0.052320
214.60          -0.052521
214.80          -0.052724
215.00          -0.052927
215.20          -0.053131
215.40          -0.053336
215.60          -0.053541
215.80          -0.053748
216.00          -0.053956
216.20          -0.054165
216.40          -0.054375
216.60          -0.054586
216.80          -0.054799
217.00          -0.055013
217.20          -0.055229
217.40          -0.055446
217.60          -0.055665
217.80          -0.055886
218.00          -0.056108
218.20          -0.056333
218.40          -0.056559
218.60          -0.056787
218.80          -0.057018
219.00          -0.057251
219.20          -0.057486
219.40          -0.057724
219.60          -0.057964
219.80          -0.058208
220.00          -0.058453
220.20          -0.058702
220.40          -0.058954
220.60          -0.059209
220.80          -0.059468
221.00          -0.059730
221.20          -0.059995
221.40          -0.060265
221.60          -0.060538
221.80          -0.060816
222.00          -0.061098
222.20          -0.061385
222.40          -0.061676
222.60          -0.061972
222.80          -0.062274
223.00          -0.062582
223.20          -0.062895
223.40          -0.063214
223.60          -0.063540
223.80          -0.063873
224.00          -0.064213
224.20          -0.064560
224.40          -0.064916
224.60          -0.065280
224.80          -0.065653
225.00          -0.066035
