175.00          -0.050914
175.20          -0.051719
175.40          -0.052781
175.60          -0.054252
175.80          -0.056430
176.00          -0.059981
176.20          -0.066713
176.40          -0.083365
176.60          -0.15938
176.80          -16.060
177.00          -0.090150
177.20          -0.050058
177.40          -0.045058
177.60          -0.044226
177.80          -0.044304
178.00          -0.044626
178.20          -0.045011
178.40          -0.045403
178.60          -0.045783
178.80          -0.046146
179.00          -0.046494
179.20          -0.046827
179.40          -0.047149
179.60          -0.047460
179.80          -0.047762
180.00          -0.048058
180.20          -0.048348
180.40          -0.048634
180.60          -0.048916
180.80          -0.049196
181.00          -0.049473
181.20          -0.049750
181.40          -0.050025
181.60          -0.050300
181.80          -0.050575
182.00          -0.050851
182.20          -0.051126
182.40          -0.051403
182.60          -0.051680
182.80          -0.051959
183.00          -0.052238
183.20          -0.052520
183.40          -0.052802
183.60          -0.053087
183.80          -0.053373
184.00          -0.053661
184.20          -0.053951
184.40          -0.054243
184.60          -0.054537
184.80          -0.054833
185.00          -0.055131
185.20          -0.055432
185.40          -0.055735
185.60          -0.056040
185.80          -0.056348
186.00          -0.056658
186.20          -0.056970
186.40          -0.057286
186.60          -0.057603
186.80          -0.057924
187.00          -0.058247
187.20          -0.058573
187.40          -0.058901
187.60          -0.059233
187.80          -0.059567
188.00          -0.059905
188.20          -0.060245
188.40          -0.060588
188.60          -0.060935
188.80          -0.061284
189.00          -0.061637
189.20          -0.061993
189.40          -0.062352
189.60          -0.062715
189.80          -0.063081
190.00          -0.063451
190.20          -0.063824
190.40          -0.064201
190.60          -0.064582
190.80          -0.064967
191.00          -0.065356
191.20          -0.065749
191.40          -0.066147
191.60          -0.066548
191.80          -0.066955
192.00          -0.067366
192.20          -0.067781
192.40          -0.068202
192.60          -0.068628
192.80          -0.069060
193.00          -0.069497
193.20          -0.069940
193.40          -0.070390
193.60          -0.070845
193.80          -0.071308
194.00          -0.071777
194.20          -0.072254
194.40          -0.072739
194.60          -0.073233
194.80          -0.073735
195.00          -0.074247
195.20          -0.074768
195.40          -0.075301
195.60          -0.075845
195.80          -0.076401
196.00          -0.076971
196.20          -0.077555
196.40          -0.078155
196.60          -0.078773
196.80          -0.079409
197.00          -0.080066
197.20          -0.080746
197.40          -0.081452
197.60          -0.082187
197.80          -0.082955
198.00          -0.083759
198.20          -0.084606
198.40          -0.085502
198.60          -0.086456
198.80          -0.087479
199.00          -0.088583
199.20          -0.089788
199.40          -0.091120
199.60          -0.092612
199.80          -0.094316
200.00          -0.096310
200.20          -0.098718
200.40          -0.10175
200.60          -0.10579
200.80          -0.11163
201.00          -0.12107
201.20          -0.13920
201.40          -0.18532
201.60          -0.39284
201.80          -7.8496
202.00          -0.52635
202.20          -0.20243
202.40          -0.14737
202.60          -0.12665
202.80          -0.11207
203.00          -0.096121
203.20          -0.078265
203.40          -0.062616
203.60          -0.053014
203.80          -0.049439
204.00          -0.049692
204.20          -0.051774
204.40          -0.054512
204.60          -0.057346
204.80          -0.060039
205.00          -0.062514
205.20          -0.064758
205.40          -0.066785
205.60          -0.068619
205.80          -0.070286
206.00          -0.071809
206.20          -0.073208
206.40          -0.074499
206.60          -0.075699
206.80          -0.076819
207.00          -0.077869
207.20          -0.078858
207.40          -0.079794
207.60          -0.080683
207.80          -0.081529
208.00          -0.082337
208.20          -0.083112
208.40          -0.083856
208.60          -0.084573
208.80          -0.085264
209.00          -0.085931
209.20          -0.086577
209.40          -0.087204
209.60          -0.087811
209.80          -0.088402
210.00          -0.088976
210.20          -0.089534
210.40          -0.090078
210.60          -0.090608
210.80          -0.091125
211.00          -0.091628
211.20          -0.092119
211.40          -0.092598
211.60          -0.093065
211.80          -0.093520
212.00          -0.093964
212.20          -0.094396
212.40          -0.094818
212.60          -0.095228
212.80          -0.095627
213.00          -0.096015
213.20          -0.096391
213.40          -0.096757
213.60          -0.097111
213.80          -0.097454
214.00          -0.097785
214.20          -0.098105
214.40          -0.098413
214.60          -0.098708
214.80          -0.098992
215.00          -0.099262
215.20          -0.099520
215.40          -0.099765
215.60          -0.099997
215.80          -0.10021
216.00          -0.10042
216.20          -0.10061
216.40          -0.10078
216.60          -0.10094
216.80          -0.10109
217.00          -0.10122
217.20          -0.10133
217.40          -0.10143
217.60          -0.10151
217.80          -0.10158
218.00          -0.10162
218.20          -0.10165
218.40          -0.10166
218.60          -0.10166
218.80          -0.10163
219.00          -0.10159
219.20          -0.10153
219.40          -0.10145
219.60          -0.10135
219.80          -0.10124
220.00          -0.10110
220.20          -0.10095
220.40          -0.10079
220.60          -0.10060
220.80          -0.10040
221.00          -0.10019
221.20          -0.099968
221.40          -0.099733
221.60          -0.099490
221.80          -0.099241
222.00          -0.098989
222.20          -0.098738
222.40          -0.098491
222.60          -0.098255
222.80          -0.098033
223.00          -0.097832
223.20          -0.097660
223.40          -0.097525
223.60          -0.097436
223.80          -0.097402
224.00          -0.097437
224.20          -0.097552
224.40          -0.097762
224.60          -0.098083
224.80          -0.098531
225.00          -0.099125
