175.00          -0.071068
175.20          -0.072068
175.40          -0.073244
175.60          -0.074704
175.80          -0.076661
176.00          -0.079611
176.20          -0.084961
176.40          -0.098413
176.60          -0.17183
176.80          -1.3021
177.00          -0.093831
177.20          -0.076024
177.40          -0.073757
177.60          -0.073725
177.80          -0.074239
178.00          -0.074919
178.20          -0.075655
178.40          -0.076407
178.60          -0.077163
178.80          -0.077919
179.00          -0.078673
179.20          -0.079426
179.40          -0.080178
179.60          -0.080930
179.80          -0.081683
180.00          -0.082438
180.20          -0.083196
180.40          -0.083957
180.60          -0.084721
180.80          -0.085489
181.00          -0.086262
181.20          -0.087040
181.40          -0.087822
181.60          -0.088611
181.80          -0.089404
182.00          -0.090204
182.20          -0.091009
182.40          -0.091820
182.60          -0.092638
182.80          -0.093461
183.00          -0.094291
183.20          -0.095127
183.40          -0.095969
183.60          -0.096818
183.80          -0.097673
184.00          -0.098534
184.20          -0.099401
184.40          -0.10028
184.60          -0.10116
184.80          -0.10204
185.00          -0.10293
185.20          -0.10383
185.40          -0.10473
185.60          -0.10564
185.80          -0.10656
186.00          -0.10748
186.20          -0.10840
186.40          -0.10934
186.60          -0.11027
186.80          -0.11121
187.00          -0.11215
187.20          -0.11310
187.40          -0.11405
187.60          -0.11501
187.80          -0.11597
188.00          -0.11693
188.20          -0.11789
188.40          -0.11886
188.60          -0.11983
188.80          -0.12080
189.00          -0.12177
189.20          -0.12274
189.40          -0.12371
189.60          -0.12467
189.80          -0.12564
190.00          -0.12661
190.20          -0.12757
190.40          -0.12853
190.60          -0.12948
190.80          -0.13043
191.00          -0.13137
191.20          -0.13230
191.40          -0.13323
191.60          -0.13414
191.80          -0.13505
192.00          -0.13594
192.20          -0.13682
192.40          -0.13769
192.60          -0.13854
192.80          -0.13937
193.00          -0.14018
193.20          -0.14096
193.40          -0.14173
193.60          -0.14246
193.80          -0.14317
194.00          -0.14384
194.20          -0.14448
194.40          -0.14508
194.60          -0.14564
194.80          -0.14615
195.00          -0.14661
195.20          -0.14702
195.40          -0.14736
195.60          -0.14764
195.80          -0.14784
196.00          -0.14796
196.20          -0.14799
196.40          -0.14793
196.60          -0.14775
196.80          -0.14745
197.00          -0.14702
197.20          -0.14644
197.40          -0.14570
197.60          -0.14477
197.80          -0.14363
198.00          -0.14227
198.20          -0.14064
198.40          -0.13873
198.60          -0.13649
198.80          -0.13390
199.00          -0.13091
199.20          -0.12749
199.40          -0.12361
199.60          -0.11927
199.80          -0.11450
200.00          -0.10946
200.20          -0.10450
200.40          -0.10043
200.60          -0.099031
200.80          -0.10444
201.00          -0.12662
201.20          -0.19186
201.40          -0.37770
201.60          -0.94801
201.80          -3.2500
202.00          -3.9697
202.20          -2.5079
202.40          -1.7488
202.60          -1.3160
202.80          -1.0660
203.00          -0.91196
203.20          -0.81119
203.40          -0.74224
203.60          -0.69357
203.80          -0.65858
204.00          -0.63328
204.20          -0.61516
204.40          -0.60258
204.60          -0.59445
204.80          -0.59002
205.00          -0.58878
205.20          -0.59039
205.40          -0.59464
205.60          -0.60140
205.80          -0.61060
206.00          -0.62226
206.20          -0.63640
206.40          -0.65309
206.60          -0.67244
206.80          -0.69452
207.00          -0.71943
207.20          -0.74717
207.40          -0.77768
207.60          -0.81071
207.80          -0.84577
208.00          -0.88201
208.20          -0.91806
208.40          -0.95195
208.60          -0.98104
208.80          -1.0021
209.00          -1.0116
209.20          -1.0063
209.40          -0.98411
209.60          -0.94475
209.80          -0.89004
210.00          -0.82367
210.20          -0.75038
210.40          -0.67492
210.60          -0.60131
210.80          -0.53242
211.00          -0.46990
211.20          -0.41444
211.40          -0.36605
211.60          -0.32429
211.80          -0.28851
212.00          -0.25799
212.20          -0.23199
212.40          -0.20986
212.60          -0.19099
212.80          -0.17488
213.00          -0.16108
213.20          -0.14922
213.40          -0.13899
213.60          -0.13014
213.80          -0.12244
214.00          -0.11572
214.20          -0.10983
214.40          -0.10463
214.60          -0.10004
214.80          -0.095952
215.00          -0.092302
215.20          -0.089026
215.40          -0.086072
215.60          -0.083396
215.80          -0.080961
216.00          -0.078735
216.20          -0.076691
216.40          -0.074806
216.60          -0.073061
216.80          -0.071437
217.00          -0.069922
217.20          -0.068502
217.40          -0.067167
217.60          -0.065906
217.80          -0.064713
218.00          -0.063580
218.20          -0.062501
218.40          -0.061471
218.60          -0.060485
218.80          -0.059540
219.00          -0.058631
219.20          -0.057755
219.40          -0.056911
219.60          -0.056095
219.80          -0.055306
220.00          -0.054542
220.20          -0.053802
220.40          -0.053083
220.60          -0.052385
220.80          -0.051706
221.00          -0.051047
221.20          -0.050406
221.40          -0.049782
221.60          -0.049175
221.80          -0.048584
222.00          -0.048009
222.20          -0.047449
222.40          -0.046905
222.60          -0.046376
222.80          -0.045861
223.00          -0.045361
223.20          -0.044875
223.40          -0.044404
223.60          -0.043946
223.80          -0.043503
224.00          -0.043074
224.20          -0.042660
224.40          -0.042259
224.60          -0.041873
224.80          -0.041501
225.00          -0.041143
