175.00          -0.12403
175.20          -0.12408
175.40          -0.12414
175.60          -0.12421
175.80          -0.12428
176.00          -0.12436
176.20          -0.12445
176.40          -0.12454
176.60          -0.12464
176.80          -0.12475
177.00          -0.12486
177.20          -0.12497
177.40          -0.12509
177.60          -0.12522
177.80          -0.12534
178.00          -0.12547
178.20          -0.12561
178.40          -0.12574
178.60          -0.12588
178.80          -0.12602
179.00          -0.12616
179.20          -0.12630
179.40          -0.12644
179.60          -0.12658
179.80          -0.12673
180.00          -0.12687
180.20          -0.12701
180.40          -0.12716
180.60          -0.12730
180.80          -0.12744
181.00          -0.12759
181.20          -0.12773
181.40          -0.12787
181.60          -0.12800
181.80          -0.12814
182.00          -0.12828
182.20          -0.12841
182.40          -0.12854
182.60          -0.12867
182.80          -0.12880
183.00          -0.12893
183.20          -0.12905
183.40          -0.12917
183.60          -0.12929
183.80          -0.12940
184.00          -0.12952
184.20          -0.12963
184.40          -0.12973
184.60          -0.12984
184.80          -0.12994
185.00          -0.13004
185.20          -0.13013
185.40          -0.13022
185.60          -0.13031
185.80          -0.13040
186.00          -0.13048
186.20          -0.13056
186.40          -0.13063
186.60          -0.13071
186.80          -0.13077
187.00          -0.13084
187.20          -0.13090
187.40          -0.13096
187.60          -0.13101
187.80          -0.13106
188.00          -0.13111
188.20          -0.13115
188.40          -0.13119
188.60          -0.13123
188.80          -0.13126
189.00          -0.13129
189.20          -0.13132
189.40          -0.13134
189.60          -0.13136
189.80          -0.13138
190.00          -0.13139
190.20          -0.13140
190.40          -0.13141
190.60          -0.13141
190.80          -0.13141
191.00          -0.13140
191.20          -0.13140
191.40          -0.13139
191.60          -0.13138
191.80          -0.13136
192.00          -0.13134
192.20          -0.13132
192.40          -0.13130
192.60          -0.13127
192.80          -0.13124
193.00          -0.13121
193.20          -0.13117
193.40          -0.13114
193.60          -0.13110
193.80          -0.13106
194.00          -0.13101
194.20          -0.13097
194.40          -0.13092
194.60          -0.13087
194.80          -0.13082
195.00          -0.13077
195.20          -0.13071
195.40          -0.13065
195.60          -0.13060
195.80          -0.13054
196.00          -0.13048
196.20          -0.13042
196.40          -0.13035
196.60          -0.13029
196.80          -0.13023
197.00          -0.13016
197.20          -0.13010
197.40          -0.13003
197.60          -0.12996
197.80          -0.12990
198.00          -0.12983
198.20          -0.12977
198.40          -0.12970
198.60          -0.12964
198.80          -0.12957
199.00          -0.12951
199.20          -0.12944
199.40          -0.12938
199.60          -0.12932
199.80          -0.12926
200.00          -0.12920
200.20          -0.12914
200.40          -0.12909
200.60          -0.12904
200.80          -0.12899
201.00          -0.12894
201.20          -0.12889
201.40          -0.12885
201.60          -0.12881
201.80          -0.12877
202.00          -0.12874
202.20          -0.12871
202.40          -0.12868
202.60          -0.12866
202.80          -0.12864
203.00          -0.12863
203.20          -0.12862
203.40          -0.12862
203.60          -0.12862
203.80          -0.12863
204.00          -0.12865
204.20          -0.12867
204.40          -0.12870
204.60          -0.12873
204.80          -0.12878
205.00          -0.12884
205.20          -0.12892
205.40          -0.12903
205.60          -0.12922
205.80          -0.12967
206.00          -0.13213
206.20          -0.36899
206.40          -0.13277
206.60          -0.13059
206.80          -0.13023
207.00          -0.13019
207.20          -0.13026
207.40          -0.13038
207.60          -0.13053
207.80          -0.13071
208.00          -0.13091
208.20          -0.13113
208.40          -0.13137
208.60          -0.13163
208.80          -0.13191
209.00          -0.13221
209.20          -0.13254
209.40          -0.13288
209.60          -0.13324
209.80          -0.13363
210.00          -0.13405
210.20          -0.13449
210.40          -0.13495
210.60          -0.13544
210.80          -0.13597
211.00          -0.13652
211.20          -0.13711
211.40          -0.13773
211.60          -0.13838
211.80          -0.13908
212.00          -0.13981
212.20          -0.14059
212.40          -0.14141
212.60          -0.14227
212.80          -0.14319
213.00          -0.14415
213.20          -0.14517
213.40          -0.14625
213.60          -0.14739
213.80          -0.14859
214.00          -0.14987
214.20          -0.15121
214.40          -0.15264
214.60          -0.15414
214.80          -0.15573
215.00          -0.15742
215.20          -0.15920
215.40          -0.16109
215.60          -0.16310
215.80          -0.16522
216.00          -0.16747
216.20          -0.16986
216.40          -0.17240
216.60          -0.17510
216.80          -0.17796
217.00          -0.18101
217.20          -0.18426
217.40          -0.18771
217.60          -0.19140
217.80          -0.19533
218.00          -0.19953
218.20          -0.20402
218.40          -0.20882
218.60          -0.21396
218.80          -0.21946
219.00          -0.22537
219.20          -0.23171
219.40          -0.23853
219.60          -0.24586
219.80          -0.25375
220.00          -0.26226
220.20          -0.27145
220.40          -0.28136
220.60          -0.29208
220.80          -0.30368
221.00          -0.31623
221.20          -0.32983
221.40          -0.34457
221.60          -0.36054
221.80          -0.37785
222.00          -0.39660
222.20          -0.41689
222.40          -0.43883
222.60          -0.46248
222.80          -0.48791
223.00          -0.51514
223.20          -0.54414
223.40          -0.57479
223.60          -0.60688
223.80          -0.64008
224.00          -0.67388
224.20          -0.70761
224.40          -0.74038
224.60          -0.77111
224.80          -0.79858
225.00          -0.82147
