175.00          -0.16841
175.20          -0.16732
175.40          -0.16625
175.60          -0.16519
175.80          -0.16415
176.00          -0.16313
176.20          -0.16212
176.40          -0.16113
176.60          -0.16016
176.80          -0.15920
177.00          -0.15826
177.20          -0.15734
177.40          -0.15644
177.60          -0.15555
177.80          -0.15468
178.00          -0.15384
178.20          -0.15301
178.40          -0.15220
178.60          -0.15141
178.80          -0.15064
179.00          -0.14989
179.20          -0.14916
179.40          -0.14846
179.60          -0.14777
179.80          -0.14711
180.00          -0.14646
180.20          -0.14584
180.40          -0.14524
180.60          -0.14466
180.80          -0.14411
181.00          -0.14357
181.20          -0.14307
181.40          -0.14258
181.60          -0.14212
181.80          -0.14168
182.00          -0.14127
182.20          -0.14088
182.40          -0.14052
182.60          -0.14018
182.80          -0.13987
183.00          -0.13959
183.20          -0.13933
183.40          -0.13910
183.60          -0.13890
183.80          -0.13873
184.00          -0.13858
184.20          -0.13847
184.40          -0.13838
184.60          -0.13833
184.80          -0.13831
185.00          -0.13832
185.20          -0.13836
185.40          -0.13844
185.60          -0.13855
185.80          -0.13869
186.00          -0.13887
186.20          -0.13909
186.40          -0.13934
186.60          -0.13964
186.80          -0.13997
187.00          -0.14035
187.20          -0.14076
187.40          -0.14122
187.60          -0.14172
187.80          -0.14227
188.00          -0.14286
188.20          -0.14350
188.40          -0.14420
188.60          -0.14494
188.80          -0.14573
189.00          -0.14658
189.20          -0.14748
189.40          -0.14844
189.60          -0.14946
189.80          -0.15054
190.00          -0.15168
190.20          -0.15289
190.40          -0.15416
190.60          -0.15550
190.80          -0.15691
191.00          -0.15840
191.20          -0.15996
191.40          -0.16160
191.60          -0.16332
191.80          -0.16512
192.00          -0.16701
192.20          -0.16899
192.40          -0.17105
192.60          -0.17321
192.80          -0.17547
193.00          -0.17783
193.20          -0.18028
193.40          -0.18285
193.60          -0.18552
193.80          -0.18830
194.00          -0.19119
194.20          -0.19420
194.40          -0.19733
194.60          -0.20057
194.80          -0.20394
195.00          -0.20744
195.20          -0.21106
195.40          -0.21480
195.60          -0.21868
195.80          -0.22268
196.00          -0.22681
196.20          -0.23107
196.40          -0.23546
196.60          -0.23997
196.80          -0.24460
197.00          -0.24935
197.20          -0.25421
197.40          -0.25917
197.60          -0.26424
197.80          -0.26939
198.00          -0.27463
198.20          -0.27993
198.40          -0.28529
198.60          -0.29069
198.80          -0.29611
199.00          -0.30153
199.20          -0.30694
199.40          -0.31232
199.60          -0.31763
199.80          -0.32286
200.00          -0.32798
200.20          -0.33296
200.40          -0.33777
200.60          -0.34239
200.80          -0.34679
201.00          -0.35093
201.20          -0.35479
201.40          -0.35835
201.60          -0.36157
201.80          -0.36443
202.00          -0.36692
202.20          -0.36901
202.40          -0.37069
202.60          -0.37194
202.80          -0.37277
203.00          -0.37316
203.20          -0.37313
203.40          -0.37267
203.60          -0.37180
203.80          -0.37055
204.00          -0.36893
204.20          -0.36699
204.40          -0.36477
204.60          -0.36237
204.80          -0.35988
205.00          -0.35752
205.20          -0.35567
205.40          -0.35520
205.60          -0.35860
205.80          -0.37590
206.00          -0.49504
206.20          -4.6224
206.40          -0.39260
206.60          -0.32971
206.80          -0.31347
207.00          -0.30450
207.20          -0.29757
207.40          -0.29140
207.60          -0.28557
207.80          -0.27994
208.00          -0.27442
208.20          -0.26900
208.40          -0.26366
208.60          -0.25840
208.80          -0.25323
209.00          -0.24814
209.20          -0.24314
209.40          -0.23824
209.60          -0.23343
209.80          -0.22872
210.00          -0.22412
210.20          -0.21961
210.40          -0.21521
210.60          -0.21092
210.80          -0.20673
211.00          -0.20265
211.20          -0.19867
211.40          -0.19479
211.60          -0.19102
211.80          -0.18734
212.00          -0.18377
212.20          -0.18029
212.40          -0.17691
212.60          -0.17363
212.80          -0.17043
213.00          -0.16732
213.20          -0.16430
213.40          -0.16137
213.60          -0.15852
213.80          -0.15574
214.00          -0.15305
214.20          -0.15043
214.40          -0.14788
214.60          -0.14541
214.80          -0.14301
215.00          -0.14067
215.20          -0.13840
215.40          -0.13618
215.60          -0.13404
215.80          -0.13194
216.00          -0.12991
216.20          -0.12793
216.40          -0.12601
216.60          -0.12413
216.80          -0.12231
217.00          -0.12053
217.20          -0.11880
217.40          -0.11712
217.60          -0.11548
217.80          -0.11388
218.00          -0.11232
218.20          -0.11080
218.40          -0.10932
218.60          -0.10788
218.80          -0.10647
219.00          -0.10510
219.20          -0.10376
219.40          -0.10245
219.60          -0.10117
219.80          -0.099924
220.00          -0.098706
220.20          -0.097515
220.40          -0.096352
220.60          -0.095214
220.80          -0.094102
221.00          -0.093014
221.20          -0.091950
221.40          -0.090909
221.60          -0.089890
221.80          -0.088892
222.00          -0.087915
222.20          -0.086958
222.40          -0.086020
222.60          -0.085100
222.80          -0.084199
223.00          -0.083315
223.20          -0.082448
223.40          -0.081598
223.60          -0.080764
223.80          -0.079945
224.00          -0.079142
224.20          -0.078354
224.40          -0.077580
224.60          -0.076822
224.80          -0.076079
225.00          -0.075351
