175.00          -0.15151
175.20          -0.15053
175.40          -0.14958
175.60          -0.14865
175.80          -0.14774
176.00          -0.14686
176.20          -0.14600
176.40          -0.14517
176.60          -0.14436
176.80          -0.14357
177.00          -0.14281
177.20          -0.14207
177.40          -0.14136
177.60          -0.14068
177.80          -0.14002
178.00          -0.13938
178.20          -0.13877
178.40          -0.13819
178.60          -0.13763
178.80          -0.13710
179.00          -0.13659
179.20          -0.13611
179.40          -0.13566
179.60          -0.13523
179.80          -0.13484
180.00          -0.13447
180.20          -0.13413
180.40          -0.13381
180.60          -0.13353
180.80          -0.13327
181.00          -0.13305
181.20          -0.13285
181.40          -0.13269
181.60          -0.13255
181.80          -0.13245
182.00          -0.13238
182.20          -0.13234
182.40          -0.13233
182.60          -0.13236
182.80          -0.13242
183.00          -0.13252
183.20          -0.13265
183.40          -0.13282
183.60          -0.13303
183.80          -0.13327
184.00          -0.13356
184.20          -0.13388
184.40          -0.13424
184.60          -0.13465
184.80          -0.13510
185.00          -0.13559
185.20          -0.13612
185.40          -0.13671
185.60          -0.13734
185.80          -0.13802
186.00          -0.13874
186.20          -0.13952
186.40          -0.14036
186.60          -0.14124
186.80          -0.14219
187.00          -0.14318
187.20          -0.14424
187.40          -0.14536
187.60          -0.14655
187.80          -0.14779
188.00          -0.14911
188.20          -0.15049
188.40          -0.15194
188.60          -0.15346
188.80          -0.15506
189.00          -0.15674
189.20          -0.15850
189.40          -0.16033
189.60          -0.16226
189.80          -0.16426
190.00          -0.16636
190.20          -0.16855
190.40          -0.17083
190.60          -0.17321
190.80          -0.17569
191.00          -0.17827
191.20          -0.18096
191.40          -0.18375
191.60          -0.18665
191.80          -0.18966
192.00          -0.19279
192.20          -0.19602
192.40          -0.19938
192.60          -0.20285
192.80          -0.20645
193.00          -0.21016
193.20          -0.21399
193.40          -0.21795
193.60          -0.22202
193.80          -0.22622
194.00          -0.23053
194.20          -0.23495
194.40          -0.23949
194.60          -0.24413
194.80          -0.24887
195.00          -0.25372
195.20          -0.25865
195.40          -0.26365
195.60          -0.26873
195.80          -0.27387
196.00          -0.27906
196.20          -0.28428
196.40          -0.28951
196.60          -0.29474
196.80          -0.29996
197.00          -0.30514
197.20          -0.31025
197.40          -0.31529
197.60          -0.32022
197.80          -0.32501
198.00          -0.32966
198.20          -0.33412
198.40          -0.33837
198.60          -0.34239
198.80          -0.34615
199.00          -0.34963
199.20          -0.35280
199.40          -0.35564
199.60          -0.35813
199.80          -0.36026
200.00          -0.36200
200.20          -0.36336
200.40          -0.36431
200.60          -0.36485
200.80          -0.36498
201.00          -0.36470
201.20          -0.36401
201.40          -0.36292
201.60          -0.36145
201.80          -0.35960
202.00          -0.35739
202.20          -0.35484
202.40          -0.35196
202.60          -0.34879
202.80          -0.34535
203.00          -0.34165
203.20          -0.33773
203.40          -0.33362
203.60          -0.32933
203.80          -0.32491
204.00          -0.32039
204.20          -0.31579
204.40          -0.31117
204.60          -0.30657
204.80          -0.30208
205.00          -0.29782
205.20          -0.29404
205.40          -0.29131
205.60          -0.29124
205.80          -0.30053
206.00          -0.37931
206.20          -3.2891
206.40          -0.31443
206.60          -0.26778
206.80          -0.25468
207.00          -0.24708
207.20          -0.24115
207.40          -0.23592
207.60          -0.23105
207.80          -0.22643
208.00          -0.22197
208.20          -0.21766
208.40          -0.21348
208.60          -0.20940
208.80          -0.20544
209.00          -0.20158
209.20          -0.19783
209.40          -0.19417
209.60          -0.19061
209.80          -0.18714
210.00          -0.18376
210.20          -0.18048
210.40          -0.17728
210.60          -0.17417
210.80          -0.17115
211.00          -0.16820
211.20          -0.16534
211.40          -0.16256
211.60          -0.15985
211.80          -0.15722
212.00          -0.15465
212.20          -0.15216
212.40          -0.14974
212.60          -0.14739
212.80          -0.14510
213.00          -0.14287
213.20          -0.14070
213.40          -0.13859
213.60          -0.13654
213.80          -0.13455
214.00          -0.13261
214.20          -0.13072
214.40          -0.12888
214.60          -0.12710
214.80          -0.12536
215.00          -0.12366
215.20          -0.12201
215.40          -0.12041
215.60          -0.11884
215.80          -0.11732
216.00          -0.11584
216.20          -0.11440
216.40          -0.11299
216.60          -0.11162
216.80          -0.11028
217.00          -0.10898
217.20          -0.10771
217.40          -0.10648
217.60          -0.10527
217.80          -0.10410
218.00          -0.10295
218.20          -0.10183
218.40          -0.10074
218.60          -0.099681
218.80          -0.098644
219.00          -0.097633
219.20          -0.096646
219.40          -0.095682
219.60          -0.094743
219.80          -0.093825
220.00          -0.092930
220.20          -0.092056
220.40          -0.091203
220.60          -0.090370
220.80          -0.089557
221.00          -0.088763
221.20          -0.087987
221.40          -0.087230
221.60          -0.086490
221.80          -0.085768
222.00          -0.085063
222.20          -0.084374
222.40          -0.083701
222.60          -0.083044
222.80          -0.082402
223.00          -0.081775
223.20          -0.081163
223.40          -0.080565
223.60          -0.079982
223.80          -0.079412
224.00          -0.078857
224.20          -0.078314
224.40          -0.077786
224.60          -0.077271
224.80          -0.076770
225.00          -0.076284
