175.00          -0.046215
175.20          -0.046018
175.40          -0.045830
175.60          -0.045651
175.80          -0.045481
176.00          -0.045320
176.20          -0.045167
176.40          -0.045022
176.60          -0.044885
176.80          -0.044756
177.00          -0.044635
177.20          -0.044521
177.40          -0.044415
177.60          -0.044315
177.80          -0.044223
178.00          -0.044137
178.20          -0.044058
178.40          -0.043985
178.60          -0.043919
178.80          -0.043859
179.00          -0.043805
179.20          -0.043757
179.40          -0.043715
179.60          -0.043678
179.80          -0.043647
180.00          -0.043622
180.20          -0.043602
180.40          -0.043587
180.60          -0.043577
180.80          -0.043573
181.00          -0.043573
181.20          -0.043578
181.40          -0.043588
181.60          -0.043603
181.80          -0.043623
182.00          -0.043647
182.20          -0.043675
182.40          -0.043708
182.60          -0.043745
182.80          -0.043787
183.00          -0.043833
183.20          -0.043882
183.40          -0.043936
183.60          -0.043994
183.80          -0.044056
184.00          -0.044122
184.20          -0.044192
184.40          -0.044265
184.60          -0.044342
184.80          -0.044423
185.00          -0.044508
185.20          -0.044596
185.40          -0.044688
185.60          -0.044783
185.80          -0.044882
186.00          -0.044984
186.20          -0.045090
186.40          -0.045199
186.60          -0.045312
186.80          -0.045427
187.00          -0.045546
187.20          -0.045669
187.40          -0.045794
187.60          -0.045923
187.80          -0.046055
188.00          -0.046190
188.20          -0.046328
188.40          -0.046469
188.60          -0.046614
188.80          -0.046761
189.00          -0.046911
189.20          -0.047065
189.40          -0.047221
189.60          -0.047381
189.80          -0.047543
190.00          -0.047709
190.20          -0.047877
190.40          -0.048048
190.60          -0.048222
190.80          -0.048399
191.00          -0.048579
191.20          -0.048762
191.40          -0.048948
191.60          -0.049136
191.80          -0.049328
192.00          -0.049522
192.20          -0.049719
192.40          -0.049919
192.60          -0.050122
192.80          -0.050328
193.00          -0.050536
193.20          -0.050748
193.40          -0.050962
193.60          -0.051179
193.80          -0.051399
194.00          -0.051622
194.20          -0.051848
194.40          -0.052076
194.60          -0.052308
194.80          -0.052542
195.00          -0.052779
195.20          -0.053020
195.40          -0.053263
195.60          -0.053509
195.80          -0.053758
196.00          -0.054010
196.20          -0.054265
196.40          -0.054523
196.60          -0.054785
196.80          -0.055049
197.00          -0.055317
197.20          -0.055587
197.40          -0.055861
197.60          -0.056139
197.80          -0.056420
198.00          -0.056704
198.20          -0.056991
198.40          -0.057283
198.60          -0.057578
198.80          -0.057876
199.00          -0.058179
199.20          -0.058485
199.40          -0.058796
199.60          -0.059111
199.80          -0.059431
200.00          -0.059755
200.20          -0.060084
200.40          -0.060419
200.60          -0.060759
200.80          -0.061105
201.00          -0.061457
201.20          -0.061816
201.40          -0.062183
201.60          -0.062558
201.80          -0.062942
202.00          -0.063336
202.20          -0.063741
202.40          -0.064160
202.60          -0.064593
202.80          -0.065044
203.00          -0.065515
203.20          -0.066012
203.40          -0.066539
203.60          -0.067103
203.80          -0.067717
204.00          -0.068393
204.20          -0.069155
204.40          -0.070035
204.60          -0.071088
204.80          -0.072403
205.00          -0.074146
205.20          -0.076650
205.40          -0.080680
205.60          -0.088394
205.80          -0.10830
206.00          -0.21052
206.20          -4.9446
206.40          -0.12422
206.60          -0.078607
206.80          -0.071362
207.00          -0.069600
207.20          -0.069261
207.40          -0.069407
207.60          -0.069744
207.80          -0.070161
208.00          -0.070615
208.20          -0.071083
208.40          -0.071556
208.60          -0.072030
208.80          -0.072502
209.00          -0.072972
209.20          -0.073439
209.40          -0.073904
209.60          -0.074367
209.80          -0.074827
210.00          -0.075286
210.20          -0.075743
210.40          -0.076200
210.60          -0.076655
210.80          -0.077110
211.00          -0.077564
211.20          -0.078018
211.40          -0.078472
211.60          -0.078927
211.80          -0.079381
212.00          -0.079836
212.20          -0.080291
212.40          -0.080746
212.60          -0.081202
212.80          -0.081659
213.00          -0.082116
213.20          -0.082573
213.40          -0.083032
213.60          -0.083491
213.80          -0.083950
214.00          -0.084410
214.20          -0.084871
214.40          -0.085333
214.60          -0.085794
214.80          -0.086257
215.00          -0.086720
215.20          -0.087184
215.40          -0.087647
215.60          -0.088112
215.80          -0.088576
216.00          -0.089041
216.20          -0.089506
216.40          -0.089971
216.60          -0.090437
216.80          -0.090902
217.00          -0.091367
217.20          -0.091832
217.40          -0.092296
217.60          -0.092760
217.80          -0.093224
218.00          -0.093687
218.20          -0.094149
218.40          -0.094610
218.60          -0.095071
218.80          -0.095530
219.00          -0.095988
219.20          -0.096444
219.40          -0.096899
219.60          -0.097352
219.80          -0.097804
220.00          -0.098253
220.20          -0.098700
220.40          -0.099145
220.60          -0.099587
220.80          -0.10003
221.00          -0.10046
221.20          -0.10090
221.40          -0.10132
221.60          -0.10175
221.80          -0.10217
222.00          -0.10259
222.20          -0.10300
222.40          -0.10341
222.60          -0.10381
222.80          -0.10421
223.00          -0.10461
223.20          -0.10499
223.40          -0.10537
223.60          -0.10575
223.80          -0.10611
224.00          -0.10647
224.20          -0.10683
224.40          -0.10717
224.60          -0.10751
224.80          -0.10784
225.00          -0.10816
