175.00          -0.015275
175.20          -0.015306
175.40          -0.015338
175.60          -0.015370
175.80          -0.015402
176.00          -0.015435
176.20          -0.015468
176.40          -0.015501
176.60          -0.015535
176.80          -0.015569
177.00          -0.015604
177.20          -0.015639
177.40          -0.015675
177.60          -0.015711
177.80          -0.015747
178.00          -0.015784
178.20          -0.015821
178.40          -0.015859
178.60          -0.015898
178.80          -0.015937
179.00          -0.015976
179.20          -0.016016
179.40          -0.016057
179.60          -0.016098
179.80          -0.016139
180.00          -0.016182
180.20          -0.016225
180.40          -0.016268
180.60          -0.016312
180.80          -0.016357
181.00          -0.016403
181.20          -0.016449
181.40          -0.016496
181.60          -0.016544
181.80          -0.016593
182.00          -0.016642
182.20          -0.016692
182.40          -0.016743
182.60          -0.016795
182.80          -0.016848
183.00          -0.016902
183.20          -0.016956
183.40          -0.017012
183.60          -0.017069
183.80          -0.017126
184.00          -0.017185
184.20          -0.017245
184.40          -0.017306
184.60          -0.017369
184.80          -0.017432
185.00          -0.017497
185.20          -0.017563
185.40          -0.017631
185.60          -0.017700
185.80          -0.017770
186.00          -0.017842
186.20          -0.017916
186.40          -0.017991
186.60          -0.018068
186.80          -0.018147
187.00          -0.018227
187.20          -0.018310
187.40          -0.018394
187.60          -0.018480
187.80          -0.018569
188.00          -0.018660
188.20          -0.018753
188.40          -0.018848
188.60          -0.018947
188.80          -0.019047
189.00          -0.019151
189.20          -0.019257
189.40          -0.019366
189.60          -0.019479
189.80          -0.019594
190.00          -0.019713
190.20          -0.019836
190.40          -0.019962
190.60          -0.020093
190.80          -0.020227
191.00          -0.020366
191.20          -0.020509
191.40          -0.020657
191.60          -0.020810
191.80          -0.020969
192.00          -0.021132
192.20          -0.021302
192.40          -0.021478
192.60          -0.021660
192.80          -0.021850
193.00          -0.022046
193.20          -0.022250
193.40          -0.022463
193.60          -0.022684
193.80          -0.022914
194.00          -0.023154
194.20          -0.023404
194.40          -0.023665
194.60          -0.023938
194.80          -0.024224
195.00          -0.024523
195.20          -0.024837
195.40          -0.025165
195.60          -0.025510
195.80          -0.025873
196.00          -0.026255
196.20          -0.026658
196.40          -0.027082
196.60          -0.027530
196.80          -0.028005
197.00          -0.028507
197.20          -0.029039
197.40          -0.029605
197.60          -0.030206
197.80          -0.030847
198.00          -0.031531
198.20          -0.032263
198.40          -0.033046
198.60          -0.033886
198.80          -0.034790
199.00          -0.035764
199.20          -0.036816
199.40          -0.037954
199.60          -0.039190
199.80          -0.040535
200.00          -0.042003
200.20          -0.043609
200.40          -0.045373
200.60          -0.047316
200.80          -0.049464
201.00          -0.051849
201.20          -0.054507
201.40          -0.057483
201.60          -0.060830
201.80          -0.064616
202.00          -0.068920
202.20          -0.073845
202.40          -0.079517
202.60          -0.086096
202.80          -0.093790
203.00          -0.10287
203.20          -0.11368
203.40          -0.12669
203.60          -0.14254
203.80          -0.16210
204.00          -0.18660
204.20          -0.21778
204.40          -0.25815
204.60          -0.31144
204.80          -0.38310
205.00          -0.48112
205.20          -0.61645
205.40          -0.80130
205.60          -1.0393
205.80          -1.2977
206.00          -1.4766
206.20          -1.9303
206.40          -1.2199
206.60          -0.93957
206.80          -0.70417
207.00          -0.52862
207.20          -0.40328
207.40          -0.31418
207.60          -0.25006
207.80          -0.20305
208.00          -0.16792
208.20          -0.14116
208.40          -0.12040
208.60          -0.10405
208.80          -0.090976
209.00          -0.080388
209.20          -0.071712
209.40          -0.064527
209.60          -0.058521
209.80          -0.053456
210.00          -0.049153
210.20          -0.045469
210.40          -0.042296
210.60          -0.039546
210.80          -0.037151
211.00          -0.035053
211.20          -0.033208
211.40          -0.031578
211.60          -0.030132
211.80          -0.028846
212.00          -0.027696
212.20          -0.026667
212.40          -0.025741
212.60          -0.024908
212.80          -0.024154
213.00          -0.023472
213.20          -0.022853
213.40          -0.022291
213.60          -0.021778
213.80          -0.021310
214.00          -0.020882
214.20          -0.020490
214.40          -0.020130
214.60          -0.019800
214.80          -0.019496
215.00          -0.019217
215.20          -0.018959
215.40          -0.018722
215.60          -0.018502
215.80          -0.018299
216.00          -0.018112
216.20          -0.017938
216.40          -0.017778
216.60          -0.017629
216.80          -0.017491
217.00          -0.017363
217.20          -0.017245
217.40          -0.017135
217.60          -0.017033
217.80          -0.016938
218.00          -0.016851
218.20          -0.016769
218.40          -0.016694
218.60          -0.016624
218.80          -0.016560
219.00          -0.016500
219.20          -0.016445
219.40          -0.016394
219.60          -0.016347
219.80          -0.016304
220.00          -0.016264
220.20          -0.016228
220.40          -0.016194
220.60          -0.016164
220.80          -0.016136
221.00          -0.016111
221.20          -0.016089
221.40          -0.016069
221.60          -0.016051
221.80          -0.016035
222.00          -0.016021
222.20          -0.016009
222.40          -0.015999
222.60          -0.015990
222.80          -0.015983
223.00          -0.015978
223.20          -0.015974
223.40          -0.015972
223.60          -0.015971
223.80          -0.015971
224.00          -0.015973
224.20          -0.015976
224.40          -0.015980
224.60          -0.015985
224.80          -0.015991
225.00          -0.015998
