175.00          -0.057569
175.20          -0.058768
175.40          -0.060019
175.60          -0.061326
175.80          -0.062692
176.00          -0.064121
176.20          -0.065617
176.40          -0.067184
176.60          -0.068826
176.80          -0.070549
177.00          -0.072358
177.20          -0.074259
177.40          -0.076257
177.60          -0.078359
177.80          -0.080574
178.00          -0.082908
178.20          -0.085370
178.40          -0.087969
178.60          -0.090716
178.80          -0.093621
179.00          -0.096697
179.20          -0.099955
179.40          -0.10341
179.60          -0.10708
179.80          -0.11097
180.00          -0.11512
180.20          -0.11952
180.40          -0.12422
180.60          -0.12922
180.80          -0.13456
181.00          -0.14026
181.20          -0.14635
181.40          -0.15286
181.60          -0.15981
181.80          -0.16725
182.00          -0.17521
182.20          -0.18373
182.40          -0.19284
182.60          -0.20257
182.80          -0.21297
183.00          -0.22406
183.20          -0.23586
183.40          -0.24840
183.60          -0.26167
183.80          -0.27567
184.00          -0.29034
184.20          -0.30564
184.40          -0.32146
184.60          -0.33766
184.80          -0.35404
185.00          -0.37035
185.20          -0.38629
185.40          -0.40150
185.60          -0.41556
185.80          -0.42805
186.00          -0.43850
186.20          -0.44650
186.40          -0.45169
186.60          -0.45378
186.80          -0.45264
187.00          -0.44825
187.20          -0.44074
187.40          -0.43039
187.60          -0.41757
187.80          -0.40271
188.00          -0.38630
188.20          -0.36880
188.40          -0.35066
188.60          -0.33228
188.80          -0.31398
189.00          -0.29605
189.20          -0.27868
189.40          -0.26202
189.60          -0.24618
189.80          -0.23121
190.00          -0.21714
190.20          -0.20397
190.40          -0.19169
190.60          -0.18025
190.80          -0.16964
191.00          -0.15979
191.20          -0.15067
191.40          -0.14222
191.60          -0.13440
191.80          -0.12716
192.00          -0.12045
192.20          -0.11424
192.40          -0.10849
192.60          -0.10315
192.80          -0.098202
193.00          -0.093606
193.20          -0.089335
193.40          -0.085363
193.60          -0.081666
193.80          -0.078222
194.00          -0.075011
194.20          -0.072014
194.40          -0.069215
194.60          -0.066598
194.80          -0.064149
195.00          -0.061856
195.20          -0.059706
195.40          -0.057690
195.60          -0.055796
195.80          -0.054017
196.00          -0.052343
196.20          -0.050768
196.40          -0.049284
196.60          -0.047886
196.80          -0.046567
197.00          -0.045321
197.20          -0.044145
197.40          -0.043033
197.60          -0.041981
197.80          -0.040986
198.00          -0.040043
198.20          -0.039150
198.40          -0.038303
198.60          -0.037499
198.80          -0.036736
199.00          -0.036012
199.20          -0.035323
199.40          -0.034669
199.60          -0.034046
199.80          -0.033454
200.00          -0.032890
200.20          -0.032353
200.40          -0.031842
200.60          -0.031354
200.80          -0.030889
201.00          -0.030446
201.20          -0.030023
201.40          -0.029619
201.60          -0.029234
201.80          -0.028866
202.00          -0.028514
202.20          -0.028178
202.40          -0.027857
202.60          -0.027550
202.80          -0.027256
203.00          -0.026975
203.20          -0.026707
203.40          -0.026450
203.60          -0.026204
203.80          -0.025969
204.00          -0.025744
204.20          -0.025529
204.40          -0.025323
204.60          -0.025126
204.80          -0.024937
205.00          -0.024757
205.20          -0.024585
205.40          -0.024422
205.60          -0.024268
205.80          -0.024129
206.00          -0.024033
206.20          -0.026730
206.40          -0.023712
206.60          -0.023547
206.80          -0.023422
207.00          -0.023304
207.20          -0.023193
207.40          -0.023086
207.60          -0.022983
207.80          -0.022886
208.00          -0.022792
208.20          -0.022703
208.40          -0.022617
208.60          -0.022536
208.80          -0.022458
209.00          -0.022383
209.20          -0.022313
209.40          -0.022245
209.60          -0.022181
209.80          -0.022119
210.00          -0.022061
210.20          -0.022006
210.40          -0.021953
210.60          -0.021904
210.80          -0.021856
211.00          -0.021812
211.20          -0.021770
211.40          -0.021730
211.60          -0.021692
211.80          -0.021657
212.00          -0.021624
212.20          -0.021593
212.40          -0.021564
212.60          -0.021537
212.80          -0.021512
213.00          -0.021489
213.20          -0.021467
213.40          -0.021448
213.60          -0.021430
213.80          -0.021413
214.00          -0.021399
214.20          -0.021386
214.40          -0.021374
214.60          -0.021364
214.80          -0.021355
215.00          -0.021348
215.20          -0.021342
215.40          -0.021338
215.60          -0.021334
215.80          -0.021332
216.00          -0.021332
216.20          -0.021332
216.40          -0.021334
216.60          -0.021337
216.80          -0.021341
217.00          -0.021346
217.20          -0.021352
217.40          -0.021360
217.60          -0.021368
217.80          -0.021378
218.00          -0.021388
218.20          -0.021400
218.40          -0.021412
218.60          -0.021425
218.80          -0.021440
219.00          -0.021455
219.20          -0.021471
219.40          -0.021488
219.60          -0.021506
219.80          -0.021525
220.00          -0.021545
220.20          -0.021566
220.40          -0.021588
220.60          -0.021610
220.80          -0.021633
221.00          -0.021657
221.20          -0.021682
221.40          -0.021708
221.60          -0.021735
221.80          -0.021762
222.00          -0.021791
222.20          -0.021820
222.40          -0.021850
222.60          -0.021881
222.80          -0.021913
223.00          -0.021946
223.20          -0.021979
223.40          -0.022013
223.60          -0.022049
223.80          -0.022085
224.00          -0.022122
224.20          -0.022160
224.40          -0.022199
224.60          -0.022239
224.80          -0.022280
225.00          -0.022322
