175.00          -0.037565
175.20          -0.037342
175.40          -0.037126
175.60          -0.036917
175.80          -0.036715
176.00          -0.036518
176.20          -0.036328
176.40          -0.036144
176.60          -0.035965
176.80          -0.035792
177.00          -0.035625
177.20          -0.035463
177.40          -0.035307
177.60          -0.035156
177.80          -0.035009
178.00          -0.034868
178.20          -0.034732
178.40          -0.034600
178.60          -0.034473
178.80          -0.034350
179.00          -0.034232
179.20          -0.034119
179.40          -0.034009
179.60          -0.033904
179.80          -0.033803
180.00          -0.033705
180.20          -0.033612
180.40          -0.033523
180.60          -0.033437
180.80          -0.033355
181.00          -0.033277
181.20          -0.033202
181.40          -0.033131
181.60          -0.033063
181.80          -0.032999
182.00          -0.032938
182.20          -0.032880
182.40          -0.032825
182.60          -0.032774
182.80          -0.032725
183.00          -0.032680
183.20          -0.032637
183.40          -0.032598
183.60          -0.032561
183.80          -0.032528
184.00          -0.032497
184.20          -0.032468
184.40          -0.032443
184.60          -0.032420
184.80          -0.032400
185.00          -0.032382
185.20          -0.032367
185.40          -0.032355
185.60          -0.032345
185.80          -0.032337
186.00          -0.032332
186.20          -0.032329
186.40          -0.032329
186.60          -0.032331
186.80          -0.032335
187.00          -0.032341
187.20          -0.032350
187.40          -0.032361
187.60          -0.032374
187.80          -0.032389
188.00          -0.032406
188.20          -0.032426
188.40          -0.032447
188.60          -0.032471
188.80          -0.032497
189.00          -0.032524
189.20          -0.032554
189.40          -0.032585
189.60          -0.032619
189.80          -0.032655
190.00          -0.032692
190.20          -0.032731
190.40          -0.032773
190.60          -0.032816
190.80          -0.032861
191.00          -0.032907
191.20          -0.032956
191.40          -0.033006
191.60          -0.033059
191.80          -0.033112
192.00          -0.033168
192.20          -0.033226
192.40          -0.033285
192.60          -0.033346
192.80          -0.033408
193.00          -0.033473
193.20          -0.033539
193.40          -0.033606
193.60          -0.033676
193.80          -0.033746
194.00          -0.033819
194.20          -0.033893
194.40          -0.033969
194.60          -0.034047
194.80          -0.034126
195.00          -0.034206
195.20          -0.034288
195.40          -0.034372
195.60          -0.034457
195.80          -0.034544
196.00          -0.034633
196.20          -0.034723
196.40          -0.034814
196.60          -0.034907
196.80          -0.035002
197.00          -0.035098
197.20          -0.035195
197.40          -0.035294
197.60          -0.035394
197.80          -0.035496
198.00          -0.035600
198.20          -0.035704
198.40          -0.035811
198.60          -0.035918
198.80          -0.036027
199.00          -0.036138
199.20          -0.036250
199.40          -0.036363
199.60          -0.036478
199.80          -0.036594
200.00          -0.036711
200.20          -0.036830
200.40          -0.036950
200.60          -0.037072
200.80          -0.037195
201.00          -0.037319
201.20          -0.037445
201.40          -0.037572
201.60          -0.037700
201.80          -0.037830
202.00          -0.037961
202.20          -0.038093
202.40          -0.038226
202.60          -0.038361
202.80          -0.038497
203.00          -0.038634
203.20          -0.038773
203.40          -0.038913
203.60          -0.039054
203.80          -0.039196
204.00          -0.039339
204.20          -0.039484
204.40          -0.039630
204.60          -0.039777
204.80          -0.039926
205.00          -0.040076
205.20          -0.040227
205.40          -0.040379
205.60          -0.040534
205.80          -0.040693
206.00          -0.040868
206.20          -0.042167
206.40          -0.041162
206.60          -0.041305
206.80          -0.041463
207.00          -0.041623
207.20          -0.041784
207.40          -0.041946
207.60          -0.042110
207.80          -0.042274
208.00          -0.042439
208.20          -0.042605
208.40          -0.042771
208.60          -0.042939
208.80          -0.043107
209.00          -0.043277
209.20          -0.043447
209.40          -0.043618
209.60          -0.043789
209.80          -0.043962
210.00          -0.044135
210.20          -0.044309
210.40          -0.044483
210.60          -0.044659
210.80          -0.044834
211.00          -0.045011
211.20          -0.045188
211.40          -0.045365
211.60          -0.045543
211.80          -0.045722
212.00          -0.045901
212.20          -0.046080
212.40          -0.046260
212.60          -0.046440
212.80          -0.046621
213.00          -0.046801
213.20          -0.046982
213.40          -0.047164
213.60          -0.047345
213.80          -0.047527
214.00          -0.047708
214.20          -0.047890
214.40          -0.048072
214.60          -0.048253
214.80          -0.048435
215.00          -0.048616
215.20          -0.048798
215.40          -0.048979
215.60          -0.049159
215.80          -0.049340
216.00          -0.049520
216.20          -0.049699
216.40          -0.049878
216.60          -0.050057
216.80          -0.050235
217.00          -0.050412
217.20          -0.050589
217.40          -0.050764
217.60          -0.050939
217.80          -0.051113
218.00          -0.051285
218.20          -0.051457
218.40          -0.051627
218.60          -0.051797
218.80          -0.051964
219.00          -0.052130
219.20          -0.052295
219.40          -0.052458
219.60          -0.052619
219.80          -0.052779
220.00          -0.052936
220.20          -0.053092
220.40          -0.053245
220.60          -0.053395
220.80          -0.053544
221.00          -0.053689
221.20          -0.053832
221.40          -0.053972
221.60          -0.054109
221.80          -0.054243
222.00          -0.054373
222.20          -0.054499
222.40          -0.054622
222.60          -0.054741
222.80          -0.054855
223.00          -0.054965
223.20          -0.055071
223.40          -0.055171
223.60          -0.055266
223.80          -0.055355
224.00          -0.055439
224.20          -0.055516
224.40          -0.055587
224.60          -0.055650
224.80          -0.055707
225.00          -0.055755
