175.00          -0.035679
175.20          -0.035530
175.40          -0.035385
175.60          -0.035245
175.80          -0.035111
176.00          -0.034981
176.20          -0.034855
176.40          -0.034735
176.60          -0.034618
176.80          -0.034507
177.00          -0.034399
177.20          -0.034296
177.40          -0.034197
177.60          -0.034102
177.80          -0.034011
178.00          -0.033924
178.20          -0.033840
178.40          -0.033761
178.60          -0.033685
178.80          -0.033613
179.00          -0.033544
179.20          -0.033479
179.40          -0.033418
179.60          -0.033359
179.80          -0.033304
180.00          -0.033253
180.20          -0.033205
180.40          -0.033159
180.60          -0.033117
180.80          -0.033078
181.00          -0.033042
181.20          -0.033009
181.40          -0.032979
181.60          -0.032952
181.80          -0.032928
182.00          -0.032907
182.20          -0.032888
182.40          -0.032872
182.60          -0.032859
182.80          -0.032848
183.00          -0.032841
183.20          -0.032835
183.40          -0.032833
183.60          -0.032832
183.80          -0.032835
184.00          -0.032840
184.20          -0.032847
184.40          -0.032857
184.60          -0.032869
184.80          -0.032884
185.00          -0.032900
185.20          -0.032920
185.40          -0.032941
185.60          -0.032965
185.80          -0.032991
186.00          -0.033019
186.20          -0.033050
186.40          -0.033083
186.60          -0.033118
186.80          -0.033155
187.00          -0.033194
187.20          -0.033236
187.40          -0.033279
187.60          -0.033325
187.80          -0.033372
188.00          -0.033422
188.20          -0.033474
188.40          -0.033528
188.60          -0.033584
188.80          -0.033642
189.00          -0.033702
189.20          -0.033764
189.40          -0.033828
189.60          -0.033894
189.80          -0.033961
190.00          -0.034031
190.20          -0.034103
190.40          -0.034177
190.60          -0.034252
190.80          -0.034330
191.00          -0.034410
191.20          -0.034491
191.40          -0.034574
191.60          -0.034659
191.80          -0.034746
192.00          -0.034835
192.20          -0.034926
192.40          -0.035019
192.60          -0.035113
192.80          -0.035210
193.00          -0.035308
193.20          -0.035408
193.40          -0.035510
193.60          -0.035614
193.80          -0.035719
194.00          -0.035827
194.20          -0.035936
194.40          -0.036047
194.60          -0.036160
194.80          -0.036275
195.00          -0.036391
195.20          -0.036510
195.40          -0.036630
195.60          -0.036752
195.80          -0.036876
196.00          -0.037001
196.20          -0.037129
196.40          -0.037258
196.60          -0.037389
196.80          -0.037522
197.00          -0.037656
197.20          -0.037793
197.40          -0.037931
197.60          -0.038071
197.80          -0.038212
198.00          -0.038356
198.20          -0.038501
198.40          -0.038649
198.60          -0.038797
198.80          -0.038948
199.00          -0.039101
199.20          -0.039255
199.40          -0.039411
199.60          -0.039569
199.80          -0.039729
200.00          -0.039890
200.20          -0.040053
200.40          -0.040218
200.60          -0.040385
200.80          -0.040553
201.00          -0.040724
201.20          -0.040896
201.40          -0.041070
201.60          -0.041245
201.80          -0.041423
202.00          -0.041602
202.20          -0.041783
202.40          -0.041966
202.60          -0.042150
202.80          -0.042337
203.00          -0.042525
203.20          -0.042714
203.40          -0.042906
203.60          -0.043099
203.80          -0.043294
204.00          -0.043491
204.20          -0.043690
204.40          -0.043890
204.60          -0.044092
204.80          -0.044296
205.00          -0.044502
205.20          -0.044710
205.40          -0.044920
205.60          -0.045132
205.80          -0.045349
206.00          -0.045581
206.20          -0.046820
206.40          -0.045997
206.60          -0.046203
206.80          -0.046422
207.00          -0.046644
207.20          -0.046868
207.40          -0.047094
207.60          -0.047321
207.80          -0.047550
208.00          -0.047781
208.20          -0.048013
208.40          -0.048247
208.60          -0.048482
208.80          -0.048719
209.00          -0.048957
209.20          -0.049197
209.40          -0.049438
209.60          -0.049681
209.80          -0.049926
210.00          -0.050172
210.20          -0.050419
210.40          -0.050668
210.60          -0.050918
210.80          -0.051170
211.00          -0.051423
211.20          -0.051677
211.40          -0.051933
211.60          -0.052190
211.80          -0.052449
212.00          -0.052709
212.20          -0.052970
212.40          -0.053233
212.60          -0.053496
212.80          -0.053761
213.00          -0.054028
213.20          -0.054295
213.40          -0.054564
213.60          -0.054833
213.80          -0.055104
214.00          -0.055376
214.20          -0.055649
214.40          -0.055923
214.60          -0.056198
214.80          -0.056474
215.00          -0.056751
215.20          -0.057029
215.40          -0.057308
215.60          -0.057588
215.80          -0.057869
216.00          -0.058150
216.20          -0.058433
216.40          -0.058716
216.60          -0.058999
216.80          -0.059284
217.00          -0.059569
217.20          -0.059855
217.40          -0.060141
217.60          -0.060428
217.80          -0.060715
218.00          -0.061003
218.20          -0.061291
218.40          -0.061580
218.60          -0.061868
218.80          -0.062158
219.00          -0.062447
219.20          -0.062737
219.40          -0.063027
219.60          -0.063316
219.80          -0.063606
220.00          -0.063896
220.20          -0.064186
220.40          -0.064476
220.60          -0.064765
220.80          -0.065055
221.00          -0.065343
221.20          -0.065632
221.40          -0.065920
221.60          -0.066207
221.80          -0.066493
222.00          -0.066779
222.20          -0.067064
222.40          -0.067348
222.60          -0.067630
222.80          -0.067912
223.00          -0.068192
223.20          -0.068470
223.40          -0.068746
223.60          -0.069020
223.80          -0.069293
224.00          -0.069562
224.20          -0.069829
224.40          -0.070093
224.60          -0.070354
224.80          -0.070611
225.00          -0.070863
