175.00          -0.092739
175.20          -0.095399
175.40          -0.098198
175.60          -0.10114
175.80          -0.10425
176.00          -0.10752
176.20          -0.11096
176.40          -0.11460
176.60          -0.11844
176.80          -0.12249
177.00          -0.12677
177.20          -0.13128
177.40          -0.13606
177.60          -0.14111
177.80          -0.14644
178.00          -0.15207
178.20          -0.15802
178.40          -0.16430
178.60          -0.17093
178.80          -0.17791
179.00          -0.18527
179.20          -0.19299
179.40          -0.20110
179.60          -0.20959
179.80          -0.21844
180.00          -0.22765
180.20          -0.23719
180.40          -0.24701
180.60          -0.25706
180.80          -0.26728
181.00          -0.27758
181.20          -0.28784
181.40          -0.29795
181.60          -0.30774
181.80          -0.31706
182.00          -0.32573
182.20          -0.33355
182.40          -0.34032
182.60          -0.34587
182.80          -0.35003
183.00          -0.35264
183.20          -0.35362
183.40          -0.35289
183.60          -0.35046
183.80          -0.34637
184.00          -0.34071
184.20          -0.33362
184.40          -0.32527
184.60          -0.31585
184.80          -0.30557
185.00          -0.29464
185.20          -0.28326
185.40          -0.27162
185.60          -0.25988
185.80          -0.24819
186.00          -0.23666
186.20          -0.22541
186.40          -0.21449
186.60          -0.20398
186.80          -0.19390
187.00          -0.18429
187.20          -0.17515
187.40          -0.16650
187.60          -0.15832
187.80          -0.15061
188.00          -0.14335
188.20          -0.13652
188.40          -0.13011
188.60          -0.12410
188.80          -0.11846
189.00          -0.11317
189.20          -0.10821
189.40          -0.10356
189.60          -0.099199
189.80          -0.095113
190.00          -0.091280
190.20          -0.087684
190.40          -0.084310
190.60          -0.081141
190.80          -0.078164
191.00          -0.075366
191.20          -0.072735
191.40          -0.070260
191.60          -0.067929
191.80          -0.065734
192.00          -0.063665
192.20          -0.061714
192.40          -0.059872
192.60          -0.058134
192.80          -0.056491
193.00          -0.054938
193.20          -0.053470
193.40          -0.052080
193.60          -0.050764
193.80          -0.049517
194.00          -0.048335
194.20          -0.047214
194.40          -0.046150
194.60          -0.045140
194.80          -0.044180
195.00          -0.043268
195.20          -0.042401
195.40          -0.041576
195.60          -0.040791
195.80          -0.040044
196.00          -0.039332
196.20          -0.038653
196.40          -0.038006
196.60          -0.037390
196.80          -0.036801
197.00          -0.036240
197.20          -0.035703
197.40          -0.035191
197.60          -0.034702
197.80          -0.034235
198.00          -0.033788
198.20          -0.033361
198.40          -0.032952
198.60          -0.032562
198.80          -0.032188
199.00          -0.031830
199.20          -0.031488
199.40          -0.031160
199.60          -0.030846
199.80          -0.030546
200.00          -0.030258
200.20          -0.029982
200.40          -0.029719
200.60          -0.029466
200.80          -0.029225
201.00          -0.028993
201.20          -0.028772
201.40          -0.028560
201.60          -0.028358
201.80          -0.028165
202.00          -0.027981
202.20          -0.027805
202.40          -0.027638
202.60          -0.027479
202.80          -0.027328
203.00          -0.027186
203.20          -0.027052
203.40          -0.026928
203.60          -0.026813
203.80          -0.026708
204.00          -0.026614
204.20          -0.026534
204.40          -0.026470
204.60          -0.026427
204.80          -0.026414
205.00          -0.026444
205.20          -0.026546
205.40          -0.026783
205.60          -0.027318
205.80          -0.028737
206.00          -0.034815
206.20          -0.39253
206.40          -0.031923
206.60          -0.025523
206.80          -0.024718
207.00          -0.024498
207.20          -0.024405
207.40          -0.024349
207.60          -0.024306
207.80          -0.024268
208.00          -0.024231
208.20          -0.024195
208.40          -0.024160
208.60          -0.024125
208.80          -0.024091
209.00          -0.024058
209.20          -0.024026
209.40          -0.023994
209.60          -0.023964
209.80          -0.023935
210.00          -0.023907
210.20          -0.023880
210.40          -0.023854
210.60          -0.023830
210.80          -0.023806
211.00          -0.023784
211.20          -0.023763
211.40          -0.023743
211.60          -0.023724
211.80          -0.023707
212.00          -0.023690
212.20          -0.023675
212.40          -0.023660
212.60          -0.023647
212.80          -0.023635
213.00          -0.023624
213.20          -0.023613
213.40          -0.023604
213.60          -0.023596
213.80          -0.023588
214.00          -0.023582
214.20          -0.023576
214.40          -0.023571
214.60          -0.023568
214.80          -0.023564
215.00          -0.023562
215.20          -0.023561
215.40          -0.023560
215.60          -0.023560
215.80          -0.023561
216.00          -0.023563
216.20          -0.023565
216.40          -0.023568
216.60          -0.023572
216.80          -0.023576
217.00          -0.023581
217.20          -0.023587
217.40          -0.023593
217.60          -0.023600
217.80          -0.023607
218.00          -0.023615
218.20          -0.023624
218.40          -0.023633
218.60          -0.023643
218.80          -0.023654
219.00          -0.023665
219.20          -0.023676
219.40          -0.023688
219.60          -0.023701
219.80          -0.023714
220.00          -0.023727
220.20          -0.023742
220.40          -0.023756
220.60          -0.023771
220.80          -0.023787
221.00          -0.023803
221.20          -0.023820
221.40          -0.023837
221.60          -0.023855
221.80          -0.023873
222.00          -0.023892
222.20          -0.023911
222.40          -0.023931
222.60          -0.023951
222.80          -0.023972
223.00          -0.023993
223.20          -0.024015
223.40          -0.024037
223.60          -0.024060
223.80          -0.024083
224.00          -0.024107
224.20          -0.024131
224.40          -0.024157
224.60          -0.024182
224.80          -0.024209
225.00          -0.024235
