175.00          -0.023753
175.20          -0.023789
175.40          -0.023826
175.60          -0.023863
175.80          -0.023900
176.00          -0.023937
176.20          -0.023974
176.40          -0.024011
176.60          -0.024048
176.80          -0.024086
177.00          -0.024123
177.20          -0.024160
177.40          -0.024198
177.60          -0.024236
177.80          -0.024273
178.00          -0.024311
178.20          -0.024349
178.40          -0.024386
178.60          -0.024424
178.80          -0.024462
179.00          -0.024500
179.20          -0.024539
179.40          -0.024577
179.60          -0.024615
179.80          -0.024653
180.00          -0.024692
180.20          -0.024730
180.40          -0.024769
180.60          -0.024808
180.80          -0.024846
181.00          -0.024885
181.20          -0.024924
181.40          -0.024963
181.60          -0.025002
181.80          -0.025041
182.00          -0.025080
182.20          -0.025119
182.40          -0.025159
182.60          -0.025198
182.80          -0.025237
183.00          -0.025277
183.20          -0.025317
183.40          -0.025356
183.60          -0.025396
183.80          -0.025436
184.00          -0.025476
184.20          -0.025516
184.40          -0.025556
184.60          -0.025596
184.80          -0.025636
185.00          -0.025676
185.20          -0.025717
185.40          -0.025757
185.60          -0.025798
185.80          -0.025838
186.00          -0.025879
186.20          -0.025920
186.40          -0.025961
186.60          -0.026002
186.80          -0.026043
187.00          -0.026084
187.20          -0.026125
187.40          -0.026166
187.60          -0.026207
187.80          -0.026249
188.00          -0.026290
188.20          -0.026332
188.40          -0.026374
188.60          -0.026415
188.80          -0.026457
189.00          -0.026499
189.20          -0.026541
189.40          -0.026583
189.60          -0.026625
189.80          -0.026667
190.00          -0.026710
190.20          -0.026752
190.40          -0.026795
190.60          -0.026837
190.80          -0.026880
191.00          -0.026923
191.20          -0.026965
191.40          -0.027008
191.60          -0.027051
191.80          -0.027094
192.00          -0.027138
192.20          -0.027181
192.40          -0.027224
192.60          -0.027268
192.80          -0.027311
193.00          -0.027355
193.20          -0.027399
193.40          -0.027442
193.60          -0.027486
193.80          -0.027530
194.00          -0.027574
194.20          -0.027619
194.40          -0.027663
194.60          -0.027707
194.80          -0.027752
195.00          -0.027796
195.20          -0.027841
195.40          -0.027886
195.60          -0.027931
195.80          -0.027976
196.00          -0.028021
196.20          -0.028066
196.40          -0.028111
196.60          -0.028157
196.80          -0.028202
197.00          -0.028248
197.20          -0.028294
197.40          -0.028339
197.60          -0.028386
197.80          -0.028432
198.00          -0.028478
198.20          -0.028524
198.40          -0.028571
198.60          -0.028617
198.80          -0.028664
199.00          -0.028711
199.20          -0.028758
199.40          -0.028805
199.60          -0.028853
199.80          -0.028900
200.00          -0.028948
200.20          -0.028996
200.40          -0.029044
200.60          -0.029092
200.80          -0.029141
201.00          -0.029190
201.20          -0.029239
201.40          -0.029288
201.60          -0.029338
201.80          -0.029388
202.00          -0.029438
202.20          -0.029489
202.40          -0.029540
202.60          -0.029592
202.80          -0.029645
203.00          -0.029698
203.20          -0.029753
203.40          -0.029808
203.60          -0.029865
203.80          -0.029924
204.00          -0.029986
204.20          -0.030051
204.40          -0.030121
204.60          -0.030199
204.80          -0.030290
205.00          -0.030402
205.20          -0.030555
205.40          -0.030805
205.60          -0.031351
205.80          -0.033541
206.00          -0.15839
206.20          -0.032779
206.40          -0.030766
206.60          -0.030538
206.80          -0.030518
207.00          -0.030547
207.20          -0.030592
207.40          -0.030643
207.60          -0.030697
207.80          -0.030751
208.00          -0.030806
208.20          -0.030860
208.40          -0.030915
208.60          -0.030970
208.80          -0.031024
209.00          -0.031078
209.20          -0.031133
209.40          -0.031187
209.60          -0.031242
209.80          -0.031296
210.00          -0.031351
210.20          -0.031405
210.40          -0.031460
210.60          -0.031515
210.80          -0.031569
211.00          -0.031624
211.20          -0.031679
211.40          -0.031735
211.60          -0.031790
211.80          -0.031846
212.00          -0.031901
212.20          -0.031957
212.40          -0.032013
212.60          -0.032070
212.80          -0.032126
213.00          -0.032183
213.20          -0.032240
213.40          -0.032297
213.60          -0.032355
213.80          -0.032413
214.00          -0.032471
214.20          -0.032529
214.40          -0.032588
214.60          -0.032647
214.80          -0.032707
215.00          -0.032766
215.20          -0.032827
215.40          -0.032887
215.60          -0.032949
215.80          -0.033010
216.00          -0.033073
216.20          -0.033135
216.40          -0.033199
216.60          -0.033263
216.80          -0.033327
217.00          -0.033393
217.20          -0.033459
217.40          -0.033526
217.60          -0.033593
217.80          -0.033662
218.00          -0.033732
218.20          -0.033803
218.40          -0.033875
218.60          -0.033949
218.80          -0.034024
219.00          -0.034100
219.20          -0.034179
219.40          -0.034259
219.60          -0.034342
219.80          -0.034427
220.00          -0.034515
220.20          -0.034606
220.40          -0.034700
220.60          -0.034798
220.80          -0.034901
221.00          -0.035010
221.20          -0.035124
221.40          -0.035246
221.60          -0.035376
221.80          -0.035516
222.00          -0.035668
222.20          -0.035834
222.40          -0.036019
222.60          -0.036225
222.80          -0.036459
223.00          -0.036729
223.20          -0.037045
223.40          -0.037423
223.60          -0.037885
223.80          -0.038465
224.00          -0.039218
224.20          -0.040232
224.40          -0.041667
224.60          -0.043824
224.80          -0.047345
225.00          -0.053795
