175.00          -0.039415
175.20          -0.039582
175.40          -0.039752
175.60          -0.039924
175.80          -0.040098
176.00          -0.040273
176.20          -0.040452
176.40          -0.040632
176.60          -0.040814
176.80          -0.040999
177.00          -0.041186
177.20          -0.041376
177.40          -0.041568
177.60          -0.041763
177.80          -0.041960
178.00          -0.042160
178.20          -0.042363
178.40          -0.042569
178.60          -0.042777
178.80          -0.042989
179.00          -0.043203
179.20          -0.043421
179.40          -0.043642
179.60          -0.043866
179.80          -0.044094
180.00          -0.044325
180.20          -0.044560
180.40          -0.044799
180.60          -0.045041
180.80          -0.045288
181.00          -0.045538
181.20          -0.045793
181.40          -0.046052
181.60          -0.046316
181.80          -0.046584
182.00          -0.046856
182.20          -0.047134
182.40          -0.047417
182.60          -0.047705
182.80          -0.047998
183.00          -0.048297
183.20          -0.048602
183.40          -0.048913
183.60          -0.049230
183.80          -0.049553
184.00          -0.049883
184.20          -0.050220
184.40          -0.050564
184.60          -0.050915
184.80          -0.051274
185.00          -0.051640
185.20          -0.052015
185.40          -0.052399
185.60          -0.052791
185.80          -0.053193
186.00          -0.053604
186.20          -0.054025
186.40          -0.054457
186.60          -0.054899
186.80          -0.055353
187.00          -0.055818
187.20          -0.056296
187.40          -0.056787
187.60          -0.057291
187.80          -0.057809
188.00          -0.058341
188.20          -0.058889
188.40          -0.059453
188.60          -0.060033
188.80          -0.060632
189.00          -0.061248
189.20          -0.061884
189.40          -0.062541
189.60          -0.063218
189.80          -0.063919
190.00          -0.064643
190.20          -0.065391
190.40          -0.066167
190.60          -0.066970
190.80          -0.067802
191.00          -0.068665
191.20          -0.069562
191.40          -0.070493
191.60          -0.071460
191.80          -0.072467
192.00          -0.073516
192.20          -0.074609
192.40          -0.075748
192.60          -0.076938
192.80          -0.078182
193.00          -0.079482
193.20          -0.080844
193.40          -0.082271
193.60          -0.083768
193.80          -0.085341
194.00          -0.086995
194.20          -0.088736
194.40          -0.090571
194.60          -0.092508
194.80          -0.094555
195.00          -0.096721
195.20          -0.099017
195.40          -0.10145
195.60          -0.10404
195.80          -0.10680
196.00          -0.10974
196.20          -0.11289
196.40          -0.11625
196.60          -0.11986
196.80          -0.12373
197.00          -0.12791
197.20          -0.13242
197.40          -0.13729
197.60          -0.14258
197.80          -0.14832
198.00          -0.15459
198.20          -0.16144
198.40          -0.16895
198.60          -0.17721
198.80          -0.18632
199.00          -0.19641
199.20          -0.20763
199.40          -0.22015
199.60          -0.23416
199.80          -0.24993
200.00          -0.26774
200.20          -0.28795
200.40          -0.31098
200.60          -0.33735
200.80          -0.36767
201.00          -0.40268
201.20          -0.44325
201.40          -0.49036
201.60          -0.54512
201.80          -0.60864
202.00          -0.68188
202.20          -0.76526
202.40          -0.85806
202.60          -0.95743
202.80          -1.0572
203.00          -1.1470
203.20          -1.2130
203.40          -1.2408
203.60          -1.2213
203.80          -1.1558
204.00          -1.0556
204.20          -0.93678
204.40          -0.81461
204.60          -0.69963
204.80          -0.59749
205.00          -0.51016
205.20          -0.43750
205.40          -0.37855
205.60          -0.33233
205.80          -0.29852
206.00          -0.27823
206.20          -0.27531
206.40          -0.29878
206.60          -0.36547
206.80          -0.48903
207.00          -0.61260
207.20          -0.60141
207.40          -0.48551
207.60          -0.37367
207.80          -0.29409
208.00          -0.23991
208.20          -0.20213
208.40          -0.17475
208.60          -0.15417
208.80          -0.13821
209.00          -0.12550
209.20          -0.11516
209.40          -0.10660
209.60          -0.099413
209.80          -0.093303
210.00          -0.088057
210.20          -0.083515
210.40          -0.079553
210.60          -0.076076
210.80          -0.073008
211.00          -0.070289
211.20          -0.067868
211.40          -0.065706
211.60          -0.063769
211.80          -0.062029
212.00          -0.060462
212.20          -0.059047
212.40          -0.057768
212.60          -0.056610
212.80          -0.055560
213.00          -0.054607
213.20          -0.053741
213.40          -0.052954
213.60          -0.052238
213.80          -0.051587
214.00          -0.050995
214.20          -0.050456
214.40          -0.049966
214.60          -0.049521
214.80          -0.049116
215.00          -0.048750
215.20          -0.048418
215.40          -0.048119
215.60          -0.047849
215.80          -0.047606
216.00          -0.047389
216.20          -0.047195
216.40          -0.047023
216.60          -0.046871
216.80          -0.046739
217.00          -0.046624
217.20          -0.046525
217.40          -0.046442
217.60          -0.046374
217.80          -0.046319
218.00          -0.046277
218.20          -0.046247
218.40          -0.046228
218.60          -0.046220
218.80          -0.046222
219.00          -0.046233
219.20          -0.046254
219.40          -0.046283
219.60          -0.046320
219.80          -0.046365
220.00          -0.046417
220.20          -0.046477
220.40          -0.046543
220.60          -0.046616
220.80          -0.046695
221.00          -0.046780
221.20          -0.046871
221.40          -0.046967
221.60          -0.047069
221.80          -0.047176
222.00          -0.047289
222.20          -0.047406
222.40          -0.047528
222.60          -0.047656
222.80          -0.047788
223.00          -0.047926
223.20          -0.048068
223.40          -0.048215
223.60          -0.048368
223.80          -0.048525
224.00          -0.048689
224.20          -0.048858
224.40          -0.049033
224.60          -0.049215
224.80          -0.049405
225.00          -0.049603
