175.00          -0.17272
175.20          -0.17715
175.40          -0.18177
175.60          -0.18659
175.80          -0.19161
176.00          -0.19684
176.20          -0.20230
176.40          -0.20799
176.60          -0.21393
176.80          -0.22012
177.00          -0.22657
177.20          -0.23329
177.40          -0.24029
177.60          -0.24758
177.80          -0.25516
178.00          -0.26304
178.20          -0.27121
178.40          -0.27969
178.60          -0.28846
178.80          -0.29752
179.00          -0.30687
179.20          -0.31649
179.40          -0.32635
179.60          -0.33643
179.80          -0.34670
180.00          -0.35711
180.20          -0.36762
180.40          -0.37815
180.60          -0.38865
180.80          -0.39902
181.00          -0.40918
181.20          -0.41902
181.40          -0.42843
181.60          -0.43729
181.80          -0.44547
182.00          -0.45284
182.20          -0.45928
182.40          -0.46466
182.60          -0.46887
182.80          -0.47181
183.00          -0.47340
183.20          -0.47357
183.40          -0.47230
183.60          -0.46958
183.80          -0.46543
184.00          -0.45990
184.20          -0.45307
184.40          -0.44503
184.60          -0.43591
184.80          -0.42583
185.00          -0.41494
185.20          -0.40338
185.40          -0.39129
185.60          -0.37882
185.80          -0.36610
186.00          -0.35326
186.20          -0.34039
186.40          -0.32760
186.60          -0.31498
186.80          -0.30260
187.00          -0.29050
187.20          -0.27875
187.40          -0.26738
187.60          -0.25640
187.80          -0.24585
188.00          -0.23573
188.20          -0.22605
188.40          -0.21680
188.60          -0.20799
188.80          -0.19959
189.00          -0.19162
189.20          -0.18404
189.40          -0.17685
189.60          -0.17003
189.80          -0.16357
190.00          -0.15746
190.20          -0.15166
190.40          -0.14618
190.60          -0.14099
190.80          -0.13608
191.00          -0.13143
191.20          -0.12703
191.40          -0.12287
191.60          -0.11894
191.80          -0.11521
192.00          -0.11169
192.20          -0.10835
192.40          -0.10519
192.60          -0.10219
192.80          -0.099359
193.00          -0.096674
193.20          -0.094130
193.40          -0.091719
193.60          -0.089433
193.80          -0.087267
194.00          -0.085212
194.20          -0.083264
194.40          -0.081416
194.60          -0.079663
194.80          -0.078000
195.00          -0.076422
195.20          -0.074924
195.40          -0.073503
195.60          -0.072155
195.80          -0.070875
196.00          -0.069660
196.20          -0.068508
196.40          -0.067415
196.60          -0.066378
196.80          -0.065394
197.00          -0.064462
197.20          -0.063578
197.40          -0.062741
197.60          -0.061949
197.80          -0.061199
198.00          -0.060490
198.20          -0.059820
198.40          -0.059188
198.60          -0.058593
198.80          -0.058033
199.00          -0.057506
199.20          -0.057013
199.40          -0.056551
199.60          -0.056121
199.80          -0.055722
200.00          -0.055352
200.20          -0.055013
200.40          -0.054702
200.60          -0.054421
200.80          -0.054170
201.00          -0.053948
201.20          -0.053757
201.40          -0.053596
201.60          -0.053468
201.80          -0.053374
202.00          -0.053316
202.20          -0.053297
202.40          -0.053320
202.60          -0.053389
202.80          -0.053512
203.00          -0.053694
203.20          -0.053947
203.40          -0.054284
203.60          -0.054723
203.80          -0.055289
204.00          -0.056018
204.20          -0.056960
204.40          -0.058195
204.60          -0.059843
204.80          -0.062105
205.00          -0.065338
205.20          -0.070222
205.40          -0.078232
205.60          -0.093137
205.80          -0.12751
206.00          -0.25054
206.20          -2.1994
206.40          -0.45057
206.60          -0.089896
206.80          -0.052667
207.00          -0.043815
207.20          -0.041090
207.40          -0.040244
207.60          -0.040087
207.80          -0.040206
208.00          -0.040436
208.20          -0.040709
208.40          -0.040992
208.60          -0.041272
208.80          -0.041543
209.00          -0.041802
209.20          -0.042049
209.40          -0.042285
209.60          -0.042511
209.80          -0.042727
210.00          -0.042936
210.20          -0.043137
210.40          -0.043333
210.60          -0.043523
210.80          -0.043709
211.00          -0.043892
211.20          -0.044072
211.40          -0.044249
211.60          -0.044424
211.80          -0.044598
212.00          -0.044771
212.20          -0.044943
212.40          -0.045114
212.60          -0.045286
212.80          -0.045457
213.00          -0.045628
213.20          -0.045800
213.40          -0.045973
213.60          -0.046146
213.80          -0.046320
214.00          -0.046495
214.20          -0.046671
214.40          -0.046848
214.60          -0.047027
214.80          -0.047207
215.00          -0.047389
215.20          -0.047572
215.40          -0.047756
215.60          -0.047942
215.80          -0.048130
216.00          -0.048320
216.20          -0.048511
216.40          -0.048705
216.60          -0.048900
216.80          -0.049098
217.00          -0.049297
217.20          -0.049498
217.40          -0.049702
217.60          -0.049907
217.80          -0.050115
218.00          -0.050325
218.20          -0.050538
218.40          -0.050752
218.60          -0.050969
218.80          -0.051189
219.00          -0.051411
219.20          -0.051636
219.40          -0.051863
219.60          -0.052092
219.80          -0.052325
220.00          -0.052560
220.20          -0.052798
220.40          -0.053039
220.60          -0.053283
220.80          -0.053530
221.00          -0.053780
221.20          -0.054033
221.40          -0.054290
221.60          -0.054550
221.80          -0.054814
222.00          -0.055081
222.20          -0.055353
222.40          -0.055628
222.60          -0.055907
222.80          -0.056191
223.00          -0.056479
223.20          -0.056772
223.40          -0.057070
223.60          -0.057373
223.80          -0.057683
224.00          -0.057998
224.20          -0.058320
224.40          -0.058649
224.60          -0.058987
224.80          -0.059333
225.00          -0.059689
