175.00          -0.42151
175.20          -0.42529
175.40          -0.42824
175.60          -0.43031
175.80          -0.43146
176.00          -0.43165
176.20          -0.43087
176.40          -0.42910
176.60          -0.42636
176.80          -0.42267
177.00          -0.41807
177.20          -0.41259
177.40          -0.40631
177.60          -0.39929
177.80          -0.39161
178.00          -0.38334
178.20          -0.37457
178.40          -0.36539
178.60          -0.35588
178.80          -0.34611
179.00          -0.33617
179.20          -0.32613
179.40          -0.31605
179.60          -0.30600
179.80          -0.29602
180.00          -0.28617
180.20          -0.27648
180.40          -0.26698
180.60          -0.25771
180.80          -0.24868
181.00          -0.23992
181.20          -0.23143
181.40          -0.22323
181.60          -0.21532
181.80          -0.20771
182.00          -0.20039
182.20          -0.19336
182.40          -0.18661
182.60          -0.18015
182.80          -0.17397
183.00          -0.16805
183.20          -0.16239
183.40          -0.15699
183.60          -0.15183
183.80          -0.14690
184.00          -0.14220
184.20          -0.13772
184.40          -0.13344
184.60          -0.12936
184.80          -0.12547
185.00          -0.12175
185.20          -0.11821
185.40          -0.11484
185.60          -0.11162
185.80          -0.10855
186.00          -0.10562
186.20          -0.10283
186.40          -0.10017
186.60          -0.097624
186.80          -0.095198
187.00          -0.092884
187.20          -0.090674
187.40          -0.088566
187.60          -0.086552
187.80          -0.084630
188.00          -0.082794
188.20          -0.081040
188.40          -0.079365
188.60          -0.077764
188.80          -0.076235
189.00          -0.074773
189.20          -0.073376
189.40          -0.072040
189.60          -0.070764
189.80          -0.069543
190.00          -0.068376
190.20          -0.067260
190.40          -0.066193
190.60          -0.065172
190.80          -0.064196
191.00          -0.063262
191.20          -0.062369
191.40          -0.061515
191.60          -0.060699
191.80          -0.059918
192.00          -0.059171
192.20          -0.058457
192.40          -0.057774
192.60          -0.057122
192.80          -0.056498
193.00          -0.055902
193.20          -0.055333
193.40          -0.054790
193.60          -0.054271
193.80          -0.053776
194.00          -0.053303
194.20          -0.052853
194.40          -0.052423
194.60          -0.052015
194.80          -0.051625
195.00          -0.051255
195.20          -0.050903
195.40          -0.050569
195.60          -0.050253
195.80          -0.049952
196.00          -0.049668
196.20          -0.049400
196.40          -0.049147
196.60          -0.048908
196.80          -0.048684
197.00          -0.048474
197.20          -0.048278
197.40          -0.048095
197.60          -0.047926
197.80          -0.047769
198.00          -0.047625
198.20          -0.047493
198.40          -0.047373
198.60          -0.047266
198.80          -0.047171
199.00          -0.047088
199.20          -0.047017
199.40          -0.046959
199.60          -0.046912
199.80          -0.046878
200.00          -0.046857
200.20          -0.046848
200.40          -0.046853
200.60          -0.046871
200.80          -0.046904
201.00          -0.046952
201.20          -0.047016
201.40          -0.047098
201.60          -0.047197
201.80          -0.047318
202.00          -0.047460
202.20          -0.047628
202.40          -0.047823
202.60          -0.048051
202.80          -0.048317
203.00          -0.048626
203.20          -0.048988
203.40          -0.049414
203.60          -0.049920
203.80          -0.050526
204.00          -0.051264
204.20          -0.052176
204.40          -0.053329
204.60          -0.054828
204.80          -0.056848
205.00          -0.059699
205.20          -0.063992
205.40          -0.071073
205.60          -0.084510
205.80          -0.11696
206.00          -0.24845
206.20          -5.0414
206.40          -0.24780
206.60          -0.070572
206.80          -0.048080
207.00          -0.042478
207.20          -0.040798
207.40          -0.040361
207.60          -0.040386
207.80          -0.040596
208.00          -0.040879
208.20          -0.041188
208.40          -0.041501
208.60          -0.041808
208.80          -0.042106
209.00          -0.042394
209.20          -0.042670
209.40          -0.042937
209.60          -0.043195
209.80          -0.043445
210.00          -0.043688
210.20          -0.043925
210.40          -0.044157
210.60          -0.044384
210.80          -0.044607
211.00          -0.044827
211.20          -0.045044
211.40          -0.045259
211.60          -0.045473
211.80          -0.045684
212.00          -0.045895
212.20          -0.046105
212.40          -0.046314
212.60          -0.046523
212.80          -0.046732
213.00          -0.046941
213.20          -0.047150
213.40          -0.047360
213.60          -0.047571
213.80          -0.047782
214.00          -0.047994
214.20          -0.048207
214.40          -0.048421
214.60          -0.048636
214.80          -0.048852
215.00          -0.049070
215.20          -0.049289
215.40          -0.049510
215.60          -0.049733
215.80          -0.049957
216.00          -0.050183
216.20          -0.050410
216.40          -0.050640
216.60          -0.050871
216.80          -0.051105
217.00          -0.051340
217.20          -0.051578
217.40          -0.051818
217.60          -0.052060
217.80          -0.052304
218.00          -0.052551
218.20          -0.052800
218.40          -0.053051
218.60          -0.053306
218.80          -0.053562
219.00          -0.053822
219.20          -0.054084
219.40          -0.054349
219.60          -0.054617
219.80          -0.054888
220.00          -0.055162
220.20          -0.055439
220.40          -0.055720
220.60          -0.056003
220.80          -0.056291
221.00          -0.056581
221.20          -0.056876
221.40          -0.057174
221.60          -0.057476
221.80          -0.057782
222.00          -0.058092
222.20          -0.058406
222.40          -0.058725
222.60          -0.059049
222.80          -0.059378
223.00          -0.059712
223.20          -0.060051
223.40          -0.060396
223.60          -0.060747
223.80          -0.061105
224.00          -0.061469
224.20          -0.061841
224.40          -0.062221
224.60          -0.062610
224.80          -0.063009
225.00          -0.063418
