175.00          -0.038762
175.20          -0.038874
175.40          -0.038986
175.60          -0.039099
175.80          -0.039212
176.00          -0.039326
176.20          -0.039440
176.40          -0.039555
176.60          -0.039670
176.80          -0.039786
177.00          -0.039902
177.20          -0.040019
177.40          -0.040136
177.60          -0.040254
177.80          -0.040372
178.00          -0.040491
178.20          -0.040611
178.40          -0.040731
178.60          -0.040851
178.80          -0.040972
179.00          -0.041094
179.20          -0.041216
179.40          -0.041339
179.60          -0.041463
179.80          -0.041587
180.00          -0.041711
180.20          -0.041836
180.40          -0.041962
180.60          -0.042089
180.80          -0.042216
181.00          -0.042343
181.20          -0.042471
181.40          -0.042600
181.60          -0.042730
181.80          -0.042860
182.00          -0.042991
182.20          -0.043122
182.40          -0.043254
182.60          -0.043387
182.80          -0.043520
183.00          -0.043654
183.20          -0.043789
183.40          -0.043925
183.60          -0.044061
183.80          -0.044197
184.00          -0.044335
184.20          -0.044473
184.40          -0.044612
184.60          -0.044752
184.80          -0.044892
185.00          -0.045033
185.20          -0.045175
185.40          -0.045318
185.60          -0.045461
185.80          -0.045605
186.00          -0.045750
186.20          -0.045895
186.40          -0.046042
186.60          -0.046189
186.80          -0.046337
187.00          -0.046486
187.20          -0.046636
187.40          -0.046786
187.60          -0.046937
187.80          -0.047089
188.00          -0.047242
188.20          -0.047396
188.40          -0.047551
188.60          -0.047707
188.80          -0.047863
189.00          -0.048020
189.20          -0.048179
189.40          -0.048338
189.60          -0.048498
189.80          -0.048659
190.00          -0.048821
190.20          -0.048984
190.40          -0.049148
190.60          -0.049313
190.80          -0.049479
191.00          -0.049645
191.20          -0.049813
191.40          -0.049982
191.60          -0.050152
191.80          -0.050323
192.00          -0.050495
192.20          -0.050668
192.40          -0.050843
192.60          -0.051018
192.80          -0.051194
193.00          -0.051372
193.20          -0.051550
193.40          -0.051730
193.60          -0.051911
193.80          -0.052093
194.00          -0.052277
194.20          -0.052461
194.40          -0.052647
194.60          -0.052834
194.80          -0.053022
195.00          -0.053212
195.20          -0.053403
195.40          -0.053595
195.60          -0.053788
195.80          -0.053983
196.00          -0.054179
196.20          -0.054377
196.40          -0.054576
196.60          -0.054776
196.80          -0.054978
197.00          -0.055181
197.20          -0.055386
197.40          -0.055592
197.60          -0.055800
197.80          -0.056009
198.00          -0.056220
198.20          -0.056433
198.40          -0.056647
198.60          -0.056862
198.80          -0.057079
199.00          -0.057298
199.20          -0.057519
199.40          -0.057742
199.60          -0.057966
199.80          -0.058192
200.00          -0.058419
200.20          -0.058649
200.40          -0.058880
200.60          -0.059114
200.80          -0.059349
201.00          -0.059586
201.20          -0.059825
201.40          -0.060066
201.60          -0.060310
201.80          -0.060555
202.00          -0.060802
202.20          -0.061052
202.40          -0.061304
202.60          -0.061558
202.80          -0.061814
203.00          -0.062073
203.20          -0.062334
203.40          -0.062597
203.60          -0.062862
203.80          -0.063131
204.00          -0.063401
204.20          -0.063674
204.40          -0.063950
204.60          -0.064229
204.80          -0.064510
205.00          -0.064794
205.20          -0.065080
205.40          -0.065370
205.60          -0.065662
205.80          -0.065957
206.00          -0.066256
206.20          -0.066557
206.40          -0.066861
206.60          -0.067169
206.80          -0.067480
207.00          -0.067794
207.20          -0.068112
207.40          -0.068433
207.60          -0.068757
207.80          -0.069085
208.00          -0.069417
208.20          -0.069752
208.40          -0.070091
208.60          -0.070434
208.80          -0.070781
209.00          -0.071132
209.20          -0.071487
209.40          -0.071847
209.60          -0.072210
209.80          -0.072579
210.00          -0.072951
210.20          -0.073328
210.40          -0.073710
210.60          -0.074096
210.80          -0.074488
211.00          -0.074884
211.20          -0.075286
211.40          -0.075693
211.60          -0.076105
211.80          -0.076523
212.00          -0.076946
212.20          -0.077375
212.40          -0.077810
212.60          -0.078251
212.80          -0.078698
213.00          -0.079151
213.20          -0.079611
213.40          -0.080078
213.60          -0.080551
213.80          -0.081031
214.00          -0.081518
214.20          -0.082013
214.40          -0.082515
214.60          -0.083025
214.80          -0.083543
215.00          -0.084069
215.20          -0.084603
215.40          -0.085146
215.60          -0.085698
215.80          -0.086258
216.00          -0.086828
216.20          -0.087408
216.40          -0.087997
216.60          -0.088596
216.80          -0.089205
217.00          -0.089826
217.20          -0.090457
217.40          -0.091099
217.60          -0.091753
217.80          -0.092419
218.00          -0.093097
218.20          -0.093788
218.40          -0.094492
218.60          -0.095209
218.80          -0.095940
219.00          -0.096685
219.20          -0.097445
219.40          -0.098220
219.60          -0.099011
219.80          -0.099817
220.00          -0.10064
220.20          -0.10148
220.40          -0.10234
220.60          -0.10322
220.80          -0.10411
221.00          -0.10503
221.20          -0.10596
221.40          -0.10692
221.60          -0.10790
221.80          -0.10890
222.00          -0.10992
222.20          -0.11097
222.40          -0.11204
222.60          -0.11313
222.80          -0.11426
223.00          -0.11541
223.20          -0.11659
223.40          -0.11780
223.60          -0.11904
223.80          -0.12031
224.00          -0.12162
224.20          -0.12295
224.40          -0.12433
224.60          -0.12574
224.80          -0.12719
225.00          -0.12868
