175.00          -0.059332
175.20          -0.059705
175.40          -0.060084
175.60          -0.060469
175.80          -0.060860
176.00          -0.061258
176.20          -0.061662
176.40          -0.062073
176.60          -0.062492
176.80          -0.062917
177.00          -0.063350
177.20          -0.063790
177.40          -0.064239
177.60          -0.064696
177.80          -0.065161
178.00          -0.065634
178.20          -0.066117
178.40          -0.066609
178.60          -0.067110
178.80          -0.067622
179.00          -0.068143
179.20          -0.068675
179.40          -0.069218
179.60          -0.069773
179.80          -0.070339
180.00          -0.070917
180.20          -0.071507
180.40          -0.072111
180.60          -0.072727
180.80          -0.073358
181.00          -0.074003
181.20          -0.074664
181.40          -0.075339
181.60          -0.076031
181.80          -0.076740
182.00          -0.077465
182.20          -0.078209
182.40          -0.078972
182.60          -0.079755
182.80          -0.080557
183.00          -0.081381
183.20          -0.082227
183.40          -0.083096
183.60          -0.083989
183.80          -0.084908
184.00          -0.085852
184.20          -0.086823
184.40          -0.087823
184.60          -0.088853
184.80          -0.089914
185.00          -0.091008
185.20          -0.092136
185.40          -0.093300
185.60          -0.094501
185.80          -0.095741
186.00          -0.097023
186.20          -0.098348
186.40          -0.099719
186.60          -0.10114
186.80          -0.10261
187.00          -0.10413
187.20          -0.10571
187.40          -0.10734
187.60          -0.10904
187.80          -0.11081
188.00          -0.11264
188.20          -0.11455
188.40          -0.11653
188.60          -0.11860
188.80          -0.12075
189.00          -0.12299
189.20          -0.12533
189.40          -0.12778
189.60          -0.13033
189.80          -0.13300
190.00          -0.13580
190.20          -0.13872
190.40          -0.14179
190.60          -0.14500
190.80          -0.14838
191.00          -0.15193
191.20          -0.15565
191.40          -0.15958
191.60          -0.16370
191.80          -0.16806
192.00          -0.17264
192.20          -0.17749
192.40          -0.18260
192.60          -0.18801
192.80          -0.19372
193.00          -0.19977
193.20          -0.20618
193.40          -0.21297
193.60          -0.22017
193.80          -0.22781
194.00          -0.23591
194.20          -0.24451
194.40          -0.25364
194.60          -0.26332
194.80          -0.27359
195.00          -0.28448
195.20          -0.29601
195.40          -0.30820
195.60          -0.32108
195.80          -0.33464
196.00          -0.34889
196.20          -0.36381
196.40          -0.37934
196.60          -0.39544
196.80          -0.41200
197.00          -0.42888
197.20          -0.44592
197.40          -0.46290
197.60          -0.47954
197.80          -0.49552
198.00          -0.51049
198.20          -0.52403
198.40          -0.53572
198.60          -0.54516
198.80          -0.55196
199.00          -0.55578
199.20          -0.55638
199.40          -0.55365
199.60          -0.54758
199.80          -0.53831
200.00          -0.52609
200.20          -0.51128
200.40          -0.49431
200.60          -0.47566
200.80          -0.45579
201.00          -0.43516
201.20          -0.41419
201.40          -0.39325
201.60          -0.37263
201.80          -0.35257
202.00          -0.33326
202.20          -0.31481
202.40          -0.29732
202.60          -0.28083
202.80          -0.26535
203.00          -0.25088
203.20          -0.23739
203.40          -0.22485
203.60          -0.21320
203.80          -0.20241
204.00          -0.19241
204.20          -0.18317
204.40          -0.17461
204.60          -0.16671
204.80          -0.15939
205.00          -0.15263
205.20          -0.14638
205.40          -0.14059
205.60          -0.13523
205.80          -0.13027
206.00          -0.12568
206.20          -0.12142
206.40          -0.11746
206.60          -0.11380
206.80          -0.11039
207.00          -0.10723
207.20          -0.10428
207.40          -0.10155
207.60          -0.099000
207.80          -0.096628
208.00          -0.094418
208.20          -0.092358
208.40          -0.090436
208.60          -0.088644
208.80          -0.086971
209.00          -0.085408
209.20          -0.083949
209.40          -0.082585
209.60          -0.081311
209.80          -0.080120
210.00          -0.079007
210.20          -0.077965
210.40          -0.076992
210.60          -0.076081
210.80          -0.075230
211.00          -0.074434
211.20          -0.073690
211.40          -0.072994
211.60          -0.072344
211.80          -0.071737
212.00          -0.071170
212.20          -0.070641
212.40          -0.070148
212.60          -0.069688
212.80          -0.069260
213.00          -0.068862
213.20          -0.068492
213.40          -0.068149
213.60          -0.067830
213.80          -0.067536
214.00          -0.067264
214.20          -0.067014
214.40          -0.066783
214.60          -0.066572
214.80          -0.066379
215.00          -0.066204
215.20          -0.066045
215.40          -0.065901
215.60          -0.065773
215.80          -0.065659
216.00          -0.065558
216.20          -0.065470
216.40          -0.065395
216.60          -0.065332
216.80          -0.065279
217.00          -0.065238
217.20          -0.065207
217.40          -0.065186
217.60          -0.065175
217.80          -0.065173
218.00          -0.065180
218.20          -0.065196
218.40          -0.065220
218.60          -0.065252
218.80          -0.065292
219.00          -0.065340
219.20          -0.065396
219.40          -0.065458
219.60          -0.065529
219.80          -0.065606
220.00          -0.065691
220.20          -0.065782
220.40          -0.065881
220.60          -0.065987
220.80          -0.066101
221.00          -0.066221
221.20          -0.066350
221.40          -0.066487
221.60          -0.066631
221.80          -0.066785
222.00          -0.066948
222.20          -0.067122
222.40          -0.067306
222.60          -0.067503
222.80          -0.067713
223.00          -0.067939
223.20          -0.068182
223.40          -0.068447
223.60          -0.068735
223.80          -0.069054
224.00          -0.069409
224.20          -0.069809
224.40          -0.070267
224.60          -0.070801
224.80          -0.071439
225.00          -0.072220
