175.00          -0.073182
175.20          -0.073705
175.40          -0.074240
175.60          -0.074786
175.80          -0.075344
176.00          -0.075915
176.20          -0.076499
176.40          -0.077096
176.60          -0.077707
176.80          -0.078334
177.00          -0.078976
177.20          -0.079634
177.40          -0.080308
177.60          -0.081001
177.80          -0.081712
178.00          -0.082442
178.20          -0.083193
178.40          -0.083965
178.60          -0.084759
178.80          -0.085576
179.00          -0.086418
179.20          -0.087286
179.40          -0.088181
179.60          -0.089105
179.80          -0.090059
180.00          -0.091045
180.20          -0.092064
180.40          -0.093118
180.60          -0.094210
180.80          -0.095342
181.00          -0.096515
181.20          -0.097733
181.40          -0.098997
181.60          -0.10031
181.80          -0.10168
182.00          -0.10310
182.20          -0.10459
182.40          -0.10614
182.60          -0.10775
182.80          -0.10944
183.00          -0.11121
183.20          -0.11306
183.40          -0.11500
183.60          -0.11703
183.80          -0.11917
184.00          -0.12142
184.20          -0.12379
184.40          -0.12629
184.60          -0.12892
184.80          -0.13171
185.00          -0.13466
185.20          -0.13778
185.40          -0.14110
185.60          -0.14462
185.80          -0.14837
186.00          -0.15237
186.20          -0.15664
186.40          -0.16121
186.60          -0.16609
186.80          -0.17134
187.00          -0.17698
187.20          -0.18305
187.40          -0.18959
187.60          -0.19667
187.80          -0.20432
188.00          -0.21263
188.20          -0.22165
188.40          -0.23147
188.60          -0.24218
188.80          -0.25389
189.00          -0.26669
189.20          -0.28072
189.40          -0.29611
189.60          -0.31301
189.80          -0.33158
190.00          -0.35199
190.20          -0.37440
190.40          -0.39897
190.60          -0.42583
190.80          -0.45508
191.00          -0.48672
191.20          -0.52064
191.40          -0.55654
191.60          -0.59391
191.80          -0.63190
192.00          -0.66932
192.20          -0.70458
192.40          -0.73577
192.60          -0.76080
192.80          -0.77765
193.00          -0.78469
193.20          -0.78099
193.40          -0.76656
193.60          -0.74236
193.80          -0.71009
194.00          -0.67193
194.20          -0.63014
194.40          -0.58682
194.60          -0.54367
194.80          -0.50196
195.00          -0.46256
195.20          -0.42596
195.40          -0.39240
195.60          -0.36189
195.80          -0.33436
196.00          -0.30960
196.20          -0.28742
196.40          -0.26757
196.60          -0.24983
196.80          -0.23396
197.00          -0.21977
197.20          -0.20707
197.40          -0.19568
197.60          -0.18546
197.80          -0.17628
198.00          -0.16800
198.20          -0.16054
198.40          -0.15380
198.60          -0.14770
198.80          -0.14218
199.00          -0.13716
199.20          -0.13259
199.40          -0.12844
199.60          -0.12464
199.80          -0.12118
200.00          -0.11801
200.20          -0.11511
200.40          -0.11245
200.60          -0.11001
200.80          -0.10776
201.00          -0.10570
201.20          -0.10380
201.40          -0.10204
201.60          -0.10043
201.80          -0.098934
202.00          -0.097555
202.20          -0.096280
202.40          -0.095101
202.60          -0.094010
202.80          -0.093000
203.00          -0.092065
203.20          -0.091199
203.40          -0.090396
203.60          -0.089653
203.80          -0.088964
204.00          -0.088325
204.20          -0.087734
204.40          -0.087186
204.60          -0.086679
204.80          -0.086210
205.00          -0.085776
205.20          -0.085375
205.40          -0.085005
205.60          -0.084663
205.80          -0.084348
206.00          -0.084059
206.20          -0.083792
206.40          -0.083548
206.60          -0.083325
206.80          -0.083121
207.00          -0.082935
207.20          -0.082767
207.40          -0.082614
207.60          -0.082477
207.80          -0.082354
208.00          -0.082244
208.20          -0.082147
208.40          -0.082062
208.60          -0.081989
208.80          -0.081926
209.00          -0.081873
209.20          -0.081830
209.40          -0.081795
209.60          -0.081769
209.80          -0.081752
210.00          -0.081741
210.20          -0.081739
210.40          -0.081742
210.60          -0.081753
210.80          -0.081769
211.00          -0.081792
211.20          -0.081819
211.40          -0.081852
211.60          -0.081890
211.80          -0.081933
212.00          -0.081980
212.20          -0.082032
212.40          -0.082087
212.60          -0.082146
212.80          -0.082209
213.00          -0.082275
213.20          -0.082345
213.40          -0.082417
213.60          -0.082493
213.80          -0.082571
214.00          -0.082653
214.20          -0.082736
214.40          -0.082822
214.60          -0.082910
214.80          -0.083001
215.00          -0.083093
215.20          -0.083188
215.40          -0.083284
215.60          -0.083382
215.80          -0.083482
216.00          -0.083583
216.20          -0.083686
216.40          -0.083790
216.60          -0.083896
216.80          -0.084003
217.00          -0.084111
217.20          -0.084221
217.40          -0.084331
217.60          -0.084443
217.80          -0.084556
218.00          -0.084670
218.20          -0.084784
218.40          -0.084900
218.60          -0.085017
218.80          -0.085134
219.00          -0.085253
219.20          -0.085372
219.40          -0.085492
219.60          -0.085613
219.80          -0.085735
220.00          -0.085857
220.20          -0.085981
220.40          -0.086106
220.60          -0.086231
220.80          -0.086358
221.00          -0.086485
221.20          -0.086614
221.40          -0.086744
221.60          -0.086876
221.80          -0.087009
222.00          -0.087144
222.20          -0.087281
222.40          -0.087420
222.60          -0.087562
222.80          -0.087707
223.00          -0.087856
223.20          -0.088009
223.40          -0.088168
223.60          -0.088334
223.80          -0.088507
224.00          -0.088691
224.20          -0.088889
224.40          -0.089104
224.60          -0.089342
224.80          -0.089613
225.00          -0.089929
