175.00          -0.074071
175.20          -0.074582
175.40          -0.075104
175.60          -0.075637
175.80          -0.076183
176.00          -0.076741
176.20          -0.077313
176.40          -0.077899
176.60          -0.078499
176.80          -0.079114
177.00          -0.079746
177.20          -0.080394
177.40          -0.081059
177.60          -0.081743
177.80          -0.082446
178.00          -0.083170
178.20          -0.083915
178.40          -0.084682
178.60          -0.085473
178.80          -0.086289
179.00          -0.087132
179.20          -0.088002
179.40          -0.088901
179.60          -0.089832
179.80          -0.090795
180.00          -0.091794
180.20          -0.092829
180.40          -0.093904
180.60          -0.095020
180.80          -0.096181
181.00          -0.097389
181.20          -0.098648
181.40          -0.099960
181.60          -0.10133
181.80          -0.10276
182.00          -0.10426
182.20          -0.10582
182.40          -0.10747
182.60          -0.10919
182.80          -0.11101
183.00          -0.11291
183.20          -0.11492
183.40          -0.11704
183.60          -0.11928
183.80          -0.12165
184.00          -0.12416
184.20          -0.12682
184.40          -0.12965
184.60          -0.13266
184.80          -0.13587
185.00          -0.13930
185.20          -0.14297
185.40          -0.14690
185.60          -0.15113
185.80          -0.15567
186.00          -0.16058
186.20          -0.16588
186.40          -0.17162
186.60          -0.17786
186.80          -0.18465
187.00          -0.19205
187.20          -0.20015
187.40          -0.20904
187.60          -0.21881
187.80          -0.22958
188.00          -0.24149
188.20          -0.25470
188.40          -0.26939
188.60          -0.28576
188.80          -0.30405
189.00          -0.32455
189.20          -0.34755
189.40          -0.37340
189.60          -0.40248
189.80          -0.43516
190.00          -0.47183
190.20          -0.51280
190.40          -0.55826
190.60          -0.60817
190.80          -0.66204
191.00          -0.71880
191.20          -0.77652
191.40          -0.83226
191.60          -0.88206
191.80          -0.92131
192.00          -0.94545
192.20          -0.95105
192.40          -0.93685
192.60          -0.90415
192.80          -0.85649
193.00          -0.79867
193.20          -0.73563
193.40          -0.67159
193.60          -0.60966
193.80          -0.55180
194.00          -0.49905
194.20          -0.45174
194.40          -0.40980
194.60          -0.37286
194.80          -0.34048
195.00          -0.31214
195.20          -0.28736
195.40          -0.26567
195.60          -0.24667
195.80          -0.22998
196.00          -0.21530
196.20          -0.20235
196.40          -0.19090
196.60          -0.18074
196.80          -0.17172
197.00          -0.16367
197.20          -0.15648
197.40          -0.15004
197.60          -0.14425
197.80          -0.13905
198.00          -0.13435
198.20          -0.13011
198.40          -0.12626
198.60          -0.12277
198.80          -0.11960
199.00          -0.11672
199.20          -0.11408
199.40          -0.11168
199.60          -0.10948
199.80          -0.10747
200.00          -0.10562
200.20          -0.10392
200.40          -0.10237
200.60          -0.10093
200.80          -0.099616
201.00          -0.098401
201.20          -0.097281
201.40          -0.096247
201.60          -0.095294
201.80          -0.094413
202.00          -0.093599
202.20          -0.092847
202.40          -0.092152
202.60          -0.091510
202.80          -0.090917
203.00          -0.090368
203.20          -0.089861
203.40          -0.089392
203.60          -0.088960
203.80          -0.088560
204.00          -0.088192
204.20          -0.087853
204.40          -0.087540
204.60          -0.087253
204.80          -0.086989
205.00          -0.086747
205.20          -0.086525
205.40          -0.086323
205.60          -0.086138
205.80          -0.085970
206.00          -0.085819
206.20          -0.085681
206.40          -0.085558
206.60          -0.085448
206.80          -0.085350
207.00          -0.085263
207.20          -0.085188
207.40          -0.085123
207.60          -0.085067
207.80          -0.085020
208.00          -0.084982
208.20          -0.084952
208.40          -0.084930
208.60          -0.084914
208.80          -0.084906
209.00          -0.084904
209.20          -0.084908
209.40          -0.084918
209.60          -0.084933
209.80          -0.084953
210.00          -0.084978
210.20          -0.085008
210.40          -0.085041
210.60          -0.085079
210.80          -0.085121
211.00          -0.085167
211.20          -0.085216
211.40          -0.085268
211.60          -0.085323
211.80          -0.085381
212.00          -0.085442
212.20          -0.085505
212.40          -0.085571
212.60          -0.085640
212.80          -0.085710
213.00          -0.085783
213.20          -0.085857
213.40          -0.085933
213.60          -0.086011
213.80          -0.086091
214.00          -0.086172
214.20          -0.086255
214.40          -0.086339
214.60          -0.086424
214.80          -0.086511
215.00          -0.086598
215.20          -0.086687
215.40          -0.086777
215.60          -0.086867
215.80          -0.086959
216.00          -0.087051
216.20          -0.087144
216.40          -0.087238
216.60          -0.087333
216.80          -0.087428
217.00          -0.087523
217.20          -0.087620
217.40          -0.087716
217.60          -0.087813
217.80          -0.087911
218.00          -0.088009
218.20          -0.088108
218.40          -0.088206
218.60          -0.088306
218.80          -0.088405
219.00          -0.088505
219.20          -0.088605
219.40          -0.088706
219.60          -0.088806
219.80          -0.088908
220.00          -0.089009
220.20          -0.089111
220.40          -0.089213
220.60          -0.089316
220.80          -0.089419
221.00          -0.089522
221.20          -0.089626
221.40          -0.089731
221.60          -0.089837
221.80          -0.089943
222.00          -0.090051
222.20          -0.090159
222.40          -0.090269
222.60          -0.090381
222.80          -0.090495
223.00          -0.090612
223.20          -0.090731
223.40          -0.090854
223.60          -0.090982
223.80          -0.091116
224.00          -0.091258
224.20          -0.091409
224.40          -0.091573
224.60          -0.091754
224.80          -0.091960
225.00          -0.092199
