175.00          -0.031342
175.20          -0.031426
175.40          -0.031509
175.60          -0.031594
175.80          -0.031679
176.00          -0.031764
176.20          -0.031850
176.40          -0.031936
176.60          -0.032023
176.80          -0.032111
177.00          -0.032199
177.20          -0.032287
177.40          -0.032376
177.60          -0.032466
177.80          -0.032556
178.00          -0.032647
178.20          -0.032739
178.40          -0.032831
178.60          -0.032924
178.80          -0.033017
179.00          -0.033111
179.20          -0.033206
179.40          -0.033301
179.60          -0.033397
179.80          -0.033494
180.00          -0.033592
180.20          -0.033690
180.40          -0.033789
180.60          -0.033888
180.80          -0.033989
181.00          -0.034090
181.20          -0.034192
181.40          -0.034294
181.60          -0.034398
181.80          -0.034502
182.00          -0.034607
182.20          -0.034713
182.40          -0.034820
182.60          -0.034928
182.80          -0.035037
183.00          -0.035146
183.20          -0.035257
183.40          -0.035368
183.60          -0.035481
183.80          -0.035594
184.00          -0.035709
184.20          -0.035824
184.40          -0.035941
184.60          -0.036059
184.80          -0.036178
185.00          -0.036297
185.20          -0.036418
185.40          -0.036541
185.60          -0.036664
185.80          -0.036789
186.00          -0.036915
186.20          -0.037042
186.40          -0.037171
186.60          -0.037301
186.80          -0.037432
187.00          -0.037565
187.20          -0.037699
187.40          -0.037835
187.60          -0.037972
187.80          -0.038111
188.00          -0.038251
188.20          -0.038393
188.40          -0.038537
188.60          -0.038683
188.80          -0.038830
189.00          -0.038979
189.20          -0.039130
189.40          -0.039284
189.60          -0.039439
189.80          -0.039596
190.00          -0.039755
190.20          -0.039916
190.40          -0.040080
190.60          -0.040246
190.80          -0.040415
191.00          -0.040586
191.20          -0.040759
191.40          -0.040935
191.60          -0.041114
191.80          -0.041296
192.00          -0.041481
192.20          -0.041668
192.40          -0.041859
192.60          -0.042053
192.80          -0.042251
193.00          -0.042451
193.20          -0.042656
193.40          -0.042864
193.60          -0.043076
193.80          -0.043293
194.00          -0.043513
194.20          -0.043738
194.40          -0.043967
194.60          -0.044202
194.80          -0.044441
195.00          -0.044685
195.20          -0.044935
195.40          -0.045191
195.60          -0.045452
195.80          -0.045720
196.00          -0.045994
196.20          -0.046276
196.40          -0.046564
196.60          -0.046860
196.80          -0.047164
197.00          -0.047477
197.20          -0.047799
197.40          -0.048130
197.60          -0.048471
197.80          -0.048823
198.00          -0.049186
198.20          -0.049561
198.40          -0.049950
198.60          -0.050352
198.80          -0.050769
199.00          -0.051202
199.20          -0.051652
199.40          -0.052121
199.60          -0.052609
199.80          -0.053120
200.00          -0.053655
200.20          -0.054216
200.40          -0.054805
200.60          -0.055426
200.80          -0.056083
201.00          -0.056778
201.20          -0.057518
201.40          -0.058307
201.60          -0.059152
201.80          -0.060063
202.00          -0.061047
202.20          -0.062119
202.40          -0.063292
202.60          -0.064588
202.80          -0.066031
203.00          -0.067654
203.20          -0.069503
203.40          -0.071639
203.60          -0.074148
203.80          -0.077157
204.00          -0.080859
204.20          -0.085558
204.40          -0.091764
204.60          -0.10040
204.80          -0.11329
205.00          -0.13453
205.20          -0.17526
205.40          -0.27656
205.60          -0.71826
205.80          -18.889
206.00          -0.48632
206.20          -0.13063
206.40          -0.076475
206.60          -0.062413
206.80          -0.058453
207.00          -0.057918
207.20          -0.058765
207.40          -0.060247
207.60          -0.062057
207.80          -0.064064
208.00          -0.066211
208.20          -0.068480
208.40          -0.070867
208.60          -0.073384
208.80          -0.076045
209.00          -0.078872
209.20          -0.081891
209.40          -0.085130
209.60          -0.088626
209.80          -0.092418
210.00          -0.096554
210.20          -0.10109
210.40          -0.10609
210.60          -0.11164
210.80          -0.11783
211.00          -0.12478
211.20          -0.13263
211.40          -0.14155
211.60          -0.15177
211.80          -0.16356
212.00          -0.17726
212.20          -0.19334
212.40          -0.21236
212.60          -0.23508
212.80          -0.26250
213.00          -0.29592
213.20          -0.33708
213.40          -0.38826
213.60          -0.45242
213.80          -0.53313
214.00          -0.63423
214.20          -0.75838
214.40          -0.90350
214.60          -1.0561
214.80          -1.1846
215.00          -1.2438
215.20          -1.2035
215.40          -1.0768
215.60          -0.90910
215.80          -0.74270
216.00          -0.59937
216.20          -0.48424
216.40          -0.39462
216.60          -0.32555
216.80          -0.27227
217.00          -0.23089
217.20          -0.19845
217.40          -0.17276
217.60          -0.15219
217.80          -0.13556
218.00          -0.12199
218.20          -0.11080
218.40          -0.10152
218.60          -0.093751
218.80          -0.087206
219.00          -0.081658
219.20          -0.076929
219.40          -0.072876
219.60          -0.069386
219.80          -0.066370
220.00          -0.063753
220.20          -0.061474
220.40          -0.059485
220.60          -0.057743
220.80          -0.056216
221.00          -0.054874
221.20          -0.053693
221.40          -0.052653
221.60          -0.051737
221.80          -0.050929
222.00          -0.050218
222.20          -0.049593
222.40          -0.049044
222.60          -0.048564
222.80          -0.048145
223.00          -0.047781
223.20          -0.047468
223.40          -0.047201
223.60          -0.046976
223.80          -0.046790
224.00          -0.046640
224.20          -0.046524
224.40          -0.046441
224.60          -0.046390
224.80          -0.046369
225.00          -0.046380
