175.00          -0.040257
175.20          -0.040393
175.40          -0.040530
175.60          -0.040669
175.80          -0.040808
176.00          -0.040948
176.20          -0.041089
176.40          -0.041231
176.60          -0.041374
176.80          -0.041519
177.00          -0.041664
177.20          -0.041810
177.40          -0.041958
177.60          -0.042106
177.80          -0.042256
178.00          -0.042407
178.20          -0.042559
178.40          -0.042712
178.60          -0.042866
178.80          -0.043022
179.00          -0.043179
179.20          -0.043337
179.40          -0.043496
179.60          -0.043657
179.80          -0.043819
180.00          -0.043982
180.20          -0.044147
180.40          -0.044313
180.60          -0.044480
180.80          -0.044649
181.00          -0.044819
181.20          -0.044991
181.40          -0.045164
181.60          -0.045339
181.80          -0.045516
182.00          -0.045694
182.20          -0.045873
182.40          -0.046055
182.60          -0.046238
182.80          -0.046422
183.00          -0.046609
183.20          -0.046797
183.40          -0.046987
183.60          -0.047179
183.80          -0.047373
184.00          -0.047568
184.20          -0.047766
184.40          -0.047966
184.60          -0.048167
184.80          -0.048371
185.00          -0.048577
185.20          -0.048785
185.40          -0.048995
185.60          -0.049208
185.80          -0.049423
186.00          -0.049640
186.20          -0.049860
186.40          -0.050082
186.60          -0.050306
186.80          -0.050533
187.00          -0.050763
187.20          -0.050996
187.40          -0.051231
187.60          -0.051469
187.80          -0.051710
188.00          -0.051954
188.20          -0.052201
188.40          -0.052451
188.60          -0.052704
188.80          -0.052960
189.00          -0.053220
189.20          -0.053483
189.40          -0.053750
189.60          -0.054020
189.80          -0.054293
190.00          -0.054571
190.20          -0.054853
190.40          -0.055138
190.60          -0.055427
190.80          -0.055721
191.00          -0.056019
191.20          -0.056321
191.40          -0.056628
191.60          -0.056939
191.80          -0.057256
192.00          -0.057577
192.20          -0.057903
192.40          -0.058234
192.60          -0.058571
192.80          -0.058913
193.00          -0.059261
193.20          -0.059615
193.40          -0.059974
193.60          -0.060340
193.80          -0.060713
194.00          -0.061091
194.20          -0.061477
194.40          -0.061870
194.60          -0.062269
194.80          -0.062677
195.00          -0.063092
195.20          -0.063515
195.40          -0.063946
195.60          -0.064385
195.80          -0.064834
196.00          -0.065291
196.20          -0.065758
196.40          -0.066235
196.60          -0.066722
196.80          -0.067219
197.00          -0.067727
197.20          -0.068246
197.40          -0.068777
197.60          -0.069320
197.80          -0.069875
198.00          -0.070444
198.20          -0.071026
198.40          -0.071622
198.60          -0.072233
198.80          -0.072859
199.00          -0.073500
199.20          -0.074159
199.40          -0.074834
199.60          -0.075527
199.80          -0.076239
200.00          -0.076970
200.20          -0.077722
200.40          -0.078495
200.60          -0.079290
200.80          -0.080108
201.00          -0.080951
201.20          -0.081818
201.40          -0.082713
201.60          -0.083635
201.80          -0.084586
202.00          -0.085568
202.20          -0.086582
202.40          -0.087630
202.60          -0.088713
202.80          -0.089834
203.00          -0.090993
203.20          -0.092194
203.40          -0.093439
203.60          -0.094730
203.80          -0.096069
204.00          -0.097459
204.20          -0.098904
204.40          -0.10041
204.60          -0.10197
204.80          -0.10359
205.00          -0.10529
205.20          -0.10706
205.40          -0.10890
205.60          -0.11083
205.80          -0.11284
206.00          -0.11495
206.20          -0.11715
206.40          -0.11946
206.60          -0.12188
206.80          -0.12443
207.00          -0.12710
207.20          -0.12991
207.40          -0.13287
207.60          -0.13599
207.80          -0.13928
208.00          -0.14275
208.20          -0.14642
208.40          -0.15031
208.60          -0.15443
208.80          -0.15880
209.00          -0.16344
209.20          -0.16838
209.40          -0.17363
209.60          -0.17923
209.80          -0.18520
210.00          -0.19158
210.20          -0.19841
210.40          -0.20572
210.60          -0.21357
210.80          -0.22198
211.00          -0.23103
211.20          -0.24076
211.40          -0.25123
211.60          -0.26252
211.80          -0.27470
212.00          -0.28783
212.20          -0.30199
212.40          -0.31727
212.60          -0.33374
212.80          -0.35148
213.00          -0.37055
213.20          -0.39099
213.40          -0.41283
213.60          -0.43605
213.80          -0.46059
214.00          -0.48628
214.20          -0.51292
214.40          -0.54013
214.60          -0.56743
214.80          -0.59420
215.00          -0.61963
215.20          -0.64281
215.40          -0.66272
215.60          -0.67833
215.80          -0.68869
216.00          -0.69304
216.20          -0.69093
216.40          -0.68228
216.60          -0.66738
216.80          -0.64693
217.00          -0.62186
217.20          -0.59328
217.40          -0.56233
217.60          -0.53011
217.80          -0.49756
218.00          -0.46545
218.20          -0.43437
218.40          -0.40474
218.60          -0.37684
218.80          -0.35080
219.00          -0.32669
219.20          -0.30447
219.40          -0.28409
219.60          -0.26546
219.80          -0.24846
220.00          -0.23297
220.20          -0.21887
220.40          -0.20604
220.60          -0.19436
220.80          -0.18373
221.00          -0.17406
221.20          -0.16524
221.40          -0.15720
221.60          -0.14986
221.80          -0.14315
222.00          -0.13701
222.20          -0.13140
222.40          -0.12625
222.60          -0.12153
222.80          -0.11719
223.00          -0.11320
223.20          -0.10953
223.40          -0.10615
223.60          -0.10303
223.80          -0.10015
224.00          -0.097497
224.20          -0.095042
224.40          -0.092771
224.60          -0.090670
224.80          -0.088724
225.00          -0.086921
