175.00          -0.082545
175.20          -0.083320
175.40          -0.084112
175.60          -0.084919
175.80          -0.085742
176.00          -0.086582
176.20          -0.087440
176.40          -0.088316
176.60          -0.089210
176.80          -0.090123
177.00          -0.091056
177.20          -0.092009
177.40          -0.092983
177.60          -0.093978
177.80          -0.094996
178.00          -0.096036
178.20          -0.097101
178.40          -0.098190
178.60          -0.099304
178.80          -0.10044
179.00          -0.10161
179.20          -0.10281
179.40          -0.10403
179.60          -0.10528
179.80          -0.10657
180.00          -0.10788
180.20          -0.10923
180.40          -0.11062
180.60          -0.11203
180.80          -0.11349
181.00          -0.11498
181.20          -0.11651
181.40          -0.11808
181.60          -0.11970
181.80          -0.12136
182.00          -0.12306
182.20          -0.12481
182.40          -0.12660
182.60          -0.12845
182.80          -0.13035
183.00          -0.13230
183.20          -0.13431
183.40          -0.13637
183.60          -0.13850
183.80          -0.14068
184.00          -0.14293
184.20          -0.14525
184.40          -0.14763
184.60          -0.15009
184.80          -0.15262
185.00          -0.15522
185.20          -0.15791
185.40          -0.16067
185.60          -0.16352
185.80          -0.16646
186.00          -0.16948
186.20          -0.17260
186.40          -0.17581
186.60          -0.17912
186.80          -0.18254
187.00          -0.18605
187.20          -0.18967
187.40          -0.19340
187.60          -0.19725
187.80          -0.20120
188.00          -0.20527
188.20          -0.20946
188.40          -0.21377
188.60          -0.21820
188.80          -0.22275
189.00          -0.22742
189.20          -0.23221
189.40          -0.23713
189.60          -0.24215
189.80          -0.24730
190.00          -0.25255
190.20          -0.25791
190.40          -0.26336
190.60          -0.26891
190.80          -0.27453
191.00          -0.28022
191.20          -0.28597
191.40          -0.29175
191.60          -0.29756
191.80          -0.30336
192.00          -0.30914
192.20          -0.31486
192.40          -0.32051
192.60          -0.32604
192.80          -0.33143
193.00          -0.33664
193.20          -0.34163
193.40          -0.34636
193.60          -0.35079
193.80          -0.35488
194.00          -0.35858
194.20          -0.36185
194.40          -0.36466
194.60          -0.36696
194.80          -0.36872
195.00          -0.36991
195.20          -0.37051
195.40          -0.37048
195.60          -0.36983
195.80          -0.36855
196.00          -0.36662
196.20          -0.36407
196.40          -0.36091
196.60          -0.35716
196.80          -0.35284
197.00          -0.34800
197.20          -0.34267
197.40          -0.33690
197.60          -0.33073
197.80          -0.32421
198.00          -0.31739
198.20          -0.31033
198.40          -0.30307
198.60          -0.29566
198.80          -0.28814
199.00          -0.28057
199.20          -0.27297
199.40          -0.26539
199.60          -0.25787
199.80          -0.25042
200.00          -0.24307
200.20          -0.23586
200.40          -0.22879
200.60          -0.22189
200.80          -0.21517
201.00          -0.20863
201.20          -0.20229
201.40          -0.19615
201.60          -0.19021
201.80          -0.18448
202.00          -0.17896
202.20          -0.17364
202.40          -0.16853
202.60          -0.16362
202.80          -0.15891
203.00          -0.15439
203.20          -0.15006
203.40          -0.14591
203.60          -0.14193
203.80          -0.13813
204.00          -0.13450
204.20          -0.13103
204.40          -0.12771
204.60          -0.12453
204.80          -0.12150
205.00          -0.11861
205.20          -0.11585
205.40          -0.11321
205.60          -0.11069
205.80          -0.10829
206.00          -0.10600
206.20          -0.10381
206.40          -0.10172
206.60          -0.099727
206.80          -0.097826
207.00          -0.096013
207.20          -0.094283
207.40          -0.092633
207.60          -0.091058
207.80          -0.089556
208.00          -0.088124
208.20          -0.086758
208.40          -0.085454
208.60          -0.084212
208.80          -0.083026
209.00          -0.081896
209.20          -0.080818
209.40          -0.079791
209.60          -0.078811
209.80          -0.077877
210.00          -0.076987
210.20          -0.076139
210.40          -0.075331
210.60          -0.074562
210.80          -0.073829
211.00          -0.073131
211.20          -0.072467
211.40          -0.071835
211.60          -0.071233
211.80          -0.070661
212.00          -0.070118
212.20          -0.069602
212.40          -0.069111
212.60          -0.068646
212.80          -0.068204
213.00          -0.067785
213.20          -0.067389
213.40          -0.067013
213.60          -0.066658
213.80          -0.066322
214.00          -0.066005
214.20          -0.065706
214.40          -0.065424
214.60          -0.065159
214.80          -0.064910
215.00          -0.064676
215.20          -0.064458
215.40          -0.064253
215.60          -0.064062
215.80          -0.063885
216.00          -0.063720
216.20          -0.063568
216.40          -0.063427
216.60          -0.063298
216.80          -0.063180
217.00          -0.063073
217.20          -0.062976
217.40          -0.062888
217.60          -0.062811
217.80          -0.062743
218.00          -0.062683
218.20          -0.062633
218.40          -0.062591
218.60          -0.062557
218.80          -0.062530
219.00          -0.062512
219.20          -0.062501
219.40          -0.062497
219.60          -0.062499
219.80          -0.062509
220.00          -0.062525
220.20          -0.062548
220.40          -0.062576
220.60          -0.062611
220.80          -0.062651
221.00          -0.062697
221.20          -0.062749
221.40          -0.062806
221.60          -0.062868
221.80          -0.062935
222.00          -0.063008
222.20          -0.063085
222.40          -0.063166
222.60          -0.063253
222.80          -0.063344
223.00          -0.063439
223.20          -0.063539
223.40          -0.063643
223.60          -0.063751
223.80          -0.063863
224.00          -0.063980
224.20          -0.064100
224.40          -0.064225
224.60          -0.064353
224.80          -0.064485
225.00          -0.064621
