175.00          -0.25035
175.20          -0.25196
175.40          -0.25294
175.60          -0.25328
175.80          -0.25295
176.00          -0.25195
176.20          -0.25030
176.40          -0.24800
176.60          -0.24510
176.80          -0.24162
177.00          -0.23761
177.20          -0.23313
177.40          -0.22823
177.60          -0.22298
177.80          -0.21743
178.00          -0.21165
178.20          -0.20569
178.40          -0.19961
178.60          -0.19347
178.80          -0.18729
179.00          -0.18114
179.20          -0.17504
179.40          -0.16902
179.60          -0.16312
179.80          -0.15735
180.00          -0.15174
180.20          -0.14629
180.40          -0.14101
180.60          -0.13592
180.80          -0.13101
181.00          -0.12629
181.20          -0.12176
181.40          -0.11742
181.60          -0.11327
181.80          -0.10929
182.00          -0.10549
182.20          -0.10187
182.40          -0.098407
182.60          -0.095106
182.80          -0.091959
183.00          -0.088959
183.20          -0.086101
183.40          -0.083378
183.60          -0.080783
183.80          -0.078312
184.00          -0.075957
184.20          -0.073714
184.40          -0.071576
184.60          -0.069539
184.80          -0.067598
185.00          -0.065747
185.20          -0.063982
185.40          -0.062299
185.60          -0.060693
185.80          -0.059160
186.00          -0.057697
186.20          -0.056301
186.40          -0.054967
186.60          -0.053692
186.80          -0.052474
187.00          -0.051309
187.20          -0.050196
187.40          -0.049130
187.60          -0.048111
187.80          -0.047135
188.00          -0.046200
188.20          -0.045305
188.40          -0.044447
188.60          -0.043624
188.80          -0.042836
189.00          -0.042080
189.20          -0.041354
189.40          -0.040657
189.60          -0.039988
189.80          -0.039346
190.00          -0.038729
190.20          -0.038136
190.40          -0.037566
190.60          -0.037018
190.80          -0.036490
191.00          -0.035983
191.20          -0.035495
191.40          -0.035025
191.60          -0.034572
191.80          -0.034136
192.00          -0.033716
192.20          -0.033311
192.40          -0.032921
192.60          -0.032544
192.80          -0.032181
193.00          -0.031831
193.20          -0.031493
193.40          -0.031167
193.60          -0.030852
193.80          -0.030547
194.00          -0.030254
194.20          -0.029970
194.40          -0.029695
194.60          -0.029430
194.80          -0.029174
195.00          -0.028926
195.20          -0.028686
195.40          -0.028454
195.60          -0.028230
195.80          -0.028013
196.00          -0.027803
196.20          -0.027599
196.40          -0.027402
196.60          -0.027211
196.80          -0.027026
197.00          -0.026847
197.20          -0.026674
197.40          -0.026505
197.60          -0.026342
197.80          -0.026184
198.00          -0.026031
198.20          -0.025883
198.40          -0.025738
198.60          -0.025599
198.80          -0.025463
199.00          -0.025331
199.20          -0.025204
199.40          -0.025080
199.60          -0.024960
199.80          -0.024843
200.00          -0.024730
200.20          -0.024620
200.40          -0.024513
200.60          -0.024410
200.80          -0.024309
201.00          -0.024212
201.20          -0.024118
201.40          -0.024026
201.60          -0.023937
201.80          -0.023851
202.00          -0.023768
202.20          -0.023687
202.40          -0.023609
202.60          -0.023534
202.80          -0.023462
203.00          -0.023393
203.20          -0.023328
203.40          -0.023267
203.60          -0.023210
203.80          -0.023159
204.00          -0.023118
204.20          -0.023090
204.40          -0.023089
204.60          -0.023145
204.80          -0.023380
205.00          -0.024728
205.20          -0.12078
205.40          -0.023124
205.60          -0.022517
205.80          -0.022396
206.00          -0.022335
206.20          -0.022288
206.40          -0.022244
206.60          -0.022201
206.80          -0.022160
207.00          -0.022119
207.20          -0.022079
207.40          -0.022039
207.60          -0.022000
207.80          -0.021962
208.00          -0.021924
208.20          -0.021887
208.40          -0.021851
208.60          -0.021815
208.80          -0.021780
209.00          -0.021746
209.20          -0.021712
209.40          -0.021680
209.60          -0.021648
209.80          -0.021616
210.00          -0.021585
210.20          -0.021555
210.40          -0.021526
210.60          -0.021497
210.80          -0.021468
211.00          -0.021441
211.20          -0.021413
211.40          -0.021387
211.60          -0.021361
211.80          -0.021335
212.00          -0.021310
212.20          -0.021286
212.40          -0.021262
212.60          -0.021239
212.80          -0.021216
213.00          -0.021193
213.20          -0.021171
213.40          -0.021149
213.60          -0.021128
213.80          -0.021108
214.00          -0.021087
214.20          -0.021067
214.40          -0.021048
214.60          -0.021029
214.80          -0.021010
215.00          -0.020992
215.20          -0.020974
215.40          -0.020956
215.60          -0.020939
215.80          -0.020922
216.00          -0.020905
216.20          -0.020889
216.40          -0.020873
216.60          -0.020858
216.80          -0.020842
217.00          -0.020827
217.20          -0.020813
217.40          -0.020798
217.60          -0.020784
217.80          -0.020770
218.00          -0.020757
218.20          -0.020744
218.40          -0.020731
218.60          -0.020718
218.80          -0.020706
219.00          -0.020694
219.20          -0.020682
219.40          -0.020670
219.60          -0.020659
219.80          -0.020648
220.00          -0.020637
220.20          -0.020627
220.40          -0.020616
220.60          -0.020606
220.80          -0.020597
221.00          -0.020587
221.20          -0.020578
221.40          -0.020570
221.60          -0.020561
221.80          -0.020553
222.00          -0.020545
222.20          -0.020537
222.40          -0.020530
222.60          -0.020523
222.80          -0.020516
223.00          -0.020510
223.20          -0.020504
223.40          -0.020498
223.60          -0.020493
223.80          -0.020488
224.00          -0.020484
224.20          -0.020480
224.40          -0.020476
224.60          -0.020473
224.80          -0.020471
225.00          -0.020469
