175.00          -0.13010
175.20          -0.12978
175.40          -0.12945
175.60          -0.12913
175.80          -0.12881
176.00          -0.12849
176.20          -0.12817
176.40          -0.12785
176.60          -0.12753
176.80          -0.12722
177.00          -0.12690
177.20          -0.12658
177.40          -0.12627
177.60          -0.12595
177.80          -0.12564
178.00          -0.12533
178.20          -0.12501
178.40          -0.12470
178.60          -0.12439
178.80          -0.12408
179.00          -0.12377
179.20          -0.12346
179.40          -0.12315
179.60          -0.12284
179.80          -0.12253
180.00          -0.12222
180.20          -0.12191
180.40          -0.12160
180.60          -0.12130
180.80          -0.12099
181.00          -0.12069
181.20          -0.12038
181.40          -0.12008
181.60          -0.11977
181.80          -0.11947
182.00          -0.11917
182.20          -0.11886
182.40          -0.11856
182.60          -0.11826
182.80          -0.11796
183.00          -0.11767
183.20          -0.11737
183.40          -0.11707
183.60          -0.11678
183.80          -0.11648
184.00          -0.11619
184.20          -0.11590
184.40          -0.11561
184.60          -0.11532
184.80          -0.11503
185.00          -0.11474
185.20          -0.11446
185.40          -0.11417
185.60          -0.11389
185.80          -0.11361
186.00          -0.11333
186.20          -0.11306
186.40          -0.11278
186.60          -0.11251
186.80          -0.11224
187.00          -0.11197
187.20          -0.11170
187.40          -0.11143
187.60          -0.11117
187.80          -0.11091
188.00          -0.11065
188.20          -0.11040
188.40          -0.11014
188.60          -0.10989
188.80          -0.10964
189.00          -0.10940
189.20          -0.10916
189.40          -0.10892
189.60          -0.10868
189.80          -0.10845
190.00          -0.10822
190.20          -0.10799
190.40          -0.10777
190.60          -0.10755
190.80          -0.10733
191.00          -0.10712
191.20          -0.10691
191.40          -0.10671
191.60          -0.10651
191.80          -0.10631
192.00          -0.10612
192.20          -0.10593
192.40          -0.10575
192.60          -0.10557
192.80          -0.10540
193.00          -0.10523
193.20          -0.10506
193.40          -0.10491
193.60          -0.10475
193.80          -0.10461
194.00          -0.10447
194.20          -0.10433
194.40          -0.10420
194.60          -0.10408
194.80          -0.10397
195.00          -0.10386
195.20          -0.10375
195.40          -0.10366
195.60          -0.10357
195.80          -0.10349
196.00          -0.10342
196.20          -0.10336
196.40          -0.10330
196.60          -0.10326
196.80          -0.10322
197.00          -0.10319
197.20          -0.10318
197.40          -0.10317
197.60          -0.10317
197.80          -0.10319
198.00          -0.10321
198.20          -0.10325
198.40          -0.10330
198.60          -0.10336
198.80          -0.10344
199.00          -0.10353
199.20          -0.10363
199.40          -0.10375
199.60          -0.10389
199.80          -0.10404
200.00          -0.10420
200.20          -0.10439
200.40          -0.10459
200.60          -0.10482
200.80          -0.10506
201.00          -0.10532
201.20          -0.10561
201.40          -0.10591
201.60          -0.10625
201.80          -0.10660
202.00          -0.10699
202.20          -0.10740
202.40          -0.10784
202.60          -0.10831
202.80          -0.10881
203.00          -0.10935
203.20          -0.10992
203.40          -0.11053
203.60          -0.11118
203.80          -0.11188
204.00          -0.11262
204.20          -0.11340
204.40          -0.11424
204.60          -0.11513
204.80          -0.11608
205.00          -0.11709
205.20          -0.11818
205.40          -0.11935
205.60          -0.12063
205.80          -0.12210
206.00          -0.12429
206.20          -0.14342
206.40          -0.12555
206.60          -0.12722
206.80          -0.12900
207.00          -0.13087
207.20          -0.13285
207.40          -0.13494
207.60          -0.13717
207.80          -0.13954
208.00          -0.14206
208.20          -0.14476
208.40          -0.14764
208.60          -0.15072
208.80          -0.15402
209.00          -0.15755
209.20          -0.16133
209.40          -0.16539
209.60          -0.16976
209.80          -0.17445
210.00          -0.17950
210.20          -0.18495
210.40          -0.19083
210.60          -0.19718
210.80          -0.20405
211.00          -0.21148
211.20          -0.21955
211.40          -0.22831
211.60          -0.23784
211.80          -0.24821
212.00          -0.25951
212.20          -0.27185
212.40          -0.28533
212.60          -0.30008
212.80          -0.31623
213.00          -0.33392
213.20          -0.35333
213.40          -0.37462
213.60          -0.39796
213.80          -0.42355
214.00          -0.45156
214.20          -0.48217
214.40          -0.51550
214.60          -0.55166
214.80          -0.59064
215.00          -0.63232
215.20          -0.67644
215.40          -0.72248
215.60          -0.76966
215.80          -0.81689
216.00          -0.86273
216.20          -0.90543
216.40          -0.94302
216.60          -0.97348
216.80          -0.99494
217.00          -1.0060
217.20          -1.0058
217.40          -0.99451
217.60          -0.97276
217.80          -0.94203
218.00          -0.90417
218.20          -0.86121
218.40          -0.81511
218.60          -0.76762
218.80          -0.72016
219.00          -0.67382
219.20          -0.62940
219.40          -0.58738
219.60          -0.54805
219.80          -0.51152
220.00          -0.47780
220.20          -0.44679
220.40          -0.41836
220.60          -0.39234
220.80          -0.36855
221.00          -0.34681
221.20          -0.32695
221.40          -0.30879
221.60          -0.29216
221.80          -0.27694
222.00          -0.26298
222.20          -0.25016
222.40          -0.23837
222.60          -0.22751
222.80          -0.21749
223.00          -0.20824
223.20          -0.19967
223.40          -0.19174
223.60          -0.18437
223.80          -0.17752
224.00          -0.17115
224.20          -0.16520
224.40          -0.15965
224.60          -0.15445
224.80          -0.14959
225.00          -0.14502
