175.00          -0.12520
175.20          -0.12469
175.40          -0.12419
175.60          -0.12369
175.80          -0.12319
176.00          -0.12270
176.20          -0.12222
176.40          -0.12174
176.60          -0.12126
176.80          -0.12079
177.00          -0.12032
177.20          -0.11986
177.40          -0.11940
177.60          -0.11895
177.80          -0.11850
178.00          -0.11806
178.20          -0.11762
178.40          -0.11719
178.60          -0.11676
178.80          -0.11634
179.00          -0.11592
179.20          -0.11551
179.40          -0.11510
179.60          -0.11470
179.80          -0.11431
180.00          -0.11392
180.20          -0.11353
180.40          -0.11316
180.60          -0.11278
180.80          -0.11242
181.00          -0.11206
181.20          -0.11170
181.40          -0.11136
181.60          -0.11102
181.80          -0.11068
182.00          -0.11035
182.20          -0.11003
182.40          -0.10972
182.60          -0.10941
182.80          -0.10911
183.00          -0.10882
183.20          -0.10854
183.40          -0.10826
183.60          -0.10799
183.80          -0.10773
184.00          -0.10748
184.20          -0.10724
184.40          -0.10700
184.60          -0.10677
184.80          -0.10655
185.00          -0.10635
185.20          -0.10615
185.40          -0.10596
185.60          -0.10578
185.80          -0.10561
186.00          -0.10545
186.20          -0.10530
186.40          -0.10516
186.60          -0.10503
186.80          -0.10492
187.00          -0.10482
187.20          -0.10472
187.40          -0.10465
187.60          -0.10458
187.80          -0.10453
188.00          -0.10449
188.20          -0.10447
188.40          -0.10446
188.60          -0.10446
188.80          -0.10448
189.00          -0.10452
189.20          -0.10458
189.40          -0.10465
189.60          -0.10474
189.80          -0.10485
190.00          -0.10498
190.20          -0.10513
190.40          -0.10530
190.60          -0.10549
190.80          -0.10570
191.00          -0.10594
191.20          -0.10620
191.40          -0.10649
191.60          -0.10681
191.80          -0.10715
192.00          -0.10752
192.20          -0.10792
192.40          -0.10836
192.60          -0.10883
192.80          -0.10933
193.00          -0.10987
193.20          -0.11045
193.40          -0.11107
193.60          -0.11173
193.80          -0.11243
194.00          -0.11318
194.20          -0.11399
194.40          -0.11484
194.60          -0.11575
194.80          -0.11672
195.00          -0.11775
195.20          -0.11884
195.40          -0.12000
195.60          -0.12124
195.80          -0.12255
196.00          -0.12394
196.20          -0.12542
196.40          -0.12699
196.60          -0.12866
196.80          -0.13044
197.00          -0.13232
197.20          -0.13433
197.40          -0.13646
197.60          -0.13873
197.80          -0.14114
198.00          -0.14371
198.20          -0.14644
198.40          -0.14935
198.60          -0.15245
198.80          -0.15576
199.00          -0.15930
199.20          -0.16307
199.40          -0.16709
199.60          -0.17140
199.80          -0.17601
200.00          -0.18094
200.20          -0.18622
200.40          -0.19189
200.60          -0.19796
200.80          -0.20449
201.00          -0.21150
201.20          -0.21904
201.40          -0.22716
201.60          -0.23590
201.80          -0.24533
202.00          -0.25549
202.20          -0.26646
202.40          -0.27830
202.60          -0.29110
202.80          -0.30492
203.00          -0.31987
203.20          -0.33602
203.40          -0.35348
203.60          -0.37235
203.80          -0.39271
204.00          -0.41468
204.20          -0.43835
204.40          -0.46381
204.60          -0.49119
204.80          -0.52059
205.00          -0.55224
205.20          -0.58655
205.40          -0.62458
205.60          -0.66956
205.80          -0.73478
206.00          -0.93420
206.20          -3.2928
206.40          -0.76936
206.60          -0.76752
206.80          -0.78853
207.00          -0.80771
207.20          -0.82192
207.40          -0.83028
207.60          -0.83245
207.80          -0.82844
208.00          -0.81854
208.20          -0.80325
208.40          -0.78331
208.60          -0.75953
208.80          -0.73278
209.00          -0.70393
209.20          -0.67378
209.40          -0.64302
209.60          -0.61225
209.80          -0.58194
210.00          -0.55244
210.20          -0.52404
210.40          -0.49689
210.60          -0.47113
210.80          -0.44679
211.00          -0.42390
211.20          -0.40243
211.40          -0.38235
211.60          -0.36359
211.80          -0.34609
212.00          -0.32978
212.20          -0.31458
212.40          -0.30042
212.60          -0.28723
212.80          -0.27493
213.00          -0.26347
213.20          -0.25278
213.40          -0.24279
213.60          -0.23346
213.80          -0.22474
214.00          -0.21658
214.20          -0.20893
214.40          -0.20176
214.60          -0.19503
214.80          -0.18870
215.00          -0.18276
215.20          -0.17716
215.40          -0.17188
215.60          -0.16691
215.80          -0.16221
216.00          -0.15777
216.20          -0.15357
216.40          -0.14959
216.60          -0.14582
216.80          -0.14225
217.00          -0.13885
217.20          -0.13563
217.40          -0.13256
217.60          -0.12963
217.80          -0.12685
218.00          -0.12419
218.20          -0.12166
218.40          -0.11924
218.60          -0.11693
218.80          -0.11471
219.00          -0.11259
219.20          -0.11056
219.40          -0.10861
219.60          -0.10675
219.80          -0.10495
220.00          -0.10323
220.20          -0.10157
220.40          -0.099978
220.60          -0.098443
220.80          -0.096964
221.00          -0.095538
221.20          -0.094162
221.40          -0.092835
221.60          -0.091552
221.80          -0.090313
222.00          -0.089114
222.20          -0.087955
222.40          -0.086832
222.60          -0.085744
222.80          -0.084690
223.00          -0.083667
223.20          -0.082675
223.40          -0.081711
223.60          -0.080776
223.80          -0.079866
224.00          -0.078982
224.20          -0.078121
224.40          -0.077284
224.60          -0.076469
224.80          -0.075676
225.00          -0.074903
