175.00          -0.12060
175.20          -0.12009
175.40          -0.11958
175.60          -0.11908
175.80          -0.11859
176.00          -0.11810
176.20          -0.11762
176.40          -0.11714
176.60          -0.11667
176.80          -0.11621
177.00          -0.11576
177.20          -0.11531
177.40          -0.11487
177.60          -0.11444
177.80          -0.11401
178.00          -0.11359
178.20          -0.11318
178.40          -0.11277
178.60          -0.11238
178.80          -0.11199
179.00          -0.11160
179.20          -0.11123
179.40          -0.11086
179.60          -0.11051
179.80          -0.11016
180.00          -0.10981
180.20          -0.10948
180.40          -0.10916
180.60          -0.10884
180.80          -0.10853
181.00          -0.10824
181.20          -0.10795
181.40          -0.10767
181.60          -0.10740
181.80          -0.10714
182.00          -0.10689
182.20          -0.10665
182.40          -0.10642
182.60          -0.10620
182.80          -0.10599
183.00          -0.10580
183.20          -0.10561
183.40          -0.10544
183.60          -0.10528
183.80          -0.10513
184.00          -0.10499
184.20          -0.10487
184.40          -0.10476
184.60          -0.10466
184.80          -0.10458
185.00          -0.10451
185.20          -0.10445
185.40          -0.10442
185.60          -0.10439
185.80          -0.10439
186.00          -0.10440
186.20          -0.10443
186.40          -0.10447
186.60          -0.10454
186.80          -0.10462
187.00          -0.10473
187.20          -0.10485
187.40          -0.10500
187.60          -0.10517
187.80          -0.10536
188.00          -0.10558
188.20          -0.10582
188.40          -0.10609
188.60          -0.10638
188.80          -0.10670
189.00          -0.10705
189.20          -0.10744
189.40          -0.10785
189.60          -0.10830
189.80          -0.10879
190.00          -0.10931
190.20          -0.10986
190.40          -0.11046
190.60          -0.11111
190.80          -0.11179
191.00          -0.11253
191.20          -0.11331
191.40          -0.11414
191.60          -0.11503
191.80          -0.11598
192.00          -0.11698
192.20          -0.11805
192.40          -0.11919
192.60          -0.12040
192.80          -0.12169
193.00          -0.12305
193.20          -0.12450
193.40          -0.12604
193.60          -0.12768
193.80          -0.12942
194.00          -0.13126
194.20          -0.13322
194.40          -0.13531
194.60          -0.13752
194.80          -0.13988
195.00          -0.14238
195.20          -0.14505
195.40          -0.14788
195.60          -0.15090
195.80          -0.15412
196.00          -0.15754
196.20          -0.16119
196.40          -0.16509
196.60          -0.16925
196.80          -0.17369
197.00          -0.17844
197.20          -0.18352
197.40          -0.18895
197.60          -0.19476
197.80          -0.20099
198.00          -0.20767
198.20          -0.21483
198.40          -0.22252
198.60          -0.23078
198.80          -0.23966
199.00          -0.24919
199.20          -0.25946
199.40          -0.27049
199.60          -0.28237
199.80          -0.29516
200.00          -0.30891
200.20          -0.32371
200.40          -0.33963
200.60          -0.35672
200.80          -0.37507
201.00          -0.39472
201.20          -0.41572
201.40          -0.43810
201.60          -0.46188
201.80          -0.48701
202.00          -0.51344
202.20          -0.54104
202.40          -0.56962
202.60          -0.59891
202.80          -0.62855
203.00          -0.65811
203.20          -0.68703
203.40          -0.71468
203.60          -0.74037
203.80          -0.76336
204.00          -0.78295
204.20          -0.79846
204.40          -0.80938
204.60          -0.81536
204.80          -0.81630
205.00          -0.81239
205.20          -0.80423
205.40          -0.79309
205.60          -0.78201
205.80          -0.78177
206.00          -0.88245
206.20          -5.7626
206.40          -0.75073
206.60          -0.65561
206.80          -0.61395
207.00          -0.58120
207.20          -0.55159
207.40          -0.52385
207.60          -0.49761
207.80          -0.47278
208.00          -0.44931
208.20          -0.42720
208.40          -0.40641
208.60          -0.38688
208.80          -0.36859
209.00          -0.35146
209.20          -0.33544
209.40          -0.32046
209.60          -0.30647
209.80          -0.29338
210.00          -0.28116
210.20          -0.26972
210.40          -0.25902
210.60          -0.24901
210.80          -0.23964
211.00          -0.23085
211.20          -0.22261
211.40          -0.21488
211.60          -0.20761
211.80          -0.20078
212.00          -0.19435
212.20          -0.18829
212.40          -0.18258
212.60          -0.17720
212.80          -0.17211
213.00          -0.16730
213.20          -0.16275
213.40          -0.15844
213.60          -0.15436
213.80          -0.15048
214.00          -0.14680
214.20          -0.14331
214.40          -0.13998
214.60          -0.13682
214.80          -0.13381
215.00          -0.13093
215.20          -0.12819
215.40          -0.12558
215.60          -0.12308
215.80          -0.12069
216.00          -0.11840
216.20          -0.11621
216.40          -0.11411
216.60          -0.11210
216.80          -0.11017
217.00          -0.10832
217.20          -0.10654
217.40          -0.10482
217.60          -0.10318
217.80          -0.10159
218.00          -0.10007
218.20          -0.098596
218.40          -0.097178
218.60          -0.095810
218.80          -0.094490
219.00          -0.093215
219.20          -0.091983
219.40          -0.090791
219.60          -0.089639
219.80          -0.088524
220.00          -0.087444
220.20          -0.086398
220.40          -0.085385
220.60          -0.084402
220.80          -0.083448
221.00          -0.082522
221.20          -0.081623
221.40          -0.080749
221.60          -0.079900
221.80          -0.079075
222.00          -0.078271
222.20          -0.077490
222.40          -0.076728
222.60          -0.075987
222.80          -0.075264
223.00          -0.074559
223.20          -0.073871
223.40          -0.073200
223.60          -0.072545
223.80          -0.071905
224.00          -0.071280
224.20          -0.070669
224.40          -0.070072
224.60          -0.069488
224.80          -0.068916
225.00          -0.068358
