175.00          -0.046842
175.20          -0.047021
175.40          -0.047200
175.60          -0.047381
175.80          -0.047563
176.00          -0.047746
176.20          -0.047931
176.40          -0.048116
176.60          -0.048303
176.80          -0.048492
177.00          -0.048682
177.20          -0.048873
177.40          -0.049065
177.60          -0.049259
177.80          -0.049454
178.00          -0.049651
178.20          -0.049849
178.40          -0.050048
178.60          -0.050249
178.80          -0.050452
179.00          -0.050656
179.20          -0.050861
179.40          -0.051069
179.60          -0.051277
179.80          -0.051488
180.00          -0.051699
180.20          -0.051913
180.40          -0.052128
180.60          -0.052345
180.80          -0.052564
181.00          -0.052784
181.20          -0.053006
181.40          -0.053230
181.60          -0.053455
181.80          -0.053683
182.00          -0.053912
182.20          -0.054143
182.40          -0.054376
182.60          -0.054611
182.80          -0.054848
183.00          -0.055087
183.20          -0.055328
183.40          -0.055571
183.60          -0.055817
183.80          -0.056064
184.00          -0.056313
184.20          -0.056565
184.40          -0.056818
184.60          -0.057074
184.80          -0.057333
185.00          -0.057593
185.20          -0.057856
185.40          -0.058121
185.60          -0.058389
185.80          -0.058659
186.00          -0.058932
186.20          -0.059207
186.40          -0.059485
186.60          -0.059765
186.80          -0.060048
187.00          -0.060334
187.20          -0.060623
187.40          -0.060914
187.60          -0.061208
187.80          -0.061505
188.00          -0.061805
188.20          -0.062108
188.40          -0.062415
188.60          -0.062724
188.80          -0.063036
189.00          -0.063352
189.20          -0.063670
189.40          -0.063992
189.60          -0.064318
189.80          -0.064647
190.00          -0.064979
190.20          -0.065315
190.40          -0.065655
190.60          -0.065998
190.80          -0.066346
191.00          -0.066696
191.20          -0.067051
191.40          -0.067410
191.60          -0.067773
191.80          -0.068140
192.00          -0.068512
192.20          -0.068887
192.40          -0.069267
192.60          -0.069652
192.80          -0.070041
193.00          -0.070435
193.20          -0.070833
193.40          -0.071236
193.60          -0.071645
193.80          -0.072058
194.00          -0.072477
194.20          -0.072900
194.40          -0.073329
194.60          -0.073764
194.80          -0.074204
195.00          -0.074650
195.20          -0.075102
195.40          -0.075560
195.60          -0.076024
195.80          -0.076494
196.00          -0.076970
196.20          -0.077453
196.40          -0.077943
196.60          -0.078439
196.80          -0.078943
197.00          -0.079453
197.20          -0.079971
197.40          -0.080497
197.60          -0.081030
197.80          -0.081570
198.00          -0.082119
198.20          -0.082676
198.40          -0.083241
198.60          -0.083815
198.80          -0.084398
199.00          -0.084990
199.20          -0.085591
199.40          -0.086201
199.60          -0.086821
199.80          -0.087451
200.00          -0.088091
200.20          -0.088742
200.40          -0.089403
200.60          -0.090076
200.80          -0.090760
201.00          -0.091455
201.20          -0.092162
201.40          -0.092881
201.60          -0.093613
201.80          -0.094358
202.00          -0.095115
202.20          -0.095887
202.40          -0.096672
202.60          -0.097472
202.80          -0.098286
203.00          -0.099115
203.20          -0.099960
203.40          -0.10082
203.60          -0.10170
203.80          -0.10259
204.00          -0.10350
204.20          -0.10443
204.40          -0.10538
204.60          -0.10635
204.80          -0.10733
205.00          -0.10834
205.20          -0.10937
205.40          -0.11042
205.60          -0.11149
205.80          -0.11258
206.00          -0.11369
206.20          -0.11483
206.40          -0.11600
206.60          -0.11719
206.80          -0.11841
207.00          -0.11965
207.20          -0.12092
207.40          -0.12222
207.60          -0.12355
207.80          -0.12491
208.00          -0.12630
208.20          -0.12773
208.40          -0.12919
208.60          -0.13068
208.80          -0.13221
209.00          -0.13377
209.20          -0.13538
209.40          -0.13702
209.60          -0.13870
209.80          -0.14043
210.00          -0.14220
210.20          -0.14401
210.40          -0.14587
210.60          -0.14778
210.80          -0.14974
211.00          -0.15174
211.20          -0.15380
211.40          -0.15591
211.60          -0.15808
211.80          -0.16031
212.00          -0.16260
212.20          -0.16494
212.40          -0.16735
212.60          -0.16982
212.80          -0.17236
213.00          -0.17497
213.20          -0.17765
213.40          -0.18040
213.60          -0.18322
213.80          -0.18612
214.00          -0.18910
214.20          -0.19216
214.40          -0.19529
214.60          -0.19851
214.80          -0.20182
215.00          -0.20521
215.20          -0.20868
215.40          -0.21225
215.60          -0.21590
215.80          -0.21964
216.00          -0.22347
216.20          -0.22740
216.40          -0.23140
216.60          -0.23550
216.80          -0.23968
217.00          -0.24395
217.20          -0.24830
217.40          -0.25273
217.60          -0.25723
217.80          -0.26180
218.00          -0.26643
218.20          -0.27111
218.40          -0.27584
218.60          -0.28061
218.80          -0.28541
219.00          -0.29021
219.20          -0.29502
219.40          -0.29981
219.60          -0.30456
219.80          -0.30927
220.00          -0.31389
220.20          -0.31843
220.40          -0.32284
220.60          -0.32711
220.80          -0.33121
221.00          -0.33511
221.20          -0.33878
221.40          -0.34220
221.60          -0.34533
221.80          -0.34814
222.00          -0.35062
222.20          -0.35273
222.40          -0.35444
222.60          -0.35574
222.80          -0.35659
223.00          -0.35699
223.20          -0.35693
223.40          -0.35638
223.60          -0.35535
223.80          -0.35383
224.00          -0.35183
224.20          -0.34935
224.40          -0.34642
224.60          -0.34304
224.80          -0.33923
225.00          -0.33503
