175.00          -0.031172
175.20          -0.031490
175.40          -0.031819
175.60          -0.032157
175.80          -0.032505
176.00          -0.032864
176.20          -0.033234
176.40          -0.033615
176.60          -0.034009
176.80          -0.034416
177.00          -0.034836
177.20          -0.035270
177.40          -0.035719
177.60          -0.036183
177.80          -0.036664
178.00          -0.037161
178.20          -0.037676
178.40          -0.038210
178.60          -0.038764
178.80          -0.039339
179.00          -0.039935
179.20          -0.040555
179.40          -0.041199
179.60          -0.041869
179.80          -0.042566
180.00          -0.043292
180.20          -0.044049
180.40          -0.044838
180.60          -0.045661
180.80          -0.046521
181.00          -0.047420
181.20          -0.048360
181.40          -0.049343
181.60          -0.050374
181.80          -0.051454
182.00          -0.052587
182.20          -0.053778
182.40          -0.055029
182.60          -0.056345
182.80          -0.057731
183.00          -0.059193
183.20          -0.060735
183.40          -0.062364
183.60          -0.064086
183.80          -0.065909
184.00          -0.067842
184.20          -0.069893
184.40          -0.072072
184.60          -0.074389
184.80          -0.076858
185.00          -0.079491
185.20          -0.082303
185.40          -0.085310
185.60          -0.088532
185.80          -0.091988
186.00          -0.095701
186.20          -0.099696
186.40          -0.10400
186.60          -0.10865
186.80          -0.11368
187.00          -0.11913
187.20          -0.12504
187.40          -0.13147
187.60          -0.13847
187.80          -0.14610
188.00          -0.15444
188.20          -0.16357
188.40          -0.17358
188.60          -0.18456
188.80          -0.19663
189.00          -0.20991
189.20          -0.22451
189.40          -0.24057
189.60          -0.25822
189.80          -0.27759
190.00          -0.29878
190.20          -0.32186
190.40          -0.34683
190.60          -0.37361
190.80          -0.40196
191.00          -0.43147
191.20          -0.46149
191.40          -0.49110
191.60          -0.51907
191.80          -0.54395
192.00          -0.56413
192.20          -0.57809
192.40          -0.58457
192.60          -0.58284
192.80          -0.57287
193.00          -0.55532
193.20          -0.53144
193.40          -0.50283
193.60          -0.47119
193.80          -0.43809
194.00          -0.40487
194.20          -0.37253
194.40          -0.34177
194.60          -0.31301
194.80          -0.28648
195.00          -0.26222
195.20          -0.24020
195.40          -0.22030
195.60          -0.20238
195.80          -0.18626
196.00          -0.17178
196.20          -0.15877
196.40          -0.14708
196.60          -0.13657
196.80          -0.12710
197.00          -0.11856
197.20          -0.11085
197.40          -0.10387
197.60          -0.097552
197.80          -0.091813
198.00          -0.086594
198.20          -0.081838
198.40          -0.077498
198.60          -0.073529
198.80          -0.069894
199.00          -0.066560
199.20          -0.063496
199.40          -0.060675
199.60          -0.058075
199.80          -0.055675
200.00          -0.053456
200.20          -0.051402
200.40          -0.049498
200.60          -0.047730
200.80          -0.046087
201.00          -0.044559
201.20          -0.043135
201.40          -0.041807
201.60          -0.040567
201.80          -0.039409
202.00          -0.038326
202.20          -0.037312
202.40          -0.036362
202.60          -0.035471
202.80          -0.034635
203.00          -0.033851
203.20          -0.033115
203.40          -0.032423
203.60          -0.031773
203.80          -0.031163
204.00          -0.030590
204.20          -0.030053
204.40          -0.029551
204.60          -0.029084
204.80          -0.028653
205.00          -0.028262
205.20          -0.027919
205.40          -0.027645
205.60          -0.027499
205.80          -0.027688
206.00          -0.029550
206.20          -0.15556
206.40          -0.027676
206.60          -0.025295
206.80          -0.024795
207.00          -0.024496
207.20          -0.024248
207.40          -0.024022
207.60          -0.023809
207.80          -0.023607
208.00          -0.023415
208.20          -0.023231
208.40          -0.023057
208.60          -0.022890
208.80          -0.022731
209.00          -0.022579
209.20          -0.022435
209.40          -0.022297
209.60          -0.022166
209.80          -0.022042
210.00          -0.021923
210.20          -0.021810
210.40          -0.021703
210.60          -0.021600
210.80          -0.021503
211.00          -0.021411
211.20          -0.021324
211.40          -0.021241
211.60          -0.021162
211.80          -0.021087
212.00          -0.021016
212.20          -0.020949
212.40          -0.020886
212.60          -0.020826
212.80          -0.020770
213.00          -0.020716
213.20          -0.020666
213.40          -0.020619
213.60          -0.020574
213.80          -0.020533
214.00          -0.020494
214.20          -0.020457
214.40          -0.020423
214.60          -0.020392
214.80          -0.020363
215.00          -0.020335
215.20          -0.020311
215.40          -0.020288
215.60          -0.020267
215.80          -0.020248
216.00          -0.020231
216.20          -0.020216
216.40          -0.020202
216.60          -0.020190
216.80          -0.020180
217.00          -0.020172
217.20          -0.020165
217.40          -0.020159
217.60          -0.020155
217.80          -0.020153
218.00          -0.020151
218.20          -0.020151
218.40          -0.020153
218.60          -0.020156
218.80          -0.020160
219.00          -0.020165
219.20          -0.020171
219.40          -0.020179
219.60          -0.020188
219.80          -0.020197
220.00          -0.020208
220.20          -0.020220
220.40          -0.020233
220.60          -0.020248
220.80          -0.020263
221.00          -0.020279
221.20          -0.020296
221.40          -0.020314
221.60          -0.020333
221.80          -0.020353
222.00          -0.020374
222.20          -0.020396
222.40          -0.020419
222.60          -0.020443
222.80          -0.020468
223.00          -0.020493
223.20          -0.020520
223.40          -0.020547
223.60          -0.020576
223.80          -0.020605
224.00          -0.020635
224.20          -0.020667
224.40          -0.020699
224.60          -0.020732
224.80          -0.020766
225.00          -0.020801
