175.00          -0.041659
175.20          -0.041302
175.40          -0.040956
175.60          -0.040621
175.80          -0.040295
176.00          -0.039979
176.20          -0.039672
176.40          -0.039374
176.60          -0.039085
176.80          -0.038804
177.00          -0.038532
177.20          -0.038268
177.40          -0.038012
177.60          -0.037764
177.80          -0.037523
178.00          -0.037290
178.20          -0.037063
178.40          -0.036844
178.60          -0.036631
178.80          -0.036425
179.00          -0.036225
179.20          -0.036031
179.40          -0.035844
179.60          -0.035662
179.80          -0.035486
180.00          -0.035316
180.20          -0.035151
180.40          -0.034992
180.60          -0.034838
180.80          -0.034689
181.00          -0.034545
181.20          -0.034406
181.40          -0.034272
181.60          -0.034143
181.80          -0.034018
182.00          -0.033897
182.20          -0.033781
182.40          -0.033669
182.60          -0.033562
182.80          -0.033458
183.00          -0.033359
183.20          -0.033263
183.40          -0.033171
183.60          -0.033083
183.80          -0.032999
184.00          -0.032918
184.20          -0.032841
184.40          -0.032767
184.60          -0.032696
184.80          -0.032629
185.00          -0.032566
185.20          -0.032505
185.40          -0.032447
185.60          -0.032393
185.80          -0.032342
186.00          -0.032293
186.20          -0.032248
186.40          -0.032205
186.60          -0.032165
186.80          -0.032128
187.00          -0.032094
187.20          -0.032062
187.40          -0.032033
187.60          -0.032007
187.80          -0.031983
188.00          -0.031961
188.20          -0.031942
188.40          -0.031926
188.60          -0.031911
188.80          -0.031899
189.00          -0.031890
189.20          -0.031882
189.40          -0.031877
189.60          -0.031874
189.80          -0.031874
190.00          -0.031875
190.20          -0.031879
190.40          -0.031884
190.60          -0.031892
190.80          -0.031901
191.00          -0.031913
191.20          -0.031926
191.40          -0.031942
191.60          -0.031959
191.80          -0.031978
192.00          -0.032000
192.20          -0.032022
192.40          -0.032047
192.60          -0.032074
192.80          -0.032102
193.00          -0.032132
193.20          -0.032164
193.40          -0.032197
193.60          -0.032232
193.80          -0.032269
194.00          -0.032308
194.20          -0.032348
194.40          -0.032389
194.60          -0.032433
194.80          -0.032477
195.00          -0.032524
195.20          -0.032572
195.40          -0.032621
195.60          -0.032672
195.80          -0.032724
196.00          -0.032778
196.20          -0.032834
196.40          -0.032890
196.60          -0.032948
196.80          -0.033008
197.00          -0.033069
197.20          -0.033131
197.40          -0.033195
197.60          -0.033260
197.80          -0.033327
198.00          -0.033394
198.20          -0.033463
198.40          -0.033534
198.60          -0.033605
198.80          -0.033678
199.00          -0.033752
199.20          -0.033828
199.40          -0.033905
199.60          -0.033983
199.80          -0.034062
200.00          -0.034142
200.20          -0.034224
200.40          -0.034306
200.60          -0.034390
200.80          -0.034475
201.00          -0.034562
201.20          -0.034649
201.40          -0.034738
201.60          -0.034828
201.80          -0.034919
202.00          -0.035011
202.20          -0.035104
202.40          -0.035198
202.60          -0.035294
202.80          -0.035391
203.00          -0.035489
203.20          -0.035588
203.40          -0.035689
203.60          -0.035791
203.80          -0.035894
204.00          -0.036000
204.20          -0.036107
204.40          -0.036216
204.60          -0.036329
204.80          -0.036445
205.00          -0.036566
205.20          -0.036697
205.40          -0.036844
205.60          -0.037026
205.80          -0.037311
206.00          -0.038138
206.20          -0.082064
206.40          -0.037900
206.60          -0.037371
206.80          -0.037415
207.00          -0.037517
207.20          -0.037631
207.40          -0.037748
207.60          -0.037866
207.80          -0.037985
208.00          -0.038105
208.20          -0.038224
208.40          -0.038344
208.60          -0.038464
208.80          -0.038584
209.00          -0.038704
209.20          -0.038825
209.40          -0.038946
209.60          -0.039068
209.80          -0.039190
210.00          -0.039312
210.20          -0.039434
210.40          -0.039557
210.60          -0.039680
210.80          -0.039803
211.00          -0.039926
211.20          -0.040050
211.40          -0.040174
211.60          -0.040298
211.80          -0.040422
212.00          -0.040546
212.20          -0.040670
212.40          -0.040794
212.60          -0.040918
212.80          -0.041043
213.00          -0.041167
213.20          -0.041291
213.40          -0.041415
213.60          -0.041539
213.80          -0.041663
214.00          -0.041786
214.20          -0.041909
214.40          -0.042032
214.60          -0.042155
214.80          -0.042277
215.00          -0.042399
215.20          -0.042520
215.40          -0.042641
215.60          -0.042761
215.80          -0.042881
216.00          -0.043000
216.20          -0.043118
216.40          -0.043236
216.60          -0.043352
216.80          -0.043468
217.00          -0.043583
217.20          -0.043697
217.40          -0.043810
217.60          -0.043922
217.80          -0.044033
218.00          -0.044142
218.20          -0.044251
218.40          -0.044358
218.60          -0.044463
218.80          -0.044567
219.00          -0.044669
219.20          -0.044770
219.40          -0.044869
219.60          -0.044966
219.80          -0.045061
220.00          -0.045154
220.20          -0.045245
220.40          -0.045334
220.60          -0.045420
220.80          -0.045504
221.00          -0.045586
221.20          -0.045665
221.40          -0.045741
221.60          -0.045814
221.80          -0.045884
222.00          -0.045951
222.20          -0.046015
222.40          -0.046075
222.60          -0.046132
222.80          -0.046185
223.00          -0.046234
223.20          -0.046279
223.40          -0.046319
223.60          -0.046355
223.80          -0.046387
224.00          -0.046413
224.20          -0.046434
224.40          -0.046450
224.60          -0.046460
224.80          -0.046465
225.00          -0.046463
