175.00          -0.020285
175.20          -0.020377
175.40          -0.020470
175.60          -0.020565
175.80          -0.020662
176.00          -0.020760
176.20          -0.020859
176.40          -0.020961
176.60          -0.021064
176.80          -0.021169
177.00          -0.021276
177.20          -0.021385
177.40          -0.021496
177.60          -0.021608
177.80          -0.021723
178.00          -0.021840
178.20          -0.021959
178.40          -0.022081
178.60          -0.022205
178.80          -0.022331
179.00          -0.022459
179.20          -0.022591
179.40          -0.022724
179.60          -0.022861
179.80          -0.023000
180.00          -0.023142
180.20          -0.023287
180.40          -0.023436
180.60          -0.023587
180.80          -0.023742
181.00          -0.023899
181.20          -0.024061
181.40          -0.024226
181.60          -0.024395
181.80          -0.024567
182.00          -0.024744
182.20          -0.024925
182.40          -0.025110
182.60          -0.025299
182.80          -0.025493
183.00          -0.025692
183.20          -0.025895
183.40          -0.026104
183.60          -0.026318
183.80          -0.026538
184.00          -0.026763
184.20          -0.026994
184.40          -0.027231
184.60          -0.027475
184.80          -0.027725
185.00          -0.027983
185.20          -0.028247
185.40          -0.028519
185.60          -0.028799
185.80          -0.029087
186.00          -0.029384
186.20          -0.029689
186.40          -0.030003
186.60          -0.030328
186.80          -0.030662
187.00          -0.031007
187.20          -0.031363
187.40          -0.031731
187.60          -0.032110
187.80          -0.032503
188.00          -0.032908
188.20          -0.033328
188.40          -0.033762
188.60          -0.034212
188.80          -0.034678
189.00          -0.035161
189.20          -0.035662
189.40          -0.036182
189.60          -0.036722
189.80          -0.037282
190.00          -0.037865
190.20          -0.038472
190.40          -0.039103
190.60          -0.039760
190.80          -0.040445
191.00          -0.041160
191.20          -0.041906
191.40          -0.042685
191.60          -0.043499
191.80          -0.044351
192.00          -0.045242
192.20          -0.046177
192.40          -0.047157
192.60          -0.048185
192.80          -0.049266
193.00          -0.050402
193.20          -0.051598
193.40          -0.052859
193.60          -0.054188
193.80          -0.055591
194.00          -0.057075
194.20          -0.058644
194.40          -0.060307
194.60          -0.062072
194.80          -0.063945
195.00          -0.065938
195.20          -0.068060
195.40          -0.070323
195.60          -0.072740
195.80          -0.075325
196.00          -0.078094
196.20          -0.081065
196.40          -0.084259
196.60          -0.087698
196.80          -0.091407
197.00          -0.095416
197.20          -0.099756
197.40          -0.10447
197.60          -0.10958
197.80          -0.11516
198.00          -0.12125
198.20          -0.12792
198.40          -0.13523
198.60          -0.14326
198.80          -0.15212
199.00          -0.16190
199.20          -0.17272
199.40          -0.18473
199.60          -0.19808
199.80          -0.21295
200.00          -0.22953
200.20          -0.24804
200.40          -0.26872
200.60          -0.29179
200.80          -0.31748
201.00          -0.34601
201.20          -0.37748
201.40          -0.41188
201.60          -0.44900
201.80          -0.48828
202.00          -0.52872
202.20          -0.56879
202.40          -0.60636
202.60          -0.63877
202.80          -0.66316
203.00          -0.67693
203.20          -0.67831
203.40          -0.66683
203.60          -0.64351
203.80          -0.61056
204.00          -0.57092
204.20          -0.52761
204.40          -0.48330
204.60          -0.44005
204.80          -0.39934
205.00          -0.36209
205.20          -0.32896
205.40          -0.30059
205.60          -0.27849
205.80          -0.26817
206.00          -0.30534
206.20          -2.3484
206.40          -0.30919
206.60          -0.18195
206.80          -0.15411
207.00          -0.13818
207.20          -0.12608
207.40          -0.11599
207.60          -0.10726
207.80          -0.099569
208.00          -0.092738
208.20          -0.086631
208.40          -0.081146
208.60          -0.076203
208.80          -0.071734
209.00          -0.067684
209.20          -0.064004
209.40          -0.060652
209.60          -0.057593
209.80          -0.054796
210.00          -0.052234
210.20          -0.049879
210.40          -0.047716
210.60          -0.045723
210.80          -0.043884
211.00          -0.042185
211.20          -0.040613
211.40          -0.039157
211.60          -0.037806
211.80          -0.036550
212.00          -0.035383
212.20          -0.034296
212.40          -0.033282
212.60          -0.032336
212.80          -0.031453
213.00          -0.030627
213.20          -0.029853
213.40          -0.029129
213.60          -0.028450
213.80          -0.027813
214.00          -0.027215
214.20          -0.026653
214.40          -0.026125
214.60          -0.025627
214.80          -0.025159
215.00          -0.024718
215.20          -0.024303
215.40          -0.023911
215.60          -0.023541
215.80          -0.023192
216.00          -0.022863
216.20          -0.022552
216.40          -0.022258
216.60          -0.021980
216.80          -0.021717
217.00          -0.021469
217.20          -0.021234
217.40          -0.021012
217.60          -0.020801
217.80          -0.020603
218.00          -0.020415
218.20          -0.020237
218.40          -0.020068
218.60          -0.019909
218.80          -0.019759
219.00          -0.019616
219.20          -0.019482
219.40          -0.019355
219.60          -0.019234
219.80          -0.019121
220.00          -0.019014
220.20          -0.018913
220.40          -0.018818
220.60          -0.018729
220.80          -0.018645
221.00          -0.018566
221.20          -0.018492
221.40          -0.018422
221.60          -0.018357
221.80          -0.018297
222.00          -0.018240
222.20          -0.018188
222.40          -0.018139
222.60          -0.018094
222.80          -0.018053
223.00          -0.018015
223.20          -0.017981
223.40          -0.017949
223.60          -0.017921
223.80          -0.017896
224.00          -0.017874
224.20          -0.017855
224.40          -0.017839
224.60          -0.017826
224.80          -0.017815
225.00          -0.017808
