175.00          -0.026321
175.20          -0.026367
175.40          -0.026414
175.60          -0.026460
175.80          -0.026507
176.00          -0.026553
176.20          -0.026600
176.40          -0.026647
176.60          -0.026694
176.80          -0.026741
177.00          -0.026788
177.20          -0.026835
177.40          -0.026882
177.60          -0.026930
177.80          -0.026977
178.00          -0.027025
178.20          -0.027073
178.40          -0.027121
178.60          -0.027169
178.80          -0.027217
179.00          -0.027265
179.20          -0.027313
179.40          -0.027361
179.60          -0.027410
179.80          -0.027458
180.00          -0.027507
180.20          -0.027556
180.40          -0.027605
180.60          -0.027654
180.80          -0.027703
181.00          -0.027752
181.20          -0.027801
181.40          -0.027851
181.60          -0.027900
181.80          -0.027950
182.00          -0.028000
182.20          -0.028050
182.40          -0.028099
182.60          -0.028150
182.80          -0.028200
183.00          -0.028250
183.20          -0.028300
183.40          -0.028351
183.60          -0.028402
183.80          -0.028452
184.00          -0.028503
184.20          -0.028554
184.40          -0.028605
184.60          -0.028656
184.80          -0.028708
185.00          -0.028759
185.20          -0.028810
185.40          -0.028862
185.60          -0.028914
185.80          -0.028966
186.00          -0.029018
186.20          -0.029070
186.40          -0.029122
186.60          -0.029174
186.80          -0.029227
187.00          -0.029279
187.20          -0.029332
187.40          -0.029385
187.60          -0.029438
187.80          -0.029491
188.00          -0.029544
188.20          -0.029597
188.40          -0.029650
188.60          -0.029704
188.80          -0.029757
189.00          -0.029811
189.20          -0.029865
189.40          -0.029919
189.60          -0.029973
189.80          -0.030027
190.00          -0.030081
190.20          -0.030136
190.40          -0.030191
190.60          -0.030245
190.80          -0.030300
191.00          -0.030355
191.20          -0.030410
191.40          -0.030465
191.60          -0.030521
191.80          -0.030576
192.00          -0.030632
192.20          -0.030687
192.40          -0.030743
192.60          -0.030799
192.80          -0.030855
193.00          -0.030911
193.20          -0.030968
193.40          -0.031024
193.60          -0.031081
193.80          -0.031137
194.00          -0.031194
194.20          -0.031251
194.40          -0.031308
194.60          -0.031366
194.80          -0.031423
195.00          -0.031481
195.20          -0.031538
195.40          -0.031596
195.60          -0.031654
195.80          -0.031712
196.00          -0.031770
196.20          -0.031829
196.40          -0.031887
196.60          -0.031946
196.80          -0.032004
197.00          -0.032063
197.20          -0.032122
197.40          -0.032182
197.60          -0.032241
197.80          -0.032300
198.00          -0.032360
198.20          -0.032420
198.40          -0.032480
198.60          -0.032540
198.80          -0.032600
199.00          -0.032660
199.20          -0.032721
199.40          -0.032781
199.60          -0.032842
199.80          -0.032903
200.00          -0.032964
200.20          -0.033026
200.40          -0.033087
200.60          -0.033148
200.80          -0.033210
201.00          -0.033272
201.20          -0.033334
201.40          -0.033396
201.60          -0.033459
201.80          -0.033521
202.00          -0.033584
202.20          -0.033647
202.40          -0.033710
202.60          -0.033773
202.80          -0.033836
203.00          -0.033900
203.20          -0.033963
203.40          -0.034027
203.60          -0.034091
203.80          -0.034155
204.00          -0.034220
204.20          -0.034284
204.40          -0.034349
204.60          -0.034414
204.80          -0.034479
205.00          -0.034544
205.20          -0.034609
205.40          -0.034675
205.60          -0.034741
205.80          -0.034807
206.00          -0.034873
206.20          -0.034939
206.40          -0.035006
206.60          -0.035072
206.80          -0.035139
207.00          -0.035206
207.20          -0.035274
207.40          -0.035341
207.60          -0.035409
207.80          -0.035477
208.00          -0.035545
208.20          -0.035613
208.40          -0.035682
208.60          -0.035751
208.80          -0.035820
209.00          -0.035889
209.20          -0.035958
209.40          -0.036028
209.60          -0.036097
209.80          -0.036168
210.00          -0.036238
210.20          -0.036308
210.40          -0.036379
210.60          -0.036450
210.80          -0.036521
211.00          -0.036593
211.20          -0.036664
211.40          -0.036736
211.60          -0.036809
211.80          -0.036881
212.00          -0.036954
212.20          -0.037027
212.40          -0.037100
212.60          -0.037173
212.80          -0.037247
213.00          -0.037321
213.20          -0.037395
213.40          -0.037470
213.60          -0.037545
213.80          -0.037620
214.00          -0.037696
214.20          -0.037771
214.40          -0.037847
214.60          -0.037924
214.80          -0.038001
215.00          -0.038078
215.20          -0.038155
215.40          -0.038233
215.60          -0.038311
215.80          -0.038389
216.00          -0.038468
216.20          -0.038547
216.40          -0.038626
216.60          -0.038706
216.80          -0.038786
217.00          -0.038867
217.20          -0.038948
217.40          -0.039029
217.60          -0.039111
217.80          -0.039193
218.00          -0.039276
218.20          -0.039359
218.40          -0.039443
218.60          -0.039527
218.80          -0.039611
219.00          -0.039696
219.20          -0.039781
219.40          -0.039867
219.60          -0.039954
219.80          -0.040041
220.00          -0.040128
220.20          -0.040216
220.40          -0.040305
220.60          -0.040394
220.80          -0.040484
221.00          -0.040575
221.20          -0.040666
221.40          -0.040758
221.60          -0.040851
221.80          -0.040944
222.00          -0.041038
222.20          -0.041133
222.40          -0.041228
222.60          -0.041325
222.80          -0.041422
223.00          -0.041520
223.20          -0.041619
223.40          -0.041719
223.60          -0.041820
223.80          -0.041922
224.00          -0.042025
224.20          -0.042129
224.40          -0.042234
224.60          -0.042341
224.80          -0.042449
225.00          -0.042558
