175.00          -0.026846
175.20          -0.026895
175.40          -0.026943
175.60          -0.026992
175.80          -0.027040
176.00          -0.027089
176.20          -0.027138
176.40          -0.027187
176.60          -0.027236
176.80          -0.027286
177.00          -0.027335
177.20          -0.027385
177.40          -0.027434
177.60          -0.027484
177.80          -0.027534
178.00          -0.027584
178.20          -0.027634
178.40          -0.027684
178.60          -0.027734
178.80          -0.027785
179.00          -0.027835
179.20          -0.027886
179.40          -0.027937
179.60          -0.027987
179.80          -0.028038
180.00          -0.028089
180.20          -0.028141
180.40          -0.028192
180.60          -0.028243
180.80          -0.028295
181.00          -0.028347
181.20          -0.028398
181.40          -0.028450
181.60          -0.028502
181.80          -0.028555
182.00          -0.028607
182.20          -0.028659
182.40          -0.028712
182.60          -0.028764
182.80          -0.028817
183.00          -0.028870
183.20          -0.028923
183.40          -0.028976
183.60          -0.029029
183.80          -0.029083
184.00          -0.029136
184.20          -0.029190
184.40          -0.029243
184.60          -0.029297
184.80          -0.029351
185.00          -0.029405
185.20          -0.029460
185.40          -0.029514
185.60          -0.029568
185.80          -0.029623
186.00          -0.029678
186.20          -0.029733
186.40          -0.029788
186.60          -0.029843
186.80          -0.029898
187.00          -0.029953
187.20          -0.030009
187.40          -0.030064
187.60          -0.030120
187.80          -0.030176
188.00          -0.030232
188.20          -0.030288
188.40          -0.030345
188.60          -0.030401
188.80          -0.030458
189.00          -0.030514
189.20          -0.030571
189.40          -0.030628
189.60          -0.030685
189.80          -0.030742
190.00          -0.030800
190.20          -0.030857
190.40          -0.030915
190.60          -0.030973
190.80          -0.031031
191.00          -0.031089
191.20          -0.031147
191.40          -0.031205
191.60          -0.031264
191.80          -0.031323
192.00          -0.031381
192.20          -0.031440
192.40          -0.031499
192.60          -0.031559
192.80          -0.031618
193.00          -0.031677
193.20          -0.031737
193.40          -0.031797
193.60          -0.031857
193.80          -0.031917
194.00          -0.031977
194.20          -0.032038
194.40          -0.032098
194.60          -0.032159
194.80          -0.032220
195.00          -0.032281
195.20          -0.032342
195.40          -0.032403
195.60          -0.032465
195.80          -0.032527
196.00          -0.032588
196.20          -0.032650
196.40          -0.032712
196.60          -0.032775
196.80          -0.032837
197.00          -0.032900
197.20          -0.032963
197.40          -0.033026
197.60          -0.033089
197.80          -0.033152
198.00          -0.033215
198.20          -0.033279
198.40          -0.033343
198.60          -0.033407
198.80          -0.033471
199.00          -0.033535
199.20          -0.033600
199.40          -0.033664
199.60          -0.033729
199.80          -0.033794
200.00          -0.033859
200.20          -0.033925
200.40          -0.033990
200.60          -0.034056
200.80          -0.034122
201.00          -0.034188
201.20          -0.034254
201.40          -0.034321
201.60          -0.034388
201.80          -0.034454
202.00          -0.034521
202.20          -0.034589
202.40          -0.034656
202.60          -0.034724
202.80          -0.034792
203.00          -0.034860
203.20          -0.034928
203.40          -0.034996
203.60          -0.035065
203.80          -0.035134
204.00          -0.035203
204.20          -0.035272
204.40          -0.035342
204.60          -0.035412
204.80          -0.035482
205.00          -0.035552
205.20          -0.035622
205.40          -0.035693
205.60          -0.035764
205.80          -0.035835
206.00          -0.035906
206.20          -0.035978
206.40          -0.036049
206.60          -0.036121
206.80          -0.036194
207.00          -0.036266
207.20          -0.036339
207.40          -0.036412
207.60          -0.036485
207.80          -0.036559
208.00          -0.036633
208.20          -0.036707
208.40          -0.036781
208.60          -0.036855
208.80          -0.036930
209.00          -0.037005
209.20          -0.037081
209.40          -0.037156
209.60          -0.037232
209.80          -0.037309
210.00          -0.037385
210.20          -0.037462
210.40          -0.037539
210.60          -0.037617
210.80          -0.037694
211.00          -0.037773
211.20          -0.037851
211.40          -0.037930
211.60          -0.038009
211.80          -0.038088
212.00          -0.038168
212.20          -0.038248
212.40          -0.038328
212.60          -0.038409
212.80          -0.038490
213.00          -0.038572
213.20          -0.038654
213.40          -0.038736
213.60          -0.038819
213.80          -0.038902
214.00          -0.038985
214.20          -0.039069
214.40          -0.039154
214.60          -0.039238
214.80          -0.039324
215.00          -0.039409
215.20          -0.039495
215.40          -0.039582
215.60          -0.039669
215.80          -0.039756
216.00          -0.039844
216.20          -0.039933
216.40          -0.040022
216.60          -0.040112
216.80          -0.040202
217.00          -0.040292
217.20          -0.040383
217.40          -0.040475
217.60          -0.040568
217.80          -0.040661
218.00          -0.040754
218.20          -0.040849
218.40          -0.040944
218.60          -0.041039
218.80          -0.041136
219.00          -0.041233
219.20          -0.041330
219.40          -0.041429
219.60          -0.041528
219.80          -0.041628
220.00          -0.041729
220.20          -0.041831
220.40          -0.041934
220.60          -0.042038
220.80          -0.042142
221.00          -0.042248
221.20          -0.042354
221.40          -0.042462
221.60          -0.042571
221.80          -0.042680
222.00          -0.042791
222.20          -0.042903
222.40          -0.043017
222.60          -0.043132
222.80          -0.043248
223.00          -0.043365
223.20          -0.043484
223.40          -0.043605
223.60          -0.043727
223.80          -0.043851
224.00          -0.043976
224.20          -0.044103
224.40          -0.044233
224.60          -0.044364
224.80          -0.044497
225.00          -0.044633
