175.00          -0.053323
175.20          -0.053030
175.40          -0.052747
175.60          -0.052474
175.80          -0.052211
176.00          -0.051957
176.20          -0.051714
176.40          -0.051479
176.60          -0.051254
176.80          -0.051038
177.00          -0.050830
177.20          -0.050631
177.40          -0.050441
177.60          -0.050258
177.80          -0.050084
178.00          -0.049918
178.20          -0.049759
178.40          -0.049608
178.60          -0.049465
178.80          -0.049329
179.00          -0.049200
179.20          -0.049078
179.40          -0.048963
179.60          -0.048855
179.80          -0.048754
180.00          -0.048659
180.20          -0.048570
180.40          -0.048489
180.60          -0.048413
180.80          -0.048343
181.00          -0.048280
181.20          -0.048222
181.40          -0.048171
181.60          -0.048125
181.80          -0.048085
182.00          -0.048050
182.20          -0.048021
182.40          -0.047997
182.60          -0.047979
182.80          -0.047966
183.00          -0.047958
183.20          -0.047956
183.40          -0.047958
183.60          -0.047965
183.80          -0.047978
184.00          -0.047995
184.20          -0.048017
184.40          -0.048044
184.60          -0.048075
184.80          -0.048111
185.00          -0.048152
185.20          -0.048197
185.40          -0.048247
185.60          -0.048301
185.80          -0.048360
186.00          -0.048422
186.20          -0.048490
186.40          -0.048561
186.60          -0.048637
186.80          -0.048716
187.00          -0.048800
187.20          -0.048888
187.40          -0.048981
187.60          -0.049077
187.80          -0.049177
188.00          -0.049281
188.20          -0.049389
188.40          -0.049501
188.60          -0.049617
188.80          -0.049736
189.00          -0.049860
189.20          -0.049987
189.40          -0.050118
189.60          -0.050253
189.80          -0.050391
190.00          -0.050534
190.20          -0.050679
190.40          -0.050829
190.60          -0.050982
190.80          -0.051139
191.00          -0.051299
191.20          -0.051463
191.40          -0.051631
191.60          -0.051802
191.80          -0.051977
192.00          -0.052155
192.20          -0.052337
192.40          -0.052522
192.60          -0.052711
192.80          -0.052903
193.00          -0.053099
193.20          -0.053298
193.40          -0.053500
193.60          -0.053706
193.80          -0.053916
194.00          -0.054129
194.20          -0.054345
194.40          -0.054565
194.60          -0.054788
194.80          -0.055015
195.00          -0.055244
195.20          -0.055478
195.40          -0.055715
195.60          -0.055955
195.80          -0.056198
196.00          -0.056445
196.20          -0.056696
196.40          -0.056949
196.60          -0.057207
196.80          -0.057467
197.00          -0.057731
197.20          -0.057998
197.40          -0.058269
197.60          -0.058543
197.80          -0.058820
198.00          -0.059101
198.20          -0.059385
198.40          -0.059673
198.60          -0.059964
198.80          -0.060258
199.00          -0.060556
199.20          -0.060858
199.40          -0.061162
199.60          -0.061470
199.80          -0.061782
200.00          -0.062097
200.20          -0.062415
200.40          -0.062737
200.60          -0.063062
200.80          -0.063391
201.00          -0.063723
201.20          -0.064059
201.40          -0.064398
201.60          -0.064740
201.80          -0.065087
202.00          -0.065436
202.20          -0.065789
202.40          -0.066146
202.60          -0.066506
202.80          -0.066869
203.00          -0.067237
203.20          -0.067607
203.40          -0.067981
203.60          -0.068359
203.80          -0.068741
204.00          -0.069126
204.20          -0.069514
204.40          -0.069906
204.60          -0.070302
204.80          -0.070701
205.00          -0.071104
205.20          -0.071511
205.40          -0.071921
205.60          -0.072335
205.80          -0.072752
206.00          -0.073173
206.20          -0.073598
206.40          -0.074027
206.60          -0.074459
206.80          -0.074895
207.00          -0.075334
207.20          -0.075777
207.40          -0.076224
207.60          -0.076675
207.80          -0.077130
208.00          -0.077588
208.20          -0.078050
208.40          -0.078516
208.60          -0.078985
208.80          -0.079458
209.00          -0.079936
209.20          -0.080416
209.40          -0.080901
209.60          -0.081390
209.80          -0.081882
210.00          -0.082378
210.20          -0.082878
210.40          -0.083382
210.60          -0.083889
210.80          -0.084401
211.00          -0.084916
211.20          -0.085435
211.40          -0.085959
211.60          -0.086485
211.80          -0.087016
212.00          -0.087551
212.20          -0.088090
212.40          -0.088632
212.60          -0.089178
212.80          -0.089729
213.00          -0.090283
213.20          -0.090841
213.40          -0.091403
213.60          -0.091969
213.80          -0.092538
214.00          -0.093112
214.20          -0.093689
214.40          -0.094271
214.60          -0.094856
214.80          -0.095446
215.00          -0.096039
215.20          -0.096636
215.40          -0.097237
215.60          -0.097841
215.80          -0.098450
216.00          -0.099063
216.20          -0.099679
216.40          -0.10030
216.60          -0.10092
216.80          -0.10155
217.00          -0.10218
217.20          -0.10282
217.40          -0.10346
217.60          -0.10410
217.80          -0.10475
218.00          -0.10540
218.20          -0.10606
218.40          -0.10672
218.60          -0.10738
218.80          -0.10804
219.00          -0.10871
219.20          -0.10939
219.40          -0.11007
219.60          -0.11075
219.80          -0.11143
220.00          -0.11212
220.20          -0.11281
220.40          -0.11351
220.60          -0.11421
220.80          -0.11491
221.00          -0.11562
221.20          -0.11633
221.40          -0.11705
221.60          -0.11776
221.80          -0.11849
222.00          -0.11921
222.20          -0.11994
222.40          -0.12067
222.60          -0.12141
222.80          -0.12215
223.00          -0.12289
223.20          -0.12364
223.40          -0.12438
223.60          -0.12514
223.80          -0.12589
224.00          -0.12665
224.20          -0.12742
224.40          -0.12818
224.60          -0.12895
224.80          -0.12973
225.00          -0.13050
