175.00          -0.050908
175.20          -0.050684
175.40          -0.050469
175.60          -0.050262
175.80          -0.050064
176.00          -0.049874
176.20          -0.049693
176.40          -0.049519
176.60          -0.049353
176.80          -0.049195
177.00          -0.049044
177.20          -0.048901
177.40          -0.048765
177.60          -0.048636
177.80          -0.048514
178.00          -0.048398
178.20          -0.048290
178.40          -0.048188
178.60          -0.048093
178.80          -0.048004
179.00          -0.047922
179.20          -0.047845
179.40          -0.047775
179.60          -0.047710
179.80          -0.047652
180.00          -0.047599
180.20          -0.047553
180.40          -0.047511
180.60          -0.047476
180.80          -0.047445
181.00          -0.047420
181.20          -0.047401
181.40          -0.047387
181.60          -0.047377
181.80          -0.047373
182.00          -0.047374
182.20          -0.047380
182.40          -0.047391
182.60          -0.047407
182.80          -0.047427
183.00          -0.047452
183.20          -0.047482
183.40          -0.047517
183.60          -0.047556
183.80          -0.047600
184.00          -0.047648
184.20          -0.047700
184.40          -0.047757
184.60          -0.047818
184.80          -0.047884
185.00          -0.047953
185.20          -0.048027
185.40          -0.048106
185.60          -0.048188
185.80          -0.048274
186.00          -0.048365
186.20          -0.048459
186.40          -0.048558
186.60          -0.048660
186.80          -0.048767
187.00          -0.048877
187.20          -0.048991
187.40          -0.049109
187.60          -0.049231
187.80          -0.049357
188.00          -0.049487
188.20          -0.049620
188.40          -0.049757
188.60          -0.049898
188.80          -0.050043
189.00          -0.050191
189.20          -0.050343
189.40          -0.050498
189.60          -0.050658
189.80          -0.050821
190.00          -0.050987
190.20          -0.051157
190.40          -0.051331
190.60          -0.051508
190.80          -0.051689
191.00          -0.051874
191.20          -0.052062
191.40          -0.052253
191.60          -0.052448
191.80          -0.052647
192.00          -0.052849
192.20          -0.053055
192.40          -0.053264
192.60          -0.053477
192.80          -0.053693
193.00          -0.053913
193.20          -0.054136
193.40          -0.054363
193.60          -0.054593
193.80          -0.054827
194.00          -0.055064
194.20          -0.055305
194.40          -0.055549
194.60          -0.055797
194.80          -0.056048
195.00          -0.056303
195.20          -0.056561
195.40          -0.056823
195.60          -0.057088
195.80          -0.057357
196.00          -0.057629
196.20          -0.057905
196.40          -0.058185
196.60          -0.058468
196.80          -0.058754
197.00          -0.059044
197.20          -0.059337
197.40          -0.059635
197.60          -0.059935
197.80          -0.060239
198.00          -0.060547
198.20          -0.060859
198.40          -0.061174
198.60          -0.061492
198.80          -0.061815
199.00          -0.062140
199.20          -0.062470
199.40          -0.062803
199.60          -0.063140
199.80          -0.063480
200.00          -0.063824
200.20          -0.064172
200.40          -0.064524
200.60          -0.064879
200.80          -0.065238
201.00          -0.065601
201.20          -0.065967
201.40          -0.066338
201.60          -0.066712
201.80          -0.067090
202.00          -0.067471
202.20          -0.067857
202.40          -0.068246
202.60          -0.068639
202.80          -0.069036
203.00          -0.069437
203.20          -0.069842
203.40          -0.070250
203.60          -0.070663
203.80          -0.071080
204.00          -0.071500
204.20          -0.071924
204.40          -0.072353
204.60          -0.072785
204.80          -0.073222
205.00          -0.073662
205.20          -0.074107
205.40          -0.074555
205.60          -0.075008
205.80          -0.075465
206.00          -0.075925
206.20          -0.076390
206.40          -0.076859
206.60          -0.077333
206.80          -0.077810
207.00          -0.078292
207.20          -0.078778
207.40          -0.079268
207.60          -0.079762
207.80          -0.080260
208.00          -0.080763
208.20          -0.081270
208.40          -0.081781
208.60          -0.082297
208.80          -0.082817
209.00          -0.083341
209.20          -0.083870
209.40          -0.084403
209.60          -0.084940
209.80          -0.085482
210.00          -0.086028
210.20          -0.086579
210.40          -0.087134
210.60          -0.087694
210.80          -0.088258
211.00          -0.088826
211.20          -0.089399
211.40          -0.089977
211.60          -0.090559
211.80          -0.091145
212.00          -0.091736
212.20          -0.092332
212.40          -0.092932
212.60          -0.093537
212.80          -0.094147
213.00          -0.094761
213.20          -0.095379
213.40          -0.096003
213.60          -0.096630
213.80          -0.097263
214.00          -0.097900
214.20          -0.098542
214.40          -0.099189
214.60          -0.099840
214.80          -0.10050
215.00          -0.10116
215.20          -0.10182
215.40          -0.10249
215.60          -0.10317
215.80          -0.10385
216.00          -0.10453
216.20          -0.10522
216.40          -0.10591
216.60          -0.10661
216.80          -0.10731
217.00          -0.10802
217.20          -0.10874
217.40          -0.10945
217.60          -0.11018
217.80          -0.11090
218.00          -0.11163
218.20          -0.11237
218.40          -0.11311
218.60          -0.11386
218.80          -0.11461
219.00          -0.11536
219.20          -0.11613
219.40          -0.11689
219.60          -0.11766
219.80          -0.11844
220.00          -0.11921
220.20          -0.12000
220.40          -0.12079
220.60          -0.12158
220.80          -0.12238
221.00          -0.12318
221.20          -0.12399
221.40          -0.12481
221.60          -0.12562
221.80          -0.12645
222.00          -0.12727
222.20          -0.12811
222.40          -0.12894
222.60          -0.12978
222.80          -0.13063
223.00          -0.13148
223.20          -0.13234
223.40          -0.13320
223.60          -0.13406
223.80          -0.13493
224.00          -0.13581
224.20          -0.13669
224.40          -0.13758
224.60          -0.13846
224.80          -0.13936
225.00          -0.14026
