175.00          -0.053755
175.20          -0.053264
175.40          -0.052819
175.60          -0.052421
175.80          -0.052066
176.00          -0.051754
176.20          -0.051485
176.40          -0.051259
176.60          -0.051077
176.80          -0.050942
177.00          -0.050857
177.20          -0.050826
177.40          -0.050858
177.60          -0.050962
177.80          -0.051156
178.00          -0.051464
178.20          -0.051923
178.40          -0.052596
178.60          -0.053588
178.80          -0.055096
179.00          -0.057521
179.20          -0.061819
179.40          -0.070819
179.60          -0.096987
179.80          -0.28713
180.00          -0.60015
180.20          -0.066275
180.40          -0.046352
180.60          -0.042999
180.80          -0.042303
181.00          -0.042267
181.20          -0.042423
181.40          -0.042631
181.60          -0.042847
181.80          -0.043055
182.00          -0.043251
182.20          -0.043434
182.40          -0.043606
182.60          -0.043768
182.80          -0.043922
183.00          -0.044069
183.20          -0.044211
183.40          -0.044348
183.60          -0.044482
183.80          -0.044613
184.00          -0.044742
184.20          -0.044869
184.40          -0.044996
184.60          -0.045121
184.80          -0.045247
185.00          -0.045372
185.20          -0.045497
185.40          -0.045622
185.60          -0.045747
185.80          -0.045873
186.00          -0.046000
186.20          -0.046127
186.40          -0.046255
186.60          -0.046383
186.80          -0.046513
187.00          -0.046643
187.20          -0.046774
187.40          -0.046907
187.60          -0.047040
187.80          -0.047174
188.00          -0.047309
188.20          -0.047445
188.40          -0.047582
188.60          -0.047720
188.80          -0.047859
189.00          -0.047999
189.20          -0.048140
189.40          -0.048282
189.60          -0.048426
189.80          -0.048570
190.00          -0.048715
190.20          -0.048861
190.40          -0.049008
190.60          -0.049156
190.80          -0.049306
191.00          -0.049456
191.20          -0.049607
191.40          -0.049760
191.60          -0.049913
191.80          -0.050068
192.00          -0.050223
192.20          -0.050380
192.40          -0.050537
192.60          -0.050696
192.80          -0.050856
193.00          -0.051017
193.20          -0.051179
193.40          -0.051342
193.60          -0.051507
193.80          -0.051672
194.00          -0.051839
194.20          -0.052007
194.40          -0.052177
194.60          -0.052348
194.80          -0.052520
195.00          -0.052693
195.20          -0.052868
195.40          -0.053045
195.60          -0.053223
195.80          -0.053403
196.00          -0.053584
196.20          -0.053768
196.40          -0.053953
196.60          -0.054140
196.80          -0.054329
197.00          -0.054521
197.20          -0.054714
197.40          -0.054911
197.60          -0.055109
197.80          -0.055311
198.00          -0.055515
198.20          -0.055723
198.40          -0.055934
198.60          -0.056149
198.80          -0.056368
199.00          -0.056591
199.20          -0.056818
199.40          -0.057051
199.60          -0.057290
199.80          -0.057535
200.00          -0.057786
200.20          -0.058046
200.40          -0.058314
200.60          -0.058592
200.80          -0.058881
201.00          -0.059183
201.20          -0.059500
201.40          -0.059835
201.60          -0.060190
201.80          -0.060570
202.00          -0.060982
202.20          -0.061432
202.40          -0.061932
202.60          -0.062498
202.80          -0.063155
203.00          -0.063944
203.20          -0.064933
203.40          -0.066253
203.60          -0.068174
203.80          -0.071353
204.00          -0.077785
204.20          -0.096403
204.40          -0.22680
204.60          -0.93417
204.80          -0.10857
205.00          -0.078837
205.20          -0.073006
205.40          -0.071728
205.60          -0.072027
205.80          -0.073164
206.00          -0.074951
206.20          -0.077391
206.40          -0.080542
206.60          -0.084310
206.80          -0.087813
207.00          -0.087862
207.20          -0.079331
207.40          -0.064812
207.60          -0.054356
207.80          -0.050027
208.00          -0.049036
208.20          -0.049382
208.40          -0.050183
208.60          -0.051094
208.80          -0.051987
209.00          -0.052820
209.20          -0.053582
209.40          -0.054277
209.60          -0.054910
209.80          -0.055490
210.00          -0.056024
210.20          -0.056517
210.40          -0.056976
210.60          -0.057405
210.80          -0.057808
211.00          -0.058188
211.20          -0.058549
211.40          -0.058892
211.60          -0.059219
211.80          -0.059533
212.00          -0.059835
212.20          -0.060126
212.40          -0.060407
212.60          -0.060679
212.80          -0.060944
213.00          -0.061201
213.20          -0.061451
213.40          -0.061696
213.60          -0.061935
213.80          -0.062169
214.00          -0.062399
214.20          -0.062624
214.40          -0.062845
214.60          -0.063063
214.80          -0.063277
215.00          -0.063488
215.20          -0.063696
215.40          -0.063901
215.60          -0.064104
215.80          -0.064305
216.00          -0.064503
216.20          -0.064699
216.40          -0.064893
216.60          -0.065085
216.80          -0.065276
217.00          -0.065464
217.20          -0.065652
217.40          -0.065837
217.60          -0.066022
217.80          -0.066205
218.00          -0.066386
218.20          -0.066567
218.40          -0.066746
218.60          -0.066924
218.80          -0.067101
219.00          -0.067277
219.20          -0.067452
219.40          -0.067626
219.60          -0.067799
219.80          -0.067971
220.00          -0.068143
220.20          -0.068313
220.40          -0.068483
220.60          -0.068652
220.80          -0.068821
221.00          -0.068988
221.20          -0.069155
221.40          -0.069321
221.60          -0.069486
221.80          -0.069651
222.00          -0.069815
222.20          -0.069978
222.40          -0.070141
222.60          -0.070303
222.80          -0.070464
223.00          -0.070625
223.20          -0.070785
223.40          -0.070944
223.60          -0.071102
223.80          -0.071260
224.00          -0.071417
224.20          -0.071573
224.40          -0.071728
224.60          -0.071882
224.80          -0.072035
225.00          -0.072188
