175.00          -0.049546
175.20          -0.049792
175.40          -0.050042
175.60          -0.050294
175.80          -0.050549
176.00          -0.050808
176.20          -0.051069
176.40          -0.051334
176.60          -0.051602
176.80          -0.051874
177.00          -0.052149
177.20          -0.052428
177.40          -0.052710
177.60          -0.052996
177.80          -0.053286
178.00          -0.053580
178.20          -0.053878
178.40          -0.054180
178.60          -0.054487
178.80          -0.054798
179.00          -0.055113
179.20          -0.055432
179.40          -0.055757
179.60          -0.056086
179.80          -0.056420
180.00          -0.056759
180.20          -0.057104
180.40          -0.057453
180.60          -0.057809
180.80          -0.058169
181.00          -0.058536
181.20          -0.058908
181.40          -0.059287
181.60          -0.059672
181.80          -0.060063
182.00          -0.060461
182.20          -0.060866
182.40          -0.061278
182.60          -0.061697
182.80          -0.062124
183.00          -0.062558
183.20          -0.063001
183.40          -0.063451
183.60          -0.063910
183.80          -0.064377
184.00          -0.064854
184.20          -0.065340
184.40          -0.065835
184.60          -0.066340
184.80          -0.066856
185.00          -0.067381
185.20          -0.067918
185.40          -0.068466
185.60          -0.069026
185.80          -0.069598
186.00          -0.070182
186.20          -0.070779
186.40          -0.071390
186.60          -0.072014
186.80          -0.072653
187.00          -0.073306
187.20          -0.073976
187.40          -0.074661
187.60          -0.075362
187.80          -0.076081
188.00          -0.076819
188.20          -0.077574
188.40          -0.078349
188.60          -0.079145
188.80          -0.079961
189.00          -0.080799
189.20          -0.081660
189.40          -0.082545
189.60          -0.083455
189.80          -0.084390
190.00          -0.085352
190.20          -0.086343
190.40          -0.087363
190.60          -0.088413
190.80          -0.089496
191.00          -0.090612
191.20          -0.091764
191.40          -0.092952
191.60          -0.094180
191.80          -0.095447
192.00          -0.096757
192.20          -0.098112
192.40          -0.099513
192.60          -0.10096
192.80          -0.10247
193.00          -0.10402
193.20          -0.10564
193.40          -0.10731
193.60          -0.10905
193.80          -0.11086
194.00          -0.11273
194.20          -0.11468
194.40          -0.11671
194.60          -0.11883
194.80          -0.12103
195.00          -0.12332
195.20          -0.12572
195.40          -0.12822
195.60          -0.13083
195.80          -0.13356
196.00          -0.13642
196.20          -0.13941
196.40          -0.14255
196.60          -0.14583
196.80          -0.14928
197.00          -0.15290
197.20          -0.15670
197.40          -0.16070
197.60          -0.16492
197.80          -0.16935
198.00          -0.17402
198.20          -0.17895
198.40          -0.18416
198.60          -0.18965
198.80          -0.19546
199.00          -0.20161
199.20          -0.20811
199.40          -0.21499
199.60          -0.22228
199.80          -0.23001
200.00          -0.23820
200.20          -0.24689
200.40          -0.25609
200.60          -0.26585
200.80          -0.27620
201.00          -0.28715
201.20          -0.29873
201.40          -0.31098
201.60          -0.32389
201.80          -0.33748
202.00          -0.35175
202.20          -0.36668
202.40          -0.38222
202.60          -0.39832
202.80          -0.41490
203.00          -0.43181
203.20          -0.44891
203.40          -0.46599
203.60          -0.48279
203.80          -0.49902
204.00          -0.51433
204.20          -0.52834
204.40          -0.54065
204.60          -0.55085
204.80          -0.55856
205.00          -0.56344
205.20          -0.56523
205.40          -0.56377
205.60          -0.55901
205.80          -0.55102
206.00          -0.54002
206.20          -0.52631
206.40          -0.51027
206.60          -0.49234
206.80          -0.47298
207.00          -0.45265
207.20          -0.43177
207.40          -0.41071
207.60          -0.38981
207.80          -0.36933
208.00          -0.34947
208.20          -0.33039
208.40          -0.31220
208.60          -0.29496
208.80          -0.27871
209.00          -0.26345
209.20          -0.24917
209.40          -0.23586
209.60          -0.22346
209.80          -0.21193
210.00          -0.20124
210.20          -0.19132
210.40          -0.18212
210.60          -0.17360
210.80          -0.16571
211.00          -0.15841
211.20          -0.15164
211.40          -0.14536
211.60          -0.13955
211.80          -0.13416
212.00          -0.12916
212.20          -0.12451
212.40          -0.12020
212.60          -0.11620
212.80          -0.11248
213.00          -0.10901
213.20          -0.10579
213.40          -0.10279
213.60          -0.099995
213.80          -0.097389
214.00          -0.094959
214.20          -0.092691
214.40          -0.090574
214.60          -0.088597
214.80          -0.086750
215.00          -0.085024
215.20          -0.083410
215.40          -0.081900
215.60          -0.080488
215.80          -0.079166
216.00          -0.077930
216.20          -0.076773
216.40          -0.075689
216.60          -0.074675
216.80          -0.073727
217.00          -0.072839
217.20          -0.072008
217.40          -0.071231
217.60          -0.070504
217.80          -0.069825
218.00          -0.069191
218.20          -0.068599
218.40          -0.068047
218.60          -0.067533
218.80          -0.067054
219.00          -0.066609
219.20          -0.066197
219.40          -0.065815
219.60          -0.065461
219.80          -0.065136
220.00          -0.064837
220.20          -0.064564
220.40          -0.064314
220.60          -0.064088
220.80          -0.063885
221.00          -0.063703
221.20          -0.063543
221.40          -0.063403
221.60          -0.063283
221.80          -0.063182
222.00          -0.063101
222.20          -0.063040
222.40          -0.062998
222.60          -0.062975
222.80          -0.062972
223.00          -0.062989
223.20          -0.063027
223.40          -0.063087
223.60          -0.063170
223.80          -0.063278
224.00          -0.063413
224.20          -0.063577
224.40          -0.063775
224.60          -0.064010
224.80          -0.064288
225.00          -0.064618
