175.00          -0.064562
175.20          -0.065040
175.40          -0.065527
175.60          -0.066022
175.80          -0.066526
176.00          -0.067039
176.20          -0.067562
176.40          -0.068094
176.60          -0.068636
176.80          -0.069188
177.00          -0.069751
177.20          -0.070325
177.40          -0.070910
177.60          -0.071506
177.80          -0.072115
178.00          -0.072735
178.20          -0.073368
178.40          -0.074014
178.60          -0.074674
178.80          -0.075347
179.00          -0.076035
179.20          -0.076738
179.40          -0.077456
179.60          -0.078190
179.80          -0.078940
180.00          -0.079708
180.20          -0.080492
180.40          -0.081295
180.60          -0.082117
180.80          -0.082958
181.00          -0.083820
181.20          -0.084702
181.40          -0.085606
181.60          -0.086532
181.80          -0.087482
182.00          -0.088456
182.20          -0.089455
182.40          -0.090480
182.60          -0.091533
182.80          -0.092613
183.00          -0.093723
183.20          -0.094863
183.40          -0.096035
183.60          -0.097240
183.80          -0.098479
184.00          -0.099754
184.20          -0.10107
184.40          -0.10242
184.60          -0.10381
184.80          -0.10524
185.00          -0.10672
185.20          -0.10824
185.40          -0.10981
185.60          -0.11144
185.80          -0.11311
186.00          -0.11484
186.20          -0.11663
186.40          -0.11847
186.60          -0.12038
186.80          -0.12236
187.00          -0.12440
187.20          -0.12652
187.40          -0.12871
187.60          -0.13098
187.80          -0.13333
188.00          -0.13577
188.20          -0.13830
188.40          -0.14093
188.60          -0.14366
188.80          -0.14650
189.00          -0.14944
189.20          -0.15251
189.40          -0.15569
189.60          -0.15900
189.80          -0.16245
190.00          -0.16605
190.20          -0.16979
190.40          -0.17369
190.60          -0.17775
190.80          -0.18198
191.00          -0.18640
191.20          -0.19101
191.40          -0.19582
191.60          -0.20083
191.80          -0.20606
192.00          -0.21152
192.20          -0.21722
192.40          -0.22316
192.60          -0.22936
192.80          -0.23582
193.00          -0.24256
193.20          -0.24957
193.40          -0.25687
193.60          -0.26446
193.80          -0.27234
194.00          -0.28051
194.20          -0.28897
194.40          -0.29772
194.60          -0.30673
194.80          -0.31600
195.00          -0.32550
195.20          -0.33520
195.40          -0.34507
195.60          -0.35505
195.80          -0.36508
196.00          -0.37511
196.20          -0.38504
196.40          -0.39479
196.60          -0.40425
196.80          -0.41332
197.00          -0.42186
197.20          -0.42975
197.40          -0.43685
197.60          -0.44302
197.80          -0.44814
198.00          -0.45209
198.20          -0.45475
198.40          -0.45604
198.60          -0.45590
198.80          -0.45429
199.00          -0.45119
199.20          -0.44665
199.40          -0.44072
199.60          -0.43348
199.80          -0.42505
200.00          -0.41555
200.20          -0.40513
200.40          -0.39394
200.60          -0.38215
200.80          -0.36990
201.00          -0.35735
201.20          -0.34462
201.40          -0.33186
201.60          -0.31916
201.80          -0.30662
202.00          -0.29433
202.20          -0.28234
202.40          -0.27072
202.60          -0.25949
202.80          -0.24870
203.00          -0.23835
203.20          -0.22846
203.40          -0.21903
203.60          -0.21006
203.80          -0.20154
204.00          -0.19347
204.20          -0.18583
204.40          -0.17861
204.60          -0.17178
204.80          -0.16534
205.00          -0.15926
205.20          -0.15353
205.40          -0.14813
205.60          -0.14304
205.80          -0.13825
206.00          -0.13373
206.20          -0.12948
206.40          -0.12547
206.60          -0.12170
206.80          -0.11814
207.00          -0.11479
207.20          -0.11164
207.40          -0.10866
207.60          -0.10586
207.80          -0.10322
208.00          -0.10073
208.20          -0.098377
208.40          -0.096161
208.60          -0.094071
208.80          -0.092098
209.00          -0.090236
209.20          -0.088479
209.40          -0.086819
209.60          -0.085253
209.80          -0.083774
210.00          -0.082376
210.20          -0.081057
210.40          -0.079810
210.60          -0.078633
210.80          -0.077520
211.00          -0.076470
211.20          -0.075477
211.40          -0.074539
211.60          -0.073654
211.80          -0.072818
212.00          -0.072028
212.20          -0.071282
212.40          -0.070579
212.60          -0.069915
212.80          -0.069289
213.00          -0.068698
213.20          -0.068142
213.40          -0.067618
213.60          -0.067125
213.80          -0.066661
214.00          -0.066224
214.20          -0.065815
214.40          -0.065430
214.60          -0.065070
214.80          -0.064732
215.00          -0.064417
215.20          -0.064122
215.40          -0.063848
215.60          -0.063592
215.80          -0.063355
216.00          -0.063136
216.20          -0.062933
216.40          -0.062747
216.60          -0.062575
216.80          -0.062419
217.00          -0.062277
217.20          -0.062149
217.40          -0.062034
217.60          -0.061931
217.80          -0.061841
218.00          -0.061763
218.20          -0.061696
218.40          -0.061641
218.60          -0.061596
218.80          -0.061561
219.00          -0.061537
219.20          -0.061523
219.40          -0.061518
219.60          -0.061523
219.80          -0.061537
220.00          -0.061560
220.20          -0.061592
220.40          -0.061632
220.60          -0.061682
220.80          -0.061740
221.00          -0.061807
221.20          -0.061883
221.40          -0.061968
221.60          -0.062062
221.80          -0.062164
222.00          -0.062276
222.20          -0.062398
222.40          -0.062530
222.60          -0.062673
222.80          -0.062826
223.00          -0.062992
223.20          -0.063170
223.40          -0.063362
223.60          -0.063570
223.80          -0.063795
224.00          -0.064038
224.20          -0.064304
224.40          -0.064595
224.60          -0.064914
224.80          -0.065269
225.00          -0.065665
