175.00          -0.10503
175.20          -0.10639
175.40          -0.10778
175.60          -0.10921
175.80          -0.11068
176.00          -0.11218
176.20          -0.11373
176.40          -0.11532
176.60          -0.11695
176.80          -0.11862
177.00          -0.12035
177.20          -0.12212
177.40          -0.12394
177.60          -0.12582
177.80          -0.12775
178.00          -0.12974
178.20          -0.13178
178.40          -0.13389
178.60          -0.13606
178.80          -0.13829
179.00          -0.14059
179.20          -0.14296
179.40          -0.14541
179.60          -0.14793
179.80          -0.15053
180.00          -0.15321
180.20          -0.15597
180.40          -0.15883
180.60          -0.16177
180.80          -0.16481
181.00          -0.16794
181.20          -0.17117
181.40          -0.17451
181.60          -0.17795
181.80          -0.18151
182.00          -0.18517
182.20          -0.18896
182.40          -0.19286
182.60          -0.19689
182.80          -0.20104
183.00          -0.20532
183.20          -0.20973
183.40          -0.21427
183.60          -0.21895
183.80          -0.22376
184.00          -0.22870
184.20          -0.23379
184.40          -0.23900
184.60          -0.24435
184.80          -0.24983
185.00          -0.25543
185.20          -0.26115
185.40          -0.26698
185.60          -0.27291
185.80          -0.27894
186.00          -0.28504
186.20          -0.29120
186.40          -0.29740
186.60          -0.30362
186.80          -0.30984
187.00          -0.31603
187.20          -0.32215
187.40          -0.32818
187.60          -0.33408
187.80          -0.33980
188.00          -0.34531
188.20          -0.35055
188.40          -0.35549
188.60          -0.36007
188.80          -0.36425
189.00          -0.36797
189.20          -0.37120
189.40          -0.37387
189.60          -0.37596
189.80          -0.37743
190.00          -0.37825
190.20          -0.37838
190.40          -0.37782
190.60          -0.37655
190.80          -0.37458
191.00          -0.37192
191.20          -0.36857
191.40          -0.36458
191.60          -0.35996
191.80          -0.35476
192.00          -0.34903
192.20          -0.34281
192.40          -0.33617
192.60          -0.32915
192.80          -0.32182
193.00          -0.31423
193.20          -0.30644
193.40          -0.29851
193.60          -0.29048
193.80          -0.28240
194.00          -0.27432
194.20          -0.26628
194.40          -0.25831
194.60          -0.25045
194.80          -0.24271
195.00          -0.23514
195.20          -0.22774
195.40          -0.22053
195.60          -0.21352
195.80          -0.20673
196.00          -0.20015
196.20          -0.19380
196.40          -0.18768
196.60          -0.18179
196.80          -0.17612
197.00          -0.17067
197.20          -0.16545
197.40          -0.16044
197.60          -0.15565
197.80          -0.15106
198.00          -0.14667
198.20          -0.14247
198.40          -0.13846
198.60          -0.13463
198.80          -0.13098
199.00          -0.12749
199.20          -0.12416
199.40          -0.12098
199.60          -0.11795
199.80          -0.11507
200.00          -0.11231
200.20          -0.10969
200.40          -0.10719
200.60          -0.10480
200.80          -0.10253
201.00          -0.10036
201.20          -0.098298
201.40          -0.096330
201.60          -0.094456
201.80          -0.092669
202.00          -0.090966
202.20          -0.089343
202.40          -0.087797
202.60          -0.086324
202.80          -0.084920
203.00          -0.083582
203.20          -0.082307
203.40          -0.081093
203.60          -0.079936
203.80          -0.078833
204.00          -0.077783
204.20          -0.076783
204.40          -0.075831
204.60          -0.074924
204.80          -0.074060
205.00          -0.073238
205.20          -0.072455
205.40          -0.071711
205.60          -0.071002
205.80          -0.070328
206.00          -0.069688
206.20          -0.069079
206.40          -0.068500
206.60          -0.067951
206.80          -0.067429
207.00          -0.066934
207.20          -0.066465
207.40          -0.066020
207.60          -0.065598
207.80          -0.065199
208.00          -0.064822
208.20          -0.064465
208.40          -0.064129
208.60          -0.063811
208.80          -0.063512
209.00          -0.063230
209.20          -0.062966
209.40          -0.062717
209.60          -0.062485
209.80          -0.062267
210.00          -0.062064
210.20          -0.061875
210.40          -0.061700
210.60          -0.061537
210.80          -0.061387
211.00          -0.061250
211.20          -0.061123
211.40          -0.061008
211.60          -0.060904
211.80          -0.060810
212.00          -0.060727
212.20          -0.060653
212.40          -0.060588
212.60          -0.060533
212.80          -0.060486
213.00          -0.060448
213.20          -0.060419
213.40          -0.060397
213.60          -0.060383
213.80          -0.060376
214.00          -0.060377
214.20          -0.060385
214.40          -0.060400
214.60          -0.060421
214.80          -0.060449
215.00          -0.060483
215.20          -0.060523
215.40          -0.060570
215.60          -0.060622
215.80          -0.060679
216.00          -0.060742
216.20          -0.060811
216.40          -0.060885
216.60          -0.060964
216.80          -0.061048
217.00          -0.061137
217.20          -0.061230
217.40          -0.061329
217.60          -0.061432
217.80          -0.061539
218.00          -0.061652
218.20          -0.061768
218.40          -0.061889
218.60          -0.062015
218.80          -0.062144
219.00          -0.062278
219.20          -0.062417
219.40          -0.062559
219.60          -0.062706
219.80          -0.062857
220.00          -0.063013
220.20          -0.063173
220.40          -0.063337
220.60          -0.063506
220.80          -0.063680
221.00          -0.063858
221.20          -0.064041
221.40          -0.064229
221.60          -0.064423
221.80          -0.064622
222.00          -0.064827
222.20          -0.065039
222.40          -0.065257
222.60          -0.065482
222.80          -0.065715
223.00          -0.065957
223.20          -0.066208
223.40          -0.066469
223.60          -0.066742
223.80          -0.067029
224.00          -0.067330
224.20          -0.067650
224.40          -0.067989
224.60          -0.068354
224.80          -0.068747
225.00          -0.069176
