175.00          -0.064877
175.20          -0.064249
175.40          -0.063640
175.60          -0.063052
175.80          -0.062483
176.00          -0.061932
176.20          -0.061399
176.40          -0.060885
176.60          -0.060387
176.80          -0.059906
177.00          -0.059442
177.20          -0.058994
177.40          -0.058561
177.60          -0.058143
177.80          -0.057740
178.00          -0.057351
178.20          -0.056976
178.40          -0.056615
178.60          -0.056267
178.80          -0.055932
179.00          -0.055610
179.20          -0.055300
179.40          -0.055002
179.60          -0.054716
179.80          -0.054442
180.00          -0.054178
180.20          -0.053926
180.40          -0.053684
180.60          -0.053453
180.80          -0.053232
181.00          -0.053021
181.20          -0.052819
181.40          -0.052627
181.60          -0.052445
181.80          -0.052271
182.00          -0.052107
182.20          -0.051951
182.40          -0.051804
182.60          -0.051665
182.80          -0.051534
183.00          -0.051411
183.20          -0.051297
183.40          -0.051189
183.60          -0.051090
183.80          -0.050997
184.00          -0.050912
184.20          -0.050834
184.40          -0.050764
184.60          -0.050699
184.80          -0.050642
185.00          -0.050591
185.20          -0.050547
185.40          -0.050509
185.60          -0.050477
185.80          -0.050451
186.00          -0.050431
186.20          -0.050417
186.40          -0.050409
186.60          -0.050407
186.80          -0.050410
187.00          -0.050419
187.20          -0.050433
187.40          -0.050453
187.60          -0.050478
187.80          -0.050508
188.00          -0.050543
188.20          -0.050583
188.40          -0.050628
188.60          -0.050679
188.80          -0.050733
189.00          -0.050793
189.20          -0.050857
189.40          -0.050926
189.60          -0.051000
189.80          -0.051077
190.00          -0.051160
190.20          -0.051247
190.40          -0.051338
190.60          -0.051433
190.80          -0.051533
191.00          -0.051636
191.20          -0.051744
191.40          -0.051856
191.60          -0.051972
191.80          -0.052092
192.00          -0.052216
192.20          -0.052344
192.40          -0.052475
192.60          -0.052611
192.80          -0.052750
193.00          -0.052893
193.20          -0.053040
193.40          -0.053190
193.60          -0.053344
193.80          -0.053502
194.00          -0.053663
194.20          -0.053828
194.40          -0.053996
194.60          -0.054168
194.80          -0.054343
195.00          -0.054522
195.20          -0.054704
195.40          -0.054890
195.60          -0.055078
195.80          -0.055271
196.00          -0.055466
196.20          -0.055665
196.40          -0.055867
196.60          -0.056072
196.80          -0.056281
197.00          -0.056492
197.20          -0.056707
197.40          -0.056925
197.60          -0.057146
197.80          -0.057370
198.00          -0.057598
198.20          -0.057828
198.40          -0.058062
198.60          -0.058298
198.80          -0.058538
199.00          -0.058781
199.20          -0.059026
199.40          -0.059275
199.60          -0.059527
199.80          -0.059781
200.00          -0.060039
200.20          -0.060299
200.40          -0.060562
200.60          -0.060829
200.80          -0.061098
201.00          -0.061370
201.20          -0.061645
201.40          -0.061923
201.60          -0.062204
201.80          -0.062487
202.00          -0.062773
202.20          -0.063062
202.40          -0.063354
202.60          -0.063649
202.80          -0.063947
203.00          -0.064247
203.20          -0.064550
203.40          -0.064856
203.60          -0.065164
203.80          -0.065476
204.00          -0.065790
204.20          -0.066106
204.40          -0.066426
204.60          -0.066748
204.80          -0.067073
205.00          -0.067400
205.20          -0.067730
205.40          -0.068063
205.60          -0.068399
205.80          -0.068737
206.00          -0.069077
206.20          -0.069421
206.40          -0.069766
206.60          -0.070115
206.80          -0.070466
207.00          -0.070819
207.20          -0.071176
207.40          -0.071534
207.60          -0.071896
207.80          -0.072259
208.00          -0.072626
208.20          -0.072994
208.40          -0.073366
208.60          -0.073739
208.80          -0.074116
209.00          -0.074494
209.20          -0.074875
209.40          -0.075259
209.60          -0.075645
209.80          -0.076033
210.00          -0.076424
210.20          -0.076817
210.40          -0.077212
210.60          -0.077610
210.80          -0.078010
211.00          -0.078413
211.20          -0.078817
211.40          -0.079224
211.60          -0.079634
211.80          -0.080045
212.00          -0.080459
212.20          -0.080875
212.40          -0.081293
212.60          -0.081713
212.80          -0.082136
213.00          -0.082561
213.20          -0.082987
213.40          -0.083416
213.60          -0.083847
213.80          -0.084280
214.00          -0.084715
214.20          -0.085153
214.40          -0.085592
214.60          -0.086033
214.80          -0.086476
215.00          -0.086921
215.20          -0.087368
215.40          -0.087817
215.60          -0.088267
215.80          -0.088720
216.00          -0.089174
216.20          -0.089630
216.40          -0.090088
216.60          -0.090548
216.80          -0.091009
217.00          -0.091472
217.20          -0.091937
217.40          -0.092403
217.60          -0.092872
217.80          -0.093341
218.00          -0.093812
218.20          -0.094285
218.40          -0.094760
218.60          -0.095235
218.80          -0.095713
219.00          -0.096191
219.20          -0.096672
219.40          -0.097153
219.60          -0.097636
219.80          -0.098121
220.00          -0.098607
220.20          -0.099094
220.40          -0.099582
220.60          -0.10007
220.80          -0.10056
221.00          -0.10106
221.20          -0.10155
221.40          -0.10205
221.60          -0.10254
221.80          -0.10304
222.00          -0.10354
222.20          -0.10404
222.40          -0.10454
222.60          -0.10505
222.80          -0.10555
223.00          -0.10606
223.20          -0.10657
223.40          -0.10709
223.60          -0.10760
223.80          -0.10812
224.00          -0.10864
224.20          -0.10917
224.40          -0.10970
224.60          -0.11024
224.80          -0.11079
225.00          -0.11134
