175.00          -0.045029
175.20          -0.045905
175.40          -0.046929
175.60          -0.048156
175.80          -0.049677
176.00          -0.051644
176.20          -0.054336
176.40          -0.058320
176.60          -0.064934
176.80          -0.078103
177.00          -0.11480
177.20          -0.36218
177.40          -0.91522
177.60          -0.075597
177.80          -0.046224
178.00          -0.041848
178.20          -0.041424
178.40          -0.041984
178.60          -0.042840
178.80          -0.043795
179.00          -0.044785
179.20          -0.045792
179.40          -0.046814
179.60          -0.047854
179.80          -0.048920
180.00          -0.050019
180.20          -0.051160
180.40          -0.052351
180.60          -0.053601
180.80          -0.054921
181.00          -0.056322
181.20          -0.057816
181.40          -0.059416
181.60          -0.061139
181.80          -0.063002
182.00          -0.065027
182.20          -0.067237
182.40          -0.069661
182.60          -0.072334
182.80          -0.075296
183.00          -0.078598
183.20          -0.082298
183.40          -0.086473
183.60          -0.091214
183.80          -0.096638
184.00          -0.10289
184.20          -0.11017
184.40          -0.11871
184.60          -0.12885
184.80          -0.14103
185.00          -0.15584
185.20          -0.17414
185.40          -0.19711
185.60          -0.22649
185.80          -0.26489
186.00          -0.31628
186.20          -0.38685
186.40          -0.48640
186.60          -0.63008
186.80          -0.83887
187.00          -1.1297
187.20          -1.4674
187.40          -1.6773
187.60          -1.5532
187.80          -1.1968
188.00          -0.84806
188.20          -0.59549
188.40          -0.42797
188.60          -0.31779
188.80          -0.24389
189.00          -0.19296
189.20          -0.15687
189.40          -0.13063
189.60          -0.11112
189.80          -0.096323
190.00          -0.084896
190.20          -0.075939
190.40          -0.068824
190.60          -0.063107
190.80          -0.058467
191.00          -0.054667
191.20          -0.051531
191.40          -0.048926
191.60          -0.046750
191.80          -0.044923
192.00          -0.043383
192.20          -0.042081
192.40          -0.040977
192.60          -0.040040
192.80          -0.039243
193.00          -0.038566
193.20          -0.037991
193.40          -0.037504
193.60          -0.037092
193.80          -0.036746
194.00          -0.036458
194.20          -0.036219
194.40          -0.036024
194.60          -0.035868
194.80          -0.035747
195.00          -0.035656
195.20          -0.035592
195.40          -0.035553
195.60          -0.035536
195.80          -0.035539
196.00          -0.035561
196.20          -0.035598
196.40          -0.035652
196.60          -0.035719
196.80          -0.035800
197.00          -0.035893
197.20          -0.035997
197.40          -0.036113
197.60          -0.036240
197.80          -0.036377
198.00          -0.036524
198.20          -0.036681
198.40          -0.036848
198.60          -0.037025
198.80          -0.037213
199.00          -0.037411
199.20          -0.037621
199.40          -0.037842
199.60          -0.038076
199.80          -0.038324
200.00          -0.038587
200.20          -0.038868
200.40          -0.039168
200.60          -0.039493
200.80          -0.039846
201.00          -0.040236
201.20          -0.040678
201.40          -0.041194
201.60          -0.041836
201.80          -0.042729
202.00          -0.044263
202.20          -0.048350
202.40          -0.082391
202.60          -0.12811
202.80          -0.051650
203.00          -0.047712
203.20          -0.047440
203.40          -0.048065
203.60          -0.049141
203.80          -0.050594
204.00          -0.052471
204.20          -0.054899
204.40          -0.058106
204.60          -0.062487
204.80          -0.068751
205.00          -0.078275
205.20          -0.094009
205.40          -0.12318
205.60          -0.18674
205.80          -0.35217
206.00          -0.61637
206.20          -0.33640
206.40          -0.14123
206.60          -0.080446
206.80          -0.057974
207.00          -0.048099
207.20          -0.043234
207.40          -0.040664
207.60          -0.039259
207.80          -0.038492
208.00          -0.038094
208.20          -0.037921
208.40          -0.037888
208.60          -0.037946
208.80          -0.038063
209.00          -0.038220
209.20          -0.038404
209.40          -0.038606
209.60          -0.038820
209.80          -0.039043
210.00          -0.039271
210.20          -0.039503
210.40          -0.039738
210.60          -0.039973
210.80          -0.040210
211.00          -0.040447
211.20          -0.040684
211.40          -0.040920
211.60          -0.041157
211.80          -0.041393
212.00          -0.041630
212.20          -0.041866
212.40          -0.042101
212.60          -0.042337
212.80          -0.042573
213.00          -0.042809
213.20          -0.043046
213.40          -0.043282
213.60          -0.043519
213.80          -0.043757
214.00          -0.043995
214.20          -0.044235
214.40          -0.044475
214.60          -0.044716
214.80          -0.044958
215.00          -0.045201
215.20          -0.045446
215.40          -0.045693
215.60          -0.045941
215.80          -0.046190
216.00          -0.046442
216.20          -0.046695
216.40          -0.046950
216.60          -0.047208
216.80          -0.047468
217.00          -0.047730
217.20          -0.047995
217.40          -0.048263
217.60          -0.048534
217.80          -0.048807
218.00          -0.049084
218.20          -0.049364
218.40          -0.049647
218.60          -0.049934
218.80          -0.050225
219.00          -0.050520
219.20          -0.050819
219.40          -0.051122
219.60          -0.051430
219.80          -0.051742
220.00          -0.052060
220.20          -0.052382
220.40          -0.052710
220.60          -0.053044
220.80          -0.053384
221.00          -0.053730
221.20          -0.054082
221.40          -0.054441
221.60          -0.054807
221.80          -0.055181
222.00          -0.055563
222.20          -0.055952
222.40          -0.056351
222.60          -0.056758
222.80          -0.057175
223.00          -0.057603
223.20          -0.058040
223.40          -0.058489
223.60          -0.058949
223.80          -0.059422
224.00          -0.059908
224.20          -0.060408
224.40          -0.060922
224.60          -0.061452
224.80          -0.061998
225.00          -0.062561
