175.00          -0.51121
175.20          -0.42658
175.40          -0.36002
175.60          -0.30773
175.80          -0.26660
176.00          -0.23426
176.20          -0.20896
176.40          -0.18953
176.60          -0.17536
176.80          -0.16653
177.00          -0.16439
177.20          -0.17341
177.40          -0.20904
177.60          -0.34643
177.80          -1.2606
178.00          -0.70823
178.20          -0.18721
178.40          -0.10703
178.60          -0.082164
178.80          -0.070873
179.00          -0.064403
179.20          -0.060097
179.40          -0.056936
179.60          -0.054464
179.80          -0.052450
180.00          -0.050763
180.20          -0.049322
180.40          -0.048077
180.60          -0.046990
180.80          -0.046036
181.00          -0.045194
181.20          -0.044449
181.40          -0.043788
181.60          -0.043201
181.80          -0.042679
182.00          -0.042215
182.20          -0.041802
182.40          -0.041436
182.60          -0.041112
182.80          -0.040825
183.00          -0.040572
183.20          -0.040351
183.40          -0.040157
183.60          -0.039989
183.80          -0.039845
184.00          -0.039722
184.20          -0.039618
184.40          -0.039533
184.60          -0.039465
184.80          -0.039412
185.00          -0.039373
185.20          -0.039348
185.40          -0.039334
185.60          -0.039332
185.80          -0.039341
186.00          -0.039359
186.20          -0.039387
186.40          -0.039423
186.60          -0.039467
186.80          -0.039519
187.00          -0.039578
187.20          -0.039643
187.40          -0.039715
187.60          -0.039793
187.80          -0.039876
188.00          -0.039964
188.20          -0.040058
188.40          -0.040156
188.60          -0.040258
188.80          -0.040365
189.00          -0.040476
189.20          -0.040591
189.40          -0.040710
189.60          -0.040832
189.80          -0.040958
190.00          -0.041088
190.20          -0.041220
190.40          -0.041356
190.60          -0.041494
190.80          -0.041636
191.00          -0.041780
191.20          -0.041928
191.40          -0.042078
191.60          -0.042231
191.80          -0.042387
192.00          -0.042545
192.20          -0.042706
192.40          -0.042869
192.60          -0.043036
192.80          -0.043205
193.00          -0.043376
193.20          -0.043550
193.40          -0.043727
193.60          -0.043907
193.80          -0.044089
194.00          -0.044274
194.20          -0.044462
194.40          -0.044653
194.60          -0.044847
194.80          -0.045044
195.00          -0.045245
195.20          -0.045448
195.40          -0.045656
195.60          -0.045866
195.80          -0.046081
196.00          -0.046300
196.20          -0.046522
196.40          -0.046750
196.60          -0.046982
196.80          -0.047219
197.00          -0.047461
197.20          -0.047709
197.40          -0.047963
197.60          -0.048224
197.80          -0.048492
198.00          -0.048769
198.20          -0.049054
198.40          -0.049348
198.60          -0.049653
198.80          -0.049970
199.00          -0.050300
199.20          -0.050646
199.40          -0.051009
199.60          -0.051392
199.80          -0.051798
200.00          -0.052233
200.20          -0.052701
200.40          -0.053212
200.60          -0.053777
200.80          -0.054414
201.00          -0.055149
201.20          -0.056031
201.40          -0.057146
201.60          -0.058679
201.80          -0.061086
202.00          -0.065823
202.20          -0.080168
202.40          -0.22264
202.60          -0.24683
202.80          -0.078840
203.00          -0.068025
203.20          -0.066703
203.40          -0.067775
203.60          -0.070147
203.80          -0.073794
204.00          -0.079204
204.20          -0.087539
204.40          -0.10140
204.60          -0.12713
204.80          -0.18005
205.00          -0.25889
205.20          -0.18525
205.40          -0.086992
205.60          -0.056292
205.80          -0.047283
206.00          -0.044593
206.20          -0.044016
206.40          -0.044219
206.60          -0.044721
206.80          -0.045330
207.00          -0.045965
207.20          -0.046593
207.40          -0.047198
207.60          -0.047776
207.80          -0.048327
208.00          -0.048852
208.20          -0.049352
208.40          -0.049831
208.60          -0.050289
208.80          -0.050731
209.00          -0.051157
209.20          -0.051569
209.40          -0.051969
209.60          -0.052359
209.80          -0.052739
210.00          -0.053111
210.20          -0.053475
210.40          -0.053833
210.60          -0.054185
210.80          -0.054533
211.00          -0.054875
211.20          -0.055214
211.40          -0.055550
211.60          -0.055882
211.80          -0.056213
212.00          -0.056541
212.20          -0.056867
212.40          -0.057193
212.60          -0.057517
212.80          -0.057840
213.00          -0.058163
213.20          -0.058485
213.40          -0.058808
213.60          -0.059131
213.80          -0.059454
214.00          -0.059777
214.20          -0.060102
214.40          -0.060427
214.60          -0.060754
214.80          -0.061082
215.00          -0.061412
215.20          -0.061743
215.40          -0.062076
215.60          -0.062411
215.80          -0.062749
216.00          -0.063088
216.20          -0.063431
216.40          -0.063776
216.60          -0.064123
216.80          -0.064474
217.00          -0.064828
217.20          -0.065186
217.40          -0.065547
217.60          -0.065912
217.80          -0.066281
218.00          -0.066654
218.20          -0.067031
218.40          -0.067413
218.60          -0.067800
218.80          -0.068192
219.00          -0.068589
219.20          -0.068992
219.40          -0.069400
219.60          -0.069814
219.80          -0.070235
220.00          -0.070662
220.20          -0.071097
220.40          -0.071538
220.60          -0.071987
220.80          -0.072445
221.00          -0.072910
221.20          -0.073384
221.40          -0.073867
221.60          -0.074360
221.80          -0.074864
222.00          -0.075377
222.20          -0.075902
222.40          -0.076439
222.60          -0.076987
222.80          -0.077549
223.00          -0.078125
223.20          -0.078715
223.40          -0.079320
223.60          -0.079941
223.80          -0.080579
224.00          -0.081236
224.20          -0.081911
224.40          -0.082606
224.60          -0.083322
224.80          -0.084062
225.00          -0.084825
