175.00          -0.14255
175.20          -0.14578
175.40          -0.14915
175.60          -0.15267
175.80          -0.15634
176.00          -0.16018
176.20          -0.16420
176.40          -0.16841
176.60          -0.17281
176.80          -0.17742
177.00          -0.18225
177.20          -0.18731
177.40          -0.19262
177.60          -0.19818
177.80          -0.20402
178.00          -0.21014
178.20          -0.21656
178.40          -0.22329
178.60          -0.23035
178.80          -0.23775
179.00          -0.24550
179.20          -0.25362
179.40          -0.26212
179.60          -0.27100
179.80          -0.28028
180.00          -0.28994
180.20          -0.29999
180.40          -0.31043
180.60          -0.32122
180.80          -0.33236
181.00          -0.34380
181.20          -0.35549
181.40          -0.36738
181.60          -0.37939
181.80          -0.39142
182.00          -0.40336
182.20          -0.41508
182.40          -0.42643
182.60          -0.43723
182.80          -0.44732
183.00          -0.45649
183.20          -0.46454
183.40          -0.47128
183.60          -0.47653
183.80          -0.48013
184.00          -0.48193
184.20          -0.48183
184.40          -0.47980
184.60          -0.47583
184.80          -0.46997
185.00          -0.46231
185.20          -0.45301
185.40          -0.44223
185.60          -0.43019
185.80          -0.41710
186.00          -0.40319
186.20          -0.38868
186.40          -0.37380
186.60          -0.35873
186.80          -0.34366
187.00          -0.32872
187.20          -0.31405
187.40          -0.29975
187.60          -0.28591
187.80          -0.27257
188.00          -0.25979
188.20          -0.24760
188.40          -0.23600
188.60          -0.22499
188.80          -0.21459
189.00          -0.20476
189.20          -0.19551
189.40          -0.18680
189.60          -0.17861
189.80          -0.17092
190.00          -0.16371
190.20          -0.15694
190.40          -0.15060
190.60          -0.14466
190.80          -0.13909
191.00          -0.13388
191.20          -0.12899
191.40          -0.12441
191.60          -0.12012
191.80          -0.11609
192.00          -0.11232
192.20          -0.10879
192.40          -0.10547
192.60          -0.10236
192.80          -0.099437
193.00          -0.096696
193.20          -0.094121
193.40          -0.091703
193.60          -0.089432
193.80          -0.087297
194.00          -0.085290
194.20          -0.083402
194.40          -0.081627
194.60          -0.079958
194.80          -0.078386
195.00          -0.076908
195.20          -0.075516
195.40          -0.074206
195.60          -0.072973
195.80          -0.071811
196.00          -0.070718
196.20          -0.069689
196.40          -0.068720
196.60          -0.067807
196.80          -0.066949
197.00          -0.066141
197.20          -0.065380
197.40          -0.064665
197.60          -0.063993
197.80          -0.063361
198.00          -0.062767
198.20          -0.062209
198.40          -0.061686
198.60          -0.061196
198.80          -0.060737
199.00          -0.060307
199.20          -0.059905
199.40          -0.059529
199.60          -0.059180
199.80          -0.058854
200.00          -0.058551
200.20          -0.058271
200.40          -0.058011
200.60          -0.057772
200.80          -0.057552
201.00          -0.057351
201.20          -0.057167
201.40          -0.057000
201.60          -0.056850
201.80          -0.056715
202.00          -0.056596
202.20          -0.056491
202.40          -0.056401
202.60          -0.056324
202.80          -0.056261
203.00          -0.056211
203.20          -0.056173
203.40          -0.056149
203.60          -0.056136
203.80          -0.056136
204.00          -0.056147
204.20          -0.056171
204.40          -0.056207
204.60          -0.056254
204.80          -0.056314
205.00          -0.056386
205.20          -0.056471
205.40          -0.056570
205.60          -0.056682
205.80          -0.056808
206.00          -0.056951
206.20          -0.057110
206.40          -0.057287
206.60          -0.057484
206.80          -0.057705
207.00          -0.057951
207.20          -0.058228
207.40          -0.058540
207.60          -0.058895
207.80          -0.059301
208.00          -0.059774
208.20          -0.060330
208.40          -0.060996
208.60          -0.061814
208.80          -0.062843
209.00          -0.064188
209.20          -0.066027
209.40          -0.068698
209.60          -0.072921
209.80          -0.080493
210.00          -0.097166
210.20          -0.15217
210.40          -0.79885
210.60          -0.41341
210.80          -0.087123
211.00          -0.061908
211.20          -0.056434
211.40          -0.054899
211.60          -0.054529
211.80          -0.054575
212.00          -0.054786
212.20          -0.055062
212.40          -0.055363
212.60          -0.055669
212.80          -0.055973
213.00          -0.056271
213.20          -0.056562
213.40          -0.056845
213.60          -0.057122
213.80          -0.057392
214.00          -0.057657
214.20          -0.057916
214.40          -0.058171
214.60          -0.058422
214.80          -0.058670
215.00          -0.058915
215.20          -0.059157
215.40          -0.059397
215.60          -0.059635
215.80          -0.059872
216.00          -0.060107
216.20          -0.060342
216.40          -0.060575
216.60          -0.060808
216.80          -0.061040
217.00          -0.061271
217.20          -0.061503
217.40          -0.061734
217.60          -0.061965
217.80          -0.062195
218.00          -0.062426
218.20          -0.062657
218.40          -0.062889
218.60          -0.063120
218.80          -0.063352
219.00          -0.063584
219.20          -0.063816
219.40          -0.064049
219.60          -0.064282
219.80          -0.064515
220.00          -0.064749
220.20          -0.064984
220.40          -0.065219
220.60          -0.065455
220.80          -0.065691
221.00          -0.065928
221.20          -0.066165
221.40          -0.066403
221.60          -0.066642
221.80          -0.066881
222.00          -0.067121
222.20          -0.067362
222.40          -0.067604
222.60          -0.067846
222.80          -0.068088
223.00          -0.068332
223.20          -0.068576
223.40          -0.068821
223.60          -0.069067
223.80          -0.069313
224.00          -0.069561
224.20          -0.069809
224.40          -0.070057
224.60          -0.070307
224.80          -0.070558
225.00          -0.070809
