175.00          -0.34414
175.20          -0.35214
175.40          -0.35999
175.60          -0.36762
175.80          -0.37494
176.00          -0.38190
176.20          -0.38839
176.40          -0.39434
176.60          -0.39966
176.80          -0.40427
177.00          -0.40808
177.20          -0.41103
177.40          -0.41305
177.60          -0.41408
177.80          -0.41408
178.00          -0.41303
178.20          -0.41093
178.40          -0.40777
178.60          -0.40359
178.80          -0.39844
179.00          -0.39237
179.20          -0.38545
179.40          -0.37777
179.60          -0.36942
179.80          -0.36050
180.00          -0.35111
180.20          -0.34134
180.40          -0.33130
180.60          -0.32107
180.80          -0.31073
181.00          -0.30038
181.20          -0.29007
181.40          -0.27986
181.60          -0.26982
181.80          -0.25998
182.00          -0.25039
182.20          -0.24107
182.40          -0.23204
182.60          -0.22332
182.80          -0.21493
183.00          -0.20686
183.20          -0.19913
183.40          -0.19172
183.60          -0.18465
183.80          -0.17790
184.00          -0.17147
184.20          -0.16534
184.40          -0.15951
184.60          -0.15397
184.80          -0.14871
185.00          -0.14371
185.20          -0.13897
185.40          -0.13447
185.60          -0.13020
185.80          -0.12615
186.00          -0.12232
186.20          -0.11868
186.40          -0.11523
186.60          -0.11196
186.80          -0.10887
187.00          -0.10593
187.20          -0.10315
187.40          -0.10051
187.60          -0.098008
187.80          -0.095637
188.00          -0.093389
188.20          -0.091258
188.40          -0.089236
188.60          -0.087320
188.80          -0.085502
189.00          -0.083778
189.20          -0.082142
189.40          -0.080591
189.60          -0.079119
189.80          -0.077722
190.00          -0.076397
190.20          -0.075140
190.40          -0.073948
190.60          -0.072816
190.80          -0.071743
191.00          -0.070724
191.20          -0.069758
191.40          -0.068842
191.60          -0.067973
191.80          -0.067149
192.00          -0.066368
192.20          -0.065628
192.40          -0.064927
192.60          -0.064262
192.80          -0.063633
193.00          -0.063038
193.20          -0.062474
193.40          -0.061941
193.60          -0.061438
193.80          -0.060962
194.00          -0.060513
194.20          -0.060089
194.40          -0.059690
194.60          -0.059314
194.80          -0.058960
195.00          -0.058628
195.20          -0.058316
195.40          -0.058024
195.60          -0.057751
195.80          -0.057495
196.00          -0.057257
196.20          -0.057036
196.40          -0.056830
196.60          -0.056640
196.80          -0.056465
197.00          -0.056304
197.20          -0.056156
197.40          -0.056022
197.60          -0.055900
197.80          -0.055791
198.00          -0.055693
198.20          -0.055607
198.40          -0.055532
198.60          -0.055467
198.80          -0.055413
199.00          -0.055368
199.20          -0.055333
199.40          -0.055308
199.60          -0.055291
199.80          -0.055284
200.00          -0.055284
200.20          -0.055294
200.40          -0.055311
200.60          -0.055336
200.80          -0.055368
201.00          -0.055408
201.20          -0.055456
201.40          -0.055511
201.60          -0.055572
201.80          -0.055641
202.00          -0.055716
202.20          -0.055798
202.40          -0.055887
202.60          -0.055983
202.80          -0.056084
203.00          -0.056193
203.20          -0.056308
203.40          -0.056430
203.60          -0.056558
203.80          -0.056693
204.00          -0.056834
204.20          -0.056983
204.40          -0.057139
204.60          -0.057302
204.80          -0.057473
205.00          -0.057652
205.20          -0.057840
205.40          -0.058037
205.60          -0.058243
205.80          -0.058460
206.00          -0.058689
206.20          -0.058930
206.40          -0.059186
206.60          -0.059458
206.80          -0.059748
207.00          -0.060060
207.20          -0.060397
207.40          -0.060765
207.60          -0.061169
207.80          -0.061619
208.00          -0.062126
208.20          -0.062708
208.40          -0.063390
208.60          -0.064207
208.80          -0.065219
209.00          -0.066520
209.20          -0.068280
209.40          -0.070820
209.60          -0.074839
209.80          -0.082117
210.00          -0.098582
210.20          -0.15688
210.40          -1.1507
210.60          -0.27472
210.80          -0.082845
211.00          -0.064464
211.20          -0.060297
211.40          -0.059155
211.60          -0.058937
211.80          -0.059056
212.00          -0.059310
212.20          -0.059618
212.40          -0.059947
212.60          -0.060281
212.80          -0.060612
213.00          -0.060939
213.20          -0.061259
213.40          -0.061573
213.60          -0.061881
213.80          -0.062183
214.00          -0.062480
214.20          -0.062772
214.40          -0.063061
214.60          -0.063346
214.80          -0.063628
215.00          -0.063908
215.20          -0.064185
215.40          -0.064460
215.60          -0.064733
215.80          -0.065005
216.00          -0.065276
216.20          -0.065545
216.40          -0.065813
216.60          -0.066081
216.80          -0.066348
217.00          -0.066615
217.20          -0.066881
217.40          -0.067147
217.60          -0.067412
217.80          -0.067677
218.00          -0.067943
218.20          -0.068208
218.40          -0.068473
218.60          -0.068738
218.80          -0.069004
219.00          -0.069269
219.20          -0.069535
219.40          -0.069801
219.60          -0.070067
219.80          -0.070333
220.00          -0.070599
220.20          -0.070866
220.40          -0.071133
220.60          -0.071401
220.80          -0.071669
221.00          -0.071937
221.20          -0.072205
221.40          -0.072474
221.60          -0.072743
221.80          -0.073013
222.00          -0.073283
222.20          -0.073553
222.40          -0.073824
222.60          -0.074095
222.80          -0.074367
223.00          -0.074639
223.20          -0.074911
223.40          -0.075184
223.60          -0.075457
223.80          -0.075730
224.00          -0.076004
224.20          -0.076279
224.40          -0.076553
224.60          -0.076829
224.80          -0.077104
225.00          -0.077380
