175.00          -0.087835
175.20          -0.086247
175.40          -0.084720
175.60          -0.083254
175.80          -0.081844
176.00          -0.080490
176.20          -0.079188
176.40          -0.077938
176.60          -0.076737
176.80          -0.075583
177.00          -0.074474
177.20          -0.073409
177.40          -0.072387
177.60          -0.071405
177.80          -0.070462
178.00          -0.069557
178.20          -0.068689
178.40          -0.067855
178.60          -0.067055
178.80          -0.066287
179.00          -0.065551
179.20          -0.064844
179.40          -0.064167
179.60          -0.063518
179.80          -0.062896
180.00          -0.062300
180.20          -0.061729
180.40          -0.061182
180.60          -0.060659
180.80          -0.060159
181.00          -0.059680
181.20          -0.059223
181.40          -0.058786
181.60          -0.058368
181.80          -0.057970
182.00          -0.057590
182.20          -0.057228
182.40          -0.056884
182.60          -0.056556
182.80          -0.056244
183.00          -0.055948
183.20          -0.055667
183.40          -0.055401
183.60          -0.055149
183.80          -0.054910
184.00          -0.054685
184.20          -0.054473
184.40          -0.054274
184.60          -0.054087
184.80          -0.053912
185.00          -0.053748
185.20          -0.053595
185.40          -0.053453
185.60          -0.053322
185.80          -0.053201
186.00          -0.053090
186.20          -0.052988
186.40          -0.052896
186.60          -0.052814
186.80          -0.052740
187.00          -0.052674
187.20          -0.052617
187.40          -0.052569
187.60          -0.052528
187.80          -0.052495
188.00          -0.052470
188.20          -0.052452
188.40          -0.052442
188.60          -0.052438
188.80          -0.052442
189.00          -0.052452
189.20          -0.052469
189.40          -0.052492
189.60          -0.052521
189.80          -0.052557
190.00          -0.052598
190.20          -0.052646
190.40          -0.052699
190.60          -0.052758
190.80          -0.052822
191.00          -0.052891
191.20          -0.052966
191.40          -0.053046
191.60          -0.053131
191.80          -0.053221
192.00          -0.053316
192.20          -0.053415
192.40          -0.053520
192.60          -0.053629
192.80          -0.053742
193.00          -0.053860
193.20          -0.053982
193.40          -0.054108
193.60          -0.054238
193.80          -0.054373
194.00          -0.054512
194.20          -0.054654
194.40          -0.054801
194.60          -0.054951
194.80          -0.055105
195.00          -0.055263
195.20          -0.055425
195.40          -0.055590
195.60          -0.055759
195.80          -0.055931
196.00          -0.056107
196.20          -0.056286
196.40          -0.056469
196.60          -0.056655
196.80          -0.056844
197.00          -0.057037
197.20          -0.057233
197.40          -0.057432
197.60          -0.057634
197.80          -0.057839
198.00          -0.058048
198.20          -0.058259
198.40          -0.058474
198.60          -0.058691
198.80          -0.058912
199.00          -0.059135
199.20          -0.059362
199.40          -0.059591
199.60          -0.059823
199.80          -0.060059
200.00          -0.060297
200.20          -0.060538
200.40          -0.060782
200.60          -0.061029
200.80          -0.061279
201.00          -0.061532
201.20          -0.061787
201.40          -0.062046
201.60          -0.062308
201.80          -0.062572
202.00          -0.062840
202.20          -0.063111
202.40          -0.063384
202.60          -0.063661
202.80          -0.063941
203.00          -0.064225
203.20          -0.064512
203.40          -0.064802
203.60          -0.065096
203.80          -0.065393
204.00          -0.065695
204.20          -0.066000
204.40          -0.066310
204.60          -0.066624
204.80          -0.066944
205.00          -0.067268
205.20          -0.067598
205.40          -0.067933
205.60          -0.068276
205.80          -0.068625
206.00          -0.068983
206.20          -0.069349
206.40          -0.069726
206.60          -0.070115
206.80          -0.070517
207.00          -0.070935
207.20          -0.071372
207.40          -0.071832
207.60          -0.072320
207.80          -0.072843
208.00          -0.073411
208.20          -0.074037
208.40          -0.074741
208.60          -0.075553
208.80          -0.076522
209.00          -0.077726
209.20          -0.079307
209.40          -0.081544
209.60          -0.085052
209.80          -0.091462
210.00          -0.10656
210.20          -0.16684
210.40          -2.5325
210.60          -0.18045
210.80          -0.088978
211.00          -0.077760
211.20          -0.075097
211.40          -0.074434
211.60          -0.074418
211.80          -0.074650
212.00          -0.074985
212.20          -0.075366
212.40          -0.075765
212.60          -0.076171
212.80          -0.076578
213.00          -0.076982
213.20          -0.077383
213.40          -0.077780
213.60          -0.078173
213.80          -0.078562
214.00          -0.078947
214.20          -0.079329
214.40          -0.079708
214.60          -0.080085
214.80          -0.080458
215.00          -0.080830
215.20          -0.081199
215.40          -0.081566
215.60          -0.081931
215.80          -0.082295
216.00          -0.082657
216.20          -0.083017
216.40          -0.083377
216.60          -0.083734
216.80          -0.084091
217.00          -0.084446
217.20          -0.084800
217.40          -0.085153
217.60          -0.085504
217.80          -0.085855
218.00          -0.086204
218.20          -0.086552
218.40          -0.086899
218.60          -0.087245
218.80          -0.087590
219.00          -0.087933
219.20          -0.088275
219.40          -0.088616
219.60          -0.088955
219.80          -0.089293
220.00          -0.089630
220.20          -0.089966
220.40          -0.090299
220.60          -0.090632
220.80          -0.090963
221.00          -0.091292
221.20          -0.091619
221.40          -0.091945
221.60          -0.092269
221.80          -0.092591
222.00          -0.092911
222.20          -0.093230
222.40          -0.093546
222.60          -0.093860
222.80          -0.094172
223.00          -0.094481
223.20          -0.094789
223.40          -0.095093
223.60          -0.095396
223.80          -0.095695
224.00          -0.095993
224.20          -0.096287
224.40          -0.096578
224.60          -0.096867
224.80          -0.097152
225.00          -0.097434
