175.00          -0.34504
175.20          -0.33814
175.40          -0.33085
175.60          -0.32324
175.80          -0.31537
176.00          -0.30729
176.20          -0.29906
176.40          -0.29073
176.60          -0.28237
176.80          -0.27401
177.00          -0.26570
177.20          -0.25746
177.40          -0.24935
177.60          -0.24138
177.80          -0.23357
178.00          -0.22595
178.20          -0.21854
178.40          -0.21134
178.60          -0.20436
178.80          -0.19762
179.00          -0.19111
179.20          -0.18483
179.40          -0.17880
179.60          -0.17300
179.80          -0.16743
180.00          -0.16209
180.20          -0.15697
180.40          -0.15207
180.60          -0.14738
180.80          -0.14290
181.00          -0.13862
181.20          -0.13453
181.40          -0.13062
181.60          -0.12689
181.80          -0.12333
182.00          -0.11994
182.20          -0.11670
182.40          -0.11361
182.60          -0.11067
182.80          -0.10786
183.00          -0.10519
183.20          -0.10264
183.40          -0.10020
183.60          -0.097885
183.80          -0.095675
184.00          -0.093568
184.20          -0.091561
184.40          -0.089647
184.60          -0.087822
184.80          -0.086083
185.00          -0.084425
185.20          -0.082845
185.40          -0.081339
185.60          -0.079903
185.80          -0.078535
186.00          -0.077230
186.20          -0.075987
186.40          -0.074802
186.60          -0.073672
186.80          -0.072596
187.00          -0.071570
187.20          -0.070593
187.40          -0.069662
187.60          -0.068775
187.80          -0.067930
188.00          -0.067126
188.20          -0.066360
188.40          -0.065631
188.60          -0.064937
188.80          -0.064277
189.00          -0.063649
189.20          -0.063053
189.40          -0.062486
189.60          -0.061947
189.80          -0.061436
190.00          -0.060950
190.20          -0.060490
190.40          -0.060054
190.60          -0.059641
190.80          -0.059250
191.00          -0.058880
191.20          -0.058531
191.40          -0.058201
191.60          -0.057890
191.80          -0.057597
192.00          -0.057322
192.20          -0.057064
192.40          -0.056822
192.60          -0.056595
192.80          -0.056383
193.00          -0.056186
193.20          -0.056003
193.40          -0.055833
193.60          -0.055677
193.80          -0.055532
194.00          -0.055400
194.20          -0.055280
194.40          -0.055171
194.60          -0.055073
194.80          -0.054985
195.00          -0.054907
195.20          -0.054840
195.40          -0.054782
195.60          -0.054733
195.80          -0.054694
196.00          -0.054663
196.20          -0.054640
196.40          -0.054626
196.60          -0.054619
196.80          -0.054620
197.00          -0.054629
197.20          -0.054645
197.40          -0.054668
197.60          -0.054698
197.80          -0.054735
198.00          -0.054779
198.20          -0.054828
198.40          -0.054884
198.60          -0.054946
198.80          -0.055014
199.00          -0.055088
199.20          -0.055167
199.40          -0.055252
199.60          -0.055343
199.80          -0.055438
200.00          -0.055539
200.20          -0.055645
200.40          -0.055757
200.60          -0.055873
200.80          -0.055994
201.00          -0.056120
201.20          -0.056251
201.40          -0.056386
201.60          -0.056526
201.80          -0.056671
202.00          -0.056821
202.20          -0.056975
202.40          -0.057134
202.60          -0.057298
202.80          -0.057466
203.00          -0.057639
203.20          -0.057817
203.40          -0.058000
203.60          -0.058188
203.80          -0.058381
204.00          -0.058579
204.20          -0.058783
204.40          -0.058992
204.60          -0.059208
204.80          -0.059430
205.00          -0.059658
205.20          -0.059894
205.40          -0.060137
205.60          -0.060389
205.80          -0.060650
206.00          -0.060921
206.20          -0.061203
206.40          -0.061498
206.60          -0.061807
206.80          -0.062133
207.00          -0.062479
207.20          -0.062847
207.40          -0.063244
207.60          -0.063674
207.80          -0.064146
208.00          -0.064672
208.20          -0.065268
208.40          -0.065956
208.60          -0.066772
208.80          -0.067771
209.00          -0.069043
209.20          -0.070751
209.40          -0.073206
209.60          -0.077088
209.80          -0.084151
210.00          -0.10037
210.20          -0.16028
210.40          -1.4813
210.60          -0.22919
210.80          -0.082883
211.00          -0.067413
211.20          -0.063836
211.40          -0.062878
211.60          -0.062733
211.80          -0.062890
212.00          -0.063169
212.20          -0.063499
212.40          -0.063847
212.60          -0.064200
212.80          -0.064551
213.00          -0.064899
213.20          -0.065241
213.40          -0.065577
213.60          -0.065907
213.80          -0.066233
214.00          -0.066554
214.20          -0.066871
214.40          -0.067185
214.60          -0.067495
214.80          -0.067802
215.00          -0.068106
215.20          -0.068409
215.40          -0.068709
215.60          -0.069008
215.80          -0.069306
216.00          -0.069602
216.20          -0.069897
216.40          -0.070191
216.60          -0.070484
216.80          -0.070776
217.00          -0.071068
217.20          -0.071359
217.40          -0.071650
217.60          -0.071940
217.80          -0.072230
218.00          -0.072520
218.20          -0.072810
218.40          -0.073099
218.60          -0.073388
218.80          -0.073677
219.00          -0.073967
219.20          -0.074255
219.40          -0.074544
219.60          -0.074833
219.80          -0.075122
220.00          -0.075411
220.20          -0.075700
220.40          -0.075989
220.60          -0.076278
220.80          -0.076567
221.00          -0.076856
221.20          -0.077145
221.40          -0.077434
221.60          -0.077723
221.80          -0.078012
222.00          -0.078301
222.20          -0.078590
222.40          -0.078879
222.60          -0.079168
222.80          -0.079457
223.00          -0.079745
223.20          -0.080034
223.40          -0.080323
223.60          -0.080612
223.80          -0.080900
224.00          -0.081189
224.20          -0.081477
224.40          -0.081765
224.60          -0.082053
224.80          -0.082341
225.00          -0.082629
