175.00          -0.026225
175.20          -0.026274
175.40          -0.026322
175.60          -0.026371
175.80          -0.026420
176.00          -0.026469
176.20          -0.026518
176.40          -0.026568
176.60          -0.026618
176.80          -0.026668
177.00          -0.026718
177.20          -0.026768
177.40          -0.026819
177.60          -0.026870
177.80          -0.026921
178.00          -0.026972
178.20          -0.027024
178.40          -0.027076
178.60          -0.027128
178.80          -0.027181
179.00          -0.027234
179.20          -0.027287
179.40          -0.027340
179.60          -0.027394
179.80          -0.027449
180.00          -0.027503
180.20          -0.027558
180.40          -0.027614
180.60          -0.027670
180.80          -0.027726
181.00          -0.027783
181.20          -0.027841
181.40          -0.027899
181.60          -0.027959
181.80          -0.028018
182.00          -0.028079
182.20          -0.028141
182.40          -0.028204
182.60          -0.028268
182.80          -0.028334
183.00          -0.028401
183.20          -0.028471
183.40          -0.028543
183.60          -0.028618
183.80          -0.028697
184.00          -0.028781
184.20          -0.028871
184.40          -0.028970
184.60          -0.029081
184.80          -0.029210
185.00          -0.029367
185.20          -0.029570
185.40          -0.029858
185.60          -0.030329
185.80          -0.031288
186.00          -0.034282
186.20          -0.068670
186.40          -0.046095
186.60          -0.030430
186.80          -0.029358
187.00          -0.029199
187.20          -0.029211
187.40          -0.029271
187.60          -0.029346
187.80          -0.029426
188.00          -0.029507
188.20          -0.029588
188.40          -0.029669
188.60          -0.029750
188.80          -0.029831
189.00          -0.029912
189.20          -0.029992
189.40          -0.030073
189.60          -0.030155
189.80          -0.030237
190.00          -0.030320
190.20          -0.030404
190.40          -0.030488
190.60          -0.030574
190.80          -0.030662
191.00          -0.030751
191.20          -0.030842
191.40          -0.030934
191.60          -0.031029
191.80          -0.031126
192.00          -0.031226
192.20          -0.031328
192.40          -0.031434
192.60          -0.031543
192.80          -0.031656
193.00          -0.031774
193.20          -0.031896
193.40          -0.032024
193.60          -0.032157
193.80          -0.032298
194.00          -0.032446
194.20          -0.032602
194.40          -0.032769
194.60          -0.032946
194.80          -0.033137
195.00          -0.033342
195.20          -0.033565
195.40          -0.033809
195.60          -0.034076
195.80          -0.034372
196.00          -0.034702
196.20          -0.035075
196.40          -0.035498
196.60          -0.035985
196.80          -0.036552
197.00          -0.037222
197.20          -0.038026
197.40          -0.039008
197.60          -0.040233
197.80          -0.041798
198.00          -0.043858
198.20          -0.046668
198.40          -0.050673
198.60          -0.056717
198.80          -0.066561
199.00          -0.084427
199.20          -0.12272
199.40          -0.23248
199.60          -0.83880
199.80          -11.015
200.00          -0.50911
200.20          -0.16263
200.40          -0.089393
200.60          -0.063147
200.80          -0.051058
201.00          -0.044609
201.20          -0.040822
201.40          -0.038444
201.60          -0.036877
201.80          -0.035807
202.00          -0.035057
202.20          -0.034521
202.40          -0.034133
202.60          -0.033852
202.80          -0.033647
203.00          -0.033499
203.20          -0.033394
203.40          -0.033323
203.60          -0.033277
203.80          -0.033252
204.00          -0.033243
204.20          -0.033247
204.40          -0.033261
204.60          -0.033284
204.80          -0.033315
205.00          -0.033351
205.20          -0.033392
205.40          -0.033437
205.60          -0.033486
205.80          -0.033538
206.00          -0.033593
206.20          -0.033649
206.40          -0.033708
206.60          -0.033768
206.80          -0.033830
207.00          -0.033894
207.20          -0.033958
207.40          -0.034024
207.60          -0.034090
207.80          -0.034158
208.00          -0.034226
208.20          -0.034296
208.40          -0.034366
208.60          -0.034437
208.80          -0.034509
209.00          -0.034582
209.20          -0.034657
209.40          -0.034733
209.60          -0.034813
209.80          -0.034900
210.00          -0.035013
210.20          -0.035334
210.40          -0.042440
210.60          -0.035372
210.80          -0.035321
211.00          -0.035373
211.20          -0.035445
211.40          -0.035523
211.60          -0.035605
211.80          -0.035691
212.00          -0.035779
212.20          -0.035869
212.40          -0.035963
212.60          -0.036060
212.80          -0.036160
213.00          -0.036265
213.20          -0.036375
213.40          -0.036492
213.60          -0.036616
213.80          -0.036749
214.00          -0.036895
214.20          -0.037055
214.40          -0.037236
214.60          -0.037444
214.80          -0.037689
215.00          -0.037988
215.20          -0.038369
215.40          -0.038879
215.60          -0.039612
215.80          -0.040766
216.00          -0.042846
216.20          -0.047497
216.40          -0.063229
216.60          -0.25780
216.80          -0.16358
217.00          -0.049599
217.20          -0.040429
217.40          -0.038214
217.60          -0.037470
217.80          -0.037194
218.00          -0.037105
218.20          -0.037101
218.40          -0.037138
218.60          -0.037198
218.80          -0.037270
219.00          -0.037348
219.20          -0.037430
219.40          -0.037513
219.60          -0.037598
219.80          -0.037683
220.00          -0.037768
220.20          -0.037853
220.40          -0.037938
220.60          -0.038022
220.80          -0.038106
221.00          -0.038190
221.20          -0.038273
221.40          -0.038356
221.60          -0.038438
221.80          -0.038520
222.00          -0.038602
222.20          -0.038684
222.40          -0.038765
222.60          -0.038847
222.80          -0.038928
223.00          -0.039009
223.20          -0.039090
223.40          -0.039171
223.60          -0.039251
223.80          -0.039332
224.00          -0.039413
224.20          -0.039493
224.40          -0.039574
224.60          -0.039655
224.80          -0.039735
225.00          -0.039816
