175.00          -0.031863
175.20          -0.031950
175.40          -0.032036
175.60          -0.032124
175.80          -0.032212
176.00          -0.032301
176.20          -0.032391
176.40          -0.032482
176.60          -0.032573
176.80          -0.032665
177.00          -0.032758
177.20          -0.032852
177.40          -0.032946
177.60          -0.033042
177.80          -0.033138
178.00          -0.033235
178.20          -0.033333
178.40          -0.033433
178.60          -0.033533
178.80          -0.033634
179.00          -0.033736
179.20          -0.033840
179.40          -0.033944
179.60          -0.034050
179.80          -0.034157
180.00          -0.034265
180.20          -0.034375
180.40          -0.034486
180.60          -0.034598
180.80          -0.034712
181.00          -0.034827
181.20          -0.034944
181.40          -0.035062
181.60          -0.035182
181.80          -0.035304
182.00          -0.035427
182.20          -0.035553
182.40          -0.035680
182.60          -0.035809
182.80          -0.035940
183.00          -0.036074
183.20          -0.036210
183.40          -0.036348
183.60          -0.036489
183.80          -0.036632
184.00          -0.036778
184.20          -0.036927
184.40          -0.037078
184.60          -0.037233
184.80          -0.037391
185.00          -0.037553
185.20          -0.037718
185.40          -0.037887
185.60          -0.038060
185.80          -0.038238
186.00          -0.038419
186.20          -0.038606
186.40          -0.038797
186.60          -0.038994
186.80          -0.039197
187.00          -0.039405
187.20          -0.039620
187.40          -0.039842
187.60          -0.040071
187.80          -0.040307
188.00          -0.040552
188.20          -0.040807
188.40          -0.041070
188.60          -0.041345
188.80          -0.041630
189.00          -0.041928
189.20          -0.042239
189.40          -0.042565
189.60          -0.042906
189.80          -0.043265
190.00          -0.043642
190.20          -0.044041
190.40          -0.044463
190.60          -0.044911
190.80          -0.045388
191.00          -0.045898
191.20          -0.046444
191.40          -0.047031
191.60          -0.047667
191.80          -0.048357
192.00          -0.049111
192.20          -0.049940
192.40          -0.050856
192.60          -0.051878
192.80          -0.053028
193.00          -0.054335
193.20          -0.055838
193.40          -0.057590
193.60          -0.059669
193.80          -0.062183
194.00          -0.065300
194.20          -0.069284
194.40          -0.074578
194.60          -0.081975
194.80          -0.093046
195.00          -0.11131
195.20          -0.14624
195.40          -0.23236
195.60          -0.59749
195.80          -13.685
196.00          -0.49743
196.20          -0.12370
196.40          -0.068665
196.60          -0.054328
196.80          -0.050293
197.00          -0.049880
197.20          -0.051071
197.40          -0.053148
197.60          -0.055853
197.80          -0.059120
198.00          -0.062986
198.20          -0.067564
198.40          -0.073035
198.60          -0.079672
198.80          -0.087873
199.00          -0.098225
199.20          -0.11162
199.40          -0.12946
199.60          -0.15405
199.80          -0.18935
200.00          -0.24267
200.20          -0.32844
200.40          -0.47765
200.60          -0.76202
200.80          -1.3402
201.00          -2.2882
201.20          -2.3644
201.40          -1.3846
201.60          -0.75338
201.80          -0.45113
202.00          -0.29842
202.20          -0.21379
202.40          -0.16297
202.60          -0.13042
202.80          -0.10850
203.00          -0.093123
203.20          -0.081980
203.40          -0.073684
203.60          -0.067369
203.80          -0.062472
204.00          -0.058612
204.20          -0.055530
204.40          -0.053040
204.60          -0.051008
204.80          -0.049337
205.00          -0.047952
205.20          -0.046797
205.40          -0.045829
205.60          -0.045015
205.80          -0.044328
206.00          -0.043746
206.20          -0.043254
206.40          -0.042836
206.60          -0.042482
206.80          -0.042183
207.00          -0.041930
207.20          -0.041718
207.40          -0.041540
207.60          -0.041393
207.80          -0.041273
208.00          -0.041176
208.20          -0.041100
208.40          -0.041042
208.60          -0.041000
208.80          -0.040973
209.00          -0.040958
209.20          -0.040954
209.40          -0.040961
209.60          -0.040977
209.80          -0.041001
210.00          -0.041033
210.20          -0.041071
210.40          -0.041116
210.60          -0.041166
210.80          -0.041222
211.00          -0.041282
211.20          -0.041346
211.40          -0.041414
211.60          -0.041486
211.80          -0.041561
212.00          -0.041639
212.20          -0.041721
212.40          -0.041804
212.60          -0.041891
212.80          -0.041979
213.00          -0.042070
213.20          -0.042163
213.40          -0.042257
213.60          -0.042354
213.80          -0.042452
214.00          -0.042552
214.20          -0.042653
214.40          -0.042756
214.60          -0.042860
214.80          -0.042966
215.00          -0.043073
215.20          -0.043182
215.40          -0.043292
215.60          -0.043403
215.80          -0.043515
216.00          -0.043629
216.20          -0.043744
216.40          -0.043860
216.60          -0.043977
216.80          -0.044096
217.00          -0.044216
217.20          -0.044337
217.40          -0.044460
217.60          -0.044585
217.80          -0.044711
218.00          -0.044840
218.20          -0.044970
218.40          -0.045105
218.60          -0.045246
218.80          -0.045407
219.00          -0.045793
219.20          -0.045691
219.40          -0.045748
219.60          -0.045889
219.80          -0.046035
220.00          -0.046183
220.20          -0.046334
220.40          -0.046487
220.60          -0.046643
220.80          -0.046804
221.00          -0.046968
221.20          -0.047137
221.40          -0.047311
221.60          -0.047491
221.80          -0.047677
222.00          -0.047871
222.20          -0.048074
222.40          -0.048287
222.60          -0.048512
222.80          -0.048751
223.00          -0.049007
223.20          -0.049282
223.40          -0.049582
223.60          -0.049912
223.80          -0.050281
224.00          -0.050697
224.20          -0.051178
224.40          -0.051744
224.60          -0.052427
224.80          -0.053280
225.00          -0.054386
