175.00          -0.032431
175.20          -0.032523
175.40          -0.032615
175.60          -0.032708
175.80          -0.032802
176.00          -0.032897
176.20          -0.032993
176.40          -0.033090
176.60          -0.033187
176.80          -0.033286
177.00          -0.033385
177.20          -0.033486
177.40          -0.033587
177.60          -0.033690
177.80          -0.033793
178.00          -0.033898
178.20          -0.034003
178.40          -0.034110
178.60          -0.034218
178.80          -0.034328
179.00          -0.034438
179.20          -0.034550
179.40          -0.034664
179.60          -0.034778
179.80          -0.034894
180.00          -0.035012
180.20          -0.035131
180.40          -0.035252
180.60          -0.035374
180.80          -0.035499
181.00          -0.035625
181.20          -0.035752
181.40          -0.035882
181.60          -0.036014
181.80          -0.036148
182.00          -0.036284
182.20          -0.036422
182.40          -0.036563
182.60          -0.036706
182.80          -0.036851
183.00          -0.037000
183.20          -0.037151
183.40          -0.037305
183.60          -0.037462
183.80          -0.037622
184.00          -0.037786
184.20          -0.037953
184.40          -0.038124
184.60          -0.038298
184.80          -0.038477
185.00          -0.038660
185.20          -0.038848
185.40          -0.039040
185.60          -0.039238
185.80          -0.039440
186.00          -0.039649
186.20          -0.039863
186.40          -0.040084
186.60          -0.040312
186.80          -0.040546
187.00          -0.040789
187.20          -0.041040
187.40          -0.041299
187.60          -0.041568
187.80          -0.041847
188.00          -0.042137
188.20          -0.042438
188.40          -0.042752
188.60          -0.043080
188.80          -0.043423
189.00          -0.043782
189.20          -0.044158
189.40          -0.044553
189.60          -0.044970
189.80          -0.045410
190.00          -0.045875
190.20          -0.046369
190.40          -0.046894
190.60          -0.047454
190.80          -0.048053
191.00          -0.048698
191.20          -0.049392
191.40          -0.050144
191.60          -0.050963
191.80          -0.051857
192.00          -0.052841
192.20          -0.053930
192.40          -0.055145
192.60          -0.056509
192.80          -0.058057
193.00          -0.059832
193.20          -0.061894
193.40          -0.064322
193.60          -0.067235
193.80          -0.070802
194.00          -0.075286
194.20          -0.081108
194.40          -0.088986
194.60          -0.10025
194.80          -0.11759
195.00          -0.14735
195.20          -0.20780
195.40          -0.37367
195.60          -1.2891
195.80          -6.7519
196.00          -0.40521
196.20          -0.12740
196.40          -0.073809
196.60          -0.058423
196.80          -0.054028
197.00          -0.053863
197.20          -0.055751
197.40          -0.058912
197.60          -0.063095
197.80          -0.068304
198.00          -0.074707
198.20          -0.082627
198.40          -0.092581
198.60          -0.10537
198.80          -0.12223
199.00          -0.14521
199.20          -0.17776
199.40          -0.22605
199.60          -0.30192
199.80          -0.42979
200.00          -0.66321
200.20          -1.1162
200.40          -1.8924
200.60          -2.2820
200.80          -1.5491
201.00          -0.87256
201.20          -0.52034
201.40          -0.34010
201.60          -0.24062
201.80          -0.18130
202.00          -0.14358
202.20          -0.11833
202.40          -0.10070
202.60          -0.087976
202.80          -0.078532
203.00          -0.071359
203.20          -0.065805
203.40          -0.061433
203.60          -0.057945
203.80          -0.055127
204.00          -0.052829
204.20          -0.050936
204.40          -0.049367
204.60          -0.048057
204.80          -0.046958
205.00          -0.046032
205.20          -0.045248
205.40          -0.044583
205.60          -0.044017
205.80          -0.043536
206.00          -0.043127
206.20          -0.042778
206.40          -0.042482
206.60          -0.042231
206.80          -0.042020
207.00          -0.041843
207.20          -0.041695
207.40          -0.041574
207.60          -0.041476
207.80          -0.041399
208.00          -0.041339
208.20          -0.041296
208.40          -0.041267
208.60          -0.041250
208.80          -0.041245
209.00          -0.041251
209.20          -0.041266
209.40          -0.041289
209.60          -0.041320
209.80          -0.041358
210.00          -0.041402
210.20          -0.041451
210.40          -0.041506
210.60          -0.041566
210.80          -0.041630
211.00          -0.041699
211.20          -0.041771
211.40          -0.041846
211.60          -0.041925
211.80          -0.042006
212.00          -0.042090
212.20          -0.042177
212.40          -0.042267
212.60          -0.042358
212.80          -0.042452
213.00          -0.042547
213.20          -0.042645
213.40          -0.042744
213.60          -0.042845
213.80          -0.042948
214.00          -0.043052
214.20          -0.043158
214.40          -0.043265
214.60          -0.043374
214.80          -0.043484
215.00          -0.043595
215.20          -0.043708
215.40          -0.043822
215.60          -0.043937
215.80          -0.044054
216.00          -0.044171
216.20          -0.044291
216.40          -0.044411
216.60          -0.044533
216.80          -0.044656
217.00          -0.044780
217.20          -0.044906
217.40          -0.045033
217.60          -0.045162
217.80          -0.045293
218.00          -0.045425
218.20          -0.045561
218.40          -0.045699
218.60          -0.045843
218.80          -0.046003
219.00          -0.046344
219.20          -0.046280
219.40          -0.046372
219.60          -0.046520
219.80          -0.046672
220.00          -0.046826
220.20          -0.046983
220.40          -0.047142
220.60          -0.047306
220.80          -0.047473
221.00          -0.047645
221.20          -0.047822
221.40          -0.048004
221.60          -0.048193
221.80          -0.048389
222.00          -0.048593
222.20          -0.048807
222.40          -0.049033
222.60          -0.049271
222.80          -0.049524
223.00          -0.049796
223.20          -0.050091
223.40          -0.050412
223.60          -0.050767
223.80          -0.051164
224.00          -0.051616
224.20          -0.052139
224.40          -0.052759
224.60          -0.053513
224.80          -0.054461
225.00          -0.055703
