175.00          -0.041807
175.20          -0.042033
175.40          -0.042264
175.60          -0.042500
175.80          -0.042740
176.00          -0.042985
176.20          -0.043236
176.40          -0.043493
176.60          -0.043755
176.80          -0.044023
177.00          -0.044298
177.20          -0.044579
177.40          -0.044867
177.60          -0.045163
177.80          -0.045466
178.00          -0.045777
178.20          -0.046096
178.40          -0.046424
178.60          -0.046761
178.80          -0.047108
179.00          -0.047464
179.20          -0.047832
179.40          -0.048211
179.60          -0.048601
179.80          -0.049004
180.00          -0.049420
180.20          -0.049850
180.40          -0.050295
180.60          -0.050755
180.80          -0.051232
181.00          -0.051726
181.20          -0.052239
181.40          -0.052772
181.60          -0.053326
181.80          -0.053903
182.00          -0.054503
182.20          -0.055129
182.40          -0.055783
182.60          -0.056466
182.80          -0.057180
183.00          -0.057928
183.20          -0.058713
183.40          -0.059537
183.60          -0.060404
183.80          -0.061317
184.00          -0.062279
184.20          -0.063296
184.40          -0.064371
184.60          -0.065510
184.80          -0.066719
185.00          -0.068005
185.20          -0.069374
185.40          -0.070836
185.60          -0.072400
185.80          -0.074076
186.00          -0.075877
186.20          -0.077817
186.40          -0.079912
186.60          -0.082179
186.80          -0.084642
187.00          -0.087323
187.20          -0.090252
187.40          -0.093464
187.60          -0.096997
187.80          -0.10090
188.00          -0.10523
188.20          -0.11005
188.40          -0.11544
188.60          -0.12151
188.80          -0.12838
189.00          -0.13619
189.20          -0.14514
189.40          -0.15547
189.60          -0.16747
189.80          -0.18154
190.00          -0.19819
190.20          -0.21809
190.40          -0.24213
190.60          -0.27156
190.80          -0.30804
191.00          -0.35394
191.20          -0.41258
191.40          -0.48869
191.60          -0.58895
191.80          -0.72254
192.00          -0.90075
192.20          -1.1335
192.40          -1.4167
192.60          -1.7034
192.80          -1.8815
193.00          -1.8371
193.20          -1.5891
193.40          -1.2683
193.60          -0.97788
193.80          -0.75119
194.00          -0.58413
194.20          -0.46289
194.40          -0.37461
194.60          -0.30965
194.80          -0.26131
195.00          -0.22502
195.20          -0.19777
195.40          -0.17763
195.60          -0.16358
195.80          -0.15558
196.00          -0.15513
196.20          -0.16754
196.40          -0.21100
196.60          -0.36799
196.80          -1.1308
197.00          -0.83089
197.20          -0.26343
197.40          -0.14458
197.60          -0.10462
197.80          -0.086171
198.00          -0.075810
198.20          -0.069186
198.40          -0.064558
198.60          -0.061118
198.80          -0.058446
199.00          -0.056302
199.20          -0.054541
199.40          -0.053069
199.60          -0.051822
199.80          -0.050755
200.00          -0.049835
200.20          -0.049037
200.40          -0.048342
200.60          -0.047734
200.80          -0.047201
201.00          -0.046733
201.20          -0.046322
201.40          -0.045962
201.60          -0.045645
201.80          -0.045368
202.00          -0.045126
202.20          -0.044915
202.40          -0.044733
202.60          -0.044576
202.80          -0.044442
203.00          -0.044328
203.20          -0.044234
203.40          -0.044157
203.60          -0.044095
203.80          -0.044048
204.00          -0.044014
204.20          -0.043992
204.40          -0.043982
204.60          -0.043981
204.80          -0.043990
205.00          -0.044008
205.20          -0.044034
205.40          -0.044067
205.60          -0.044108
205.80          -0.044155
206.00          -0.044208
206.20          -0.044266
206.40          -0.044330
206.60          -0.044399
206.80          -0.044473
207.00          -0.044551
207.20          -0.044633
207.40          -0.044718
207.60          -0.044808
207.80          -0.044901
208.00          -0.044997
208.20          -0.045096
208.40          -0.045198
208.60          -0.045303
208.80          -0.045410
209.00          -0.045520
209.20          -0.045632
209.40          -0.045747
209.60          -0.045864
209.80          -0.045982
210.00          -0.046103
210.20          -0.046226
210.40          -0.046351
210.60          -0.046477
210.80          -0.046605
211.00          -0.046735
211.20          -0.046867
211.40          -0.047000
211.60          -0.047135
211.80          -0.047271
212.00          -0.047409
212.20          -0.047548
212.40          -0.047689
212.60          -0.047831
212.80          -0.047975
213.00          -0.048120
213.20          -0.048266
213.40          -0.048414
213.60          -0.048563
213.80          -0.048714
214.00          -0.048866
214.20          -0.049020
214.40          -0.049175
214.60          -0.049331
214.80          -0.049489
215.00          -0.049649
215.20          -0.049810
215.40          -0.049972
215.60          -0.050137
215.80          -0.050303
216.00          -0.050470
216.20          -0.050640
216.40          -0.050811
216.60          -0.050985
216.80          -0.051160
217.00          -0.051338
217.20          -0.051517
217.40          -0.051699
217.60          -0.051884
217.80          -0.052071
218.00          -0.052260
218.20          -0.052453
218.40          -0.052648
218.60          -0.052848
218.80          -0.053056
219.00          -0.053439
219.20          -0.053604
219.40          -0.053720
219.60          -0.053926
219.80          -0.054147
220.00          -0.054376
220.20          -0.054613
220.40          -0.054857
220.60          -0.055110
220.80          -0.055372
221.00          -0.055644
221.20          -0.055928
221.40          -0.056224
221.60          -0.056535
221.80          -0.056862
222.00          -0.057209
222.20          -0.057578
222.40          -0.057974
222.60          -0.058402
222.80          -0.058867
223.00          -0.059379
223.20          -0.059948
223.40          -0.060589
223.60          -0.061321
223.80          -0.062173
224.00          -0.063186
224.20          -0.064419
224.40          -0.065969
224.60          -0.067992
224.80          -0.070765
225.00          -0.074820
