175.00          -0.096380
175.20          -0.098597
175.40          -0.10094
175.60          -0.10342
175.80          -0.10604
176.00          -0.10883
176.20          -0.11179
176.40          -0.11494
176.60          -0.11829
176.80          -0.12188
177.00          -0.12570
177.20          -0.12980
177.40          -0.13420
177.60          -0.13893
177.80          -0.14402
178.00          -0.14950
178.20          -0.15543
178.40          -0.16186
178.60          -0.16883
178.80          -0.17641
179.00          -0.18467
179.20          -0.19370
179.40          -0.20358
179.60          -0.21442
179.80          -0.22634
180.00          -0.23948
180.20          -0.25399
180.40          -0.27004
180.60          -0.28782
180.80          -0.30756
181.00          -0.32948
181.20          -0.35382
181.40          -0.38084
181.60          -0.41075
181.80          -0.44376
182.00          -0.47994
182.20          -0.51925
182.40          -0.56137
182.60          -0.60565
182.80          -0.65095
183.00          -0.69552
183.20          -0.73699
183.40          -0.77247
183.60          -0.79880
183.80          -0.81310
184.00          -0.81339
184.20          -0.79906
184.40          -0.77116
184.60          -0.73210
184.80          -0.68512
185.00          -0.63366
185.20          -0.58077
185.40          -0.52886
185.60          -0.47959
185.80          -0.43395
186.00          -0.39240
186.20          -0.35506
186.40          -0.32177
186.60          -0.29226
186.80          -0.26620
187.00          -0.24321
187.20          -0.22296
187.40          -0.20510
187.60          -0.18935
187.80          -0.17542
188.00          -0.16310
188.20          -0.15217
188.40          -0.14246
188.60          -0.13381
188.80          -0.12610
189.00          -0.11920
189.20          -0.11302
189.40          -0.10748
189.60          -0.10249
189.80          -0.098003
190.00          -0.093955
190.20          -0.090299
190.40          -0.086993
190.60          -0.084002
190.80          -0.081293
191.00          -0.078839
191.20          -0.076615
191.40          -0.074601
191.60          -0.072778
191.80          -0.071129
192.00          -0.069643
192.20          -0.068306
192.40          -0.067110
192.60          -0.066046
192.80          -0.065109
193.00          -0.064295
193.20          -0.063602
193.40          -0.063031
193.60          -0.062587
193.80          -0.062277
194.00          -0.062117
194.20          -0.062128
194.40          -0.062347
194.60          -0.062829
194.80          -0.063665
195.00          -0.065007
195.20          -0.067128
195.40          -0.070562
195.60          -0.076477
195.80          -0.087938
196.00          -0.11560
196.20          -0.22449
196.40          -3.4555
196.60          -0.23267
196.80          -0.069726
197.00          -0.050558
197.20          -0.046006
197.40          -0.044692
197.60          -0.044357
197.80          -0.044365
198.00          -0.044500
198.20          -0.044679
198.40          -0.044869
198.60          -0.045056
198.80          -0.045236
199.00          -0.045407
199.20          -0.045569
199.40          -0.045724
199.60          -0.045873
199.80          -0.046017
200.00          -0.046157
200.20          -0.046294
200.40          -0.046428
200.60          -0.046561
200.80          -0.046693
201.00          -0.046824
201.20          -0.046955
201.40          -0.047087
201.60          -0.047218
201.80          -0.047351
202.00          -0.047485
202.20          -0.047619
202.40          -0.047755
202.60          -0.047893
202.80          -0.048031
203.00          -0.048171
203.20          -0.048313
203.40          -0.048456
203.60          -0.048601
203.80          -0.048747
204.00          -0.048895
204.20          -0.049045
204.40          -0.049196
204.60          -0.049349
204.80          -0.049503
205.00          -0.049659
205.20          -0.049817
205.40          -0.049976
205.60          -0.050137
205.80          -0.050299
206.00          -0.050463
206.20          -0.050629
206.40          -0.050796
206.60          -0.050965
206.80          -0.051135
207.00          -0.051306
207.20          -0.051479
207.40          -0.051654
207.60          -0.051830
207.80          -0.052008
208.00          -0.052187
208.20          -0.052367
208.40          -0.052549
208.60          -0.052732
208.80          -0.052917
209.00          -0.053104
209.20          -0.053291
209.40          -0.053480
209.60          -0.053671
209.80          -0.053863
210.00          -0.054057
210.20          -0.054252
210.40          -0.054448
210.60          -0.054646
210.80          -0.054846
211.00          -0.055047
211.20          -0.055249
211.40          -0.055453
211.60          -0.055659
211.80          -0.055866
212.00          -0.056075
212.20          -0.056286
212.40          -0.056498
212.60          -0.056712
212.80          -0.056928
213.00          -0.057145
213.20          -0.057365
213.40          -0.057586
213.60          -0.057809
213.80          -0.058035
214.00          -0.058262
214.20          -0.058491
214.40          -0.058723
214.60          -0.058957
214.80          -0.059193
215.00          -0.059432
215.20          -0.059673
215.40          -0.059917
215.60          -0.060163
215.80          -0.060413
216.00          -0.060666
216.20          -0.060922
216.40          -0.061181
216.60          -0.061444
216.80          -0.061711
217.00          -0.061982
217.20          -0.062258
217.40          -0.062539
217.60          -0.062825
217.80          -0.063119
218.00          -0.063421
218.20          -0.063736
218.40          -0.064073
218.60          -0.064466
218.80          -0.065118
219.00          -0.073176
219.20          -0.066831
219.40          -0.065885
219.60          -0.066078
219.80          -0.066395
220.00          -0.066751
220.20          -0.067131
220.40          -0.067530
220.60          -0.067949
220.80          -0.068388
221.00          -0.068849
221.20          -0.069336
221.40          -0.069850
221.60          -0.070397
221.80          -0.070982
222.00          -0.071611
222.20          -0.072293
222.40          -0.073037
222.60          -0.073856
222.80          -0.074768
223.00          -0.075795
223.20          -0.076968
223.40          -0.078328
223.60          -0.079936
223.80          -0.081878
224.00          -0.084286
224.20          -0.087368
224.40          -0.091472
224.60          -0.097203
224.80          -0.10569
225.00          -0.11913
