175.00          -0.086370
175.20          -0.084380
175.40          -0.082494
175.60          -0.080706
175.80          -0.079011
176.00          -0.077403
176.20          -0.075878
176.40          -0.074431
176.60          -0.073060
176.80          -0.071758
177.00          -0.070524
177.20          -0.069353
177.40          -0.068242
177.60          -0.067189
177.80          -0.066190
178.00          -0.065242
178.20          -0.064344
178.40          -0.063492
178.60          -0.062685
178.80          -0.061919
179.00          -0.061194
179.20          -0.060507
179.40          -0.059857
179.60          -0.059242
179.80          -0.058659
180.00          -0.058108
180.20          -0.057588
180.40          -0.057096
180.60          -0.056632
180.80          -0.056194
181.00          -0.055782
181.20          -0.055393
181.40          -0.055028
181.60          -0.054685
181.80          -0.054363
182.00          -0.054061
182.20          -0.053779
182.40          -0.053515
182.60          -0.053269
182.80          -0.053041
183.00          -0.052829
183.20          -0.052633
183.40          -0.052453
183.60          -0.052287
183.80          -0.052135
184.00          -0.051997
184.20          -0.051873
184.40          -0.051761
184.60          -0.051661
184.80          -0.051573
185.00          -0.051497
185.20          -0.051432
185.40          -0.051378
185.60          -0.051334
185.80          -0.051300
186.00          -0.051276
186.20          -0.051261
186.40          -0.051256
186.60          -0.051260
186.80          -0.051272
187.00          -0.051294
187.20          -0.051323
187.40          -0.051361
187.60          -0.051406
187.80          -0.051460
188.00          -0.051521
188.20          -0.051590
188.40          -0.051667
188.60          -0.051750
188.80          -0.051841
189.00          -0.051940
189.20          -0.052046
189.40          -0.052159
189.60          -0.052279
189.80          -0.052406
190.00          -0.052541
190.20          -0.052684
190.40          -0.052834
190.60          -0.052993
190.80          -0.053159
191.00          -0.053334
191.20          -0.053518
191.40          -0.053711
191.60          -0.053915
191.80          -0.054129
192.00          -0.054355
192.20          -0.054594
192.40          -0.054848
192.60          -0.055118
192.80          -0.055407
193.00          -0.055717
193.20          -0.056052
193.40          -0.056418
193.60          -0.056821
193.80          -0.057270
194.00          -0.057778
194.20          -0.058363
194.40          -0.059052
194.60          -0.059886
194.80          -0.060932
195.00          -0.062305
195.20          -0.064219
195.40          -0.067112
195.60          -0.072037
195.80          -0.082151
196.00          -0.11161
196.20          -0.33360
196.40          -0.64526
196.60          -0.083673
196.80          -0.060009
197.00          -0.055754
197.20          -0.054812
197.40          -0.054757
197.60          -0.054993
197.80          -0.055331
198.00          -0.055702
198.20          -0.056080
198.40          -0.056455
198.60          -0.056822
198.80          -0.057180
199.00          -0.057530
199.20          -0.057872
199.40          -0.058207
199.60          -0.058536
199.80          -0.058859
200.00          -0.059179
200.20          -0.059494
200.40          -0.059806
200.60          -0.060116
200.80          -0.060424
201.00          -0.060729
201.20          -0.061033
201.40          -0.061337
201.60          -0.061639
201.80          -0.061940
202.00          -0.062241
202.20          -0.062542
202.40          -0.062843
202.60          -0.063143
202.80          -0.063444
203.00          -0.063745
203.20          -0.064046
203.40          -0.064348
203.60          -0.064650
203.80          -0.064953
204.00          -0.065256
204.20          -0.065560
204.40          -0.065865
204.60          -0.066171
204.80          -0.066477
205.00          -0.066784
205.20          -0.067092
205.40          -0.067401
205.60          -0.067711
205.80          -0.068022
206.00          -0.068334
206.20          -0.068646
206.40          -0.068960
206.60          -0.069275
206.80          -0.069590
207.00          -0.069907
207.20          -0.070225
207.40          -0.070544
207.60          -0.070863
207.80          -0.071184
208.00          -0.071506
208.20          -0.071830
208.40          -0.072154
208.60          -0.072479
208.80          -0.072805
209.00          -0.073133
209.20          -0.073461
209.40          -0.073791
209.60          -0.074122
209.80          -0.074454
210.00          -0.074787
210.20          -0.075121
210.40          -0.075456
210.60          -0.075793
210.80          -0.076130
211.00          -0.076469
211.20          -0.076809
211.40          -0.077150
211.60          -0.077493
211.80          -0.077836
212.00          -0.078181
212.20          -0.078527
212.40          -0.078874
212.60          -0.079223
212.80          -0.079573
213.00          -0.079924
213.20          -0.080277
213.40          -0.080631
213.60          -0.080986
213.80          -0.081344
214.00          -0.081702
214.20          -0.082062
214.40          -0.082424
214.60          -0.082788
214.80          -0.083154
215.00          -0.083522
215.20          -0.083892
215.40          -0.084264
215.60          -0.084639
215.80          -0.085017
216.00          -0.085399
216.20          -0.085784
216.40          -0.086174
216.60          -0.086569
216.80          -0.086970
217.00          -0.087381
217.20          -0.087802
217.40          -0.088239
217.60          -0.088699
217.80          -0.089194
218.00          -0.089750
218.20          -0.090422
218.40          -0.091362
218.60          -0.093104
218.80          -0.099008
219.00          -0.28944
219.20          -0.10450
219.40          -0.093890
219.60          -0.092868
219.80          -0.092880
220.00          -0.093148
220.20          -0.093508
220.40          -0.093909
220.60          -0.094332
220.80          -0.094770
221.00          -0.095217
221.20          -0.095673
221.40          -0.096135
221.60          -0.096601
221.80          -0.097070
222.00          -0.097538
222.20          -0.098002
222.40          -0.098455
222.60          -0.098884
222.80          -0.099274
223.00          -0.099596
223.20          -0.099807
223.40          -0.099833
223.60          -0.099557
223.80          -0.098779
224.00          -0.097177
224.20          -0.094237
224.40          -0.089248
224.60          -0.081555
224.80          -0.071474
225.00          -0.061560
