175.00          -0.054262
175.20          -0.053926
175.40          -0.053607
175.60          -0.053307
175.80          -0.053023
176.00          -0.052756
176.20          -0.052504
176.40          -0.052268
176.60          -0.052046
176.80          -0.051839
177.00          -0.051646
177.20          -0.051466
177.40          -0.051299
177.60          -0.051144
177.80          -0.051002
178.00          -0.050871
178.20          -0.050752
178.40          -0.050644
178.60          -0.050546
178.80          -0.050459
179.00          -0.050382
179.20          -0.050315
179.40          -0.050257
179.60          -0.050208
179.80          -0.050168
180.00          -0.050138
180.20          -0.050115
180.40          -0.050101
180.60          -0.050095
180.80          -0.050097
181.00          -0.050106
181.20          -0.050123
181.40          -0.050147
181.60          -0.050178
181.80          -0.050216
182.00          -0.050261
182.20          -0.050312
182.40          -0.050370
182.60          -0.050434
182.80          -0.050504
183.00          -0.050581
183.20          -0.050663
183.40          -0.050751
183.60          -0.050845
183.80          -0.050944
184.00          -0.051049
184.20          -0.051159
184.40          -0.051274
184.60          -0.051395
184.80          -0.051521
185.00          -0.051652
185.20          -0.051787
185.40          -0.051928
185.60          -0.052073
185.80          -0.052224
186.00          -0.052379
186.20          -0.052538
186.40          -0.052702
186.60          -0.052871
186.80          -0.053045
187.00          -0.053223
187.20          -0.053405
187.40          -0.053592
187.60          -0.053783
187.80          -0.053979
188.00          -0.054179
188.20          -0.054384
188.40          -0.054593
188.60          -0.054807
188.80          -0.055026
189.00          -0.055249
189.20          -0.055477
189.40          -0.055709
189.60          -0.055947
189.80          -0.056189
190.00          -0.056437
190.20          -0.056690
190.40          -0.056949
190.60          -0.057214
190.80          -0.057484
191.00          -0.057761
191.20          -0.058046
191.40          -0.058337
191.60          -0.058637
191.80          -0.058945
192.00          -0.059263
192.20          -0.059592
192.40          -0.059932
192.60          -0.060287
192.80          -0.060657
193.00          -0.061045
193.20          -0.061456
193.40          -0.061892
193.60          -0.062361
193.80          -0.062870
194.00          -0.063431
194.20          -0.064060
194.40          -0.064780
194.60          -0.065630
194.80          -0.066670
195.00          -0.068004
195.20          -0.069827
195.40          -0.072548
195.60          -0.077158
195.80          -0.086709
196.00          -0.11556
196.20          -0.37086
196.40          -0.41207
196.60          -0.084691
196.80          -0.066831
197.00          -0.063522
197.20          -0.062852
197.40          -0.062914
197.60          -0.063221
197.80          -0.063617
198.00          -0.064044
198.20          -0.064479
198.40          -0.064913
198.60          -0.065341
198.80          -0.065762
199.00          -0.066177
199.20          -0.066586
199.40          -0.066990
199.60          -0.067388
199.80          -0.067783
200.00          -0.068174
200.20          -0.068562
200.40          -0.068947
200.60          -0.069331
200.80          -0.069712
201.00          -0.070093
201.20          -0.070472
201.40          -0.070850
201.60          -0.071227
201.80          -0.071604
202.00          -0.071981
202.20          -0.072357
202.40          -0.072733
202.60          -0.073109
202.80          -0.073485
203.00          -0.073861
203.20          -0.074237
203.40          -0.074613
203.60          -0.074990
203.80          -0.075367
204.00          -0.075744
204.20          -0.076121
204.40          -0.076499
204.60          -0.076878
204.80          -0.077256
205.00          -0.077635
205.20          -0.078014
205.40          -0.078394
205.60          -0.078774
205.80          -0.079154
206.00          -0.079534
206.20          -0.079915
206.40          -0.080296
206.60          -0.080677
206.80          -0.081058
207.00          -0.081440
207.20          -0.081821
207.40          -0.082203
207.60          -0.082584
207.80          -0.082966
208.00          -0.083347
208.20          -0.083729
208.40          -0.084110
208.60          -0.084491
208.80          -0.084872
209.00          -0.085252
209.20          -0.085632
209.40          -0.086012
209.60          -0.086391
209.80          -0.086769
210.00          -0.087147
210.20          -0.087524
210.40          -0.087900
210.60          -0.088275
210.80          -0.088650
211.00          -0.089023
211.20          -0.089395
211.40          -0.089766
211.60          -0.090136
211.80          -0.090504
212.00          -0.090871
212.20          -0.091236
212.40          -0.091599
212.60          -0.091961
212.80          -0.092321
213.00          -0.092678
213.20          -0.093034
213.40          -0.093387
213.60          -0.093738
213.80          -0.094087
214.00          -0.094433
214.20          -0.094777
214.40          -0.095118
214.60          -0.095456
214.80          -0.095792
215.00          -0.096124
215.20          -0.096454
215.40          -0.096781
215.60          -0.097106
215.80          -0.097428
216.00          -0.097748
216.20          -0.098067
216.40          -0.098386
216.60          -0.098705
216.80          -0.099028
217.00          -0.099358
217.20          -0.099699
217.40          -0.10006
217.60          -0.10046
217.80          -0.10092
218.00          -0.10149
218.20          -0.10231
218.40          -0.10371
218.60          -0.10687
218.80          -0.11954
219.00          -0.64337
219.20          -0.12539
219.40          -0.10477
219.60          -0.10206
219.80          -0.10133
220.00          -0.10105
220.20          -0.10091
220.40          -0.10081
220.60          -0.10069
220.80          -0.10055
221.00          -0.10036
221.20          -0.10012
221.40          -0.099808
221.60          -0.099415
221.80          -0.098924
222.00          -0.098317
222.20          -0.097568
222.40          -0.096647
222.60          -0.095516
222.80          -0.094125
223.00          -0.092411
223.20          -0.090299
223.40          -0.087694
223.60          -0.084499
223.80          -0.080634
224.00          -0.076113
224.20          -0.071180
224.40          -0.066547
224.60          -0.063556
224.80          -0.063838
225.00          -0.068167
