175.00          -0.049997
175.20          -0.050180
175.40          -0.050368
175.60          -0.050560
175.80          -0.050757
176.00          -0.050959
176.20          -0.051166
176.40          -0.051377
176.60          -0.051592
176.80          -0.051813
177.00          -0.052038
177.20          -0.052267
177.40          -0.052501
177.60          -0.052740
177.80          -0.052983
178.00          -0.053230
178.20          -0.053482
178.40          -0.053739
178.60          -0.054000
178.80          -0.054266
179.00          -0.054536
179.20          -0.054810
179.40          -0.055089
179.60          -0.055373
179.80          -0.055660
180.00          -0.055953
180.20          -0.056250
180.40          -0.056551
180.60          -0.056857
180.80          -0.057167
181.00          -0.057481
181.20          -0.057801
181.40          -0.058124
181.60          -0.058452
181.80          -0.058785
182.00          -0.059122
182.20          -0.059464
182.40          -0.059810
182.60          -0.060160
182.80          -0.060516
183.00          -0.060876
183.20          -0.061240
183.40          -0.061609
183.60          -0.061982
183.80          -0.062361
184.00          -0.062743
184.20          -0.063131
184.40          -0.063523
184.60          -0.063920
184.80          -0.064322
185.00          -0.064728
185.20          -0.065139
185.40          -0.065555
185.60          -0.065975
185.80          -0.066401
186.00          -0.066831
186.20          -0.067266
186.40          -0.067707
186.60          -0.068152
186.80          -0.068602
187.00          -0.069057
187.20          -0.069517
187.40          -0.069982
187.60          -0.070453
187.80          -0.070928
188.00          -0.071409
188.20          -0.071895
188.40          -0.072386
188.60          -0.072883
188.80          -0.073386
189.00          -0.073893
189.20          -0.074407
189.40          -0.074926
189.60          -0.075451
189.80          -0.075982
190.00          -0.076519
190.20          -0.077062
190.40          -0.077612
190.60          -0.078168
190.80          -0.078730
191.00          -0.079300
191.20          -0.079877
191.40          -0.080462
191.60          -0.081054
191.80          -0.081655
192.00          -0.082265
192.20          -0.082885
192.40          -0.083515
192.60          -0.084157
192.80          -0.084811
193.00          -0.085480
193.20          -0.086166
193.40          -0.086870
193.60          -0.087598
193.80          -0.088355
194.00          -0.089147
194.20          -0.089984
194.40          -0.090883
194.60          -0.091868
194.80          -0.092977
195.00          -0.094282
195.20          -0.095915
195.40          -0.098158
195.60          -0.10172
195.80          -0.10885
196.00          -0.13105
196.20          -0.38468
196.40          -0.25551
196.60          -0.10957
196.80          -0.099128
197.00          -0.097276
197.20          -0.097159
197.40          -0.097568
197.60          -0.098175
197.80          -0.098866
198.00          -0.099595
198.20          -0.10034
198.40          -0.10110
198.60          -0.10187
198.80          -0.10263
199.00          -0.10340
199.20          -0.10417
199.40          -0.10494
199.60          -0.10572
199.80          -0.10649
200.00          -0.10727
200.20          -0.10805
200.40          -0.10883
200.60          -0.10961
200.80          -0.11039
201.00          -0.11117
201.20          -0.11196
201.40          -0.11275
201.60          -0.11354
201.80          -0.11433
202.00          -0.11513
202.20          -0.11592
202.40          -0.11672
202.60          -0.11752
202.80          -0.11832
203.00          -0.11912
203.20          -0.11992
203.40          -0.12073
203.60          -0.12154
203.80          -0.12234
204.00          -0.12315
204.20          -0.12396
204.40          -0.12477
204.60          -0.12558
204.80          -0.12640
205.00          -0.12721
205.20          -0.12802
205.40          -0.12883
205.60          -0.12965
205.80          -0.13046
206.00          -0.13127
206.20          -0.13208
206.40          -0.13290
206.60          -0.13371
206.80          -0.13452
207.00          -0.13533
207.20          -0.13613
207.40          -0.13694
207.60          -0.13774
207.80          -0.13855
208.00          -0.13935
208.20          -0.14015
208.40          -0.14094
208.60          -0.14174
208.80          -0.14253
209.00          -0.14332
209.20          -0.14411
209.40          -0.14489
209.60          -0.14567
209.80          -0.14645
210.00          -0.14722
210.20          -0.14799
210.40          -0.14876
210.60          -0.14952
210.80          -0.15028
211.00          -0.15103
211.20          -0.15178
211.40          -0.15253
211.60          -0.15327
211.80          -0.15401
212.00          -0.15475
212.20          -0.15548
212.40          -0.15620
212.60          -0.15692
212.80          -0.15764
213.00          -0.15835
213.20          -0.15906
213.40          -0.15976
213.60          -0.16046
213.80          -0.16116
214.00          -0.16186
214.20          -0.16255
214.40          -0.16324
214.60          -0.16393
214.80          -0.16462
215.00          -0.16531
215.20          -0.16600
215.40          -0.16670
215.60          -0.16740
215.80          -0.16811
216.00          -0.16884
216.20          -0.16958
216.40          -0.17036
216.60          -0.17117
216.80          -0.17203
217.00          -0.17296
217.20          -0.17401
217.40          -0.17522
217.60          -0.17670
217.80          -0.17860
218.00          -0.18126
218.20          -0.18542
218.40          -0.19308
218.60          -0.21144
218.80          -0.28877
219.00          -5.2309
219.20          -0.24981
219.40          -0.17882
219.60          -0.16947
219.80          -0.16691
220.00          -0.16572
220.20          -0.16475
220.40          -0.16361
220.60          -0.16211
220.80          -0.16010
221.00          -0.15739
221.20          -0.15375
221.40          -0.14884
221.60          -0.14217
221.80          -0.13300
222.00          -0.12022
222.20          -0.10234
222.40          -0.079380
222.60          -0.077593
222.80          -0.82393
223.00          -2.5528
223.20          -0.87635
223.40          -0.58760
223.60          -0.48331
223.80          -0.43316
224.00          -0.40578
224.20          -0.39018
224.40          -0.38162
224.60          -0.37774
224.80          -0.37727
225.00          -0.37949
