175.00          -0.050180
175.20          -0.050370
175.40          -0.050564
175.60          -0.050764
175.80          -0.050968
176.00          -0.051177
176.20          -0.051390
176.40          -0.051608
176.60          -0.051831
176.80          -0.052058
177.00          -0.052290
177.20          -0.052527
177.40          -0.052768
177.60          -0.053014
177.80          -0.053264
178.00          -0.053519
178.20          -0.053778
178.40          -0.054042
178.60          -0.054310
178.80          -0.054583
179.00          -0.054860
179.20          -0.055142
179.40          -0.055428
179.60          -0.055719
179.80          -0.056014
180.00          -0.056314
180.20          -0.056618
180.40          -0.056927
180.60          -0.057241
180.80          -0.057559
181.00          -0.057881
181.20          -0.058208
181.40          -0.058540
181.60          -0.058876
181.80          -0.059217
182.00          -0.059562
182.20          -0.059912
182.40          -0.060266
182.60          -0.060625
182.80          -0.060989
183.00          -0.061357
183.20          -0.061730
183.40          -0.062108
183.60          -0.062490
183.80          -0.062877
184.00          -0.063269
184.20          -0.063666
184.40          -0.064067
184.60          -0.064473
184.80          -0.064884
185.00          -0.065300
185.20          -0.065721
185.40          -0.066146
185.60          -0.066577
185.80          -0.067012
186.00          -0.067453
186.20          -0.067898
186.40          -0.068348
186.60          -0.068804
186.80          -0.069265
187.00          -0.069730
187.20          -0.070201
187.40          -0.070677
187.60          -0.071159
187.80          -0.071646
188.00          -0.072138
188.20          -0.072635
188.40          -0.073138
188.60          -0.073647
188.80          -0.074161
189.00          -0.074681
189.20          -0.075207
189.40          -0.075738
189.60          -0.076275
189.80          -0.076819
190.00          -0.077369
190.20          -0.077925
190.40          -0.078487
190.60          -0.079056
190.80          -0.079632
191.00          -0.080215
191.20          -0.080806
191.40          -0.081404
191.60          -0.082010
191.80          -0.082625
192.00          -0.083249
192.20          -0.083883
192.40          -0.084527
192.60          -0.085183
192.80          -0.085851
193.00          -0.086534
193.20          -0.087234
193.40          -0.087952
193.60          -0.088694
193.80          -0.089464
194.00          -0.090268
194.20          -0.091118
194.40          -0.092028
194.60          -0.093022
194.80          -0.094140
195.00          -0.095448
195.20          -0.097078
195.40          -0.099307
195.60          -0.10283
195.80          -0.10986
196.00          -0.13173
196.20          -0.38313
196.40          -0.25340
196.60          -0.11083
196.80          -0.10059
197.00          -0.098782
197.20          -0.098688
197.40          -0.099116
197.60          -0.099740
197.80          -0.10045
198.00          -0.10120
198.20          -0.10196
198.40          -0.10274
198.60          -0.10353
198.80          -0.10432
199.00          -0.10511
199.20          -0.10590
199.40          -0.10669
199.60          -0.10749
199.80          -0.10829
200.00          -0.10909
200.20          -0.10989
200.40          -0.11069
200.60          -0.11150
200.80          -0.11231
201.00          -0.11312
201.20          -0.11393
201.40          -0.11474
201.60          -0.11556
201.80          -0.11638
202.00          -0.11720
202.20          -0.11802
202.40          -0.11885
202.60          -0.11968
202.80          -0.12051
203.00          -0.12134
203.20          -0.12217
203.40          -0.12301
203.60          -0.12384
203.80          -0.12468
204.00          -0.12552
204.20          -0.12636
204.40          -0.12721
204.60          -0.12805
204.80          -0.12890
205.00          -0.12974
205.20          -0.13059
205.40          -0.13144
205.60          -0.13228
205.80          -0.13313
206.00          -0.13398
206.20          -0.13483
206.40          -0.13568
206.60          -0.13653
206.80          -0.13737
207.00          -0.13822
207.20          -0.13907
207.40          -0.13992
207.60          -0.14076
207.80          -0.14161
208.00          -0.14245
208.20          -0.14329
208.40          -0.14413
208.60          -0.14498
208.80          -0.14581
209.00          -0.14665
209.20          -0.14749
209.40          -0.14832
209.60          -0.14915
209.80          -0.14998
210.00          -0.15081
210.20          -0.15163
210.40          -0.15246
210.60          -0.15328
210.80          -0.15410
211.00          -0.15492
211.20          -0.15573
211.40          -0.15654
211.60          -0.15735
211.80          -0.15816
212.00          -0.15897
212.20          -0.15978
212.40          -0.16058
212.60          -0.16139
212.80          -0.16219
213.00          -0.16299
213.20          -0.16380
213.40          -0.16460
213.60          -0.16541
213.80          -0.16621
214.00          -0.16702
214.20          -0.16784
214.40          -0.16865
214.60          -0.16948
214.80          -0.17031
215.00          -0.17115
215.20          -0.17200
215.40          -0.17286
215.60          -0.17375
215.80          -0.17465
216.00          -0.17558
216.20          -0.17655
216.40          -0.17756
216.60          -0.17863
216.80          -0.17977
217.00          -0.18102
217.20          -0.18240
217.40          -0.18400
217.60          -0.18590
217.80          -0.18829
218.00          -0.19156
218.20          -0.19649
218.40          -0.20528
218.60          -0.22574
218.80          -0.31029
219.00          -5.7388
219.20          -0.26471
219.40          -0.19123
219.60          -0.18241
219.80          -0.18074
220.00          -0.18056
220.20          -0.18072
220.40          -0.18083
220.60          -0.18073
220.80          -0.18027
221.00          -0.17931
221.20          -0.17761
221.40          -0.17484
221.60          -0.17040
221.80          -0.16326
222.00          -0.15136
222.20          -0.13034
222.40          -0.091494
222.60          -0.15221
222.80          -0.84317
223.00          -0.46399
223.20          -0.37668
223.40          -0.34316
223.60          -0.32760
223.80          -0.32028
224.00          -0.31758
224.20          -0.31785
224.40          -0.32028
224.60          -0.32445
224.80          -0.33012
225.00          -0.33718
