175.00          -0.045257
175.20          -0.045989
175.40          -0.046752
175.60          -0.047548
175.80          -0.048379
176.00          -0.049247
176.20          -0.050155
176.40          -0.051104
176.60          -0.052099
176.80          -0.053141
177.00          -0.054235
177.20          -0.055383
177.40          -0.056590
177.60          -0.057860
177.80          -0.059197
178.00          -0.060608
178.20          -0.062096
178.40          -0.063670
178.60          -0.065334
178.80          -0.067097
179.00          -0.068966
179.20          -0.070952
179.40          -0.073063
179.60          -0.075312
179.80          -0.077709
180.00          -0.080270
180.20          -0.083009
180.40          -0.085943
180.60          -0.089092
180.80          -0.092477
181.00          -0.096122
181.20          -0.10006
181.40          -0.10431
181.60          -0.10891
181.80          -0.11391
182.00          -0.11934
182.20          -0.12526
182.40          -0.13173
182.60          -0.13881
182.80          -0.14657
183.00          -0.15511
183.20          -0.16453
183.40          -0.17492
183.60          -0.18643
183.80          -0.19919
184.00          -0.21338
184.20          -0.22916
184.40          -0.24675
184.60          -0.26635
184.80          -0.28820
185.00          -0.31250
185.20          -0.33947
185.40          -0.36923
185.60          -0.40183
185.80          -0.43712
186.00          -0.47469
186.20          -0.51376
186.40          -0.55305
186.60          -0.59073
186.80          -0.62446
187.00          -0.65153
187.20          -0.66930
187.40          -0.67566
187.60          -0.66958
187.80          -0.65142
188.00          -0.62281
188.20          -0.58631
188.40          -0.54482
188.60          -0.50110
188.80          -0.45739
189.00          -0.41532
189.20          -0.37595
189.40          -0.33981
189.60          -0.30711
189.80          -0.27780
190.00          -0.25171
190.20          -0.22857
190.40          -0.20809
190.60          -0.18998
190.80          -0.17397
191.00          -0.15979
191.20          -0.14723
191.40          -0.13607
191.60          -0.12614
191.80          -0.11729
192.00          -0.10939
192.20          -0.10230
192.40          -0.095943
192.60          -0.090222
192.80          -0.085063
193.00          -0.080401
193.20          -0.076180
193.40          -0.072350
193.60          -0.068868
193.80          -0.065698
194.00          -0.062806
194.20          -0.060164
194.40          -0.057747
194.60          -0.055533
194.80          -0.053503
195.00          -0.051640
195.20          -0.049928
195.40          -0.048356
195.60          -0.046911
195.80          -0.045584
196.00          -0.044367
196.20          -0.043253
196.40          -0.042237
196.60          -0.041314
196.80          -0.040484
197.00          -0.039747
197.20          -0.039108
197.40          -0.038575
197.60          -0.038169
197.80          -0.037922
198.00          -0.037899
198.20          -0.038229
198.40          -0.039201
198.60          -0.041596
198.80          -0.048239
199.00          -0.078146
199.20          -2.6519
199.40          -0.061791
199.60          -0.033704
199.80          -0.029863
200.00          -0.028740
200.20          -0.028241
200.40          -0.027939
200.60          -0.027713
200.80          -0.027520
201.00          -0.027345
201.20          -0.027181
201.40          -0.027026
201.60          -0.026879
201.80          -0.026738
202.00          -0.026604
202.20          -0.026476
202.40          -0.026355
202.60          -0.026240
202.80          -0.026131
203.00          -0.026028
203.20          -0.025932
203.40          -0.025841
203.60          -0.025755
203.80          -0.025675
204.00          -0.025601
204.20          -0.025531
204.40          -0.025467
204.60          -0.025407
204.80          -0.025351
205.00          -0.025301
205.20          -0.025254
205.40          -0.025211
205.60          -0.025173
205.80          -0.025138
206.00          -0.025106
206.20          -0.025079
206.40          -0.025054
206.60          -0.025033
206.80          -0.025015
207.00          -0.025000
207.20          -0.024988
207.40          -0.024979
207.60          -0.024973
207.80          -0.024969
208.00          -0.024967
208.20          -0.024968
208.40          -0.024972
208.60          -0.024977
208.80          -0.024985
209.00          -0.024995
209.20          -0.025007
209.40          -0.025021
209.60          -0.025037
209.80          -0.025055
210.00          -0.025075
210.20          -0.025097
210.40          -0.025120
210.60          -0.025145
210.80          -0.025171
211.00          -0.025199
211.20          -0.025229
211.40          -0.025260
211.60          -0.025293
211.80          -0.025327
212.00          -0.025363
212.20          -0.025400
212.40          -0.025438
212.60          -0.025478
212.80          -0.025519
213.00          -0.025561
213.20          -0.025604
213.40          -0.025649
213.60          -0.025695
213.80          -0.025743
214.00          -0.025791
214.20          -0.025841
214.40          -0.025892
214.60          -0.025944
214.80          -0.025997
215.00          -0.026051
215.20          -0.026107
215.40          -0.026164
215.60          -0.026222
215.80          -0.026281
216.00          -0.026341
216.20          -0.026402
216.40          -0.026465
216.60          -0.026529
216.80          -0.026594
217.00          -0.026661
217.20          -0.026728
217.40          -0.026797
217.60          -0.026867
217.80          -0.026939
218.00          -0.027012
218.20          -0.027086
218.40          -0.027162
218.60          -0.027240
218.80          -0.027319
219.00          -0.027399
219.20          -0.027481
219.40          -0.027565
219.60          -0.027651
219.80          -0.027739
220.00          -0.027829
220.20          -0.027920
220.40          -0.028015
220.60          -0.028111
220.80          -0.028210
221.00          -0.028312
221.20          -0.028418
221.40          -0.028531
221.60          -0.028796
221.80          -0.028815
222.00          -0.028882
222.20          -0.028997
222.40          -0.029122
222.60          -0.029253
222.80          -0.029390
223.00          -0.029533
223.20          -0.029683
223.40          -0.029840
223.60          -0.030006
223.80          -0.030182
224.00          -0.030368
224.20          -0.030566
224.40          -0.030779
224.60          -0.031007
224.80          -0.031255
225.00          -0.031524
