175.00          -0.15487
175.20          -0.15523
175.40          -0.15560
175.60          -0.15596
175.80          -0.15633
176.00          -0.15669
176.20          -0.15706
176.40          -0.15743
176.60          -0.15780
176.80          -0.15817
177.00          -0.15854
177.20          -0.15891
177.40          -0.15928
177.60          -0.15965
177.80          -0.16002
178.00          -0.16039
178.20          -0.16077
178.40          -0.16114
178.60          -0.16151
178.80          -0.16189
179.00          -0.16227
179.20          -0.16264
179.40          -0.16302
179.60          -0.16340
179.80          -0.16378
180.00          -0.16416
180.20          -0.16454
180.40          -0.16492
180.60          -0.16530
180.80          -0.16568
181.00          -0.16606
181.20          -0.16645
181.40          -0.16683
181.60          -0.16721
181.80          -0.16760
182.00          -0.16799
182.20          -0.16837
182.40          -0.16876
182.60          -0.16915
182.80          -0.16954
183.00          -0.16993
183.20          -0.17032
183.40          -0.17071
183.60          -0.17110
183.80          -0.17149
184.00          -0.17189
184.20          -0.17228
184.40          -0.17267
184.60          -0.17307
184.80          -0.17347
185.00          -0.17386
185.20          -0.17426
185.40          -0.17466
185.60          -0.17506
185.80          -0.17546
186.00          -0.17586
186.20          -0.17626
186.40          -0.17666
186.60          -0.17706
186.80          -0.17747
187.00          -0.17787
187.20          -0.17828
187.40          -0.17868
187.60          -0.17909
187.80          -0.17950
188.00          -0.17990
188.20          -0.18031
188.40          -0.18072
188.60          -0.18113
188.80          -0.18154
189.00          -0.18196
189.20          -0.18237
189.40          -0.18278
189.60          -0.18320
189.80          -0.18361
190.00          -0.18403
190.20          -0.18445
190.40          -0.18487
190.60          -0.18529
190.80          -0.18571
191.00          -0.18613
191.20          -0.18655
191.40          -0.18697
191.60          -0.18740
191.80          -0.18782
192.00          -0.18825
192.20          -0.18867
192.40          -0.18910
192.60          -0.18953
192.80          -0.18996
193.00          -0.19039
193.20          -0.19082
193.40          -0.19126
193.60          -0.19169
193.80          -0.19213
194.00          -0.19257
194.20          -0.19300
194.40          -0.19344
194.60          -0.19389
194.80          -0.19433
195.00          -0.19477
195.20          -0.19522
195.40          -0.19567
195.60          -0.19611
195.80          -0.19657
196.00          -0.19702
196.20          -0.19747
196.40          -0.19793
196.60          -0.19839
196.80          -0.19885
197.00          -0.19932
197.20          -0.19978
197.40          -0.20025
197.60          -0.20073
197.80          -0.20120
198.00          -0.20168
198.20          -0.20217
198.40          -0.20266
198.60          -0.20316
198.80          -0.20366
199.00          -0.20416
199.20          -0.20468
199.40          -0.20521
199.60          -0.20574
199.80          -0.20629
200.00          -0.20685
200.20          -0.20743
200.40          -0.20803
200.60          -0.20865
200.80          -0.20931
201.00          -0.21000
201.20          -0.21075
201.40          -0.21157
201.60          -0.21249
201.80          -0.21354
202.00          -0.21478
202.20          -0.21634
202.40          -0.21841
202.60          -0.22138
202.80          -0.22620
203.00          -0.23545
203.20          -0.25890
203.40          -0.36264
203.60          -1.1003
203.80          -0.30994
204.00          -0.23622
204.20          -0.22228
204.40          -0.21807
204.60          -0.21659
204.80          -0.21614
205.00          -0.21613
205.20          -0.21635
205.40          -0.21668
205.60          -0.21708
205.80          -0.21753
206.00          -0.21799
206.20          -0.21847
206.40          -0.21897
206.60          -0.21946
206.80          -0.21996
207.00          -0.22047
207.20          -0.22098
207.40          -0.22148
207.60          -0.22199
207.80          -0.22250
208.00          -0.22301
208.20          -0.22352
208.40          -0.22403
208.60          -0.22455
208.80          -0.22506
209.00          -0.22557
209.20          -0.22609
209.40          -0.22660
209.60          -0.22712
209.80          -0.22764
210.00          -0.22816
210.20          -0.22868
210.40          -0.22920
210.60          -0.22972
210.80          -0.23025
211.00          -0.23077
211.20          -0.23130
211.40          -0.23183
211.60          -0.23237
211.80          -0.23290
212.00          -0.23344
212.20          -0.23398
212.40          -0.23453
212.60          -0.23508
212.80          -0.23563
213.00          -0.23618
213.20          -0.23674
213.40          -0.23731
213.60          -0.23788
213.80          -0.23846
214.00          -0.23904
214.20          -0.23963
214.40          -0.24023
214.60          -0.24084
214.80          -0.24146
215.00          -0.24208
215.20          -0.24273
215.40          -0.24338
215.60          -0.24406
215.80          -0.24475
216.00          -0.24546
216.20          -0.24621
216.40          -0.24698
216.60          -0.24779
216.80          -0.24865
217.00          -0.24956
217.20          -0.25054
217.40          -0.25161
217.60          -0.25279
217.80          -0.25412
218.00          -0.25565
218.20          -0.25744
218.40          -0.25962
218.60          -0.26237
218.80          -0.26599
219.00          -0.27108
219.20          -0.27878
219.40          -0.29175
219.60          -0.31723
219.80          -0.38179
220.00          -0.65375
220.20          -3.7173
220.40          -0.69507
220.60          -0.35174
220.80          -0.29098
221.00          -0.27170
221.20          -0.26379
221.40          -0.26012
221.60          -0.25834
221.80          -0.25751
222.00          -0.25720
222.20          -0.25720
222.40          -0.25738
222.60          -0.25769
222.80          -0.25808
223.00          -0.25852
223.20          -0.25899
223.40          -0.25950
223.60          -0.26002
223.80          -0.26055
224.00          -0.26110
224.20          -0.26165
224.40          -0.26221
224.60          -0.26278
224.80          -0.26334
225.00          -0.26391
