175.00          -0.19794
175.20          -0.19856
175.40          -0.19918
175.60          -0.19981
175.80          -0.20044
176.00          -0.20107
176.20          -0.20171
176.40          -0.20234
176.60          -0.20299
176.80          -0.20363
177.00          -0.20428
177.20          -0.20493
177.40          -0.20559
177.60          -0.20625
177.80          -0.20691
178.00          -0.20758
178.20          -0.20825
178.40          -0.20892
178.60          -0.20960
178.80          -0.21028
179.00          -0.21097
179.20          -0.21166
179.40          -0.21236
179.60          -0.21306
179.80          -0.21376
180.00          -0.21447
180.20          -0.21518
180.40          -0.21590
180.60          -0.21662
180.80          -0.21735
181.00          -0.21808
181.20          -0.21882
181.40          -0.21957
181.60          -0.22032
181.80          -0.22107
182.00          -0.22184
182.20          -0.22260
182.40          -0.22338
182.60          -0.22416
182.80          -0.22495
183.00          -0.22574
183.20          -0.22654
183.40          -0.22735
183.60          -0.22817
183.80          -0.22900
184.00          -0.22983
184.20          -0.23067
184.40          -0.23152
184.60          -0.23238
184.80          -0.23325
185.00          -0.23413
185.20          -0.23502
185.40          -0.23592
185.60          -0.23683
185.80          -0.23776
186.00          -0.23869
186.20          -0.23964
186.40          -0.24060
186.60          -0.24157
186.80          -0.24256
187.00          -0.24356
187.20          -0.24458
187.40          -0.24562
187.60          -0.24667
187.80          -0.24774
188.00          -0.24884
188.20          -0.24995
188.40          -0.25108
188.60          -0.25223
188.80          -0.25341
189.00          -0.25462
189.20          -0.25585
189.40          -0.25710
189.60          -0.25839
189.80          -0.25971
190.00          -0.26107
190.20          -0.26246
190.40          -0.26389
190.60          -0.26536
190.80          -0.26688
191.00          -0.26845
191.20          -0.27006
191.40          -0.27173
191.60          -0.27347
191.80          -0.27527
192.00          -0.27714
192.20          -0.27908
192.40          -0.28112
192.60          -0.28324
192.80          -0.28547
193.00          -0.28780
193.20          -0.29026
193.40          -0.29286
193.60          -0.29561
193.80          -0.29852
194.00          -0.30163
194.20          -0.30494
194.40          -0.30850
194.60          -0.31233
194.80          -0.31646
195.00          -0.32095
195.20          -0.32585
195.40          -0.33122
195.60          -0.33715
195.80          -0.34372
196.00          -0.35106
196.20          -0.35931
196.40          -0.36868
196.60          -0.37941
196.80          -0.39180
197.00          -0.40630
197.20          -0.42345
197.40          -0.44404
197.60          -0.46917
197.80          -0.50042
198.00          -0.54013
198.20          -0.59193
198.40          -0.66164
198.60          -0.75911
198.80          -0.90203
199.00          -1.1248
199.20          -1.5005
199.40          -2.2048
199.60          -3.7184
199.80          -7.4468
200.00          -11.154
200.20          -5.2032
200.40          -2.4766
200.60          -1.4018
200.80          -0.91681
201.00          -0.66909
201.20          -0.52990
201.40          -0.44590
201.60          -0.39238
201.80          -0.35687
202.00          -0.33255
202.20          -0.31552
202.40          -0.30339
202.60          -0.29466
202.80          -0.28835
203.00          -0.28380
203.20          -0.28057
203.40          -0.27833
203.60          -0.27685
203.80          -0.27597
204.00          -0.27555
204.20          -0.27552
204.40          -0.27580
204.60          -0.27635
204.80          -0.27711
205.00          -0.27807
205.20          -0.27919
205.40          -0.28047
205.60          -0.28190
205.80          -0.28347
206.00          -0.28518
206.20          -0.28703
206.40          -0.28904
206.60          -0.29120
206.80          -0.29355
207.00          -0.29609
207.20          -0.29887
207.40          -0.30191
207.60          -0.30527
207.80          -0.30902
208.00          -0.31324
208.20          -0.31806
208.40          -0.32362
208.60          -0.33017
208.80          -0.33803
209.00          -0.34768
209.20          -0.35988
209.40          -0.37584
209.60          -0.39767
209.80          -0.42923
210.00          -0.47836
210.20          -0.56297
210.40          -0.73101
210.60          -1.1318
210.80          -2.0151
211.00          -1.5081
211.20          -0.63119
211.40          -0.38179
211.60          -0.30476
211.80          -0.27682
212.00          -0.26602
212.20          -0.26215
212.40          -0.26138
212.60          -0.26208
212.80          -0.26350
213.00          -0.26526
213.20          -0.26717
213.40          -0.26913
213.60          -0.27109
213.80          -0.27302
214.00          -0.27490
214.20          -0.27673
214.40          -0.27850
214.60          -0.28022
214.80          -0.28190
215.00          -0.28352
215.20          -0.28510
215.40          -0.28664
215.60          -0.28814
215.80          -0.28960
216.00          -0.29104
216.20          -0.29244
216.40          -0.29381
216.60          -0.29516
216.80          -0.29649
217.00          -0.29780
217.20          -0.29908
217.40          -0.30035
217.60          -0.30160
217.80          -0.30283
218.00          -0.30405
218.20          -0.30526
218.40          -0.30645
218.60          -0.30763
218.80          -0.30880
219.00          -0.30996
219.20          -0.31112
219.40          -0.31226
219.60          -0.31340
219.80          -0.31452
220.00          -0.31565
220.20          -0.31676
220.40          -0.31787
220.60          -0.31898
220.80          -0.32008
221.00          -0.32117
221.20          -0.32226
221.40          -0.32335
221.60          -0.32443
221.80          -0.32552
222.00          -0.32659
222.20          -0.32767
222.40          -0.32875
222.60          -0.32982
222.80          -0.33089
223.00          -0.33196
223.20          -0.33303
223.40          -0.33410
223.60          -0.33517
223.80          -0.33624
224.00          -0.33731
224.20          -0.33838
224.40          -0.33946
224.60          -0.34053
224.80          -0.34161
225.00          -0.34270
