175.00          -0.054668
175.20          -0.055969
175.40          -0.057339
175.60          -0.058784
175.80          -0.060309
176.00          -0.061919
176.20          -0.063623
176.40          -0.065426
176.60          -0.067338
176.80          -0.069368
177.00          -0.071524
177.20          -0.073818
177.40          -0.076262
177.60          -0.078870
177.80          -0.081656
178.00          -0.084636
178.20          -0.087829
178.40          -0.091255
178.60          -0.094938
178.80          -0.098902
179.00          -0.10318
179.20          -0.10779
179.40          -0.11279
179.60          -0.11820
179.80          -0.12407
180.00          -0.13046
180.20          -0.13742
180.40          -0.14502
180.60          -0.15332
180.80          -0.16241
181.00          -0.17238
181.20          -0.18333
181.40          -0.19535
181.60          -0.20858
181.80          -0.22313
182.00          -0.23913
182.20          -0.25670
182.40          -0.27597
182.60          -0.29703
182.80          -0.31993
183.00          -0.34464
183.20          -0.37105
183.40          -0.39888
183.60          -0.42768
183.80          -0.45674
184.00          -0.48507
184.20          -0.51141
184.40          -0.53430
184.60          -0.55218
184.80          -0.56361
185.00          -0.56750
185.20          -0.56335
185.40          -0.55132
185.60          -0.53225
185.80          -0.50747
186.00          -0.47860
186.20          -0.44728
186.40          -0.41497
186.60          -0.38288
186.80          -0.35189
187.00          -0.32259
187.20          -0.29533
187.40          -0.27026
187.60          -0.24741
187.80          -0.22670
188.00          -0.20802
188.20          -0.19121
188.40          -0.17610
188.60          -0.16254
188.80          -0.15035
189.00          -0.13941
189.20          -0.12956
189.40          -0.12069
189.60          -0.11270
189.80          -0.10547
190.00          -0.098935
190.20          -0.093010
190.40          -0.087630
190.60          -0.082736
190.80          -0.078276
191.00          -0.074205
191.20          -0.070481
191.40          -0.067071
191.60          -0.063941
191.80          -0.061065
192.00          -0.058417
192.20          -0.055976
192.40          -0.053722
192.60          -0.051639
192.80          -0.049710
193.00          -0.047922
193.20          -0.046262
193.40          -0.044719
193.60          -0.043284
193.80          -0.041947
194.00          -0.040701
194.20          -0.039538
194.40          -0.038451
194.60          -0.037434
194.80          -0.036483
195.00          -0.035592
195.20          -0.034757
195.40          -0.033974
195.60          -0.033239
195.80          -0.032550
196.00          -0.031902
196.20          -0.031293
196.40          -0.030721
196.60          -0.030185
196.80          -0.029681
197.00          -0.029210
197.20          -0.028769
197.40          -0.028359
197.60          -0.027981
197.80          -0.027636
198.00          -0.027330
198.20          -0.027076
198.40          -0.026902
198.60          -0.026887
198.80          -0.027328
199.00          -0.030389
199.20          -0.41902
199.40          -0.026565
199.60          -0.024670
199.80          -0.024248
200.00          -0.024004
200.20          -0.023804
200.40          -0.023622
200.60          -0.023450
200.80          -0.023288
201.00          -0.023133
201.20          -0.022985
201.40          -0.022844
201.60          -0.022709
201.80          -0.022581
202.00          -0.022459
202.20          -0.022343
202.40          -0.022232
202.60          -0.022127
202.80          -0.022028
203.00          -0.021933
203.20          -0.021844
203.40          -0.021759
203.60          -0.021678
203.80          -0.021602
204.00          -0.021530
204.20          -0.021462
204.40          -0.021398
204.60          -0.021337
204.80          -0.021281
205.00          -0.021227
205.20          -0.021177
205.40          -0.021130
205.60          -0.021086
205.80          -0.021044
206.00          -0.021006
206.20          -0.020970
206.40          -0.020937
206.60          -0.020907
206.80          -0.020879
207.00          -0.020853
207.20          -0.020829
207.40          -0.020808
207.60          -0.020788
207.80          -0.020771
208.00          -0.020756
208.20          -0.020743
208.40          -0.020731
208.60          -0.020721
208.80          -0.020713
209.00          -0.020707
209.20          -0.020702
209.40          -0.020699
209.60          -0.020697
209.80          -0.020697
210.00          -0.020698
210.20          -0.020701
210.40          -0.020705
210.60          -0.020710
210.80          -0.020717
211.00          -0.020725
211.20          -0.020734
211.40          -0.020745
211.60          -0.020756
211.80          -0.020769
212.00          -0.020783
212.20          -0.020798
212.40          -0.020814
212.60          -0.020831
212.80          -0.020850
213.00          -0.020869
213.20          -0.020889
213.40          -0.020910
213.60          -0.020933
213.80          -0.020956
214.00          -0.020980
214.20          -0.021006
214.40          -0.021032
214.60          -0.021059
214.80          -0.021087
215.00          -0.021117
215.20          -0.021147
215.40          -0.021178
215.60          -0.021210
215.80          -0.021243
216.00          -0.021277
216.20          -0.021312
216.40          -0.021347
216.60          -0.021384
216.80          -0.021422
217.00          -0.021461
217.20          -0.021501
217.40          -0.021542
217.60          -0.021584
217.80          -0.021628
218.00          -0.021672
218.20          -0.021718
218.40          -0.021764
218.60          -0.021812
218.80          -0.021862
219.00          -0.021912
219.20          -0.021965
219.40          -0.022018
219.60          -0.022073
219.80          -0.022130
220.00          -0.022188
220.20          -0.022249
220.40          -0.022311
220.60          -0.022375
220.80          -0.022442
221.00          -0.022511
221.20          -0.022583
221.40          -0.022662
221.60          -0.022814
221.80          -0.022841
222.00          -0.022897
222.20          -0.022981
222.40          -0.023071
222.60          -0.023166
222.80          -0.023266
223.00          -0.023371
223.20          -0.023482
223.40          -0.023600
223.60          -0.023725
223.80          -0.023859
224.00          -0.024003
224.20          -0.024158
224.40          -0.024326
224.60          -0.024509
224.80          -0.024709
225.00          -0.024930
