175.00          -0.031381
175.20          -0.031702
175.40          -0.032032
175.60          -0.032372
175.80          -0.032722
176.00          -0.033083
176.20          -0.033455
176.40          -0.033839
176.60          -0.034235
176.80          -0.034644
177.00          -0.035066
177.20          -0.035503
177.40          -0.035954
177.60          -0.036421
177.80          -0.036904
178.00          -0.037404
178.20          -0.037922
178.40          -0.038458
178.60          -0.039015
178.80          -0.039593
179.00          -0.040192
179.20          -0.040815
179.40          -0.041463
179.60          -0.042136
179.80          -0.042837
180.00          -0.043567
180.20          -0.044327
180.40          -0.045120
180.60          -0.045948
180.80          -0.046812
181.00          -0.047715
181.20          -0.048660
181.40          -0.049648
181.60          -0.050684
181.80          -0.051770
182.00          -0.052909
182.20          -0.054105
182.40          -0.055362
182.60          -0.056685
182.80          -0.058078
183.00          -0.059547
183.20          -0.061097
183.40          -0.062733
183.60          -0.064465
183.80          -0.066297
184.00          -0.068239
184.20          -0.070300
184.40          -0.072490
184.60          -0.074819
184.80          -0.077300
185.00          -0.079946
185.20          -0.082773
185.40          -0.085795
185.60          -0.089033
185.80          -0.092507
186.00          -0.096239
186.20          -0.10025
186.40          -0.10458
186.60          -0.10926
186.80          -0.11431
187.00          -0.11979
187.20          -0.12573
187.40          -0.13219
187.60          -0.13923
187.80          -0.14690
188.00          -0.15529
188.20          -0.16447
188.40          -0.17453
188.60          -0.18557
188.80          -0.19771
189.00          -0.21105
189.20          -0.22573
189.40          -0.24188
189.60          -0.25963
189.80          -0.27909
190.00          -0.30039
190.20          -0.32358
190.40          -0.34866
190.60          -0.37555
190.80          -0.40401
191.00          -0.43361
191.20          -0.46369
191.40          -0.49333
191.60          -0.52128
191.80          -0.54609
192.00          -0.56614
192.20          -0.57990
192.40          -0.58614
192.60          -0.58413
192.80          -0.57388
193.00          -0.55607
193.20          -0.53195
193.40          -0.50315
193.60          -0.47136
193.80          -0.43816
194.00          -0.40487
194.20          -0.37249
194.40          -0.34171
194.60          -0.31295
194.80          -0.28643
195.00          -0.26218
195.20          -0.24018
195.40          -0.22030
195.60          -0.20239
195.80          -0.18629
196.00          -0.17183
196.20          -0.15884
196.40          -0.14716
196.60          -0.13666
196.80          -0.12720
197.00          -0.11867
197.20          -0.11097
197.40          -0.10400
197.60          -0.097689
197.80          -0.091956
198.00          -0.086742
198.20          -0.081992
198.40          -0.077656
198.60          -0.073692
198.80          -0.070061
199.00          -0.066730
199.20          -0.063669
199.40          -0.060852
199.60          -0.058256
199.80          -0.055858
200.00          -0.053642
200.20          -0.051591
200.40          -0.049689
200.60          -0.047924
200.80          -0.046284
201.00          -0.044758
201.20          -0.043337
201.40          -0.042012
201.60          -0.040775
201.80          -0.039620
202.00          -0.038539
202.20          -0.037528
202.40          -0.036582
202.60          -0.035695
202.80          -0.034863
203.00          -0.034083
203.20          -0.033351
203.40          -0.032664
203.60          -0.032020
203.80          -0.031417
204.00          -0.030852
204.20          -0.030325
204.40          -0.029835
204.60          -0.029382
204.80          -0.028971
205.00          -0.028606
205.20          -0.028303
205.40          -0.028093
205.60          -0.028067
205.80          -0.028542
206.00          -0.031566
206.20          -0.22250
206.40          -0.029218
206.60          -0.025612
206.80          -0.024972
207.00          -0.024645
207.20          -0.024393
207.40          -0.024169
207.60          -0.023961
207.80          -0.023764
208.00          -0.023576
208.20          -0.023397
208.40          -0.023226
208.60          -0.023063
208.80          -0.022908
209.00          -0.022760
209.20          -0.022618
209.40          -0.022484
209.60          -0.022356
209.80          -0.022233
210.00          -0.022117
210.20          -0.022007
210.40          -0.021902
210.60          -0.021802
210.80          -0.021707
211.00          -0.021616
211.20          -0.021531
211.40          -0.021450
211.60          -0.021373
211.80          -0.021300
212.00          -0.021231
212.20          -0.021166
212.40          -0.021104
212.60          -0.021046
212.80          -0.020991
213.00          -0.020939
213.20          -0.020890
213.40          -0.020845
213.60          -0.020802
213.80          -0.020762
214.00          -0.020724
214.20          -0.020689
214.40          -0.020657
214.60          -0.020627
214.80          -0.020599
215.00          -0.020573
215.20          -0.020550
215.40          -0.020528
215.60          -0.020509
215.80          -0.020491
216.00          -0.020476
216.20          -0.020462
216.40          -0.020450
216.60          -0.020439
216.80          -0.020430
217.00          -0.020423
217.20          -0.020418
217.40          -0.020413
217.60          -0.020411
217.80          -0.020410
218.00          -0.020410
218.20          -0.020411
218.40          -0.020414
218.60          -0.020418
218.80          -0.020423
219.00          -0.020430
219.20          -0.020438
219.40          -0.020447
219.60          -0.020457
219.80          -0.020468
220.00          -0.020480
220.20          -0.020493
220.40          -0.020508
220.60          -0.020523
220.80          -0.020540
221.00          -0.020557
221.20          -0.020576
221.40          -0.020595
221.60          -0.020616
221.80          -0.020637
222.00          -0.020659
222.20          -0.020683
222.40          -0.020707
222.60          -0.020732
222.80          -0.020758
223.00          -0.020785
223.20          -0.020813
223.40          -0.020842
223.60          -0.020872
223.80          -0.020903
224.00          -0.020934
224.20          -0.020967
224.40          -0.021001
224.60          -0.021035
224.80          -0.021071
225.00          -0.021107
