175.00          -0.095230
175.20          -0.098054
175.40          -0.10103
175.60          -0.10416
175.80          -0.10746
176.00          -0.11095
176.20          -0.11462
176.40          -0.11850
176.60          -0.12260
176.80          -0.12694
177.00          -0.13153
177.20          -0.13638
177.40          -0.14152
177.60          -0.14696
177.80          -0.15272
178.00          -0.15883
178.20          -0.16529
178.40          -0.17214
178.60          -0.17939
178.80          -0.18706
179.00          -0.19518
179.20          -0.20375
179.40          -0.21279
179.60          -0.22231
179.80          -0.23232
180.00          -0.24281
180.20          -0.25376
180.40          -0.26515
180.60          -0.27695
180.80          -0.28908
181.00          -0.30148
181.20          -0.31405
181.40          -0.32664
181.60          -0.33911
181.80          -0.35127
182.00          -0.36291
182.20          -0.37381
182.40          -0.38370
182.60          -0.39234
182.80          -0.39947
183.00          -0.40488
183.20          -0.40837
183.40          -0.40980
183.60          -0.40909
183.80          -0.40622
184.00          -0.40126
184.20          -0.39433
184.40          -0.38561
184.60          -0.37532
184.80          -0.36374
185.00          -0.35112
185.20          -0.33774
185.40          -0.32385
185.60          -0.30970
185.80          -0.29549
186.00          -0.28139
186.20          -0.26756
186.40          -0.25410
186.60          -0.24111
186.80          -0.22865
187.00          -0.21675
187.20          -0.20545
187.40          -0.19474
187.60          -0.18464
187.80          -0.17512
188.00          -0.16617
188.20          -0.15777
188.40          -0.14990
188.60          -0.14252
188.80          -0.13562
189.00          -0.12915
189.20          -0.12311
189.40          -0.11745
189.60          -0.11216
189.80          -0.10720
190.00          -0.10257
190.20          -0.098222
190.40          -0.094154
190.60          -0.090340
190.80          -0.086763
191.00          -0.083407
191.20          -0.080256
191.40          -0.077296
191.60          -0.074513
191.80          -0.071896
192.00          -0.069432
192.20          -0.067112
192.40          -0.064925
192.60          -0.062863
192.80          -0.060917
193.00          -0.059080
193.20          -0.057344
193.40          -0.055702
193.60          -0.054150
193.80          -0.052680
194.00          -0.051289
194.20          -0.049970
194.40          -0.048719
194.60          -0.047533
194.80          -0.046407
195.00          -0.045338
195.20          -0.044322
195.40          -0.043356
195.60          -0.042438
195.80          -0.041564
196.00          -0.040732
196.20          -0.039940
196.40          -0.039185
196.60          -0.038465
196.80          -0.037779
197.00          -0.037125
197.20          -0.036500
197.40          -0.035904
197.60          -0.035335
197.80          -0.034791
198.00          -0.034272
198.20          -0.033775
198.40          -0.033300
198.60          -0.032846
198.80          -0.032412
199.00          -0.031996
199.20          -0.031599
199.40          -0.031218
199.60          -0.030853
199.80          -0.030504
200.00          -0.030170
200.20          -0.029850
200.40          -0.029544
200.60          -0.029250
200.80          -0.028968
201.00          -0.028699
201.20          -0.028441
201.40          -0.028193
201.60          -0.027956
201.80          -0.027729
202.00          -0.027512
202.20          -0.027304
202.40          -0.027105
202.60          -0.026915
202.80          -0.026734
203.00          -0.026560
203.20          -0.026395
203.40          -0.026238
203.60          -0.026089
203.80          -0.025948
204.00          -0.025815
204.20          -0.025692
204.40          -0.025578
204.60          -0.025476
204.80          -0.025388
205.00          -0.025319
205.20          -0.025279
205.40          -0.025289
205.60          -0.025408
205.80          -0.025838
206.00          -0.027889
206.20          -0.15553
206.40          -0.026442
206.60          -0.024366
206.80          -0.024071
207.00          -0.023959
207.20          -0.023886
207.40          -0.023825
207.60          -0.023769
207.80          -0.023716
208.00          -0.023665
208.20          -0.023617
208.40          -0.023570
208.60          -0.023525
208.80          -0.023482
209.00          -0.023442
209.20          -0.023403
209.40          -0.023366
209.60          -0.023331
209.80          -0.023299
210.00          -0.023268
210.20          -0.023239
210.40          -0.023212
210.60          -0.023187
210.80          -0.023163
211.00          -0.023141
211.20          -0.023122
211.40          -0.023103
211.60          -0.023087
211.80          -0.023072
212.00          -0.023059
212.20          -0.023047
212.40          -0.023036
212.60          -0.023028
212.80          -0.023020
213.00          -0.023014
213.20          -0.023010
213.40          -0.023007
213.60          -0.023005
213.80          -0.023004
214.00          -0.023005
214.20          -0.023007
214.40          -0.023010
214.60          -0.023014
214.80          -0.023020
215.00          -0.023026
215.20          -0.023034
215.40          -0.023043
215.60          -0.023053
215.80          -0.023064
216.00          -0.023076
216.20          -0.023089
216.40          -0.023103
216.60          -0.023118
216.80          -0.023134
217.00          -0.023151
217.20          -0.023169
217.40          -0.023188
217.60          -0.023208
217.80          -0.023228
218.00          -0.023250
218.20          -0.023272
218.40          -0.023295
218.60          -0.023319
218.80          -0.023344
219.00          -0.023370
219.20          -0.023397
219.40          -0.023424
219.60          -0.023452
219.80          -0.023481
220.00          -0.023511
220.20          -0.023542
220.40          -0.023573
220.60          -0.023605
220.80          -0.023638
221.00          -0.023672
221.20          -0.023707
221.40          -0.023742
221.60          -0.023778
221.80          -0.023815
222.00          -0.023853
222.20          -0.023892
222.40          -0.023931
222.60          -0.023971
222.80          -0.024012
223.00          -0.024054
223.20          -0.024097
223.40          -0.024141
223.60          -0.024185
223.80          -0.024230
224.00          -0.024277
224.20          -0.024324
224.40          -0.024372
224.60          -0.024421
224.80          -0.024471
225.00          -0.024522
