175.00          -0.043562
175.20          -0.043145
175.40          -0.042740
175.60          -0.042348
175.80          -0.041967
176.00          -0.041597
176.20          -0.041238
176.40          -0.040890
176.60          -0.040552
176.80          -0.040224
177.00          -0.039906
177.20          -0.039598
177.40          -0.039298
177.60          -0.039008
177.80          -0.038726
178.00          -0.038453
178.20          -0.038187
178.40          -0.037930
178.60          -0.037681
178.80          -0.037439
179.00          -0.037205
179.20          -0.036977
179.40          -0.036757
179.60          -0.036544
179.80          -0.036337
180.00          -0.036137
180.20          -0.035942
180.40          -0.035754
180.60          -0.035573
180.80          -0.035396
181.00          -0.035226
181.20          -0.035061
181.40          -0.034901
181.60          -0.034747
181.80          -0.034598
182.00          -0.034454
182.20          -0.034315
182.40          -0.034181
182.60          -0.034051
182.80          -0.033926
183.00          -0.033806
183.20          -0.033689
183.40          -0.033577
183.60          -0.033470
183.80          -0.033366
184.00          -0.033266
184.20          -0.033171
184.40          -0.033079
184.60          -0.032991
184.80          -0.032906
185.00          -0.032825
185.20          -0.032748
185.40          -0.032674
185.60          -0.032604
185.80          -0.032537
186.00          -0.032473
186.20          -0.032412
186.40          -0.032354
186.60          -0.032300
186.80          -0.032248
187.00          -0.032200
187.20          -0.032154
187.40          -0.032111
187.60          -0.032071
187.80          -0.032034
188.00          -0.031999
188.20          -0.031967
188.40          -0.031938
188.60          -0.031911
188.80          -0.031887
189.00          -0.031865
189.20          -0.031845
189.40          -0.031828
189.60          -0.031813
189.80          -0.031801
190.00          -0.031791
190.20          -0.031783
190.40          -0.031777
190.60          -0.031774
190.80          -0.031772
191.00          -0.031773
191.20          -0.031775
191.40          -0.031780
191.60          -0.031787
191.80          -0.031796
192.00          -0.031806
192.20          -0.031819
192.40          -0.031833
192.60          -0.031850
192.80          -0.031868
193.00          -0.031888
193.20          -0.031910
193.40          -0.031933
193.60          -0.031958
193.80          -0.031985
194.00          -0.032014
194.20          -0.032044
194.40          -0.032076
194.60          -0.032110
194.80          -0.032145
195.00          -0.032182
195.20          -0.032220
195.40          -0.032260
195.60          -0.032302
195.80          -0.032345
196.00          -0.032389
196.20          -0.032435
196.40          -0.032483
196.60          -0.032532
196.80          -0.032582
197.00          -0.032634
197.20          -0.032687
197.40          -0.032741
197.60          -0.032797
197.80          -0.032854
198.00          -0.032913
198.20          -0.032973
198.40          -0.033034
198.60          -0.033096
198.80          -0.033160
199.00          -0.033225
199.20          -0.033291
199.40          -0.033359
199.60          -0.033428
199.80          -0.033498
200.00          -0.033569
200.20          -0.033641
200.40          -0.033715
200.60          -0.033790
200.80          -0.033866
201.00          -0.033943
201.20          -0.034021
201.40          -0.034101
201.60          -0.034181
201.80          -0.034263
202.00          -0.034346
202.20          -0.034431
202.40          -0.034516
202.60          -0.034603
202.80          -0.034691
203.00          -0.034780
203.20          -0.034871
203.40          -0.034964
203.60          -0.035057
203.80          -0.035153
204.00          -0.035251
204.20          -0.035351
204.40          -0.035454
204.60          -0.035562
204.80          -0.035674
205.00          -0.035795
205.20          -0.035930
205.40          -0.036089
205.60          -0.036304
205.80          -0.036683
206.00          -0.037927
206.20          -0.10984
206.40          -0.037428
206.60          -0.036494
206.80          -0.036482
207.00          -0.036565
207.20          -0.036667
207.40          -0.036775
207.60          -0.036885
207.80          -0.036994
208.00          -0.037104
208.20          -0.037214
208.40          -0.037325
208.60          -0.037435
208.80          -0.037545
209.00          -0.037656
209.20          -0.037767
209.40          -0.037877
209.60          -0.037989
209.80          -0.038100
210.00          -0.038212
210.20          -0.038323
210.40          -0.038435
210.60          -0.038548
210.80          -0.038660
211.00          -0.038773
211.20          -0.038885
211.40          -0.038998
211.60          -0.039111
211.80          -0.039224
212.00          -0.039337
212.20          -0.039451
212.40          -0.039564
212.60          -0.039677
212.80          -0.039790
213.00          -0.039903
213.20          -0.040016
213.40          -0.040129
213.60          -0.040242
213.80          -0.040354
214.00          -0.040467
214.20          -0.040579
214.40          -0.040690
214.60          -0.040802
214.80          -0.040913
215.00          -0.041024
215.20          -0.041134
215.40          -0.041244
215.60          -0.041353
215.80          -0.041461
216.00          -0.041569
216.20          -0.041677
216.40          -0.041783
216.60          -0.041889
216.80          -0.041994
217.00          -0.042099
217.20          -0.042202
217.40          -0.042304
217.60          -0.042406
217.80          -0.042506
218.00          -0.042605
218.20          -0.042703
218.40          -0.042800
218.60          -0.042895
218.80          -0.042989
219.00          -0.043081
219.20          -0.043172
219.40          -0.043261
219.60          -0.043349
219.80          -0.043435
220.00          -0.043519
220.20          -0.043601
220.40          -0.043681
220.60          -0.043759
220.80          -0.043834
221.00          -0.043908
221.20          -0.043979
221.40          -0.044047
221.60          -0.044113
221.80          -0.044176
222.00          -0.044236
222.20          -0.044293
222.40          -0.044348
222.60          -0.044398
222.80          -0.044446
223.00          -0.044490
223.20          -0.044530
223.40          -0.044566
223.60          -0.044598
223.80          -0.044627
224.00          -0.044650
224.20          -0.044669
224.40          -0.044684
224.60          -0.044693
224.80          -0.044697
225.00          -0.044696
