175.00          -0.035224
175.20          -0.035111
175.40          -0.035002
175.60          -0.034897
175.80          -0.034797
176.00          -0.034701
176.20          -0.034609
176.40          -0.034522
176.60          -0.034438
176.80          -0.034358
177.00          -0.034282
177.20          -0.034210
177.40          -0.034142
177.60          -0.034077
177.80          -0.034016
178.00          -0.033959
178.20          -0.033904
178.40          -0.033854
178.60          -0.033807
178.80          -0.033763
179.00          -0.033722
179.20          -0.033685
179.40          -0.033650
179.60          -0.033619
179.80          -0.033591
180.00          -0.033566
180.20          -0.033544
180.40          -0.033525
180.60          -0.033509
180.80          -0.033496
181.00          -0.033486
181.20          -0.033478
181.40          -0.033473
181.60          -0.033471
181.80          -0.033472
182.00          -0.033476
182.20          -0.033482
182.40          -0.033490
182.60          -0.033502
182.80          -0.033516
183.00          -0.033532
183.20          -0.033551
183.40          -0.033573
183.60          -0.033597
183.80          -0.033623
184.00          -0.033652
184.20          -0.033683
184.40          -0.033717
184.60          -0.033753
184.80          -0.033792
185.00          -0.033833
185.20          -0.033876
185.40          -0.033921
185.60          -0.033969
185.80          -0.034019
186.00          -0.034071
186.20          -0.034126
186.40          -0.034182
186.60          -0.034241
186.80          -0.034303
187.00          -0.034366
187.20          -0.034432
187.40          -0.034500
187.60          -0.034570
187.80          -0.034642
188.00          -0.034716
188.20          -0.034792
188.40          -0.034871
188.60          -0.034952
188.80          -0.035035
189.00          -0.035120
189.20          -0.035207
189.40          -0.035296
189.60          -0.035387
189.80          -0.035481
190.00          -0.035576
190.20          -0.035674
190.40          -0.035773
190.60          -0.035875
190.80          -0.035979
191.00          -0.036085
191.20          -0.036193
191.40          -0.036303
191.60          -0.036415
191.80          -0.036530
192.00          -0.036646
192.20          -0.036764
192.40          -0.036885
192.60          -0.037007
192.80          -0.037132
193.00          -0.037259
193.20          -0.037387
193.40          -0.037518
193.60          -0.037651
193.80          -0.037786
194.00          -0.037923
194.20          -0.038062
194.40          -0.038204
194.60          -0.038347
194.80          -0.038492
195.00          -0.038640
195.20          -0.038789
195.40          -0.038941
195.60          -0.039095
195.80          -0.039251
196.00          -0.039409
196.20          -0.039569
196.40          -0.039731
196.60          -0.039896
196.80          -0.040062
197.00          -0.040231
197.20          -0.040402
197.40          -0.040575
197.60          -0.040750
197.80          -0.040927
198.00          -0.041106
198.20          -0.041288
198.40          -0.041472
198.60          -0.041657
198.80          -0.041846
199.00          -0.042036
199.20          -0.042228
199.40          -0.042423
199.60          -0.042620
199.80          -0.042819
200.00          -0.043020
200.20          -0.043224
200.40          -0.043430
200.60          -0.043638
200.80          -0.043848
201.00          -0.044061
201.20          -0.044276
201.40          -0.044493
201.60          -0.044712
201.80          -0.044934
202.00          -0.045158
202.20          -0.045385
202.40          -0.045614
202.60          -0.045845
202.80          -0.046079
203.00          -0.046316
203.20          -0.046555
203.40          -0.046796
203.60          -0.047041
203.80          -0.047288
204.00          -0.047538
204.20          -0.047792
204.40          -0.048050
204.60          -0.048312
204.80          -0.048579
205.00          -0.048854
205.20          -0.049140
205.40          -0.049445
205.60          -0.049791
205.80          -0.050255
206.00          -0.051335
206.20          -0.10376
206.40          -0.051445
206.60          -0.050955
206.80          -0.051144
207.00          -0.051407
207.20          -0.051687
207.40          -0.051974
207.60          -0.052264
207.80          -0.052556
208.00          -0.052851
208.20          -0.053147
208.40          -0.053446
208.60          -0.053747
208.80          -0.054050
209.00          -0.054355
209.20          -0.054662
209.40          -0.054971
209.60          -0.055283
209.80          -0.055597
210.00          -0.055913
210.20          -0.056231
210.40          -0.056552
210.60          -0.056875
210.80          -0.057200
211.00          -0.057527
211.20          -0.057857
211.40          -0.058188
211.60          -0.058523
211.80          -0.058859
212.00          -0.059198
212.20          -0.059539
212.40          -0.059882
212.60          -0.060228
212.80          -0.060576
213.00          -0.060926
213.20          -0.061278
213.40          -0.061633
213.60          -0.061990
213.80          -0.062350
214.00          -0.062712
214.20          -0.063076
214.40          -0.063442
214.60          -0.063811
214.80          -0.064182
215.00          -0.064556
215.20          -0.064932
215.40          -0.065311
215.60          -0.065691
215.80          -0.066075
216.00          -0.066460
216.20          -0.066849
216.40          -0.067239
216.60          -0.067633
216.80          -0.068028
217.00          -0.068427
217.20          -0.068828
217.40          -0.069231
217.60          -0.069638
217.80          -0.070047
218.00          -0.070459
218.20          -0.070873
218.40          -0.071291
218.60          -0.071711
218.80          -0.072134
219.00          -0.072561
219.20          -0.072990
219.40          -0.073423
219.60          -0.073859
219.80          -0.074298
220.00          -0.074741
220.20          -0.075187
220.40          -0.075637
220.60          -0.076090
220.80          -0.076548
221.00          -0.077009
221.20          -0.077474
221.40          -0.077943
221.60          -0.078417
221.80          -0.078895
222.00          -0.079378
222.20          -0.079866
222.40          -0.080359
222.60          -0.080856
222.80          -0.081359
223.00          -0.081868
223.20          -0.082382
223.40          -0.082903
223.60          -0.083429
223.80          -0.083962
224.00          -0.084502
224.20          -0.085049
224.40          -0.085603
224.60          -0.086165
224.80          -0.086734
225.00          -0.087312
