175.00          -0.27659
175.20          -0.28472
175.40          -0.29343
175.60          -0.30276
175.80          -0.31279
176.00          -0.32359
176.20          -0.33523
176.40          -0.34781
176.60          -0.36143
176.80          -0.37619
177.00          -0.39223
177.20          -0.40968
177.40          -0.42870
177.60          -0.44945
177.80          -0.47213
178.00          -0.49692
178.20          -0.52404
178.40          -0.55370
178.60          -0.58611
178.80          -0.62145
179.00          -0.65985
179.20          -0.70136
179.40          -0.74588
179.60          -0.79312
179.80          -0.84248
180.00          -0.89298
180.20          -0.94313
180.40          -0.99092
180.60          -1.0338
180.80          -1.0687
181.00          -1.0926
181.20          -1.1028
181.40          -1.0975
181.60          -1.0761
181.80          -1.0395
182.00          -0.99034
182.20          -0.93176
182.40          -0.86742
182.60          -0.80075
182.80          -0.73459
183.00          -0.67108
183.20          -0.61160
183.40          -0.55694
183.60          -0.50740
183.80          -0.46295
184.00          -0.42337
184.20          -0.38829
184.40          -0.35730
184.60          -0.32998
184.80          -0.30592
185.00          -0.28473
185.20          -0.26607
185.40          -0.24962
185.60          -0.23510
185.80          -0.22228
186.00          -0.21094
186.20          -0.20089
186.40          -0.19199
186.60          -0.18409
186.80          -0.17707
187.00          -0.17082
187.20          -0.16526
187.40          -0.16030
187.60          -0.15588
187.80          -0.15195
188.00          -0.14844
188.20          -0.14531
188.40          -0.14252
188.60          -0.14004
188.80          -0.13783
189.00          -0.13587
189.20          -0.13414
189.40          -0.13260
189.60          -0.13126
189.80          -0.13008
190.00          -0.12905
190.20          -0.12817
190.40          -0.12741
190.60          -0.12678
190.80          -0.12625
191.00          -0.12582
191.20          -0.12550
191.40          -0.12526
191.60          -0.12510
191.80          -0.12503
192.00          -0.12503
192.20          -0.12511
192.40          -0.12526
192.60          -0.12548
192.80          -0.12577
193.00          -0.12613
193.20          -0.12656
193.40          -0.12708
193.60          -0.12767
193.80          -0.12835
194.00          -0.12912
194.20          -0.13000
194.40          -0.13100
194.60          -0.13215
194.80          -0.13346
195.00          -0.13498
195.20          -0.13676
195.40          -0.13886
195.60          -0.14141
195.80          -0.14457
196.00          -0.14858
196.20          -0.15390
196.40          -0.16131
196.60          -0.17237
196.80          -0.19062
197.00          -0.22576
197.20          -0.31469
197.40          -0.72510
197.60          -2.4190
197.80          -0.24460
198.00          -0.12675
198.20          -0.10983
198.40          -0.10737
198.60          -0.10817
198.80          -0.10977
199.00          -0.11152
199.20          -0.11323
199.40          -0.11482
199.60          -0.11630
199.80          -0.11767
200.00          -0.11895
200.20          -0.12015
200.40          -0.12128
200.60          -0.12235
200.80          -0.12336
201.00          -0.12434
201.20          -0.12528
201.40          -0.12619
201.60          -0.12707
201.80          -0.12792
202.00          -0.12875
202.20          -0.12957
202.40          -0.13037
202.60          -0.13115
202.80          -0.13192
203.00          -0.13268
203.20          -0.13343
203.40          -0.13418
203.60          -0.13491
203.80          -0.13564
204.00          -0.13636
204.20          -0.13707
204.40          -0.13778
204.60          -0.13849
204.80          -0.13919
205.00          -0.13989
205.20          -0.14058
205.40          -0.14127
205.60          -0.14196
205.80          -0.14265
206.00          -0.14334
206.20          -0.14402
206.40          -0.14470
206.60          -0.14538
206.80          -0.14606
207.00          -0.14674
207.20          -0.14742
207.40          -0.14810
207.60          -0.14878
207.80          -0.14946
208.00          -0.15013
208.20          -0.15081
208.40          -0.15149
208.60          -0.15217
208.80          -0.15285
209.00          -0.15352
209.20          -0.15420
209.40          -0.15488
209.60          -0.15557
209.80          -0.15625
210.00          -0.15693
210.20          -0.15761
210.40          -0.15830
210.60          -0.15899
210.80          -0.15967
211.00          -0.16036
211.20          -0.16105
211.40          -0.16174
211.60          -0.16244
211.80          -0.16313
212.00          -0.16383
212.20          -0.16453
212.40          -0.16523
212.60          -0.16593
212.80          -0.16664
213.00          -0.16735
213.20          -0.16806
213.40          -0.16877
213.60          -0.16949
213.80          -0.17020
214.00          -0.17093
214.20          -0.17165
214.40          -0.17238
214.60          -0.17311
214.80          -0.17384
215.00          -0.17458
215.20          -0.17532
215.40          -0.17607
215.60          -0.17682
215.80          -0.17758
216.00          -0.17834
216.20          -0.17910
216.40          -0.17988
216.60          -0.18065
216.80          -0.18144
217.00          -0.18223
217.20          -0.18303
217.40          -0.18384
217.60          -0.18466
217.80          -0.18549
218.00          -0.18633
218.20          -0.18719
218.40          -0.18807
218.60          -0.18899
218.80          -0.18995
219.00          -0.19101
219.20          -0.19230
219.40          -0.19441
219.60          -0.20409
219.80          -0.22499
220.00          -0.19619
220.20          -0.19597
220.40          -0.19671
220.60          -0.19764
220.80          -0.19863
221.00          -0.19965
221.20          -0.20071
221.40          -0.20180
221.60          -0.20293
221.80          -0.20409
222.00          -0.20529
222.20          -0.20654
222.40          -0.20784
222.60          -0.20919
222.80          -0.21062
223.00          -0.21212
223.20          -0.21372
223.40          -0.21542
223.60          -0.21725
223.80          -0.21923
224.00          -0.22139
224.20          -0.22378
224.40          -0.22643
224.60          -0.22943
224.80          -0.23287
225.00          -0.23687
