175.00          -0.055510
175.20          -0.056102
175.40          -0.056709
175.60          -0.057333
175.80          -0.057975
176.00          -0.058635
176.20          -0.059314
176.40          -0.060013
176.60          -0.060732
176.80          -0.061474
177.00          -0.062238
177.20          -0.063026
177.40          -0.063838
177.60          -0.064677
177.80          -0.065542
178.00          -0.066436
178.20          -0.067359
178.40          -0.068314
178.60          -0.069301
178.80          -0.070323
179.00          -0.071381
179.20          -0.072476
179.40          -0.073611
179.60          -0.074788
179.80          -0.076009
180.00          -0.077276
180.20          -0.078591
180.40          -0.079959
180.60          -0.081380
180.80          -0.082859
181.00          -0.084398
181.20          -0.086001
181.40          -0.087672
181.60          -0.089414
181.80          -0.091232
182.00          -0.093130
182.20          -0.095113
182.40          -0.097186
182.60          -0.099355
182.80          -0.10163
183.00          -0.10400
183.20          -0.10650
183.40          -0.10912
183.60          -0.11186
183.80          -0.11475
184.00          -0.11778
184.20          -0.12097
184.40          -0.12433
184.60          -0.12787
184.80          -0.13161
185.00          -0.13555
185.20          -0.13970
185.40          -0.14409
185.60          -0.14873
185.80          -0.15364
186.00          -0.15884
186.20          -0.16434
186.40          -0.17016
186.60          -0.17633
186.80          -0.18286
187.00          -0.18979
187.20          -0.19712
187.40          -0.20490
187.60          -0.21313
187.80          -0.22183
188.00          -0.23104
188.20          -0.24075
188.40          -0.25099
188.60          -0.26176
188.80          -0.27304
189.00          -0.28484
189.20          -0.29711
189.40          -0.30982
189.60          -0.32288
189.80          -0.33622
190.00          -0.34970
190.20          -0.36319
190.40          -0.37648
190.60          -0.38937
190.80          -0.40161
191.00          -0.41291
191.20          -0.42299
191.40          -0.43155
191.60          -0.43830
191.80          -0.44300
192.00          -0.44544
192.20          -0.44548
192.40          -0.44307
192.60          -0.43822
192.80          -0.43105
193.00          -0.42176
193.20          -0.41060
193.40          -0.39786
193.60          -0.38386
193.80          -0.36894
194.00          -0.35341
194.20          -0.33755
194.40          -0.32163
194.60          -0.30586
194.80          -0.29042
195.00          -0.27544
195.20          -0.26103
195.40          -0.24727
195.60          -0.23419
195.80          -0.22182
196.00          -0.21017
196.20          -0.19923
196.40          -0.18898
196.60          -0.17940
196.80          -0.17046
197.00          -0.16213
197.20          -0.15437
197.40          -0.14715
197.60          -0.14044
197.80          -0.13419
198.00          -0.12839
198.20          -0.12300
198.40          -0.11798
198.60          -0.11332
198.80          -0.10899
199.00          -0.10497
199.20          -0.10122
199.40          -0.097742
199.60          -0.094508
199.80          -0.091502
200.00          -0.088711
200.20          -0.086119
200.40          -0.083715
200.60          -0.081489
200.80          -0.079430
201.00          -0.077530
201.20          -0.075784
201.40          -0.074186
201.60          -0.072732
201.80          -0.071422
202.00          -0.070255
202.20          -0.069236
202.40          -0.068373
202.60          -0.067677
202.80          -0.067170
203.00          -0.066881
203.20          -0.066857
203.40          -0.067170
203.60          -0.067939
203.80          -0.069357
204.00          -0.071775
204.20          -0.075867
204.40          -0.083104
204.60          -0.097269
204.80          -0.13113
205.00          -0.25665
205.20          -2.4715
205.40          -0.40426
205.60          -0.088059
205.80          -0.053352
206.00          -0.044645
206.20          -0.041654
206.40          -0.040441
206.60          -0.039892
206.80          -0.039618
207.00          -0.039465
207.20          -0.039365
207.40          -0.039288
207.60          -0.039220
207.80          -0.039155
208.00          -0.039090
208.20          -0.039024
208.40          -0.038957
208.60          -0.038890
208.80          -0.038823
209.00          -0.038757
209.20          -0.038692
209.40          -0.038629
209.60          -0.038567
209.80          -0.038509
210.00          -0.038453
210.20          -0.038400
210.40          -0.038351
210.60          -0.038305
210.80          -0.038262
211.00          -0.038223
211.20          -0.038187
211.40          -0.038155
211.60          -0.038127
211.80          -0.038103
212.00          -0.038082
212.20          -0.038064
212.40          -0.038050
212.60          -0.038040
212.80          -0.038033
213.00          -0.038029
213.20          -0.038029
213.40          -0.038032
213.60          -0.038038
213.80          -0.038047
214.00          -0.038059
214.20          -0.038074
214.40          -0.038093
214.60          -0.038114
214.80          -0.038137
215.00          -0.038164
215.20          -0.038193
215.40          -0.038225
215.60          -0.038259
215.80          -0.038296
216.00          -0.038336
216.20          -0.038377
216.40          -0.038421
216.60          -0.038468
216.80          -0.038516
217.00          -0.038567
217.20          -0.038620
217.40          -0.038675
217.60          -0.038732
217.80          -0.038792
218.00          -0.038853
218.20          -0.038916
218.40          -0.038981
218.60          -0.039049
218.80          -0.039118
219.00          -0.039188
219.20          -0.039261
219.40          -0.039336
219.60          -0.039412
219.80          -0.039491
220.00          -0.039571
220.20          -0.039653
220.40          -0.039736
220.60          -0.039822
220.80          -0.039909
221.00          -0.039998
221.20          -0.040089
221.40          -0.040182
221.60          -0.040276
221.80          -0.040372
222.00          -0.040471
222.20          -0.040571
222.40          -0.040673
222.60          -0.040777
222.80          -0.040883
223.00          -0.040991
223.20          -0.041102
223.40          -0.041215
223.60          -0.041330
223.80          -0.041448
224.00          -0.041569
224.20          -0.041693
224.40          -0.041821
224.60          -0.041952
224.80          -0.042089
225.00          -0.042231
