175.00          -0.52943
175.20          -0.55033
175.40          -0.56836
175.60          -0.58253
175.80          -0.59193
176.00          -0.59582
176.20          -0.59379
176.40          -0.58578
176.60          -0.57214
176.80          -0.55355
177.00          -0.53095
177.20          -0.50542
177.40          -0.47802
177.60          -0.44976
177.80          -0.42148
178.00          -0.39384
178.20          -0.36733
178.40          -0.34227
178.60          -0.31884
178.80          -0.29715
179.00          -0.27719
179.20          -0.25892
179.40          -0.24225
179.60          -0.22709
179.80          -0.21332
180.00          -0.20083
180.20          -0.18951
180.40          -0.17924
180.60          -0.16993
180.80          -0.16148
181.00          -0.15381
181.20          -0.14683
181.40          -0.14049
181.60          -0.13471
181.80          -0.12944
182.00          -0.12463
182.20          -0.12023
182.40          -0.11621
182.60          -0.11252
182.80          -0.10915
183.00          -0.10604
183.20          -0.10319
183.40          -0.10057
183.60          -0.098152
183.80          -0.095925
184.00          -0.093870
184.20          -0.091973
184.40          -0.090219
184.60          -0.088598
184.80          -0.087097
185.00          -0.085707
185.20          -0.084419
185.40          -0.083224
185.60          -0.082117
185.80          -0.081089
186.00          -0.080134
186.20          -0.079248
186.40          -0.078425
186.60          -0.077660
186.80          -0.076950
187.00          -0.076290
187.20          -0.075676
187.40          -0.075106
187.60          -0.074577
187.80          -0.074086
188.00          -0.073629
188.20          -0.073206
188.40          -0.072813
188.60          -0.072450
188.80          -0.072113
189.00          -0.071801
189.20          -0.071513
189.40          -0.071247
189.60          -0.071002
189.80          -0.070777
190.00          -0.070569
190.20          -0.070380
190.40          -0.070206
190.60          -0.070048
190.80          -0.069904
191.00          -0.069773
191.20          -0.069656
191.40          -0.069551
191.60          -0.069457
191.80          -0.069373
192.00          -0.069301
192.20          -0.069237
192.40          -0.069183
192.60          -0.069137
192.80          -0.069100
193.00          -0.069070
193.20          -0.069048
193.40          -0.069032
193.60          -0.069023
193.80          -0.069021
194.00          -0.069024
194.20          -0.069033
194.40          -0.069047
194.60          -0.069067
194.80          -0.069091
195.00          -0.069119
195.20          -0.069152
195.40          -0.069189
195.60          -0.069230
195.80          -0.069275
196.00          -0.069324
196.20          -0.069375
196.40          -0.069430
196.60          -0.069488
196.80          -0.069549
197.00          -0.069613
197.20          -0.069679
197.40          -0.069748
197.60          -0.069820
197.80          -0.069894
198.00          -0.069970
198.20          -0.070048
198.40          -0.070128
198.60          -0.070211
198.80          -0.070295
199.00          -0.070381
199.20          -0.070470
199.40          -0.070560
199.60          -0.070651
199.80          -0.070745
200.00          -0.070840
200.20          -0.070937
200.40          -0.071036
200.60          -0.071137
200.80          -0.071239
201.00          -0.071344
201.20          -0.071451
201.40          -0.071559
201.60          -0.071671
201.80          -0.071785
202.00          -0.071901
202.20          -0.072021
202.40          -0.072145
202.60          -0.072273
202.80          -0.072406
203.00          -0.072545
203.20          -0.072691
203.40          -0.072846
203.60          -0.073013
203.80          -0.073193
204.00          -0.073393
204.20          -0.073617
204.40          -0.073877
204.60          -0.074189
204.80          -0.074577
205.00          -0.075091
205.20          -0.075825
205.40          -0.076989
205.60          -0.079155
205.80          -0.084418
206.00          -0.10724
206.20          -2.1306
206.40          -0.098687
206.60          -0.077046
206.80          -0.074130
207.00          -0.073436
207.20          -0.073276
207.40          -0.073289
207.60          -0.073367
207.80          -0.073471
208.00          -0.073586
208.20          -0.073704
208.40          -0.073822
208.60          -0.073938
208.80          -0.074053
209.00          -0.074165
209.20          -0.074275
209.40          -0.074383
209.60          -0.074489
209.80          -0.074593
210.00          -0.074695
210.20          -0.074795
210.40          -0.074893
210.60          -0.074990
210.80          -0.075086
211.00          -0.075180
211.20          -0.075272
211.40          -0.075364
211.60          -0.075454
211.80          -0.075542
212.00          -0.075630
212.20          -0.075717
212.40          -0.075802
212.60          -0.075886
212.80          -0.075969
213.00          -0.076052
213.20          -0.076133
213.40          -0.076213
213.60          -0.076292
213.80          -0.076370
214.00          -0.076447
214.20          -0.076523
214.40          -0.076599
214.60          -0.076673
214.80          -0.076746
215.00          -0.076819
215.20          -0.076890
215.40          -0.076960
215.60          -0.077030
215.80          -0.077098
216.00          -0.077166
216.20          -0.077233
216.40          -0.077298
216.60          -0.077363
216.80          -0.077427
217.00          -0.077490
217.20          -0.077552
217.40          -0.077613
217.60          -0.077673
217.80          -0.077732
218.00          -0.077791
218.20          -0.077848
218.40          -0.077904
218.60          -0.077960
218.80          -0.078014
219.00          -0.078068
219.20          -0.078120
219.40          -0.078172
219.60          -0.078223
219.80          -0.078272
220.00          -0.078321
220.20          -0.078369
220.40          -0.078416
220.60          -0.078462
220.80          -0.078507
221.00          -0.078551
221.20          -0.078594
221.40          -0.078636
221.60          -0.078677
221.80          -0.078718
222.00          -0.078757
222.20          -0.078795
222.40          -0.078833
222.60          -0.078870
222.80          -0.078905
223.00          -0.078940
223.20          -0.078974
223.40          -0.079007
223.60          -0.079040
223.80          -0.079072
224.00          -0.079103
224.20          -0.079133
224.40          -0.079163
224.60          -0.079193
224.80          -0.079222
225.00          -0.079252
