175.00          -0.22356
175.20          -0.22278
175.40          -0.22165
175.60          -0.22017
175.80          -0.21836
176.00          -0.21624
176.20          -0.21380
176.40          -0.21109
176.60          -0.20811
176.80          -0.20489
177.00          -0.20147
177.20          -0.19785
177.40          -0.19408
177.60          -0.19017
177.80          -0.18616
178.00          -0.18206
178.20          -0.17790
178.40          -0.17371
178.60          -0.16951
178.80          -0.16530
179.00          -0.16112
179.20          -0.15698
179.40          -0.15289
179.60          -0.14886
179.80          -0.14491
180.00          -0.14104
180.20          -0.13726
180.40          -0.13357
180.60          -0.12998
180.80          -0.12650
181.00          -0.12312
181.20          -0.11985
181.40          -0.11669
181.60          -0.11364
181.80          -0.11069
182.00          -0.10785
182.20          -0.10511
182.40          -0.10248
182.60          -0.099945
182.80          -0.097510
183.00          -0.095169
183.20          -0.092921
183.40          -0.090763
183.60          -0.088692
183.80          -0.086704
184.00          -0.084797
184.20          -0.082968
184.40          -0.081214
184.60          -0.079532
184.80          -0.077919
185.00          -0.076372
185.20          -0.074890
185.40          -0.073468
185.60          -0.072106
185.80          -0.070799
186.00          -0.069546
186.20          -0.068345
186.40          -0.067193
186.60          -0.066088
186.80          -0.065028
187.00          -0.064012
187.20          -0.063037
187.40          -0.062101
187.60          -0.061204
187.80          -0.060342
188.00          -0.059516
188.20          -0.058722
188.40          -0.057960
188.60          -0.057229
188.80          -0.056527
189.00          -0.055852
189.20          -0.055204
189.40          -0.054582
189.60          -0.053984
189.80          -0.053410
190.00          -0.052858
190.20          -0.052327
190.40          -0.051817
190.60          -0.051327
190.80          -0.050856
191.00          -0.050403
191.20          -0.049967
191.40          -0.049548
191.60          -0.049146
191.80          -0.048758
192.00          -0.048385
192.20          -0.048027
192.40          -0.047682
192.60          -0.047351
192.80          -0.047032
193.00          -0.046725
193.20          -0.046429
193.40          -0.046145
193.60          -0.045872
193.80          -0.045609
194.00          -0.045357
194.20          -0.045114
194.40          -0.044880
194.60          -0.044655
194.80          -0.044439
195.00          -0.044231
195.20          -0.044031
195.40          -0.043839
195.60          -0.043655
195.80          -0.043477
196.00          -0.043307
196.20          -0.043144
196.40          -0.042987
196.60          -0.042837
196.80          -0.042693
197.00          -0.042555
197.20          -0.042423
197.40          -0.042297
197.60          -0.042176
197.80          -0.042061
198.00          -0.041951
198.20          -0.041847
198.40          -0.041747
198.60          -0.041653
198.80          -0.041564
199.00          -0.041480
199.20          -0.041401
199.40          -0.041327
199.60          -0.041258
199.80          -0.041195
200.00          -0.041136
200.20          -0.041083
200.40          -0.041036
200.60          -0.040994
200.80          -0.040959
201.00          -0.040930
201.20          -0.040909
201.40          -0.040895
201.60          -0.040891
201.80          -0.040896
202.00          -0.040913
202.20          -0.040943
202.40          -0.040990
202.60          -0.041057
202.80          -0.041149
203.00          -0.041273
203.20          -0.041442
203.40          -0.041670
203.60          -0.041985
203.80          -0.042433
204.00          -0.043097
204.20          -0.044146
204.40          -0.045967
204.60          -0.049671
204.80          -0.059726
205.00          -0.11543
205.20          -1.4604
205.40          -0.061232
205.60          -0.042448
205.80          -0.039268
206.00          -0.038388
206.20          -0.038103
206.40          -0.038017
206.60          -0.038006
206.80          -0.038026
207.00          -0.038057
207.20          -0.038091
207.40          -0.038126
207.60          -0.038159
207.80          -0.038189
208.00          -0.038217
208.20          -0.038243
208.40          -0.038267
208.60          -0.038289
208.80          -0.038310
209.00          -0.038329
209.20          -0.038347
209.40          -0.038363
209.60          -0.038379
209.80          -0.038394
210.00          -0.038409
210.20          -0.038422
210.40          -0.038436
210.60          -0.038449
210.80          -0.038461
211.00          -0.038474
211.20          -0.038486
211.40          -0.038498
211.60          -0.038509
211.80          -0.038521
212.00          -0.038533
212.20          -0.038544
212.40          -0.038556
212.60          -0.038567
212.80          -0.038578
213.00          -0.038590
213.20          -0.038601
213.40          -0.038613
213.60          -0.038624
213.80          -0.038636
214.00          -0.038648
214.20          -0.038659
214.40          -0.038671
214.60          -0.038683
214.80          -0.038695
215.00          -0.038707
215.20          -0.038719
215.40          -0.038731
215.60          -0.038743
215.80          -0.038755
216.00          -0.038767
216.20          -0.038780
216.40          -0.038792
216.60          -0.038805
216.80          -0.038817
217.00          -0.038830
217.20          -0.038842
217.40          -0.038855
217.60          -0.038868
217.80          -0.038880
218.00          -0.038893
218.20          -0.038906
218.40          -0.038919
218.60          -0.038932
218.80          -0.038945
219.00          -0.038958
219.20          -0.038971
219.40          -0.038984
219.60          -0.038997
219.80          -0.039011
220.00          -0.039024
220.20          -0.039037
220.40          -0.039051
220.60          -0.039064
220.80          -0.039078
221.00          -0.039092
221.20          -0.039106
221.40          -0.039120
221.60          -0.039134
221.80          -0.039148
222.00          -0.039163
222.20          -0.039177
222.40          -0.039193
222.60          -0.039208
222.80          -0.039224
223.00          -0.039240
223.20          -0.039257
223.40          -0.039275
223.60          -0.039294
223.80          -0.039314
224.00          -0.039336
224.20          -0.039360
224.40          -0.039386
224.60          -0.039416
224.80          -0.039450
225.00          -0.039491
