175.00          -0.037389
175.20          -0.037528
175.40          -0.037668
175.60          -0.037810
175.80          -0.037953
176.00          -0.038098
176.20          -0.038243
176.40          -0.038391
176.60          -0.038539
176.80          -0.038690
177.00          -0.038841
177.20          -0.038995
177.40          -0.039150
177.60          -0.039306
177.80          -0.039464
178.00          -0.039624
178.20          -0.039786
178.40          -0.039949
178.60          -0.040115
178.80          -0.040282
179.00          -0.040450
179.20          -0.040621
179.40          -0.040794
179.60          -0.040969
179.80          -0.041146
180.00          -0.041325
180.20          -0.041506
180.40          -0.041689
180.60          -0.041875
180.80          -0.042063
181.00          -0.042253
181.20          -0.042446
181.40          -0.042641
181.60          -0.042839
181.80          -0.043039
182.00          -0.043242
182.20          -0.043448
182.40          -0.043657
182.60          -0.043868
182.80          -0.044082
183.00          -0.044300
183.20          -0.044520
183.40          -0.044744
183.60          -0.044971
183.80          -0.045202
184.00          -0.045436
184.20          -0.045673
184.40          -0.045914
184.60          -0.046159
184.80          -0.046408
185.00          -0.046661
185.20          -0.046918
185.40          -0.047179
185.60          -0.047444
185.80          -0.047714
186.00          -0.047989
186.20          -0.048269
186.40          -0.048553
186.60          -0.048842
186.80          -0.049137
187.00          -0.049437
187.20          -0.049743
187.40          -0.050054
187.60          -0.050372
187.80          -0.050695
188.00          -0.051025
188.20          -0.051362
188.40          -0.051706
188.60          -0.052056
188.80          -0.052414
189.00          -0.052779
189.20          -0.053153
189.40          -0.053534
189.60          -0.053924
189.80          -0.054323
190.00          -0.054731
190.20          -0.055149
190.40          -0.055576
190.60          -0.056013
190.80          -0.056462
191.00          -0.056921
191.20          -0.057392
191.40          -0.057875
191.60          -0.058371
191.80          -0.058879
192.00          -0.059402
192.20          -0.059938
192.40          -0.060490
192.60          -0.061057
192.80          -0.061640
193.00          -0.062241
193.20          -0.062860
193.40          -0.063497
193.60          -0.064154
193.80          -0.064831
194.00          -0.065531
194.20          -0.066253
194.40          -0.066999
194.60          -0.067770
194.80          -0.068568
195.00          -0.069394
195.20          -0.070249
195.40          -0.071136
195.60          -0.072056
195.80          -0.073010
196.00          -0.074002
196.20          -0.075033
196.40          -0.076105
196.60          -0.077221
196.80          -0.078385
197.00          -0.079598
197.20          -0.080864
197.40          -0.082187
197.60          -0.083571
197.80          -0.085019
198.00          -0.086537
198.20          -0.088129
198.40          -0.089800
198.60          -0.091558
198.80          -0.093407
199.00          -0.095356
199.20          -0.097412
199.40          -0.099584
199.60          -0.10188
199.80          -0.10432
200.00          -0.10690
200.20          -0.10964
200.40          -0.11256
200.60          -0.11568
200.80          -0.11900
201.00          -0.12256
201.20          -0.12637
201.40          -0.13047
201.60          -0.13487
201.80          -0.13963
202.00          -0.14476
202.20          -0.15033
202.40          -0.15638
202.60          -0.16297
202.80          -0.17016
203.00          -0.17805
203.20          -0.18671
203.40          -0.19627
203.60          -0.20683
203.80          -0.21857
204.00          -0.23165
204.20          -0.24628
204.40          -0.26273
204.60          -0.28128
204.80          -0.30232
205.00          -0.32627
205.20          -0.35366
205.40          -0.38513
205.60          -0.42144
205.80          -0.46348
206.00          -0.51228
206.20          -0.56897
206.40          -0.63472
206.60          -0.71051
206.80          -0.79679
207.00          -0.89277
207.20          -0.99537
207.40          -1.0979
207.60          -1.1891
207.80          -1.2536
208.00          -1.2759
208.20          -1.2464
208.40          -1.1676
208.60          -1.0528
208.80          -0.92062
209.00          -0.78769
209.20          -0.66506
209.40          -0.55820
209.60          -0.46876
209.80          -0.39639
210.00          -0.34021
210.20          -0.29980
210.40          -0.27613
210.60          -0.27248
210.80          -0.29527
211.00          -0.35261
211.20          -0.44341
211.40          -0.53333
211.60          -0.56294
211.80          -0.51990
212.00          -0.44521
212.20          -0.37255
212.40          -0.31289
212.60          -0.26632
212.80          -0.23020
213.00          -0.20191
213.20          -0.17943
213.40          -0.16128
213.60          -0.14640
213.80          -0.13405
214.00          -0.12367
214.20          -0.11486
214.40          -0.10732
214.60          -0.10080
214.80          -0.095137
215.00          -0.090183
215.20          -0.085827
215.40          -0.081977
215.60          -0.078561
215.80          -0.075518
216.00          -0.072798
216.20          -0.070359
216.40          -0.068167
216.60          -0.066191
216.80          -0.064407
217.00          -0.062792
217.20          -0.061328
217.40          -0.060000
217.60          -0.058792
217.80          -0.057693
218.00          -0.056692
218.20          -0.055779
218.40          -0.054947
218.60          -0.054187
218.80          -0.053494
219.00          -0.052862
219.20          -0.052285
219.40          -0.051759
219.60          -0.051279
219.80          -0.050842
220.00          -0.050444
220.20          -0.050082
220.40          -0.049755
220.60          -0.049458
220.80          -0.049190
221.00          -0.048949
221.20          -0.048733
221.40          -0.048540
221.60          -0.048368
221.80          -0.048217
222.00          -0.048084
222.20          -0.047970
222.40          -0.047871
222.60          -0.047789
222.80          -0.047721
223.00          -0.047666
223.20          -0.047625
223.40          -0.047596
223.60          -0.047578
223.80          -0.047572
224.00          -0.047576
224.20          -0.047590
224.40          -0.047614
224.60          -0.047646
224.80          -0.047687
225.00          -0.047737
