175.00          -0.047770
175.20          -0.048103
175.40          -0.048444
175.60          -0.048792
175.80          -0.049148
176.00          -0.049511
176.20          -0.049884
176.40          -0.050264
176.60          -0.050654
176.80          -0.051054
177.00          -0.051463
177.20          -0.051882
177.40          -0.052312
177.60          -0.052753
177.80          -0.053206
178.00          -0.053671
178.20          -0.054148
178.40          -0.054638
178.60          -0.055143
178.80          -0.055661
179.00          -0.056195
179.20          -0.056744
179.40          -0.057310
179.60          -0.057894
179.80          -0.058495
180.00          -0.059116
180.20          -0.059757
180.40          -0.060419
180.60          -0.061103
180.80          -0.061811
181.00          -0.062543
181.20          -0.063302
181.40          -0.064088
181.60          -0.064903
181.80          -0.065748
182.00          -0.066627
182.20          -0.067540
182.40          -0.068490
182.60          -0.069478
182.80          -0.070508
183.00          -0.071582
183.20          -0.072703
183.40          -0.073873
183.60          -0.075097
183.80          -0.076379
184.00          -0.077721
184.20          -0.079129
184.40          -0.080606
184.60          -0.082160
184.80          -0.083794
185.00          -0.085516
185.20          -0.087333
185.40          -0.089251
185.60          -0.091280
185.80          -0.093429
186.00          -0.095708
186.20          -0.098129
186.40          -0.10070
186.60          -0.10345
186.80          -0.10638
187.00          -0.10951
187.20          -0.11287
187.40          -0.11647
187.60          -0.12034
187.80          -0.12451
188.00          -0.12902
188.20          -0.13390
188.40          -0.13920
188.60          -0.14496
188.80          -0.15124
189.00          -0.15811
189.20          -0.16565
189.40          -0.17395
189.60          -0.18310
189.80          -0.19323
190.00          -0.20449
190.20          -0.21705
190.40          -0.23110
190.60          -0.24688
190.80          -0.26466
191.00          -0.28480
191.20          -0.30766
191.40          -0.33373
191.60          -0.36353
191.80          -0.39769
192.00          -0.43691
192.20          -0.48194
192.40          -0.53352
192.60          -0.59226
192.80          -0.65848
193.00          -0.73177
193.20          -0.81060
193.40          -0.89159
193.60          -0.96906
193.80          -1.0349
194.00          -1.0798
194.20          -1.0955
194.40          -1.0777
194.60          -1.0284
194.80          -0.95486
195.00          -0.86720
195.20          -0.77496
195.40          -0.68539
195.60          -0.60291
195.80          -0.52962
196.00          -0.46602
196.20          -0.41170
196.40          -0.36583
196.60          -0.32749
196.80          -0.29582
197.00          -0.27016
197.20          -0.25015
197.40          -0.23593
197.60          -0.22844
197.80          -0.23038
198.00          -0.24873
198.20          -0.30327
198.40          -0.45794
198.60          -0.86504
198.80          -0.87286
199.00          -0.40781
199.20          -0.22879
199.40          -0.16031
199.60          -0.12765
199.80          -0.10911
200.00          -0.097158
200.20          -0.088736
200.40          -0.082403
200.60          -0.077414
200.80          -0.073348
201.00          -0.069950
201.20          -0.067057
201.40          -0.064559
201.60          -0.062378
201.80          -0.060459
202.00          -0.058758
202.20          -0.057242
202.40          -0.055885
202.60          -0.054667
202.80          -0.053571
203.00          -0.052581
203.20          -0.051685
203.40          -0.050875
203.60          -0.050140
203.80          -0.049474
204.00          -0.048869
204.20          -0.048319
204.40          -0.047821
204.60          -0.047369
204.80          -0.046959
205.00          -0.046588
205.20          -0.046252
205.40          -0.045949
205.60          -0.045676
205.80          -0.045430
206.00          -0.045211
206.20          -0.045015
206.40          -0.044841
206.60          -0.044687
206.80          -0.044553
207.00          -0.044436
207.20          -0.044336
207.40          -0.044251
207.60          -0.044180
207.80          -0.044124
208.00          -0.044079
208.20          -0.044047
208.40          -0.044026
208.60          -0.044015
208.80          -0.044015
209.00          -0.044023
209.20          -0.044041
209.40          -0.044066
209.60          -0.044100
209.80          -0.044141
210.00          -0.044189
210.20          -0.044244
210.40          -0.044306
210.60          -0.044373
210.80          -0.044447
211.00          -0.044526
211.20          -0.044610
211.40          -0.044699
211.60          -0.044794
211.80          -0.044893
212.00          -0.044996
212.20          -0.045104
212.40          -0.045216
212.60          -0.045333
212.80          -0.045453
213.00          -0.045577
213.20          -0.045705
213.40          -0.045837
213.60          -0.045972
213.80          -0.046110
214.00          -0.046252
214.20          -0.046398
214.40          -0.046547
214.60          -0.046699
214.80          -0.046854
215.00          -0.047013
215.20          -0.047175
215.40          -0.047340
215.60          -0.047508
215.80          -0.047680
216.00          -0.047855
216.20          -0.048033
216.40          -0.048215
216.60          -0.048401
216.80          -0.048590
217.00          -0.048783
217.20          -0.048979
217.40          -0.049180
217.60          -0.049385
217.80          -0.049595
218.00          -0.049811
218.20          -0.050031
218.40          -0.050258
218.60          -0.050492
218.80          -0.050735
219.00          -0.050988
219.20          -0.051254
219.40          -0.051538
219.60          -0.051849
219.80          -0.052203
220.00          -0.052637
220.20          -0.053255
220.40          -0.054454
220.60          -0.059402
220.80          -0.29190
221.00          -0.055338
221.20          -0.053749
221.40          -0.053778
221.60          -0.054029
221.80          -0.054340
222.00          -0.054676
222.20          -0.055030
222.40          -0.055399
222.60          -0.055783
222.80          -0.056185
223.00          -0.056606
223.20          -0.057049
223.40          -0.057517
223.60          -0.058014
223.80          -0.058545
224.00          -0.059115
224.20          -0.059732
224.40          -0.060404
224.60          -0.061142
224.80          -0.061961
225.00          -0.062879
