175.00          -0.024970
175.20          -0.025016
175.40          -0.025062
175.60          -0.025108
175.80          -0.025154
176.00          -0.025200
176.20          -0.025246
176.40          -0.025292
176.60          -0.025339
176.80          -0.025386
177.00          -0.025433
177.20          -0.025480
177.40          -0.025527
177.60          -0.025575
177.80          -0.025623
178.00          -0.025672
178.20          -0.025721
178.40          -0.025770
178.60          -0.025819
178.80          -0.025869
179.00          -0.025920
179.20          -0.025971
179.40          -0.026023
179.60          -0.026075
179.80          -0.026128
180.00          -0.026182
180.20          -0.026236
180.40          -0.026291
180.60          -0.026348
180.80          -0.026405
181.00          -0.026463
181.20          -0.026523
181.40          -0.026584
181.60          -0.026646
181.80          -0.026711
182.00          -0.026777
182.20          -0.026845
182.40          -0.026916
182.60          -0.026990
182.80          -0.027067
183.00          -0.027148
183.20          -0.027233
183.40          -0.027324
183.60          -0.027421
183.80          -0.027525
184.00          -0.027639
184.20          -0.027763
184.40          -0.027901
184.60          -0.028057
184.80          -0.028235
185.00          -0.028442
185.20          -0.028689
185.40          -0.028988
185.60          -0.029364
185.80          -0.029851
186.00          -0.030511
186.20          -0.031451
186.40          -0.032887
186.60          -0.035295
186.80          -0.039919
187.00          -0.050990
187.20          -0.091849
187.40          -0.69222
187.60          -0.29712
187.80          -0.064908
188.00          -0.040560
188.20          -0.033738
188.40          -0.031009
188.60          -0.029697
188.80          -0.028996
189.00          -0.028596
189.20          -0.028360
189.40          -0.028221
189.60          -0.028141
189.80          -0.028100
190.00          -0.028085
190.20          -0.028087
190.40          -0.028102
190.60          -0.028126
190.80          -0.028157
191.00          -0.028193
191.20          -0.028232
191.40          -0.028275
191.60          -0.028320
191.80          -0.028366
192.00          -0.028415
192.20          -0.028464
192.40          -0.028514
192.60          -0.028565
192.80          -0.028617
193.00          -0.028670
193.20          -0.028723
193.40          -0.028776
193.60          -0.028830
193.80          -0.028885
194.00          -0.028940
194.20          -0.028995
194.40          -0.029051
194.60          -0.029108
194.80          -0.029165
195.00          -0.029223
195.20          -0.029282
195.40          -0.029342
195.60          -0.029403
195.80          -0.029466
196.00          -0.029531
196.20          -0.029598
196.40          -0.029669
196.60          -0.029747
196.80          -0.029834
197.00          -0.029937
197.20          -0.030076
197.40          -0.030301
197.60          -0.030834
197.80          -0.033839
198.00          -0.068361
198.20          -0.031280
198.40          -0.030467
198.60          -0.030361
198.80          -0.030377
199.00          -0.030429
199.20          -0.030499
199.40          -0.030579
199.60          -0.030668
199.80          -0.030767
200.00          -0.030877
200.20          -0.031003
200.40          -0.031150
200.60          -0.031328
200.80          -0.031554
201.00          -0.031857
201.20          -0.032297
201.40          -0.033011
201.60          -0.034369
201.80          -0.037732
202.00          -0.052263
202.20          -1.1381
202.40          -0.057889
202.60          -0.035719
202.80          -0.032609
203.00          -0.031724
203.20          -0.031405
203.40          -0.031285
203.60          -0.031252
203.80          -0.031259
204.00          -0.031288
204.20          -0.031330
204.40          -0.031378
204.60          -0.031431
204.80          -0.031486
205.00          -0.031543
205.20          -0.031601
205.40          -0.031659
205.60          -0.031718
205.80          -0.031778
206.00          -0.031837
206.20          -0.031896
206.40          -0.031956
206.60          -0.032015
206.80          -0.032074
207.00          -0.032134
207.20          -0.032193
207.40          -0.032252
207.60          -0.032311
207.80          -0.032371
208.00          -0.032430
208.20          -0.032489
208.40          -0.032548
208.60          -0.032607
208.80          -0.032666
209.00          -0.032725
209.20          -0.032785
209.40          -0.032844
209.60          -0.032903
209.80          -0.032962
210.00          -0.033022
210.20          -0.033081
210.40          -0.033140
210.60          -0.033200
210.80          -0.033259
211.00          -0.033319
211.20          -0.033378
211.40          -0.033438
211.60          -0.033498
211.80          -0.033558
212.00          -0.033618
212.20          -0.033678
212.40          -0.033738
212.60          -0.033798
212.80          -0.033858
213.00          -0.033919
213.20          -0.033979
213.40          -0.034040
213.60          -0.034100
213.80          -0.034161
214.00          -0.034222
214.20          -0.034283
214.40          -0.034344
214.60          -0.034405
214.80          -0.034467
215.00          -0.034528
215.20          -0.034590
215.40          -0.034652
215.60          -0.034714
215.80          -0.034776
216.00          -0.034838
216.20          -0.034900
216.40          -0.034962
216.60          -0.035025
216.80          -0.035088
217.00          -0.035151
217.20          -0.035214
217.40          -0.035277
217.60          -0.035340
217.80          -0.035404
218.00          -0.035467
218.20          -0.035531
218.40          -0.035595
218.60          -0.035659
218.80          -0.035724
219.00          -0.035788
219.20          -0.035853
219.40          -0.035918
219.60          -0.035983
219.80          -0.036048
220.00          -0.036114
220.20          -0.036180
220.40          -0.036246
220.60          -0.036312
220.80          -0.036378
221.00          -0.036445
221.20          -0.036512
221.40          -0.036579
221.60          -0.036646
221.80          -0.036714
222.00          -0.036782
222.20          -0.036850
222.40          -0.036919
222.60          -0.036987
222.80          -0.037056
223.00          -0.037126
223.20          -0.037195
223.40          -0.037265
223.60          -0.037336
223.80          -0.037406
224.00          -0.037477
224.20          -0.037549
224.40          -0.037621
224.60          -0.037693
224.80          -0.037765
225.00          -0.037839
