175.00          -0.041125
175.20          -0.041327
175.40          -0.041521
175.60          -0.041708
175.80          -0.041891
176.00          -0.042071
176.20          -0.042248
176.40          -0.042423
176.60          -0.042598
176.80          -0.042773
177.00          -0.042948
177.20          -0.043124
177.40          -0.043300
177.60          -0.043478
177.80          -0.043658
178.00          -0.043839
178.20          -0.044022
178.40          -0.044206
178.60          -0.044393
178.80          -0.044583
179.00          -0.044774
179.20          -0.044968
179.40          -0.045164
179.60          -0.045362
179.80          -0.045563
180.00          -0.045766
180.20          -0.045972
180.40          -0.046180
180.60          -0.046391
180.80          -0.046605
181.00          -0.046821
181.20          -0.047039
181.40          -0.047260
181.60          -0.047484
181.80          -0.047711
182.00          -0.047940
182.20          -0.048172
182.40          -0.048406
182.60          -0.048644
182.80          -0.048884
183.00          -0.049127
183.20          -0.049372
183.40          -0.049621
183.60          -0.049872
183.80          -0.050126
184.00          -0.050384
184.20          -0.050644
184.40          -0.050907
184.60          -0.051174
184.80          -0.051443
185.00          -0.051716
185.20          -0.051992
185.40          -0.052271
185.60          -0.052554
185.80          -0.052840
186.00          -0.053130
186.20          -0.053424
186.40          -0.053721
186.60          -0.054023
186.80          -0.054328
187.00          -0.054638
187.20          -0.054951
187.40          -0.055270
187.60          -0.055593
187.80          -0.055920
188.00          -0.056253
188.20          -0.056591
188.40          -0.056935
188.60          -0.057284
188.80          -0.057639
189.00          -0.058000
189.20          -0.058368
189.40          -0.058743
189.60          -0.059126
189.80          -0.059516
190.00          -0.059914
190.20          -0.060321
190.40          -0.060738
190.60          -0.061165
190.80          -0.061602
191.00          -0.062051
191.20          -0.062513
191.40          -0.062988
191.60          -0.063478
191.80          -0.063984
192.00          -0.064508
192.20          -0.065051
192.40          -0.065615
192.60          -0.066203
192.80          -0.066817
193.00          -0.067460
193.20          -0.068136
193.40          -0.068850
193.60          -0.069607
193.80          -0.070412
194.00          -0.071275
194.20          -0.072203
194.40          -0.073209
194.60          -0.074309
194.80          -0.075520
195.00          -0.076869
195.20          -0.078388
195.40          -0.080124
195.60          -0.082141
195.80          -0.084532
196.00          -0.087437
196.20          -0.091077
196.40          -0.095823
196.60          -0.10234
196.80          -0.11191
197.00          -0.12742
197.20          -0.15634
197.40          -0.22354
197.60          -0.45342
197.80          -2.1383
198.00          -2.0795
198.20          -0.58144
198.40          -0.34016
198.60          -0.23268
198.80          -0.13948
199.00          -0.079463
199.20          -0.054596
199.40          -0.046830
199.60          -0.045470
199.80          -0.046340
200.00          -0.047923
200.20          -0.049667
200.40          -0.051372
200.60          -0.052970
200.80          -0.054448
201.00          -0.055809
201.20          -0.057065
201.40          -0.058228
201.60          -0.059310
201.80          -0.060323
202.00          -0.061275
202.20          -0.062174
202.40          -0.063028
202.60          -0.063843
202.80          -0.064622
203.00          -0.065371
203.20          -0.066093
203.40          -0.066792
203.60          -0.067469
203.80          -0.068128
204.00          -0.068770
204.20          -0.069398
204.40          -0.070013
204.60          -0.070615
204.80          -0.071208
205.00          -0.071791
205.20          -0.072365
205.40          -0.072932
205.60          -0.073493
205.80          -0.074047
206.00          -0.074596
206.20          -0.075141
206.40          -0.075681
206.60          -0.076217
206.80          -0.076751
207.00          -0.077281
207.20          -0.077809
207.40          -0.078334
207.60          -0.078858
207.80          -0.079380
208.00          -0.079901
208.20          -0.080421
208.40          -0.080940
208.60          -0.081459
208.80          -0.081977
209.00          -0.082495
209.20          -0.083013
209.40          -0.083531
209.60          -0.084050
209.80          -0.084569
210.00          -0.085089
210.20          -0.085609
210.40          -0.086131
210.60          -0.086653
210.80          -0.087177
211.00          -0.087701
211.20          -0.088227
211.40          -0.088755
211.60          -0.089284
211.80          -0.089814
212.00          -0.090347
212.20          -0.090881
212.40          -0.091416
212.60          -0.091954
212.80          -0.092493
213.00          -0.093034
213.20          -0.093578
213.40          -0.094123
213.60          -0.094670
213.80          -0.095219
214.00          -0.095770
214.20          -0.096323
214.40          -0.096878
214.60          -0.097434
214.80          -0.097993
215.00          -0.098553
215.20          -0.099115
215.40          -0.099678
215.60          -0.10024
215.80          -0.10081
216.00          -0.10137
216.20          -0.10194
216.40          -0.10251
216.60          -0.10308
216.80          -0.10364
217.00          -0.10421
217.20          -0.10478
217.40          -0.10534
217.60          -0.10590
217.80          -0.10646
218.00          -0.10701
218.20          -0.10756
218.40          -0.10810
218.60          -0.10864
218.80          -0.10917
219.00          -0.10968
219.20          -0.11019
219.40          -0.11068
219.60          -0.11116
219.80          -0.11162
220.00          -0.11206
220.20          -0.11248
220.40          -0.11287
220.60          -0.11323
220.80          -0.11356
221.00          -0.11385
221.20          -0.11410
221.40          -0.11431
221.60          -0.11447
221.80          -0.11457
222.00          -0.11461
222.20          -0.11458
222.40          -0.11448
222.60          -0.11430
222.80          -0.11404
223.00          -0.11370
223.20          -0.11326
223.40          -0.11272
223.60          -0.11209
223.80          -0.11135
224.00          -0.11052
224.20          -0.10960
224.40          -0.10858
224.60          -0.10748
224.80          -0.10630
225.00          -0.10507
