175.00          -0.026501
175.20          -0.026566
175.40          -0.026631
175.60          -0.026696
175.80          -0.026761
176.00          -0.026826
176.20          -0.026891
176.40          -0.026957
176.60          -0.027023
176.80          -0.027091
177.00          -0.027158
177.20          -0.027227
177.40          -0.027296
177.60          -0.027367
177.80          -0.027439
178.00          -0.027512
178.20          -0.027587
178.40          -0.027663
178.60          -0.027741
178.80          -0.027820
179.00          -0.027902
179.20          -0.027987
179.40          -0.028074
179.60          -0.028163
179.80          -0.028256
180.00          -0.028353
180.20          -0.028453
180.40          -0.028559
180.60          -0.028669
180.80          -0.028785
181.00          -0.028907
181.20          -0.029037
181.40          -0.029176
181.60          -0.029325
181.80          -0.029486
182.00          -0.029660
182.20          -0.029851
182.40          -0.030061
182.60          -0.030295
182.80          -0.030558
183.00          -0.030856
183.20          -0.031199
183.40          -0.031599
183.60          -0.032072
183.80          -0.032642
184.00          -0.033343
184.20          -0.034226
184.40          -0.035370
184.60          -0.036903
184.80          -0.039049
185.00          -0.042216
185.20          -0.047239
185.40          -0.056039
185.60          -0.073943
185.80          -0.12087
186.00          -0.33077
186.20          -7.6179
186.40          -0.46430
186.60          -0.12084
186.80          -0.065407
187.00          -0.047515
187.20          -0.039752
187.40          -0.035780
187.60          -0.033526
187.80          -0.032153
188.00          -0.031276
188.20          -0.030697
188.40          -0.030305
188.60          -0.030038
188.80          -0.029856
189.00          -0.029733
189.20          -0.029653
189.40          -0.029604
189.60          -0.029579
189.80          -0.029572
190.00          -0.029578
190.20          -0.029596
190.40          -0.029621
190.60          -0.029654
190.80          -0.029692
191.00          -0.029734
191.20          -0.029780
191.40          -0.029829
191.60          -0.029880
191.80          -0.029933
192.00          -0.029989
192.20          -0.030045
192.40          -0.030103
192.60          -0.030163
192.80          -0.030223
193.00          -0.030284
193.20          -0.030347
193.40          -0.030410
193.60          -0.030474
193.80          -0.030538
194.00          -0.030604
194.20          -0.030670
194.40          -0.030737
194.60          -0.030804
194.80          -0.030873
195.00          -0.030943
195.20          -0.031013
195.40          -0.031085
195.60          -0.031159
195.80          -0.031234
196.00          -0.031311
196.20          -0.031390
196.40          -0.031473
196.60          -0.031559
196.80          -0.031650
197.00          -0.031749
197.20          -0.031859
197.40          -0.031986
197.60          -0.032143
197.80          -0.032360
198.00          -0.032721
198.20          -0.033557
198.40          -0.037524
198.60          -0.32343
198.80          -0.035514
199.00          -0.033104
199.20          -0.032771
199.40          -0.032747
199.60          -0.032814
199.80          -0.032924
200.00          -0.033062
200.20          -0.033228
200.40          -0.033425
200.60          -0.033665
200.80          -0.033965
201.00          -0.034356
201.20          -0.034897
201.40          -0.035706
201.60          -0.037052
201.80          -0.039687
202.00          -0.046472
202.20          -0.078535
202.40          -6.0438
202.60          -0.069726
202.80          -0.039960
203.00          -0.035270
203.20          -0.033886
203.40          -0.033373
203.60          -0.033173
203.80          -0.033106
204.00          -0.033104
204.20          -0.033135
204.40          -0.033185
204.60          -0.033245
204.80          -0.033312
205.00          -0.033382
205.20          -0.033454
205.40          -0.033527
205.60          -0.033601
205.80          -0.033675
206.00          -0.033749
206.20          -0.033823
206.40          -0.033896
206.60          -0.033970
206.80          -0.034043
207.00          -0.034116
207.20          -0.034189
207.40          -0.034262
207.60          -0.034334
207.80          -0.034407
208.00          -0.034479
208.20          -0.034551
208.40          -0.034623
208.60          -0.034695
208.80          -0.034766
209.00          -0.034838
209.20          -0.034909
209.40          -0.034981
209.60          -0.035052
209.80          -0.035124
210.00          -0.035195
210.20          -0.035266
210.40          -0.035338
210.60          -0.035409
210.80          -0.035481
211.00          -0.035552
211.20          -0.035624
211.40          -0.035695
211.60          -0.035767
211.80          -0.035839
212.00          -0.035910
212.20          -0.035982
212.40          -0.036054
212.60          -0.036127
212.80          -0.036199
213.00          -0.036271
213.20          -0.036344
213.40          -0.036416
213.60          -0.036489
213.80          -0.036562
214.00          -0.036635
214.20          -0.036708
214.40          -0.036781
214.60          -0.036855
214.80          -0.036928
215.00          -0.037002
215.20          -0.037076
215.40          -0.037151
215.60          -0.037225
215.80          -0.037300
216.00          -0.037374
216.20          -0.037449
216.40          -0.037525
216.60          -0.037600
216.80          -0.037676
217.00          -0.037752
217.20          -0.037828
217.40          -0.037904
217.60          -0.037981
217.80          -0.038058
218.00          -0.038135
218.20          -0.038213
218.40          -0.038291
218.60          -0.038369
218.80          -0.038447
219.00          -0.038526
219.20          -0.038605
219.40          -0.038684
219.60          -0.038764
219.80          -0.038844
220.00          -0.038924
220.20          -0.039005
220.40          -0.039086
220.60          -0.039168
220.80          -0.039250
221.00          -0.039332
221.20          -0.039415
221.40          -0.039498
221.60          -0.039582
221.80          -0.039666
222.00          -0.039751
222.20          -0.039836
222.40          -0.039922
222.60          -0.040008
222.80          -0.040095
223.00          -0.040183
223.20          -0.040271
223.40          -0.040359
223.60          -0.040449
223.80          -0.040539
224.00          -0.040630
224.20          -0.040721
224.40          -0.040814
224.60          -0.040907
224.80          -0.041001
225.00          -0.041096
