175.00          -0.12551
175.20          -0.10541
175.40          -0.091296
175.60          -0.080948
175.80          -0.073102
176.00          -0.066997
176.20          -0.062147
176.40          -0.058231
176.60          -0.055024
176.80          -0.052370
177.00          -0.050151
177.20          -0.048283
177.40          -0.046699
177.60          -0.045348
177.80          -0.044192
178.00          -0.043198
178.20          -0.042341
178.40          -0.041600
178.60          -0.040960
178.80          -0.040405
179.00          -0.039924
179.20          -0.039508
179.40          -0.039148
179.60          -0.038837
179.80          -0.038571
180.00          -0.038342
180.20          -0.038148
180.40          -0.037984
180.60          -0.037847
180.80          -0.037734
181.00          -0.037643
181.20          -0.037572
181.40          -0.037518
181.60          -0.037480
181.80          -0.037457
182.00          -0.037447
182.20          -0.037449
182.40          -0.037462
182.60          -0.037485
182.80          -0.037517
183.00          -0.037557
183.20          -0.037605
183.40          -0.037661
183.60          -0.037723
183.80          -0.037791
184.00          -0.037865
184.20          -0.037944
184.40          -0.038029
184.60          -0.038117
184.80          -0.038211
185.00          -0.038308
185.20          -0.038409
185.40          -0.038514
185.60          -0.038622
185.80          -0.038733
186.00          -0.038848
186.20          -0.038965
186.40          -0.039086
186.60          -0.039209
186.80          -0.039334
187.00          -0.039463
187.20          -0.039593
187.40          -0.039726
187.60          -0.039862
187.80          -0.040000
188.00          -0.040139
188.20          -0.040282
188.40          -0.040426
188.60          -0.040573
188.80          -0.040722
189.00          -0.040873
189.20          -0.041026
189.40          -0.041181
189.60          -0.041339
189.80          -0.041499
190.00          -0.041662
190.20          -0.041826
190.40          -0.041994
190.60          -0.042164
190.80          -0.042336
191.00          -0.042512
191.20          -0.042690
191.40          -0.042872
191.60          -0.043056
191.80          -0.043244
192.00          -0.043436
192.20          -0.043632
192.40          -0.043831
192.60          -0.044036
192.80          -0.044244
193.00          -0.044459
193.20          -0.044678
193.40          -0.044904
193.60          -0.045137
193.80          -0.045377
194.00          -0.045625
194.20          -0.045882
194.40          -0.046150
194.60          -0.046430
194.80          -0.046722
195.00          -0.047030
195.20          -0.047356
195.40          -0.047702
195.60          -0.048073
195.80          -0.048473
196.00          -0.048910
196.20          -0.049391
196.40          -0.049929
196.60          -0.050542
196.80          -0.051257
197.00          -0.052115
197.20          -0.053188
197.40          -0.054605
197.60          -0.056632
197.80          -0.059897
198.00          -0.066244
198.20          -0.083513
198.40          -0.18677
198.60          -2.0546
198.80          -0.11513
199.00          -0.075556
199.20          -0.069807
199.40          -0.071067
199.60          -0.076527
199.80          -0.087898
200.00          -0.11283
200.20          -0.18120
200.40          -0.35905
200.60          -0.18241
200.80          -0.072571
201.00          -0.050278
201.20          -0.044479
201.40          -0.042854
201.60          -0.042563
201.80          -0.042756
202.00          -0.043132
202.20          -0.043572
202.40          -0.044027
202.60          -0.044475
202.80          -0.044909
203.00          -0.045325
203.20          -0.045723
203.40          -0.046103
203.60          -0.046468
203.80          -0.046818
204.00          -0.047155
204.20          -0.047481
204.40          -0.047797
204.60          -0.048104
204.80          -0.048403
205.00          -0.048694
205.20          -0.048979
205.40          -0.049259
205.60          -0.049534
205.80          -0.049804
206.00          -0.050071
206.20          -0.050334
206.40          -0.050594
206.60          -0.050852
206.80          -0.051107
207.00          -0.051360
207.20          -0.051612
207.40          -0.051862
207.60          -0.052111
207.80          -0.052358
208.00          -0.052605
208.20          -0.052852
208.40          -0.053097
208.60          -0.053343
208.80          -0.053588
209.00          -0.053834
209.20          -0.054079
209.40          -0.054325
209.60          -0.054571
209.80          -0.054817
210.00          -0.055064
210.20          -0.055312
210.40          -0.055561
210.60          -0.055810
210.80          -0.056061
211.00          -0.056313
211.20          -0.056566
211.40          -0.056820
211.60          -0.057076
211.80          -0.057333
212.00          -0.057592
212.20          -0.057853
212.40          -0.058115
212.60          -0.058379
212.80          -0.058646
213.00          -0.058914
213.20          -0.059185
213.40          -0.059458
213.60          -0.059734
213.80          -0.060012
214.00          -0.060293
214.20          -0.060577
214.40          -0.060863
214.60          -0.061153
214.80          -0.061446
215.00          -0.061742
215.20          -0.062042
215.40          -0.062346
215.60          -0.062653
215.80          -0.062965
216.00          -0.063280
216.20          -0.063600
216.40          -0.063925
216.60          -0.064254
216.80          -0.064588
217.00          -0.064928
217.20          -0.065273
217.40          -0.065623
217.60          -0.065980
217.80          -0.066343
218.00          -0.066712
218.20          -0.067089
218.40          -0.067472
218.60          -0.067864
218.80          -0.068263
219.00          -0.068670
219.20          -0.069087
219.40          -0.069512
219.60          -0.069948
219.80          -0.070394
220.00          -0.070850
220.20          -0.071318
220.40          -0.071799
220.60          -0.072292
220.80          -0.072799
221.00          -0.073320
221.20          -0.073857
221.40          -0.074410
221.60          -0.074981
221.80          -0.075570
222.00          -0.076179
222.20          -0.076809
222.40          -0.077462
222.60          -0.078139
222.80          -0.078841
223.00          -0.079572
223.20          -0.080333
223.40          -0.081126
223.60          -0.081954
223.80          -0.082820
224.00          -0.083727
224.20          -0.084679
224.40          -0.085678
224.60          -0.086731
224.80          -0.087841
225.00          -0.089014
