175.00          -0.065447
175.20          -0.066062
175.40          -0.066669
175.60          -0.067272
175.80          -0.067871
176.00          -0.068467
176.20          -0.069061
176.40          -0.069655
176.60          -0.070250
176.80          -0.070845
177.00          -0.071442
177.20          -0.072040
177.40          -0.072641
177.60          -0.073245
177.80          -0.073852
178.00          -0.074463
178.20          -0.075077
178.40          -0.075694
178.60          -0.076316
178.80          -0.076942
179.00          -0.077572
179.20          -0.078207
179.40          -0.078845
179.60          -0.079489
179.80          -0.080137
180.00          -0.080789
180.20          -0.081446
180.40          -0.082108
180.60          -0.082774
180.80          -0.083445
181.00          -0.084121
181.20          -0.084801
181.40          -0.085486
181.60          -0.086175
181.80          -0.086869
182.00          -0.087567
182.20          -0.088269
182.40          -0.088976
182.60          -0.089686
182.80          -0.090401
183.00          -0.091119
183.20          -0.091842
183.40          -0.092568
183.60          -0.093297
183.80          -0.094030
184.00          -0.094765
184.20          -0.095504
184.40          -0.096245
184.60          -0.096988
184.80          -0.097734
185.00          -0.098481
185.20          -0.099230
185.40          -0.099980
185.60          -0.10073
185.80          -0.10148
186.00          -0.10223
186.20          -0.10299
186.40          -0.10374
186.60          -0.10448
186.80          -0.10523
187.00          -0.10598
187.20          -0.10672
187.40          -0.10746
187.60          -0.10819
187.80          -0.10892
188.00          -0.10964
188.20          -0.11036
188.40          -0.11106
188.60          -0.11176
188.80          -0.11245
189.00          -0.11313
189.20          -0.11380
189.40          -0.11445
189.60          -0.11508
189.80          -0.11570
190.00          -0.11631
190.20          -0.11689
190.40          -0.11745
190.60          -0.11798
190.80          -0.11849
191.00          -0.11896
191.20          -0.11941
191.40          -0.11982
191.60          -0.12019
191.80          -0.12051
192.00          -0.12079
192.20          -0.12102
192.40          -0.12119
192.60          -0.12130
192.80          -0.12134
193.00          -0.12131
193.20          -0.12120
193.40          -0.12099
193.60          -0.12069
193.80          -0.12027
194.00          -0.11974
194.20          -0.11908
194.40          -0.11827
194.60          -0.11732
194.80          -0.11620
195.00          -0.11490
195.20          -0.11342
195.40          -0.11176
195.60          -0.10993
195.80          -0.10796
196.00          -0.10592
196.20          -0.10392
196.40          -0.10220
196.60          -0.10113
196.80          -0.10140
197.00          -0.10417
197.20          -0.11139
197.40          -0.12626
197.60          -0.15369
197.80          -0.20050
198.00          -0.27520
198.20          -0.39293
198.40          -0.63827
198.60          -2.7632
198.80          -1.1229
199.00          -0.49495
199.20          -0.43251
199.40          -0.41161
199.60          -0.39800
199.80          -0.38682
200.00          -0.37722
200.20          -0.36901
200.40          -0.36210
200.60          -0.35640
200.80          -0.35178
201.00          -0.34816
201.20          -0.34545
201.40          -0.34356
201.60          -0.34243
201.80          -0.34202
202.00          -0.34228
202.20          -0.34321
202.40          -0.34479
202.60          -0.34701
202.80          -0.34991
203.00          -0.35350
203.20          -0.35781
203.40          -0.36292
203.60          -0.36888
203.80          -0.37579
204.00          -0.38375
204.20          -0.39292
204.40          -0.40345
204.60          -0.41557
204.80          -0.42955
205.00          -0.44572
205.20          -0.46450
205.40          -0.48646
205.60          -0.51228
205.80          -0.54290
206.00          -0.57952
206.20          -0.62379
206.40          -0.67792
206.60          -0.74501
206.80          -0.82936
207.00          -0.93714
207.20          -1.0771
207.40          -1.2616
207.60          -1.5072
207.80          -1.8323
208.00          -2.2440
208.20          -2.6966
208.40          -3.0199
208.60          -2.9583
208.80          -2.4802
209.00          -1.8603
209.20          -1.3301
209.40          -0.94706
209.60          -0.68632
209.80          -0.51076
210.00          -0.39137
210.20          -0.30873
210.40          -0.25039
210.60          -0.20840
210.80          -0.17762
211.00          -0.15469
211.20          -0.13735
211.40          -0.12405
211.60          -0.11372
211.80          -0.10561
212.00          -0.099175
212.20          -0.094007
212.40          -0.089817
212.60          -0.086386
212.80          -0.083548
213.00          -0.081175
213.20          -0.079170
213.40          -0.077457
213.60          -0.075977
213.80          -0.074683
214.00          -0.073539
214.20          -0.072515
214.40          -0.071587
214.60          -0.070738
214.80          -0.069951
215.00          -0.069214
215.20          -0.068519
215.40          -0.067856
215.60          -0.067220
215.80          -0.066605
216.00          -0.066007
216.20          -0.065423
216.40          -0.064850
216.60          -0.064287
216.80          -0.063730
217.00          -0.063180
217.20          -0.062636
217.40          -0.062095
217.60          -0.061559
217.80          -0.061026
218.00          -0.060497
218.20          -0.059971
218.40          -0.059448
218.60          -0.058929
218.80          -0.058414
219.00          -0.057903
219.20          -0.057395
219.40          -0.056893
219.60          -0.056395
219.80          -0.055902
220.00          -0.055415
220.20          -0.054934
220.40          -0.054459
220.60          -0.053991
220.80          -0.053530
221.00          -0.053077
221.20          -0.052631
221.40          -0.052194
221.60          -0.051766
221.80          -0.051347
222.00          -0.050937
222.20          -0.050538
222.40          -0.050149
222.60          -0.049771
222.80          -0.049404
223.00          -0.049049
223.20          -0.048706
223.40          -0.048376
223.60          -0.048058
223.80          -0.047754
224.00          -0.047464
224.20          -0.047188
224.40          -0.046927
224.60          -0.046680
224.80          -0.046449
225.00          -0.046234
