175.00          -0.10025
175.20          -0.10152
175.40          -0.10281
175.60          -0.10411
175.80          -0.10542
176.00          -0.10676
176.20          -0.10811
176.40          -0.10948
176.60          -0.11087
176.80          -0.11228
177.00          -0.11372
177.20          -0.11517
177.40          -0.11665
177.60          -0.11816
177.80          -0.11968
178.00          -0.12123
178.20          -0.12281
178.40          -0.12441
178.60          -0.12604
178.80          -0.12770
179.00          -0.12938
179.20          -0.13110
179.40          -0.13284
179.60          -0.13461
179.80          -0.13642
180.00          -0.13825
180.20          -0.14011
180.40          -0.14201
180.60          -0.14394
180.80          -0.14591
181.00          -0.14791
181.20          -0.14994
181.40          -0.15201
181.60          -0.15412
181.80          -0.15626
182.00          -0.15844
182.20          -0.16066
182.40          -0.16292
182.60          -0.16523
182.80          -0.16757
183.00          -0.16996
183.20          -0.17239
183.40          -0.17487
183.60          -0.17739
183.80          -0.17997
184.00          -0.18259
184.20          -0.18526
184.40          -0.18799
184.60          -0.19077
184.80          -0.19361
185.00          -0.19650
185.20          -0.19946
185.40          -0.20248
185.60          -0.20556
185.80          -0.20872
186.00          -0.21195
186.20          -0.21526
186.40          -0.21864
186.60          -0.22211
186.80          -0.22568
187.00          -0.22934
187.20          -0.23310
187.40          -0.23697
187.60          -0.24096
187.80          -0.24508
188.00          -0.24934
188.20          -0.25375
188.40          -0.25833
188.60          -0.26308
188.80          -0.26804
189.00          -0.27321
189.20          -0.27863
189.40          -0.28432
189.60          -0.29032
189.80          -0.29666
190.00          -0.30339
190.20          -0.31057
190.40          -0.31826
190.60          -0.32654
190.80          -0.33550
191.00          -0.34526
191.20          -0.35597
191.40          -0.36781
191.60          -0.38100
191.80          -0.39584
192.00          -0.41270
192.20          -0.43209
192.40          -0.45469
192.60          -0.48143
192.80          -0.51363
193.00          -0.55321
193.20          -0.60309
193.40          -0.66782
193.60          -0.75500
193.80          -0.87799
194.00          -1.0623
194.20          -1.3615
194.40          -1.9036
194.60          -3.0338
194.80          -5.5260
195.00          -5.8936
195.20          -2.1942
195.40          -0.77343
195.60          -0.32340
195.80          -0.16494
196.00          -0.10589
196.20          -0.085604
196.40          -0.081995
196.60          -0.086083
196.80          -0.093945
197.00          -0.10385
197.20          -0.11517
197.40          -0.12797
197.60          -0.14307
197.80          -0.16273
198.00          -0.19320
198.20          -0.25718
198.40          -0.50082
198.60          -7.4484
198.80          -0.50678
199.00          -0.21559
199.20          -0.17919
199.40          -0.17339
199.60          -0.17504
199.80          -0.17913
200.00          -0.18415
200.20          -0.18950
200.40          -0.19497
200.60          -0.20040
200.80          -0.20575
201.00          -0.21094
201.20          -0.21593
201.40          -0.22066
201.60          -0.22509
201.80          -0.22915
202.00          -0.23279
202.20          -0.23593
202.40          -0.23853
202.60          -0.24050
202.80          -0.24181
203.00          -0.24242
203.20          -0.24227
203.40          -0.24138
203.60          -0.23972
203.80          -0.23733
204.00          -0.23424
204.20          -0.23051
204.40          -0.22619
204.60          -0.22136
204.80          -0.21610
205.00          -0.21050
205.20          -0.20464
205.40          -0.19859
205.60          -0.19244
205.80          -0.18625
206.00          -0.18007
206.20          -0.17395
206.40          -0.16794
206.60          -0.16207
206.80          -0.15637
207.00          -0.15084
207.20          -0.14551
207.40          -0.14039
207.60          -0.13547
207.80          -0.13076
208.00          -0.12625
208.20          -0.12195
208.40          -0.11785
208.60          -0.11393
208.80          -0.11020
209.00          -0.10664
209.20          -0.10326
209.40          -0.10003
209.60          -0.096948
209.80          -0.094013
210.00          -0.091213
210.20          -0.088541
210.40          -0.085990
210.60          -0.083553
210.80          -0.081224
211.00          -0.078997
211.20          -0.076866
211.40          -0.074826
211.60          -0.072872
211.80          -0.070999
212.00          -0.069203
212.20          -0.067480
212.40          -0.065825
212.60          -0.064236
212.80          -0.062709
213.00          -0.061241
213.20          -0.059829
213.40          -0.058470
213.60          -0.057162
213.80          -0.055902
214.00          -0.054689
214.20          -0.053520
214.40          -0.052394
214.60          -0.051308
214.80          -0.050261
215.00          -0.049252
215.20          -0.048278
215.40          -0.047339
215.60          -0.046433
215.80          -0.045559
216.00          -0.044717
216.20          -0.043904
216.40          -0.043120
216.60          -0.042365
216.80          -0.041636
217.00          -0.040934
217.20          -0.040258
217.40          -0.039607
217.60          -0.038980
217.80          -0.038376
218.00          -0.037796
218.20          -0.037239
218.40          -0.036704
218.60          -0.036190
218.80          -0.035698
219.00          -0.035226
219.20          -0.034775
219.40          -0.034345
219.60          -0.033934
219.80          -0.033542
220.00          -0.033171
220.20          -0.032818
220.40          -0.032484
220.60          -0.032169
220.80          -0.031872
221.00          -0.031594
221.20          -0.031334
221.40          -0.031092
221.60          -0.030869
221.80          -0.030664
222.00          -0.030476
222.20          -0.030307
222.40          -0.030156
222.60          -0.030023
222.80          -0.029908
223.00          -0.029811
223.20          -0.029733
223.40          -0.029673
223.60          -0.029631
223.80          -0.029608
224.00          -0.029604
224.20          -0.029620
224.40          -0.029654
224.60          -0.029708
224.80          -0.029782
225.00          -0.029876
