175.00          -0.043019
175.20          -0.043304
175.40          -0.043596
175.60          -0.043895
175.80          -0.044202
176.00          -0.044516
176.20          -0.044837
176.40          -0.045168
176.60          -0.045507
176.80          -0.045855
177.00          -0.046212
177.20          -0.046580
177.40          -0.046958
177.60          -0.047347
177.80          -0.047747
178.00          -0.048160
178.20          -0.048586
178.40          -0.049025
178.60          -0.049478
178.80          -0.049947
179.00          -0.050431
179.20          -0.050933
179.40          -0.051452
179.60          -0.051990
179.80          -0.052547
180.00          -0.053127
180.20          -0.053728
180.40          -0.054354
180.60          -0.055005
180.80          -0.055684
181.00          -0.056392
181.20          -0.057131
181.40          -0.057903
181.60          -0.058711
181.80          -0.059557
182.00          -0.060444
182.20          -0.061376
182.40          -0.062355
182.60          -0.063386
182.80          -0.064473
183.00          -0.065620
183.20          -0.066832
183.40          -0.068116
183.60          -0.069478
183.80          -0.070924
184.00          -0.072463
184.20          -0.074104
184.40          -0.075856
184.60          -0.077731
184.80          -0.079743
185.00          -0.081904
185.20          -0.084233
185.40          -0.086747
185.60          -0.089470
185.80          -0.092425
186.00          -0.095642
186.20          -0.099155
186.40          -0.10300
186.60          -0.10723
186.80          -0.11189
187.00          -0.11706
187.20          -0.12280
187.40          -0.12920
187.60          -0.13639
187.80          -0.14449
188.00          -0.15366
188.20          -0.16411
188.40          -0.17610
188.60          -0.18992
188.80          -0.20599
189.00          -0.22480
189.20          -0.24699
189.40          -0.27341
189.60          -0.30513
189.80          -0.34358
190.00          -0.39062
190.20          -0.44869
190.40          -0.52089
190.60          -0.61108
190.80          -0.72354
191.00          -0.86193
191.20          -1.0265
191.40          -1.2086
191.60          -1.3825
191.80          -1.5036
192.00          -1.5255
192.20          -1.4348
192.40          -1.2641
192.60          -1.0653
192.80          -0.87698
193.00          -0.71658
193.20          -0.58702
193.40          -0.48482
193.60          -0.40478
193.80          -0.34199
194.00          -0.29243
194.20          -0.25296
194.40          -0.22124
194.60          -0.19551
194.80          -0.17443
195.00          -0.15701
195.20          -0.14249
195.40          -0.13030
195.60          -0.11999
195.80          -0.11121
196.00          -0.10369
196.20          -0.097217
196.40          -0.091608
196.60          -0.086729
196.80          -0.082466
197.00          -0.078726
197.20          -0.075434
197.40          -0.072525
197.60          -0.069948
197.80          -0.067659
198.00          -0.065621
198.20          -0.063801
198.40          -0.062174
198.60          -0.060717
198.80          -0.059410
199.00          -0.058237
199.20          -0.057182
199.40          -0.056235
199.60          -0.055382
199.80          -0.054617
200.00          -0.053929
200.20          -0.053312
200.40          -0.052760
200.60          -0.052267
200.80          -0.051830
201.00          -0.051443
201.20          -0.051103
201.40          -0.050809
201.60          -0.050557
201.80          -0.050348
202.00          -0.050179
202.20          -0.050051
202.40          -0.049965
202.60          -0.049924
202.80          -0.049933
203.00          -0.049997
203.20          -0.050129
203.40          -0.050345
203.60          -0.050674
203.80          -0.051161
204.00          -0.051888
204.20          -0.053014
204.40          -0.054876
204.60          -0.058332
204.80          -0.066193
205.00          -0.093551
205.20          -0.52285
205.40          -0.15920
205.60          -0.056930
205.80          -0.048022
206.00          -0.046092
206.20          -0.045585
206.40          -0.045495
206.60          -0.045551
206.80          -0.045663
207.00          -0.045797
207.20          -0.045937
207.40          -0.046079
207.60          -0.046220
207.80          -0.046359
208.00          -0.046496
208.20          -0.046631
208.40          -0.046765
208.60          -0.046897
208.80          -0.047029
209.00          -0.047160
209.20          -0.047291
209.40          -0.047421
209.60          -0.047552
209.80          -0.047683
210.00          -0.047814
210.20          -0.047945
210.40          -0.048077
210.60          -0.048210
210.80          -0.048343
211.00          -0.048477
211.20          -0.048612
211.40          -0.048747
211.60          -0.048883
211.80          -0.049020
212.00          -0.049157
212.20          -0.049296
212.40          -0.049435
212.60          -0.049575
212.80          -0.049716
213.00          -0.049857
213.20          -0.050000
213.40          -0.050143
213.60          -0.050287
213.80          -0.050432
214.00          -0.050577
214.20          -0.050723
214.40          -0.050870
214.60          -0.051018
214.80          -0.051166
215.00          -0.051316
215.20          -0.051466
215.40          -0.051616
215.60          -0.051767
215.80          -0.051919
216.00          -0.052072
216.20          -0.052226
216.40          -0.052380
216.60          -0.052534
216.80          -0.052690
217.00          -0.052846
217.20          -0.053003
217.40          -0.053160
217.60          -0.053318
217.80          -0.053477
218.00          -0.053636
218.20          -0.053796
218.40          -0.053957
218.60          -0.054118
218.80          -0.054280
219.00          -0.054443
219.20          -0.054606
219.40          -0.054770
219.60          -0.054935
219.80          -0.055100
220.00          -0.055266
220.20          -0.055432
220.40          -0.055599
220.60          -0.055767
220.80          -0.055935
221.00          -0.056105
221.20          -0.056274
221.40          -0.056445
221.60          -0.056616
221.80          -0.056788
222.00          -0.056960
222.20          -0.057134
222.40          -0.057308
222.60          -0.057482
222.80          -0.057658
223.00          -0.057834
223.20          -0.058011
223.40          -0.058189
223.60          -0.058367
223.80          -0.058547
224.00          -0.058727
224.20          -0.058909
224.40          -0.059091
224.60          -0.059274
224.80          -0.059458
225.00          -0.059643
