175.00          -0.083072
175.20          -0.083799
175.40          -0.084543
175.60          -0.085305
175.80          -0.086084
176.00          -0.086883
176.20          -0.087702
176.40          -0.088540
176.60          -0.089401
176.80          -0.090283
177.00          -0.091189
177.20          -0.092119
177.40          -0.093073
177.60          -0.094055
177.80          -0.095063
178.00          -0.096101
178.20          -0.097168
178.40          -0.098266
178.60          -0.099398
178.80          -0.10056
179.00          -0.10176
179.20          -0.10300
179.40          -0.10428
179.60          -0.10560
179.80          -0.10697
180.00          -0.10838
180.20          -0.10983
180.40          -0.11134
180.60          -0.11290
180.80          -0.11452
181.00          -0.11619
181.20          -0.11793
181.40          -0.11974
181.60          -0.12161
181.80          -0.12356
182.00          -0.12558
182.20          -0.12769
182.40          -0.12988
182.60          -0.13217
182.80          -0.13456
183.00          -0.13705
183.20          -0.13965
183.40          -0.14236
183.60          -0.14521
183.80          -0.14819
184.00          -0.15131
184.20          -0.15458
184.40          -0.15801
184.60          -0.16162
184.80          -0.16542
185.00          -0.16942
185.20          -0.17363
185.40          -0.17807
185.60          -0.18275
185.80          -0.18771
186.00          -0.19294
186.20          -0.19849
186.40          -0.20436
186.60          -0.21059
186.80          -0.21721
187.00          -0.22423
187.20          -0.23171
187.40          -0.23966
187.60          -0.24813
187.80          -0.25715
188.00          -0.26678
188.20          -0.27705
188.40          -0.28800
188.60          -0.29969
188.80          -0.31217
189.00          -0.32547
189.20          -0.33965
189.40          -0.35474
189.60          -0.37077
189.80          -0.38776
190.00          -0.40572
190.20          -0.42461
190.40          -0.44438
190.60          -0.46494
190.80          -0.48614
191.00          -0.50776
191.20          -0.52951
191.40          -0.55103
191.60          -0.57187
191.80          -0.59149
192.00          -0.60927
192.20          -0.62457
192.40          -0.63672
192.60          -0.64511
192.80          -0.64922
193.00          -0.64870
193.20          -0.64337
193.40          -0.63332
193.60          -0.61884
193.80          -0.60043
194.00          -0.57874
194.20          -0.55449
194.40          -0.52847
194.60          -0.50139
194.80          -0.47391
195.00          -0.44661
195.20          -0.41992
195.40          -0.39420
195.60          -0.36969
195.80          -0.34654
196.00          -0.32485
196.20          -0.30463
196.40          -0.28589
196.60          -0.26857
196.80          -0.25262
197.00          -0.23795
197.20          -0.22449
197.40          -0.21216
197.60          -0.20085
197.80          -0.19050
198.00          -0.18102
198.20          -0.17234
198.40          -0.16439
198.60          -0.15710
198.80          -0.15042
199.00          -0.14430
199.20          -0.13867
199.40          -0.13351
199.60          -0.12876
199.80          -0.12440
200.00          -0.12038
200.20          -0.11668
200.40          -0.11327
200.60          -0.11013
200.80          -0.10723
201.00          -0.10456
201.20          -0.10209
201.40          -0.099810
201.60          -0.097702
201.80          -0.095753
202.00          -0.093952
202.20          -0.092286
202.40          -0.090745
202.60          -0.089321
202.80          -0.088003
203.00          -0.086785
203.20          -0.085659
203.40          -0.084619
203.60          -0.083659
203.80          -0.082773
204.00          -0.081957
204.20          -0.081205
204.40          -0.080513
204.60          -0.079878
204.80          -0.079297
205.00          -0.078765
205.20          -0.078280
205.40          -0.077839
205.60          -0.077439
205.80          -0.077080
206.00          -0.076757
206.20          -0.076470
206.40          -0.076216
206.60          -0.075995
206.80          -0.075804
207.00          -0.075643
207.20          -0.075511
207.40          -0.075406
207.60          -0.075327
207.80          -0.075276
208.00          -0.075249
208.20          -0.075249
208.40          -0.075274
208.60          -0.075324
208.80          -0.075401
209.00          -0.075504
209.20          -0.075635
209.40          -0.075795
209.60          -0.075986
209.80          -0.076210
210.00          -0.076471
210.20          -0.076773
210.40          -0.077120
210.60          -0.077521
210.80          -0.077985
211.00          -0.078523
211.20          -0.079153
211.40          -0.079898
211.60          -0.080791
211.80          -0.081880
212.00          -0.083237
212.20          -0.084976
212.40          -0.087286
212.60          -0.090502
212.80          -0.095270
213.00          -0.10300
213.20          -0.11734
213.40          -0.15072
213.60          -0.27481
213.80          -2.7616
214.00          -0.38701
214.20          -0.11065
214.40          -0.079899
214.60          -0.072550
214.80          -0.070395
215.00          -0.069855
215.20          -0.069911
215.40          -0.070205
215.60          -0.070595
215.80          -0.071020
216.00          -0.071452
216.20          -0.071880
216.40          -0.072297
216.60          -0.072702
216.80          -0.073095
217.00          -0.073476
217.20          -0.073846
217.40          -0.074206
217.60          -0.074557
217.80          -0.074901
218.00          -0.075238
218.20          -0.075568
218.40          -0.075893
218.60          -0.076213
218.80          -0.076529
219.00          -0.076842
219.20          -0.077151
219.40          -0.077457
219.60          -0.077760
219.80          -0.078062
220.00          -0.078361
220.20          -0.078659
220.40          -0.078955
220.60          -0.079250
220.80          -0.079544
221.00          -0.079836
221.20          -0.080128
221.40          -0.080420
221.60          -0.080710
221.80          -0.081000
222.00          -0.081290
222.20          -0.081580
222.40          -0.081869
222.60          -0.082158
222.80          -0.082447
223.00          -0.082736
223.20          -0.083025
223.40          -0.083313
223.60          -0.083602
223.80          -0.083892
224.00          -0.084181
224.20          -0.084470
224.40          -0.084760
224.60          -0.085050
224.80          -0.085340
225.00          -0.085631
