175.00          -0.056443
175.20          -0.056057
175.40          -0.055689
175.60          -0.055336
175.80          -0.055000
176.00          -0.054679
176.20          -0.054373
176.40          -0.054081
176.60          -0.053803
176.80          -0.053539
177.00          -0.053289
177.20          -0.053051
177.40          -0.052825
177.60          -0.052612
177.80          -0.052411
178.00          -0.052221
178.20          -0.052043
178.40          -0.051875
178.60          -0.051718
178.80          -0.051571
179.00          -0.051435
179.20          -0.051308
179.40          -0.051191
179.60          -0.051083
179.80          -0.050984
180.00          -0.050894
180.20          -0.050813
180.40          -0.050740
180.60          -0.050675
180.80          -0.050619
181.00          -0.050570
181.20          -0.050529
181.40          -0.050496
181.60          -0.050470
181.80          -0.050451
182.00          -0.050439
182.20          -0.050434
182.40          -0.050435
182.60          -0.050444
182.80          -0.050459
183.00          -0.050480
183.20          -0.050507
183.40          -0.050540
183.60          -0.050579
183.80          -0.050625
184.00          -0.050675
184.20          -0.050732
184.40          -0.050794
184.60          -0.050861
184.80          -0.050934
185.00          -0.051012
185.20          -0.051095
185.40          -0.051183
185.60          -0.051276
185.80          -0.051374
186.00          -0.051477
186.20          -0.051584
186.40          -0.051697
186.60          -0.051813
186.80          -0.051935
187.00          -0.052060
187.20          -0.052190
187.40          -0.052325
187.60          -0.052463
187.80          -0.052606
188.00          -0.052753
188.20          -0.052904
188.40          -0.053059
188.60          -0.053219
188.80          -0.053382
189.00          -0.053549
189.20          -0.053719
189.40          -0.053894
189.60          -0.054072
189.80          -0.054254
190.00          -0.054440
190.20          -0.054629
190.40          -0.054822
190.60          -0.055019
190.80          -0.055219
191.00          -0.055422
191.20          -0.055629
191.40          -0.055839
191.60          -0.056053
191.80          -0.056270
192.00          -0.056491
192.20          -0.056714
192.40          -0.056941
192.60          -0.057172
192.80          -0.057405
193.00          -0.057642
193.20          -0.057881
193.40          -0.058124
193.60          -0.058371
193.80          -0.058620
194.00          -0.058872
194.20          -0.059127
194.40          -0.059386
194.60          -0.059647
194.80          -0.059912
195.00          -0.060179
195.20          -0.060450
195.40          -0.060723
195.60          -0.060999
195.80          -0.061279
196.00          -0.061561
196.20          -0.061846
196.40          -0.062134
196.60          -0.062425
196.80          -0.062719
197.00          -0.063016
197.20          -0.063316
197.40          -0.063618
197.60          -0.063924
197.80          -0.064232
198.00          -0.064543
198.20          -0.064858
198.40          -0.065175
198.60          -0.065495
198.80          -0.065817
199.00          -0.066143
199.20          -0.066472
199.40          -0.066804
199.60          -0.067138
199.80          -0.067476
200.00          -0.067817
200.20          -0.068161
200.40          -0.068508
200.60          -0.068858
200.80          -0.069211
201.00          -0.069568
201.20          -0.069928
201.40          -0.070292
201.60          -0.070659
201.80          -0.071030
202.00          -0.071405
202.20          -0.071783
202.40          -0.072167
202.60          -0.072554
202.80          -0.072946
203.00          -0.073343
203.20          -0.073746
203.40          -0.074154
203.60          -0.074569
203.80          -0.074991
204.00          -0.075421
204.20          -0.075859
204.40          -0.076307
204.60          -0.076767
204.80          -0.077239
205.00          -0.077728
205.20          -0.078235
205.40          -0.078764
205.60          -0.079322
205.80          -0.079915
206.00          -0.080554
206.20          -0.081254
206.40          -0.082038
206.60          -0.082941
206.80          -0.084021
207.00          -0.085381
207.20          -0.087216
207.40          -0.089945
207.60          -0.094617
207.80          -0.10464
208.00          -0.13769
208.20          -0.55403
208.40          -0.28829
208.60          -0.10225
208.80          -0.087316
209.00          -0.084139
209.20          -0.083386
209.40          -0.083374
209.60          -0.083640
209.80          -0.084023
210.00          -0.084457
210.20          -0.084914
210.40          -0.085381
210.60          -0.085850
210.80          -0.086319
211.00          -0.086786
211.20          -0.087250
211.40          -0.087711
211.60          -0.088169
211.80          -0.088624
212.00          -0.089076
212.20          -0.089525
212.40          -0.089972
212.60          -0.090417
212.80          -0.090859
213.00          -0.091299
213.20          -0.091737
213.40          -0.092173
213.60          -0.092607
213.80          -0.093040
214.00          -0.093470
214.20          -0.093899
214.40          -0.094326
214.60          -0.094751
214.80          -0.095174
215.00          -0.095596
215.20          -0.096016
215.40          -0.096434
215.60          -0.096850
215.80          -0.097264
216.00          -0.097676
216.20          -0.098085
216.40          -0.098493
216.60          -0.098899
216.80          -0.099302
217.00          -0.099703
217.20          -0.10010
217.40          -0.10050
217.60          -0.10089
217.80          -0.10128
218.00          -0.10167
218.20          -0.10206
218.40          -0.10244
218.60          -0.10282
218.80          -0.10319
219.00          -0.10356
219.20          -0.10393
219.40          -0.10430
219.60          -0.10466
219.80          -0.10502
220.00          -0.10537
220.20          -0.10572
220.40          -0.10607
220.60          -0.10641
220.80          -0.10675
221.00          -0.10708
221.20          -0.10741
221.40          -0.10773
221.60          -0.10805
221.80          -0.10836
222.00          -0.10866
222.20          -0.10897
222.40          -0.10926
222.60          -0.10955
222.80          -0.10983
223.00          -0.11011
223.20          -0.11038
223.40          -0.11064
223.60          -0.11090
223.80          -0.11115
224.00          -0.11139
224.20          -0.11163
224.40          -0.11186
224.60          -0.11208
224.80          -0.11229
225.00          -0.11249
