175.00          -0.063758
175.20          -0.063896
175.40          -0.064033
175.60          -0.064170
175.80          -0.064308
176.00          -0.064446
176.20          -0.064585
176.40          -0.064723
176.60          -0.064862
176.80          -0.065001
177.00          -0.065140
177.20          -0.065280
177.40          -0.065420
177.60          -0.065560
177.80          -0.065700
178.00          -0.065841
178.20          -0.065982
178.40          -0.066123
178.60          -0.066264
178.80          -0.066406
179.00          -0.066548
179.20          -0.066690
179.40          -0.066832
179.60          -0.066975
179.80          -0.067118
180.00          -0.067261
180.20          -0.067404
180.40          -0.067548
180.60          -0.067692
180.80          -0.067836
181.00          -0.067981
181.20          -0.068126
181.40          -0.068271
181.60          -0.068416
181.80          -0.068561
182.00          -0.068707
182.20          -0.068853
182.40          -0.069000
182.60          -0.069146
182.80          -0.069293
183.00          -0.069440
183.20          -0.069588
183.40          -0.069735
183.60          -0.069883
183.80          -0.070032
184.00          -0.070180
184.20          -0.070329
184.40          -0.070478
184.60          -0.070627
184.80          -0.070777
185.00          -0.070927
185.20          -0.071077
185.40          -0.071228
185.60          -0.071378
185.80          -0.071529
186.00          -0.071681
186.20          -0.071832
186.40          -0.071984
186.60          -0.072136
186.80          -0.072289
187.00          -0.072441
187.20          -0.072594
187.40          -0.072748
187.60          -0.072901
187.80          -0.073055
188.00          -0.073209
188.20          -0.073364
188.40          -0.073518
188.60          -0.073674
188.80          -0.073829
189.00          -0.073984
189.20          -0.074140
189.40          -0.074297
189.60          -0.074453
189.80          -0.074610
190.00          -0.074767
190.20          -0.074925
190.40          -0.075082
190.60          -0.075240
190.80          -0.075399
191.00          -0.075558
191.20          -0.075717
191.40          -0.075876
191.60          -0.076036
191.80          -0.076196
192.00          -0.076356
192.20          -0.076516
192.40          -0.076677
192.60          -0.076839
192.80          -0.077000
193.00          -0.077162
193.20          -0.077325
193.40          -0.077487
193.60          -0.077650
193.80          -0.077814
194.00          -0.077977
194.20          -0.078141
194.40          -0.078306
194.60          -0.078471
194.80          -0.078636
195.00          -0.078802
195.20          -0.078968
195.40          -0.079134
195.60          -0.079301
195.80          -0.079468
196.00          -0.079636
196.20          -0.079804
196.40          -0.079972
196.60          -0.080141
196.80          -0.080311
197.00          -0.080480
197.20          -0.080651
197.40          -0.080822
197.60          -0.080993
197.80          -0.081165
198.00          -0.081338
198.20          -0.081511
198.40          -0.081685
198.60          -0.081859
198.80          -0.082034
199.00          -0.082210
199.20          -0.082387
199.40          -0.082564
199.60          -0.082743
199.80          -0.082922
200.00          -0.083102
200.20          -0.083284
200.40          -0.083467
200.60          -0.083651
200.80          -0.083837
201.00          -0.084024
201.20          -0.084213
201.40          -0.084405
201.60          -0.084599
201.80          -0.084797
202.00          -0.084998
202.20          -0.085203
202.40          -0.085413
202.60          -0.085631
202.80          -0.085856
203.00          -0.086093
203.20          -0.086344
203.40          -0.086615
203.60          -0.086914
203.80          -0.087255
204.00          -0.087661
204.20          -0.088179
204.40          -0.088904
204.60          -0.090069
204.80          -0.092402
205.00          -0.099310
205.20          -0.15494
205.40          -0.17931
205.60          -0.095298
205.80          -0.089775
206.00          -0.088653
206.20          -0.088395
206.40          -0.088400
206.60          -0.088507
206.80          -0.088659
207.00          -0.088832
207.20          -0.089016
207.40          -0.089206
207.60          -0.089399
207.80          -0.089594
208.00          -0.089791
208.20          -0.089987
208.40          -0.090184
208.60          -0.090382
208.80          -0.090579
209.00          -0.090777
209.20          -0.090975
209.40          -0.091172
209.60          -0.091371
209.80          -0.091569
210.00          -0.091768
210.20          -0.091967
210.40          -0.092166
210.60          -0.092366
210.80          -0.092567
211.00          -0.092767
211.20          -0.092969
211.40          -0.093171
211.60          -0.093374
211.80          -0.093577
212.00          -0.093781
212.20          -0.093986
212.40          -0.094192
212.60          -0.094399
212.80          -0.094607
213.00          -0.094816
213.20          -0.095026
213.40          -0.095237
213.60          -0.095450
213.80          -0.095664
214.00          -0.095879
214.20          -0.096096
214.40          -0.096315
214.60          -0.096536
214.80          -0.096759
215.00          -0.096984
215.20          -0.097212
215.40          -0.097442
215.60          -0.097675
215.80          -0.097911
216.00          -0.098151
216.20          -0.098395
216.40          -0.098644
216.60          -0.098897
216.80          -0.099156
217.00          -0.099421
217.20          -0.099693
217.40          -0.099973
217.60          -0.10026
217.80          -0.10056
218.00          -0.10087
218.20          -0.10120
218.40          -0.10155
218.60          -0.10191
218.80          -0.10230
219.00          -0.10272
219.20          -0.10318
219.40          -0.10368
219.60          -0.10425
219.80          -0.10489
220.00          -0.10564
220.20          -0.10653
220.40          -0.10761
220.60          -0.10897
220.80          -0.11076
221.00          -0.11322
221.20          -0.11682
221.40          -0.12253
221.60          -0.13266
221.80          -0.15389
222.00          -0.21326
222.20          -0.52388
222.40          -3.6591
222.60          -0.36250
222.80          -0.17298
223.00          -0.13348
223.20          -0.11963
223.40          -0.11344
223.60          -0.11027
223.80          -0.10851
224.00          -0.10749
224.20          -0.10689
224.40          -0.10656
224.60          -0.10638
224.80          -0.10632
225.00          -0.10632
