175.00          -0.073106
175.20          -0.073288
175.40          -0.073471
175.60          -0.073654
175.80          -0.073838
176.00          -0.074022
176.20          -0.074207
176.40          -0.074392
176.60          -0.074577
176.80          -0.074764
177.00          -0.074951
177.20          -0.075138
177.40          -0.075326
177.60          -0.075514
177.80          -0.075703
178.00          -0.075892
178.20          -0.076082
178.40          -0.076273
178.60          -0.076464
178.80          -0.076656
179.00          -0.076848
179.20          -0.077041
179.40          -0.077234
179.60          -0.077428
179.80          -0.077623
180.00          -0.077818
180.20          -0.078014
180.40          -0.078210
180.60          -0.078407
180.80          -0.078605
181.00          -0.078803
181.20          -0.079002
181.40          -0.079201
181.60          -0.079401
181.80          -0.079602
182.00          -0.079804
182.20          -0.080006
182.40          -0.080208
182.60          -0.080412
182.80          -0.080616
183.00          -0.080821
183.20          -0.081026
183.40          -0.081233
183.60          -0.081440
183.80          -0.081647
184.00          -0.081856
184.20          -0.082065
184.40          -0.082275
184.60          -0.082486
184.80          -0.082697
185.00          -0.082909
185.20          -0.083122
185.40          -0.083336
185.60          -0.083551
185.80          -0.083767
186.00          -0.083983
186.20          -0.084201
186.40          -0.084419
186.60          -0.084638
186.80          -0.084858
187.00          -0.085079
187.20          -0.085301
187.40          -0.085524
187.60          -0.085748
187.80          -0.085973
188.00          -0.086199
188.20          -0.086426
188.40          -0.086654
188.60          -0.086883
188.80          -0.087114
189.00          -0.087345
189.20          -0.087578
189.40          -0.087812
189.60          -0.088047
189.80          -0.088284
190.00          -0.088522
190.20          -0.088761
190.40          -0.089001
190.60          -0.089243
190.80          -0.089487
191.00          -0.089732
191.20          -0.089978
191.40          -0.090227
191.60          -0.090476
191.80          -0.090728
192.00          -0.090981
192.20          -0.091237
192.40          -0.091494
192.60          -0.091753
192.80          -0.092014
193.00          -0.092277
193.20          -0.092543
193.40          -0.092811
193.60          -0.093081
193.80          -0.093354
194.00          -0.093629
194.20          -0.093907
194.40          -0.094189
194.60          -0.094473
194.80          -0.094760
195.00          -0.095051
195.20          -0.095345
195.40          -0.095643
195.60          -0.095945
195.80          -0.096252
196.00          -0.096562
196.20          -0.096878
196.40          -0.097198
196.60          -0.097524
196.80          -0.097856
197.00          -0.098194
197.20          -0.098539
197.40          -0.098891
197.60          -0.099251
197.80          -0.099619
198.00          -0.099996
198.20          -0.10038
198.40          -0.10078
198.60          -0.10119
198.80          -0.10162
199.00          -0.10206
199.20          -0.10251
199.40          -0.10298
199.60          -0.10348
199.80          -0.10400
200.00          -0.10454
200.20          -0.10512
200.40          -0.10573
200.60          -0.10638
200.80          -0.10708
201.00          -0.10783
201.20          -0.10865
201.40          -0.10956
201.60          -0.11056
201.80          -0.11168
202.00          -0.11296
202.20          -0.11444
202.40          -0.11617
202.60          -0.11825
202.80          -0.12080
203.00          -0.12404
203.20          -0.12829
203.40          -0.13414
203.60          -0.14265
203.80          -0.15607
204.00          -0.17974
204.20          -0.22940
204.40          -0.37107
204.60          -1.1883
204.80          -4.6728
205.00          -0.44675
205.20          -0.19421
205.40          -0.13933
205.60          -0.12060
205.80          -0.11273
206.00          -0.10908
206.20          -0.10735
206.40          -0.10659
206.60          -0.10637
206.80          -0.10645
207.00          -0.10673
207.20          -0.10713
207.40          -0.10762
207.60          -0.10817
207.80          -0.10876
208.00          -0.10939
208.20          -0.11005
208.40          -0.11074
208.60          -0.11146
208.80          -0.11222
209.00          -0.11301
209.20          -0.11384
209.40          -0.11472
209.60          -0.11564
209.80          -0.11662
210.00          -0.11767
210.20          -0.11880
210.40          -0.12001
210.60          -0.12133
210.80          -0.12278
211.00          -0.12437
211.20          -0.12615
211.40          -0.12814
211.60          -0.13041
211.80          -0.13300
212.00          -0.13602
212.20          -0.13958
212.40          -0.14385
212.60          -0.14905
212.80          -0.15552
213.00          -0.16377
213.20          -0.17460
213.40          -0.18931
213.60          -0.21019
213.80          -0.24148
214.00          -0.29190
214.20          -0.38174
214.40          -0.56713
214.60          -1.0493
214.80          -2.8441
215.00          -6.2021
215.20          -1.8074
215.40          -0.69735
215.60          -0.38465
215.80          -0.26268
216.00          -0.20450
216.20          -0.17291
216.40          -0.15419
216.60          -0.14238
216.80          -0.13458
217.00          -0.12925
217.20          -0.12551
217.40          -0.12284
217.60          -0.12091
217.80          -0.11951
218.00          -0.11849
218.20          -0.11776
218.40          -0.11724
218.60          -0.11689
218.80          -0.11667
219.00          -0.11654
219.20          -0.11649
219.40          -0.11651
219.60          -0.11658
219.80          -0.11669
220.00          -0.11684
220.20          -0.11701
220.40          -0.11721
220.60          -0.11742
220.80          -0.11765
221.00          -0.11790
221.20          -0.11816
221.40          -0.11842
221.60          -0.11870
221.80          -0.11898
222.00          -0.11927
222.20          -0.11957
222.40          -0.11987
222.60          -0.12017
222.80          -0.12048
223.00          -0.12079
223.20          -0.12110
223.40          -0.12142
223.60          -0.12174
223.80          -0.12206
224.00          -0.12238
224.20          -0.12271
224.40          -0.12304
224.60          -0.12337
224.80          -0.12370
225.00          -0.12404
