175.00          -0.028824
175.20          -0.028883
175.40          -0.028942
175.60          -0.029001
175.80          -0.029061
176.00          -0.029120
176.20          -0.029180
176.40          -0.029240
176.60          -0.029300
176.80          -0.029361
177.00          -0.029421
177.20          -0.029482
177.40          -0.029543
177.60          -0.029604
177.80          -0.029665
178.00          -0.029726
178.20          -0.029788
178.40          -0.029849
178.60          -0.029911
178.80          -0.029973
179.00          -0.030036
179.20          -0.030098
179.40          -0.030161
179.60          -0.030223
179.80          -0.030286
180.00          -0.030349
180.20          -0.030413
180.40          -0.030476
180.60          -0.030540
180.80          -0.030604
181.00          -0.030668
181.20          -0.030732
181.40          -0.030796
181.60          -0.030861
181.80          -0.030926
182.00          -0.030991
182.20          -0.031056
182.40          -0.031121
182.60          -0.031187
182.80          -0.031253
183.00          -0.031318
183.20          -0.031385
183.40          -0.031451
183.60          -0.031517
183.80          -0.031584
184.00          -0.031651
184.20          -0.031718
184.40          -0.031785
184.60          -0.031853
184.80          -0.031921
185.00          -0.031989
185.20          -0.032057
185.40          -0.032125
185.60          -0.032193
185.80          -0.032262
186.00          -0.032331
186.20          -0.032400
186.40          -0.032469
186.60          -0.032539
186.80          -0.032609
187.00          -0.032679
187.20          -0.032749
187.40          -0.032819
187.60          -0.032890
187.80          -0.032961
188.00          -0.033032
188.20          -0.033103
188.40          -0.033174
188.60          -0.033246
188.80          -0.033318
189.00          -0.033390
189.20          -0.033462
189.40          -0.033535
189.60          -0.033608
189.80          -0.033681
190.00          -0.033754
190.20          -0.033827
190.40          -0.033901
190.60          -0.033975
190.80          -0.034049
191.00          -0.034123
191.20          -0.034198
191.40          -0.034273
191.60          -0.034348
191.80          -0.034423
192.00          -0.034498
192.20          -0.034574
192.40          -0.034650
192.60          -0.034726
192.80          -0.034803
193.00          -0.034880
193.20          -0.034956
193.40          -0.035034
193.60          -0.035111
193.80          -0.035189
194.00          -0.035267
194.20          -0.035345
194.40          -0.035423
194.60          -0.035502
194.80          -0.035581
195.00          -0.035660
195.20          -0.035740
195.40          -0.035819
195.60          -0.035899
195.80          -0.035979
196.00          -0.036060
196.20          -0.036141
196.40          -0.036222
196.60          -0.036303
196.80          -0.036384
197.00          -0.036466
197.20          -0.036548
197.40          -0.036631
197.60          -0.036713
197.80          -0.036796
198.00          -0.036879
198.20          -0.036963
198.40          -0.037047
198.60          -0.037131
198.80          -0.037215
199.00          -0.037299
199.20          -0.037384
199.40          -0.037469
199.60          -0.037555
199.80          -0.037640
200.00          -0.037726
200.20          -0.037813
200.40          -0.037899
200.60          -0.037986
200.80          -0.038073
201.00          -0.038161
201.20          -0.038249
201.40          -0.038337
201.60          -0.038425
201.80          -0.038514
202.00          -0.038603
202.20          -0.038692
202.40          -0.038782
202.60          -0.038872
202.80          -0.038962
203.00          -0.039053
203.20          -0.039144
203.40          -0.039235
203.60          -0.039326
203.80          -0.039418
204.00          -0.039510
204.20          -0.039603
204.40          -0.039696
204.60          -0.039789
204.80          -0.039883
205.00          -0.039977
205.20          -0.040071
205.40          -0.040165
205.60          -0.040260
205.80          -0.040356
206.00          -0.040451
206.20          -0.040547
206.40          -0.040643
206.60          -0.040740
206.80          -0.040837
207.00          -0.040935
207.20          -0.041032
207.40          -0.041131
207.60          -0.041229
207.80          -0.041328
208.00          -0.041427
208.20          -0.041527
208.40          -0.041627
208.60          -0.041727
208.80          -0.041828
209.00          -0.041929
209.20          -0.042031
209.40          -0.042133
209.60          -0.042235
209.80          -0.042338
210.00          -0.042441
210.20          -0.042545
210.40          -0.042649
210.60          -0.042753
210.80          -0.042858
211.00          -0.042963
211.20          -0.043069
211.40          -0.043175
211.60          -0.043282
211.80          -0.043389
212.00          -0.043496
212.20          -0.043604
212.40          -0.043712
212.60          -0.043821
212.80          -0.043930
213.00          -0.044040
213.20          -0.044150
213.40          -0.044260
213.60          -0.044371
213.80          -0.044483
214.00          -0.044595
214.20          -0.044707
214.40          -0.044820
214.60          -0.044934
214.80          -0.045048
215.00          -0.045162
215.20          -0.045277
215.40          -0.045392
215.60          -0.045508
215.80          -0.045625
216.00          -0.045742
216.20          -0.045859
216.40          -0.045977
216.60          -0.046095
216.80          -0.046214
217.00          -0.046334
217.20          -0.046454
217.40          -0.046575
217.60          -0.046696
217.80          -0.046818
218.00          -0.046940
218.20          -0.047063
218.40          -0.047187
218.60          -0.047311
218.80          -0.047435
219.00          -0.047560
219.20          -0.047686
219.40          -0.047813
219.60          -0.047940
219.80          -0.048067
220.00          -0.048196
220.20          -0.048325
220.40          -0.048454
220.60          -0.048584
220.80          -0.048715
221.00          -0.048847
221.20          -0.048979
221.40          -0.049111
221.60          -0.049245
221.80          -0.049379
222.00          -0.049514
222.20          -0.049649
222.40          -0.049786
222.60          -0.049923
222.80          -0.050060
223.00          -0.050199
223.20          -0.050338
223.40          -0.050477
223.60          -0.050618
223.80          -0.050759
224.00          -0.050901
224.20          -0.051044
224.40          -0.051188
224.60          -0.051332
224.80          -0.051478
225.00          -0.051624
