175.00          -0.041600
175.20          -0.041731
175.40          -0.041862
175.60          -0.041995
175.80          -0.042128
176.00          -0.042262
176.20          -0.042396
176.40          -0.042531
176.60          -0.042667
176.80          -0.042803
177.00          -0.042941
177.20          -0.043078
177.40          -0.043217
177.60          -0.043356
177.80          -0.043496
178.00          -0.043637
178.20          -0.043778
178.40          -0.043921
178.60          -0.044063
178.80          -0.044207
179.00          -0.044352
179.20          -0.044497
179.40          -0.044643
179.60          -0.044789
179.80          -0.044937
180.00          -0.045085
180.20          -0.045234
180.40          -0.045384
180.60          -0.045535
180.80          -0.045687
181.00          -0.045839
181.20          -0.045992
181.40          -0.046146
181.60          -0.046301
181.80          -0.046457
182.00          -0.046613
182.20          -0.046771
182.40          -0.046929
182.60          -0.047088
182.80          -0.047249
183.00          -0.047410
183.20          -0.047572
183.40          -0.047735
183.60          -0.047898
183.80          -0.048063
184.00          -0.048229
184.20          -0.048396
184.40          -0.048563
184.60          -0.048732
184.80          -0.048902
185.00          -0.049072
185.20          -0.049244
185.40          -0.049417
185.60          -0.049590
185.80          -0.049765
186.00          -0.049941
186.20          -0.050118
186.40          -0.050296
186.60          -0.050475
186.80          -0.050655
187.00          -0.050836
187.20          -0.051019
187.40          -0.051202
187.60          -0.051387
187.80          -0.051573
188.00          -0.051760
188.20          -0.051948
188.40          -0.052137
188.60          -0.052328
188.80          -0.052520
189.00          -0.052713
189.20          -0.052907
189.40          -0.053103
189.60          -0.053300
189.80          -0.053498
190.00          -0.053698
190.20          -0.053899
190.40          -0.054101
190.60          -0.054305
190.80          -0.054509
191.00          -0.054716
191.20          -0.054924
191.40          -0.055133
191.60          -0.055344
191.80          -0.055556
192.00          -0.055769
192.20          -0.055985
192.40          -0.056201
192.60          -0.056419
192.80          -0.056639
193.00          -0.056861
193.20          -0.057084
193.40          -0.057308
193.60          -0.057535
193.80          -0.057762
194.00          -0.057992
194.20          -0.058223
194.40          -0.058456
194.60          -0.058691
194.80          -0.058928
195.00          -0.059166
195.20          -0.059407
195.40          -0.059649
195.60          -0.059893
195.80          -0.060139
196.00          -0.060386
196.20          -0.060636
196.40          -0.060888
196.60          -0.061142
196.80          -0.061398
197.00          -0.061656
197.20          -0.061916
197.40          -0.062178
197.60          -0.062442
197.80          -0.062709
198.00          -0.062978
198.20          -0.063249
198.40          -0.063522
198.60          -0.063798
198.80          -0.064076
199.00          -0.064356
199.20          -0.064639
199.40          -0.064925
199.60          -0.065213
199.80          -0.065503
200.00          -0.065797
200.20          -0.066092
200.40          -0.066391
200.60          -0.066692
200.80          -0.066996
201.00          -0.067303
201.20          -0.067613
201.40          -0.067925
201.60          -0.068241
201.80          -0.068560
202.00          -0.068881
202.20          -0.069206
202.40          -0.069534
202.60          -0.069865
202.80          -0.070200
203.00          -0.070538
203.20          -0.070879
203.40          -0.071224
203.60          -0.071572
203.80          -0.071924
204.00          -0.072279
204.20          -0.072638
204.40          -0.073001
204.60          -0.073368
204.80          -0.073739
205.00          -0.074114
205.20          -0.074492
205.40          -0.074875
205.60          -0.075263
205.80          -0.075654
206.00          -0.076050
206.20          -0.076450
206.40          -0.076855
206.60          -0.077265
206.80          -0.077679
207.00          -0.078098
207.20          -0.078522
207.40          -0.078951
207.60          -0.079385
207.80          -0.079825
208.00          -0.080270
208.20          -0.080720
208.40          -0.081176
208.60          -0.081637
208.80          -0.082104
209.00          -0.082577
209.20          -0.083057
209.40          -0.083542
209.60          -0.084034
209.80          -0.084532
210.00          -0.085036
210.20          -0.085548
210.40          -0.086066
210.60          -0.086591
210.80          -0.087124
211.00          -0.087663
211.20          -0.088211
211.40          -0.088766
211.60          -0.089328
211.80          -0.089899
212.00          -0.090478
212.20          -0.091066
212.40          -0.091662
212.60          -0.092267
212.80          -0.092880
213.00          -0.093503
213.20          -0.094136
213.40          -0.094778
213.60          -0.095430
213.80          -0.096092
214.00          -0.096765
214.20          -0.097448
214.40          -0.098142
214.60          -0.098848
214.80          -0.099565
215.00          -0.10029
215.20          -0.10103
215.40          -0.10179
215.60          -0.10255
215.80          -0.10333
216.00          -0.10412
216.20          -0.10493
216.40          -0.10575
216.60          -0.10658
216.80          -0.10743
217.00          -0.10830
217.20          -0.10918
217.40          -0.11007
217.60          -0.11099
217.80          -0.11191
218.00          -0.11286
218.20          -0.11383
218.40          -0.11481
218.60          -0.11581
218.80          -0.11683
219.00          -0.11787
219.20          -0.11894
219.40          -0.12002
219.60          -0.12112
219.80          -0.12225
220.00          -0.12340
220.20          -0.12458
220.40          -0.12577
220.60          -0.12700
220.80          -0.12825
221.00          -0.12952
221.20          -0.13083
221.40          -0.13216
221.60          -0.13352
221.80          -0.13491
222.00          -0.13633
222.20          -0.13778
222.40          -0.13926
222.60          -0.14078
222.80          -0.14233
223.00          -0.14392
223.20          -0.14555
223.40          -0.14721
223.60          -0.14891
223.80          -0.15065
224.00          -0.15243
224.20          -0.15426
224.40          -0.15613
224.60          -0.15804
224.80          -0.16000
225.00          -0.16200
