175.00          -0.047797
175.20          -0.047964
175.40          -0.048132
175.60          -0.048301
175.80          -0.048471
176.00          -0.048641
176.20          -0.048813
176.40          -0.048986
176.60          -0.049159
176.80          -0.049334
177.00          -0.049509
177.20          -0.049686
177.40          -0.049863
177.60          -0.050042
177.80          -0.050221
178.00          -0.050401
178.20          -0.050583
178.40          -0.050766
178.60          -0.050949
178.80          -0.051134
179.00          -0.051320
179.20          -0.051507
179.40          -0.051694
179.60          -0.051884
179.80          -0.052074
180.00          -0.052265
180.20          -0.052457
180.40          -0.052651
180.60          -0.052846
180.80          -0.053042
181.00          -0.053239
181.20          -0.053437
181.40          -0.053637
181.60          -0.053837
181.80          -0.054040
182.00          -0.054243
182.20          -0.054447
182.40          -0.054653
182.60          -0.054860
182.80          -0.055069
183.00          -0.055278
183.20          -0.055489
183.40          -0.055702
183.60          -0.055916
183.80          -0.056131
184.00          -0.056347
184.20          -0.056565
184.40          -0.056785
184.60          -0.057006
184.80          -0.057228
185.00          -0.057452
185.20          -0.057677
185.40          -0.057904
185.60          -0.058133
185.80          -0.058363
186.00          -0.058594
186.20          -0.058827
186.40          -0.059062
186.60          -0.059299
186.80          -0.059537
187.00          -0.059776
187.20          -0.060018
187.40          -0.060261
187.60          -0.060506
187.80          -0.060753
188.00          -0.061001
188.20          -0.061251
188.40          -0.061504
188.60          -0.061758
188.80          -0.062013
189.00          -0.062271
189.20          -0.062531
189.40          -0.062793
189.60          -0.063056
189.80          -0.063322
190.00          -0.063590
190.20          -0.063860
190.40          -0.064132
190.60          -0.064406
190.80          -0.064682
191.00          -0.064961
191.20          -0.065241
191.40          -0.065524
191.60          -0.065810
191.80          -0.066097
192.00          -0.066387
192.20          -0.066680
192.40          -0.066974
192.60          -0.067272
192.80          -0.067572
193.00          -0.067874
193.20          -0.068179
193.40          -0.068487
193.60          -0.068797
193.80          -0.069110
194.00          -0.069426
194.20          -0.069744
194.40          -0.070066
194.60          -0.070390
194.80          -0.070717
195.00          -0.071048
195.20          -0.071381
195.40          -0.071717
195.60          -0.072057
195.80          -0.072400
196.00          -0.072746
196.20          -0.073095
196.40          -0.073448
196.60          -0.073804
196.80          -0.074164
197.00          -0.074527
197.20          -0.074894
197.40          -0.075264
197.60          -0.075638
197.80          -0.076016
198.00          -0.076398
198.20          -0.076784
198.40          -0.077174
198.60          -0.077568
198.80          -0.077966
199.00          -0.078369
199.20          -0.078776
199.40          -0.079187
199.60          -0.079603
199.80          -0.080023
200.00          -0.080448
200.20          -0.080878
200.40          -0.081312
200.60          -0.081752
200.80          -0.082197
201.00          -0.082647
201.20          -0.083102
201.40          -0.083562
201.60          -0.084028
201.80          -0.084500
202.00          -0.084977
202.20          -0.085461
202.40          -0.085950
202.60          -0.086445
202.80          -0.086947
203.00          -0.087455
203.20          -0.087969
203.40          -0.088490
203.60          -0.089018
203.80          -0.089553
204.00          -0.090095
204.20          -0.090644
204.40          -0.091200
204.60          -0.091765
204.80          -0.092337
205.00          -0.092916
205.20          -0.093504
205.40          -0.094101
205.60          -0.094706
205.80          -0.095319
206.00          -0.095942
206.20          -0.096573
206.40          -0.097214
206.60          -0.097865
206.80          -0.098525
207.00          -0.099196
207.20          -0.099877
207.40          -0.10057
207.60          -0.10127
207.80          -0.10198
208.00          -0.10271
208.20          -0.10344
208.40          -0.10419
208.60          -0.10495
208.80          -0.10573
209.00          -0.10651
209.20          -0.10731
209.40          -0.10813
209.60          -0.10895
209.80          -0.10979
210.00          -0.11065
210.20          -0.11152
210.40          -0.11241
210.60          -0.11331
210.80          -0.11423
211.00          -0.11517
211.20          -0.11612
211.40          -0.11709
211.60          -0.11808
211.80          -0.11909
212.00          -0.12012
212.20          -0.12116
212.40          -0.12223
212.60          -0.12332
212.80          -0.12443
213.00          -0.12557
213.20          -0.12672
213.40          -0.12790
213.60          -0.12911
213.80          -0.13034
214.00          -0.13159
214.20          -0.13287
214.40          -0.13418
214.60          -0.13552
214.80          -0.13688
215.00          -0.13828
215.20          -0.13971
215.40          -0.14116
215.60          -0.14266
215.80          -0.14418
216.00          -0.14574
216.20          -0.14733
216.40          -0.14896
216.60          -0.15063
216.80          -0.15234
217.00          -0.15408
217.20          -0.15587
217.40          -0.15770
217.60          -0.15957
217.80          -0.16149
218.00          -0.16345
218.20          -0.16546
218.40          -0.16752
218.60          -0.16963
218.80          -0.17179
219.00          -0.17400
219.20          -0.17626
219.40          -0.17858
219.60          -0.18096
219.80          -0.18339
220.00          -0.18588
220.20          -0.18843
220.40          -0.19104
220.60          -0.19372
220.80          -0.19646
221.00          -0.19926
221.20          -0.20212
221.40          -0.20505
221.60          -0.20805
221.80          -0.21112
222.00          -0.21425
222.20          -0.21744
222.40          -0.22071
222.60          -0.22404
222.80          -0.22743
223.00          -0.23089
223.20          -0.23441
223.40          -0.23800
223.60          -0.24163
223.80          -0.24533
224.00          -0.24907
224.20          -0.25287
224.40          -0.25670
224.60          -0.26057
224.80          -0.26447
225.00          -0.26839
