175.00          -0.040181
175.20          -0.040336
175.40          -0.040493
175.60          -0.040652
175.80          -0.040813
176.00          -0.040975
176.20          -0.041141
176.40          -0.041308
176.60          -0.041477
176.80          -0.041649
177.00          -0.041823
177.20          -0.042000
177.40          -0.042179
177.60          -0.042361
177.80          -0.042545
178.00          -0.042732
178.20          -0.042922
178.40          -0.043115
178.60          -0.043312
178.80          -0.043511
179.00          -0.043714
179.20          -0.043920
179.40          -0.044130
179.60          -0.044343
179.80          -0.044560
180.00          -0.044782
180.20          -0.045007
180.40          -0.045237
180.60          -0.045471
180.80          -0.045710
181.00          -0.045954
181.20          -0.046203
181.40          -0.046457
181.60          -0.046716
181.80          -0.046982
182.00          -0.047253
182.20          -0.047531
182.40          -0.047815
182.60          -0.048106
182.80          -0.048404
183.00          -0.048710
183.20          -0.049024
183.40          -0.049346
183.60          -0.049676
183.80          -0.050016
184.00          -0.050366
184.20          -0.050726
184.40          -0.051096
184.60          -0.051478
184.80          -0.051871
185.00          -0.052277
185.20          -0.052697
185.40          -0.053130
185.60          -0.053579
185.80          -0.054043
186.00          -0.054524
186.20          -0.055023
186.40          -0.055541
186.60          -0.056079
186.80          -0.056639
187.00          -0.057221
187.20          -0.057829
187.40          -0.058463
187.60          -0.059125
187.80          -0.059817
188.00          -0.060542
188.20          -0.061302
188.40          -0.062100
188.60          -0.062939
188.80          -0.063823
189.00          -0.064754
189.20          -0.065738
189.40          -0.066778
189.60          -0.067881
189.80          -0.069050
190.00          -0.070294
190.20          -0.071620
190.40          -0.073034
190.60          -0.074548
190.80          -0.076170
191.00          -0.077913
191.20          -0.079791
191.40          -0.081819
191.60          -0.084015
191.80          -0.086400
192.00          -0.088998
192.20          -0.091836
192.40          -0.094949
192.60          -0.098373
192.80          -0.10216
193.00          -0.10635
193.20          -0.11103
193.40          -0.11626
193.60          -0.12215
193.80          -0.12881
194.00          -0.13638
194.20          -0.14506
194.40          -0.15506
194.60          -0.16668
194.80          -0.18029
195.00          -0.19638
195.20          -0.21558
195.40          -0.23874
195.60          -0.26701
195.80          -0.30197
196.00          -0.34578
196.20          -0.40151
196.40          -0.47344
196.60          -0.56758
196.80          -0.69206
197.00          -0.85687
197.20          -1.0710
197.40          -1.3323
197.60          -1.6049
197.80          -1.7975
198.00          -1.8021
198.20          -1.6078
198.40          -1.3174
198.60          -1.0346
198.80          -0.80412
199.00          -0.62972
199.20          -0.50091
199.40          -0.40586
199.60          -0.33505
199.80          -0.28155
200.00          -0.24053
200.20          -0.20860
200.40          -0.18340
200.60          -0.16325
200.80          -0.14695
201.00          -0.13362
201.20          -0.12262
201.40          -0.11347
201.60          -0.10579
201.80          -0.099314
202.00          -0.093816
202.20          -0.089128
202.40          -0.085117
202.60          -0.081675
202.80          -0.078718
203.00          -0.076180
203.20          -0.074005
203.40          -0.072153
203.60          -0.070592
203.80          -0.069301
204.00          -0.068267
204.20          -0.067487
204.40          -0.066976
204.60          -0.066763
204.80          -0.066910
205.00          -0.067529
205.20          -0.068832
205.40          -0.071238
205.60          -0.075674
205.80          -0.084545
206.00          -0.10607
206.20          -0.18782
206.40          -1.9624
206.60          -0.26394
206.80          -0.076967
207.00          -0.056352
207.20          -0.051219
207.40          -0.049509
207.60          -0.048870
207.80          -0.048634
208.00          -0.048567
208.20          -0.048577
208.40          -0.048622
208.60          -0.048685
208.80          -0.048757
209.00          -0.048832
209.20          -0.048910
209.40          -0.048989
209.60          -0.049069
209.80          -0.049150
210.00          -0.049232
210.20          -0.049316
210.40          -0.049401
210.60          -0.049488
210.80          -0.049576
211.00          -0.049666
211.20          -0.049757
211.40          -0.049851
211.60          -0.049946
211.80          -0.050043
212.00          -0.050141
212.20          -0.050242
212.40          -0.050344
212.60          -0.050448
212.80          -0.050553
213.00          -0.050661
213.20          -0.050769
213.40          -0.050879
213.60          -0.050991
213.80          -0.051104
214.00          -0.051219
214.20          -0.051334
214.40          -0.051451
214.60          -0.051570
214.80          -0.051689
215.00          -0.051810
215.20          -0.051932
215.40          -0.052055
215.60          -0.052179
215.80          -0.052304
216.00          -0.052430
216.20          -0.052557
216.40          -0.052685
216.60          -0.052814
216.80          -0.052944
217.00          -0.053074
217.20          -0.053206
217.40          -0.053338
217.60          -0.053471
217.80          -0.053605
218.00          -0.053739
218.20          -0.053875
218.40          -0.054011
218.60          -0.054147
218.80          -0.054285
219.00          -0.054423
219.20          -0.054561
219.40          -0.054701
219.60          -0.054841
219.80          -0.054982
220.00          -0.055123
220.20          -0.055265
220.40          -0.055407
220.60          -0.055551
220.80          -0.055694
221.00          -0.055839
221.20          -0.055984
221.40          -0.056129
221.60          -0.056275
221.80          -0.056422
222.00          -0.056570
222.20          -0.056717
222.40          -0.056866
222.60          -0.057015
222.80          -0.057165
223.00          -0.057315
223.20          -0.057466
223.40          -0.057618
223.60          -0.057770
223.80          -0.057923
224.00          -0.058077
224.20          -0.058231
224.40          -0.058386
224.60          -0.058542
224.80          -0.058698
225.00          -0.058855
