175.00          -0.098984
175.20          -0.097176
175.40          -0.095457
175.60          -0.093822
175.80          -0.092268
176.00          -0.090792
176.20          -0.089389
176.40          -0.088056
176.60          -0.086790
176.80          -0.085588
177.00          -0.084448
177.20          -0.083365
177.40          -0.082338
177.60          -0.081365
177.80          -0.080442
178.00          -0.079568
178.20          -0.078740
178.40          -0.077957
178.60          -0.077216
178.80          -0.076516
179.00          -0.075854
179.20          -0.075229
179.40          -0.074640
179.60          -0.074085
179.80          -0.073563
180.00          -0.073071
180.20          -0.072610
180.40          -0.072177
180.60          -0.071771
180.80          -0.071392
181.00          -0.071038
181.20          -0.070708
181.40          -0.070402
181.60          -0.070118
181.80          -0.069855
182.00          -0.069613
182.20          -0.069390
182.40          -0.069187
182.60          -0.069002
182.80          -0.068834
183.00          -0.068683
183.20          -0.068549
183.40          -0.068430
183.60          -0.068326
183.80          -0.068237
184.00          -0.068162
184.20          -0.068100
184.40          -0.068051
184.60          -0.068015
184.80          -0.067990
185.00          -0.067978
185.20          -0.067976
185.40          -0.067986
185.60          -0.068006
185.80          -0.068036
186.00          -0.068076
186.20          -0.068125
186.40          -0.068183
186.60          -0.068250
186.80          -0.068326
187.00          -0.068410
187.20          -0.068501
187.40          -0.068601
187.60          -0.068708
187.80          -0.068822
188.00          -0.068943
188.20          -0.069071
188.40          -0.069205
188.60          -0.069346
188.80          -0.069493
189.00          -0.069646
189.20          -0.069805
189.40          -0.069969
189.60          -0.070138
189.80          -0.070313
190.00          -0.070493
190.20          -0.070678
190.40          -0.070867
190.60          -0.071062
190.80          -0.071260
191.00          -0.071463
191.20          -0.071671
191.40          -0.071882
191.60          -0.072098
191.80          -0.072317
192.00          -0.072540
192.20          -0.072766
192.40          -0.072997
192.60          -0.073230
192.80          -0.073467
193.00          -0.073707
193.20          -0.073951
193.40          -0.074197
193.60          -0.074446
193.80          -0.074698
194.00          -0.074953
194.20          -0.075211
194.40          -0.075471
194.60          -0.075734
194.80          -0.075999
195.00          -0.076267
195.20          -0.076537
195.40          -0.076809
195.60          -0.077083
195.80          -0.077360
196.00          -0.077639
196.20          -0.077919
196.40          -0.078202
196.60          -0.078487
196.80          -0.078774
197.00          -0.079062
197.20          -0.079352
197.40          -0.079644
197.60          -0.079938
197.80          -0.080233
198.00          -0.080531
198.20          -0.080829
198.40          -0.081130
198.60          -0.081432
198.80          -0.081736
199.00          -0.082041
199.20          -0.082349
199.40          -0.082658
199.60          -0.082968
199.80          -0.083281
200.00          -0.083595
200.20          -0.083911
200.40          -0.084229
200.60          -0.084550
200.80          -0.084873
201.00          -0.085198
201.20          -0.085526
201.40          -0.085858
201.60          -0.086192
201.80          -0.086531
202.00          -0.086874
202.20          -0.087222
202.40          -0.087577
202.60          -0.087938
202.80          -0.088308
203.00          -0.088688
203.20          -0.089081
203.40          -0.089489
203.60          -0.089918
203.80          -0.090372
204.00          -0.090861
204.20          -0.091396
204.40          -0.091996
204.60          -0.092692
204.80          -0.093532
205.00          -0.094608
205.20          -0.096101
205.40          -0.098420
205.60          -0.10268
205.80          -0.11311
206.00          -0.16043
206.20          -5.8974
206.40          -0.13499
206.60          -0.099181
206.80          -0.094092
207.00          -0.092912
207.20          -0.092702
207.40          -0.092816
207.60          -0.093054
207.80          -0.093344
208.00          -0.093655
208.20          -0.093974
208.40          -0.094294
208.60          -0.094612
208.80          -0.094926
209.00          -0.095237
209.20          -0.095543
209.40          -0.095845
209.60          -0.096143
209.80          -0.096436
210.00          -0.096726
210.20          -0.097012
210.40          -0.097294
210.60          -0.097572
210.80          -0.097847
211.00          -0.098118
211.20          -0.098387
211.40          -0.098652
211.60          -0.098913
211.80          -0.099172
212.00          -0.099427
212.20          -0.099680
212.40          -0.099929
212.60          -0.10018
212.80          -0.10042
213.00          -0.10066
213.20          -0.10090
213.40          -0.10113
213.60          -0.10136
213.80          -0.10159
214.00          -0.10181
214.20          -0.10204
214.40          -0.10226
214.60          -0.10247
214.80          -0.10268
215.00          -0.10289
215.20          -0.10310
215.40          -0.10330
215.60          -0.10350
215.80          -0.10370
216.00          -0.10389
216.20          -0.10408
216.40          -0.10427
216.60          -0.10445
216.80          -0.10463
217.00          -0.10481
217.20          -0.10498
217.40          -0.10515
217.60          -0.10532
217.80          -0.10548
218.00          -0.10564
218.20          -0.10579
218.40          -0.10595
218.60          -0.10609
218.80          -0.10624
219.00          -0.10638
219.20          -0.10651
219.40          -0.10665
219.60          -0.10677
219.80          -0.10690
220.00          -0.10702
220.20          -0.10714
220.40          -0.10725
220.60          -0.10736
220.80          -0.10746
221.00          -0.10756
221.20          -0.10766
221.40          -0.10775
221.60          -0.10784
221.80          -0.10792
222.00          -0.10800
222.20          -0.10807
222.40          -0.10814
222.60          -0.10821
222.80          -0.10827
223.00          -0.10832
223.20          -0.10837
223.40          -0.10842
223.60          -0.10846
223.80          -0.10850
224.00          -0.10854
224.20          -0.10857
224.40          -0.10860
224.60          -0.10862
224.80          -0.10864
225.00          -0.10866
