175.00          -0.075473
175.20          -0.074953
175.40          -0.074462
175.60          -0.073999
175.80          -0.073564
176.00          -0.073155
176.20          -0.072772
176.40          -0.072414
176.60          -0.072079
176.80          -0.071767
177.00          -0.071477
177.20          -0.071209
177.40          -0.070961
177.60          -0.070732
177.80          -0.070523
178.00          -0.070333
178.20          -0.070160
178.40          -0.070005
178.60          -0.069866
178.80          -0.069743
179.00          -0.069636
179.20          -0.069544
179.40          -0.069467
179.60          -0.069404
179.80          -0.069354
180.00          -0.069318
180.20          -0.069295
180.40          -0.069284
180.60          -0.069285
180.80          -0.069298
181.00          -0.069322
181.20          -0.069357
181.40          -0.069402
181.60          -0.069458
181.80          -0.069524
182.00          -0.069600
182.20          -0.069685
182.40          -0.069780
182.60          -0.069883
182.80          -0.069995
183.00          -0.070115
183.20          -0.070244
183.40          -0.070380
183.60          -0.070524
183.80          -0.070676
184.00          -0.070834
184.20          -0.071000
184.40          -0.071173
184.60          -0.071353
184.80          -0.071539
185.00          -0.071731
185.20          -0.071930
185.40          -0.072134
185.60          -0.072345
185.80          -0.072561
186.00          -0.072782
186.20          -0.073010
186.40          -0.073242
186.60          -0.073479
186.80          -0.073722
187.00          -0.073969
187.20          -0.074221
187.40          -0.074477
187.60          -0.074738
187.80          -0.075004
188.00          -0.075273
188.20          -0.075547
188.40          -0.075825
188.60          -0.076106
188.80          -0.076392
189.00          -0.076681
189.20          -0.076973
189.40          -0.077270
189.60          -0.077569
189.80          -0.077872
190.00          -0.078178
190.20          -0.078488
190.40          -0.078800
190.60          -0.079115
190.80          -0.079433
191.00          -0.079754
191.20          -0.080078
191.40          -0.080404
191.60          -0.080733
191.80          -0.081064
192.00          -0.081398
192.20          -0.081734
192.40          -0.082072
192.60          -0.082412
192.80          -0.082755
193.00          -0.083099
193.20          -0.083446
193.40          -0.083794
193.60          -0.084144
193.80          -0.084496
194.00          -0.084850
194.20          -0.085205
194.40          -0.085562
194.60          -0.085920
194.80          -0.086280
195.00          -0.086641
195.20          -0.087003
195.40          -0.087366
195.60          -0.087731
195.80          -0.088097
196.00          -0.088464
196.20          -0.088832
196.40          -0.089201
196.60          -0.089571
196.80          -0.089942
197.00          -0.090313
197.20          -0.090686
197.40          -0.091059
197.60          -0.091433
197.80          -0.091807
198.00          -0.092182
198.20          -0.092558
198.40          -0.092935
198.60          -0.093311
198.80          -0.093689
199.00          -0.094067
199.20          -0.094445
199.40          -0.094824
199.60          -0.095204
199.80          -0.095584
200.00          -0.095964
200.20          -0.096346
200.40          -0.096728
200.60          -0.097110
200.80          -0.097494
201.00          -0.097878
201.20          -0.098264
201.40          -0.098651
201.60          -0.099040
201.80          -0.099431
202.00          -0.099824
202.20          -0.10022
202.40          -0.10062
202.60          -0.10102
202.80          -0.10143
203.00          -0.10185
203.20          -0.10227
203.40          -0.10271
203.60          -0.10316
203.80          -0.10363
204.00          -0.10412
204.20          -0.10466
204.40          -0.10524
204.60          -0.10589
204.80          -0.10666
205.00          -0.10762
205.20          -0.10892
205.40          -0.11090
205.60          -0.11450
205.80          -0.12337
206.00          -0.16536
206.20          -4.9044
206.40          -0.14048
206.60          -0.11281
206.80          -0.10865
207.00          -0.10767
207.20          -0.10751
207.40          -0.10764
207.60          -0.10788
207.80          -0.10816
208.00          -0.10847
208.20          -0.10879
208.40          -0.10911
208.60          -0.10943
208.80          -0.10975
209.00          -0.11006
209.20          -0.11037
209.40          -0.11068
209.60          -0.11098
209.80          -0.11128
210.00          -0.11157
210.20          -0.11186
210.40          -0.11214
210.60          -0.11242
210.80          -0.11270
211.00          -0.11297
211.20          -0.11324
211.40          -0.11350
211.60          -0.11376
211.80          -0.11402
212.00          -0.11427
212.20          -0.11452
212.40          -0.11476
212.60          -0.11500
212.80          -0.11524
213.00          -0.11547
213.20          -0.11570
213.40          -0.11592
213.60          -0.11614
213.80          -0.11636
214.00          -0.11657
214.20          -0.11678
214.40          -0.11699
214.60          -0.11719
214.80          -0.11738
215.00          -0.11758
215.20          -0.11777
215.40          -0.11795
215.60          -0.11813
215.80          -0.11831
216.00          -0.11849
216.20          -0.11866
216.40          -0.11882
216.60          -0.11899
216.80          -0.11915
217.00          -0.11930
217.20          -0.11945
217.40          -0.11960
217.60          -0.11974
217.80          -0.11988
218.00          -0.12002
218.20          -0.12015
218.40          -0.12028
218.60          -0.12041
218.80          -0.12053
219.00          -0.12065
219.20          -0.12076
219.40          -0.12088
219.60          -0.12098
219.80          -0.12109
220.00          -0.12119
220.20          -0.12129
220.40          -0.12138
220.60          -0.12147
220.80          -0.12156
221.00          -0.12165
221.20          -0.12173
221.40          -0.12181
221.60          -0.12188
221.80          -0.12196
222.00          -0.12203
222.20          -0.12209
222.40          -0.12216
222.60          -0.12222
222.80          -0.12228
223.00          -0.12234
223.20          -0.12239
223.40          -0.12245
223.60          -0.12250
223.80          -0.12255
224.00          -0.12260
224.20          -0.12265
224.40          -0.12270
224.60          -0.12275
224.80          -0.12281
225.00          -0.12286
