175.00          -0.032272
175.20          -0.032347
175.40          -0.032423
175.60          -0.032499
175.80          -0.032576
176.00          -0.032653
176.20          -0.032730
176.40          -0.032808
176.60          -0.032886
176.80          -0.032965
177.00          -0.033044
177.20          -0.033123
177.40          -0.033203
177.60          -0.033284
177.80          -0.033365
178.00          -0.033446
178.20          -0.033528
178.40          -0.033610
178.60          -0.033693
178.80          -0.033776
179.00          -0.033860
179.20          -0.033945
179.40          -0.034030
179.60          -0.034115
179.80          -0.034202
180.00          -0.034288
180.20          -0.034376
180.40          -0.034464
180.60          -0.034552
180.80          -0.034641
181.00          -0.034731
181.20          -0.034822
181.40          -0.034913
181.60          -0.035005
181.80          -0.035098
182.00          -0.035191
182.20          -0.035286
182.40          -0.035381
182.60          -0.035476
182.80          -0.035573
183.00          -0.035671
183.20          -0.035769
183.40          -0.035868
183.60          -0.035968
183.80          -0.036069
184.00          -0.036171
184.20          -0.036274
184.40          -0.036379
184.60          -0.036484
184.80          -0.036590
185.00          -0.036697
185.20          -0.036806
185.40          -0.036915
185.60          -0.037026
185.80          -0.037138
186.00          -0.037252
186.20          -0.037367
186.40          -0.037483
186.60          -0.037601
186.80          -0.037720
187.00          -0.037840
187.20          -0.037963
187.40          -0.038087
187.60          -0.038212
187.80          -0.038340
188.00          -0.038469
188.20          -0.038600
188.40          -0.038733
188.60          -0.038868
188.80          -0.039005
189.00          -0.039145
189.20          -0.039287
189.40          -0.039431
189.60          -0.039578
189.80          -0.039727
190.00          -0.039879
190.20          -0.040034
190.40          -0.040191
190.60          -0.040352
190.80          -0.040516
191.00          -0.040684
191.20          -0.040855
191.40          -0.041029
191.60          -0.041208
191.80          -0.041390
192.00          -0.041577
192.20          -0.041768
192.40          -0.041964
192.60          -0.042165
192.80          -0.042371
193.00          -0.042583
193.20          -0.042800
193.40          -0.043024
193.60          -0.043254
193.80          -0.043490
194.00          -0.043734
194.20          -0.043986
194.40          -0.044246
194.60          -0.044514
194.80          -0.044792
195.00          -0.045080
195.20          -0.045377
195.40          -0.045687
195.60          -0.046008
195.80          -0.046342
196.00          -0.046689
196.20          -0.047052
196.40          -0.047430
196.60          -0.047825
196.80          -0.048239
197.00          -0.048673
197.20          -0.049128
197.40          -0.049607
197.60          -0.050112
197.80          -0.050645
198.00          -0.051208
198.20          -0.051804
198.40          -0.052438
198.60          -0.053112
198.80          -0.053831
199.00          -0.054600
199.20          -0.055424
199.40          -0.056311
199.60          -0.057266
199.80          -0.058300
200.00          -0.059423
200.20          -0.060646
200.40          -0.061984
200.60          -0.063455
200.80          -0.065078
201.00          -0.066879
201.20          -0.068889
201.40          -0.071146
201.60          -0.073698
201.80          -0.076604
202.00          -0.079944
202.20          -0.083819
202.40          -0.088363
202.60          -0.093759
202.80          -0.10026
203.00          -0.10823
203.20          -0.11820
203.40          -0.13096
203.60          -0.14781
203.80          -0.17087
204.00          -0.20397
204.20          -0.25451
204.40          -0.33855
204.60          -0.49653
204.80          -0.85471
205.00          -1.9469
205.20          -5.7031
205.40          -2.6339
205.60          -0.77088
205.80          -0.32642
206.00          -0.17865
206.20          -0.11822
206.40          -0.091384
206.60          -0.080439
206.80          -0.078695
207.00          -0.083740
207.20          -0.095366
207.40          -0.11512
207.60          -0.14684
207.80          -0.19826
208.00          -0.28494
208.20          -0.43773
208.40          -0.70793
208.60          -1.0976
208.80          -1.2885
209.00          -1.0161
209.20          -0.66932
209.40          -0.44345
209.60          -0.31128
209.80          -0.23192
210.00          -0.18177
210.20          -0.14844
210.40          -0.12531
210.60          -0.10866
210.80          -0.096317
211.00          -0.086925
211.20          -0.079627
211.40          -0.073852
211.60          -0.069213
211.80          -0.065435
212.00          -0.062324
212.20          -0.059736
212.40          -0.057564
212.60          -0.055728
212.80          -0.054165
213.00          -0.052827
213.20          -0.051675
213.40          -0.050680
213.60          -0.049816
213.80          -0.049064
214.00          -0.048408
214.20          -0.047833
214.40          -0.047329
214.60          -0.046887
214.80          -0.046498
215.00          -0.046156
215.20          -0.045855
215.40          -0.045590
215.60          -0.045358
215.80          -0.045154
216.00          -0.044976
216.20          -0.044821
216.40          -0.044686
216.60          -0.044569
216.80          -0.044469
217.00          -0.044384
217.20          -0.044312
217.40          -0.044253
217.60          -0.044205
217.80          -0.044167
218.00          -0.044138
218.20          -0.044118
218.40          -0.044105
218.60          -0.044100
218.80          -0.044101
219.00          -0.044108
219.20          -0.044121
219.40          -0.044138
219.60          -0.044161
219.80          -0.044188
220.00          -0.044219
220.20          -0.044254
220.40          -0.044292
220.60          -0.044334
220.80          -0.044379
221.00          -0.044426
221.20          -0.044477
221.40          -0.044529
221.60          -0.044585
221.80          -0.044642
222.00          -0.044702
222.20          -0.044763
222.40          -0.044827
222.60          -0.044892
222.80          -0.044959
223.00          -0.045027
223.20          -0.045097
223.40          -0.045169
223.60          -0.045242
223.80          -0.045316
224.00          -0.045392
224.20          -0.045469
224.40          -0.045548
224.60          -0.045627
224.80          -0.045708
225.00          -0.045791
