175.00          -0.066448
175.20          -0.066820
175.40          -0.067195
175.60          -0.067572
175.80          -0.067951
176.00          -0.068332
176.20          -0.068716
176.40          -0.069102
176.60          -0.069489
176.80          -0.069880
177.00          -0.070272
177.20          -0.070666
177.40          -0.071062
177.60          -0.071460
177.80          -0.071860
178.00          -0.072262
178.20          -0.072666
178.40          -0.073072
178.60          -0.073479
178.80          -0.073888
179.00          -0.074299
179.20          -0.074712
179.40          -0.075126
179.60          -0.075542
179.80          -0.075959
180.00          -0.076378
180.20          -0.076798
180.40          -0.077220
180.60          -0.077643
180.80          -0.078067
181.00          -0.078493
181.20          -0.078920
181.40          -0.079347
181.60          -0.079777
181.80          -0.080207
182.00          -0.080638
182.20          -0.081070
182.40          -0.081503
182.60          -0.081937
182.80          -0.082371
183.00          -0.082806
183.20          -0.083242
183.40          -0.083679
183.60          -0.084116
183.80          -0.084553
184.00          -0.084991
184.20          -0.085430
184.40          -0.085868
184.60          -0.086307
184.80          -0.086746
185.00          -0.087185
185.20          -0.087624
185.40          -0.088063
185.60          -0.088502
185.80          -0.088941
186.00          -0.089379
186.20          -0.089818
186.40          -0.090256
186.60          -0.090693
186.80          -0.091130
187.00          -0.091567
187.20          -0.092002
187.40          -0.092437
187.60          -0.092872
187.80          -0.093305
188.00          -0.093738
188.20          -0.094170
188.40          -0.094600
188.60          -0.095030
188.80          -0.095458
189.00          -0.095885
189.20          -0.096311
189.40          -0.096735
189.60          -0.097158
189.80          -0.097580
190.00          -0.098000
190.20          -0.098418
190.40          -0.098835
190.60          -0.099250
190.80          -0.099663
191.00          -0.10007
191.20          -0.10048
191.40          -0.10089
191.60          -0.10130
191.80          -0.10170
192.00          -0.10210
192.20          -0.10250
192.40          -0.10290
192.60          -0.10329
192.80          -0.10369
193.00          -0.10408
193.20          -0.10446
193.40          -0.10485
193.60          -0.10523
193.80          -0.10561
194.00          -0.10599
194.20          -0.10637
194.40          -0.10674
194.60          -0.10711
194.80          -0.10748
195.00          -0.10785
195.20          -0.10821
195.40          -0.10857
195.60          -0.10893
195.80          -0.10929
196.00          -0.10964
196.20          -0.10999
196.40          -0.11034
196.60          -0.11068
196.80          -0.11103
197.00          -0.11137
197.20          -0.11171
197.40          -0.11205
197.60          -0.11238
197.80          -0.11271
198.00          -0.11304
198.20          -0.11337
198.40          -0.11370
198.60          -0.11402
198.80          -0.11435
199.00          -0.11467
199.20          -0.11499
199.40          -0.11531
199.60          -0.11563
199.80          -0.11594
200.00          -0.11626
200.20          -0.11658
200.40          -0.11689
200.60          -0.11721
200.80          -0.11752
201.00          -0.11784
201.20          -0.11815
201.40          -0.11847
201.60          -0.11879
201.80          -0.11911
202.00          -0.11943
202.20          -0.11976
202.40          -0.12009
202.60          -0.12043
202.80          -0.12077
203.00          -0.12112
203.20          -0.12147
203.40          -0.12184
203.60          -0.12222
203.80          -0.12262
204.00          -0.12304
204.20          -0.12349
204.40          -0.12398
204.60          -0.12452
204.80          -0.12514
205.00          -0.12590
205.20          -0.12688
205.40          -0.12832
205.60          -0.13088
205.80          -0.13745
206.00          -0.18266
206.20          -0.19622
206.40          -0.12644
206.60          -0.12466
206.80          -0.12499
207.00          -0.12556
207.20          -0.12615
207.40          -0.12673
207.60          -0.12730
207.80          -0.12786
208.00          -0.12842
208.20          -0.12898
208.40          -0.12955
208.60          -0.13012
208.80          -0.13071
209.00          -0.13131
209.20          -0.13193
209.40          -0.13257
209.60          -0.13324
209.80          -0.13392
210.00          -0.13463
210.20          -0.13537
210.40          -0.13614
210.60          -0.13695
210.80          -0.13779
211.00          -0.13867
211.20          -0.13960
211.40          -0.14057
211.60          -0.14159
211.80          -0.14266
212.00          -0.14379
212.20          -0.14498
212.40          -0.14624
212.60          -0.14757
212.80          -0.14899
213.00          -0.15048
213.20          -0.15207
213.40          -0.15376
213.60          -0.15557
213.80          -0.15749
214.00          -0.15954
214.20          -0.16174
214.40          -0.16409
214.60          -0.16662
214.80          -0.16933
215.00          -0.17226
215.20          -0.17542
215.40          -0.17885
215.60          -0.18256
215.80          -0.18659
216.00          -0.19098
216.20          -0.19579
216.40          -0.20105
216.60          -0.20683
216.80          -0.21321
217.00          -0.22027
217.20          -0.22811
217.40          -0.23686
217.60          -0.24665
217.80          -0.25768
218.00          -0.27016
218.20          -0.28436
218.40          -0.30062
218.60          -0.31937
218.80          -0.34114
219.00          -0.36663
219.20          -0.39675
219.40          -0.43270
219.60          -0.47607
219.80          -0.52906
220.00          -0.59464
220.20          -0.67704
220.40          -0.78219
220.60          -0.91857
220.80          -1.0983
221.00          -1.3379
221.20          -1.6582
221.40          -2.0772
221.60          -2.5841
221.80          -3.0792
222.00          -3.3282
222.20          -3.1293
222.40          -2.5907
222.60          -1.9898
222.80          -1.4885
223.00          -1.1161
223.20          -0.85005
223.40          -0.66085
223.60          -0.52496
223.80          -0.42579
224.00          -0.35215
224.20          -0.29654
224.40          -0.25388
224.60          -0.22069
224.80          -0.19456
225.00          -0.17377
