175.00          -0.023381
175.20          -0.023417
175.40          -0.023452
175.60          -0.023488
175.80          -0.023524
176.00          -0.023560
176.20          -0.023595
176.40          -0.023631
176.60          -0.023668
176.80          -0.023704
177.00          -0.023740
177.20          -0.023776
177.40          -0.023812
177.60          -0.023849
177.80          -0.023885
178.00          -0.023922
178.20          -0.023958
178.40          -0.023995
178.60          -0.024032
178.80          -0.024069
179.00          -0.024105
179.20          -0.024142
179.40          -0.024179
179.60          -0.024216
179.80          -0.024254
180.00          -0.024291
180.20          -0.024328
180.40          -0.024365
180.60          -0.024403
180.80          -0.024440
181.00          -0.024478
181.20          -0.024516
181.40          -0.024553
181.60          -0.024591
181.80          -0.024629
182.00          -0.024667
182.20          -0.024705
182.40          -0.024743
182.60          -0.024781
182.80          -0.024819
183.00          -0.024857
183.20          -0.024896
183.40          -0.024934
183.60          -0.024973
183.80          -0.025011
184.00          -0.025050
184.20          -0.025088
184.40          -0.025127
184.60          -0.025166
184.80          -0.025205
185.00          -0.025244
185.20          -0.025283
185.40          -0.025322
185.60          -0.025361
185.80          -0.025401
186.00          -0.025440
186.20          -0.025479
186.40          -0.025519
186.60          -0.025559
186.80          -0.025598
187.00          -0.025638
187.20          -0.025678
187.40          -0.025718
187.60          -0.025758
187.80          -0.025798
188.00          -0.025838
188.20          -0.025878
188.40          -0.025918
188.60          -0.025958
188.80          -0.025999
189.00          -0.026039
189.20          -0.026080
189.40          -0.026120
189.60          -0.026161
189.80          -0.026202
190.00          -0.026243
190.20          -0.026284
190.40          -0.026325
190.60          -0.026366
190.80          -0.026407
191.00          -0.026448
191.20          -0.026490
191.40          -0.026531
191.60          -0.026573
191.80          -0.026614
192.00          -0.026656
192.20          -0.026698
192.40          -0.026739
192.60          -0.026781
192.80          -0.026823
193.00          -0.026865
193.20          -0.026907
193.40          -0.026950
193.60          -0.026992
193.80          -0.027034
194.00          -0.027077
194.20          -0.027119
194.40          -0.027162
194.60          -0.027205
194.80          -0.027248
195.00          -0.027290
195.20          -0.027333
195.40          -0.027376
195.60          -0.027420
195.80          -0.027463
196.00          -0.027506
196.20          -0.027550
196.40          -0.027593
196.60          -0.027637
196.80          -0.027680
197.00          -0.027724
197.20          -0.027768
197.40          -0.027812
197.60          -0.027856
197.80          -0.027900
198.00          -0.027945
198.20          -0.027989
198.40          -0.028033
198.60          -0.028078
198.80          -0.028123
199.00          -0.028167
199.20          -0.028212
199.40          -0.028257
199.60          -0.028302
199.80          -0.028348
200.00          -0.028393
200.20          -0.028439
200.40          -0.028484
200.60          -0.028530
200.80          -0.028576
201.00          -0.028622
201.20          -0.028668
201.40          -0.028714
201.60          -0.028761
201.80          -0.028808
202.00          -0.028855
202.20          -0.028902
202.40          -0.028949
202.60          -0.028997
202.80          -0.029045
203.00          -0.029094
203.20          -0.029143
203.40          -0.029192
203.60          -0.029242
203.80          -0.029294
204.00          -0.029346
204.20          -0.029400
204.40          -0.029456
204.60          -0.029516
204.80          -0.029581
205.00          -0.029656
205.20          -0.029749
205.40          -0.029884
205.60          -0.030152
205.80          -0.031170
206.00          -0.093972
206.20          -0.030740
206.40          -0.029979
206.60          -0.029915
206.80          -0.029935
207.00          -0.029975
207.20          -0.030022
207.40          -0.030071
207.60          -0.030121
207.80          -0.030171
208.00          -0.030221
208.20          -0.030272
208.40          -0.030322
208.60          -0.030372
208.80          -0.030423
209.00          -0.030473
209.20          -0.030524
209.40          -0.030574
209.60          -0.030625
209.80          -0.030675
210.00          -0.030726
210.20          -0.030777
210.40          -0.030828
210.60          -0.030879
210.80          -0.030930
211.00          -0.030981
211.20          -0.031032
211.40          -0.031083
211.60          -0.031135
211.80          -0.031187
212.00          -0.031238
212.20          -0.031290
212.40          -0.031342
212.60          -0.031394
212.80          -0.031447
213.00          -0.031499
213.20          -0.031552
213.40          -0.031605
213.60          -0.031658
213.80          -0.031711
214.00          -0.031765
214.20          -0.031818
214.40          -0.031872
214.60          -0.031926
214.80          -0.031981
215.00          -0.032035
215.20          -0.032090
215.40          -0.032145
215.60          -0.032201
215.80          -0.032256
216.00          -0.032313
216.20          -0.032369
216.40          -0.032426
216.60          -0.032483
216.80          -0.032540
217.00          -0.032598
217.20          -0.032657
217.40          -0.032716
217.60          -0.032776
217.80          -0.032836
218.00          -0.032897
218.20          -0.032958
218.40          -0.033020
218.60          -0.033084
218.80          -0.033148
219.00          -0.033213
219.20          -0.033279
219.40          -0.033347
219.60          -0.033416
219.80          -0.033487
220.00          -0.033560
220.20          -0.033635
220.40          -0.033712
220.60          -0.033793
220.80          -0.033876
221.00          -0.033964
221.20          -0.034057
221.40          -0.034156
221.60          -0.034261
221.80          -0.034376
222.00          -0.034501
222.20          -0.034640
222.40          -0.034797
222.60          -0.034978
222.80          -0.035192
223.00          -0.035450
223.20          -0.035772
223.40          -0.036191
223.60          -0.036761
223.80          -0.037586
224.00          -0.038877
224.20          -0.041124
224.40          -0.045705
224.60          -0.057894
224.80          -0.11495
225.00          -1.6494
