175.00          -0.033009
175.20          -0.033103
175.40          -0.033198
175.60          -0.033293
175.80          -0.033389
176.00          -0.033486
176.20          -0.033584
176.40          -0.033682
176.60          -0.033781
176.80          -0.033880
177.00          -0.033981
177.20          -0.034082
177.40          -0.034184
177.60          -0.034287
177.80          -0.034390
178.00          -0.034494
178.20          -0.034599
178.40          -0.034705
178.60          -0.034812
178.80          -0.034920
179.00          -0.035028
179.20          -0.035138
179.40          -0.035248
179.60          -0.035360
179.80          -0.035472
180.00          -0.035585
180.20          -0.035699
180.40          -0.035815
180.60          -0.035931
180.80          -0.036049
181.00          -0.036167
181.20          -0.036287
181.40          -0.036408
181.60          -0.036530
181.80          -0.036653
182.00          -0.036778
182.20          -0.036904
182.40          -0.037031
182.60          -0.037159
182.80          -0.037289
183.00          -0.037420
183.20          -0.037553
183.40          -0.037687
183.60          -0.037823
183.80          -0.037960
184.00          -0.038099
184.20          -0.038240
184.40          -0.038382
184.60          -0.038526
184.80          -0.038672
185.00          -0.038819
185.20          -0.038969
185.40          -0.039120
185.60          -0.039274
185.80          -0.039430
186.00          -0.039587
186.20          -0.039747
186.40          -0.039910
186.60          -0.040075
186.80          -0.040242
187.00          -0.040412
187.20          -0.040584
187.40          -0.040759
187.60          -0.040937
187.80          -0.041118
188.00          -0.041302
188.20          -0.041489
188.40          -0.041679
188.60          -0.041872
188.80          -0.042069
189.00          -0.042270
189.20          -0.042475
189.40          -0.042683
189.60          -0.042896
189.80          -0.043113
190.00          -0.043334
190.20          -0.043560
190.40          -0.043791
190.60          -0.044026
190.80          -0.044267
191.00          -0.044514
191.20          -0.044767
191.40          -0.045025
191.60          -0.045290
191.80          -0.045561
192.00          -0.045840
192.20          -0.046125
192.40          -0.046419
192.60          -0.046720
192.80          -0.047031
193.00          -0.047350
193.20          -0.047678
193.40          -0.048017
193.60          -0.048366
193.80          -0.048727
194.00          -0.049099
194.20          -0.049485
194.40          -0.049883
194.60          -0.050296
194.80          -0.050724
195.00          -0.051168
195.20          -0.051630
195.40          -0.052110
195.60          -0.052610
195.80          -0.053131
196.00          -0.053675
196.20          -0.054243
196.40          -0.054838
196.60          -0.055462
196.80          -0.056116
197.00          -0.056804
197.20          -0.057529
197.40          -0.058293
197.60          -0.059100
197.80          -0.059955
198.00          -0.060862
198.20          -0.061825
198.40          -0.062852
198.60          -0.063949
198.80          -0.065123
199.00          -0.066383
199.20          -0.067740
199.40          -0.069205
199.60          -0.070792
199.80          -0.072518
200.00          -0.074401
200.20          -0.076465
200.40          -0.078736
200.60          -0.081248
200.80          -0.084042
201.00          -0.087166
201.20          -0.090682
201.40          -0.094668
201.60          -0.099222
201.80          -0.10447
202.00          -0.11058
202.20          -0.11778
202.40          -0.12637
202.60          -0.13677
202.80          -0.14959
203.00          -0.16574
203.20          -0.18659
203.40          -0.21437
203.60          -0.25282
203.80          -0.30874
204.00          -0.39554
204.20          -0.54268
204.40          -0.82532
204.60          -1.4753
204.80          -3.3202
205.00          -5.7719
205.20          -2.2888
205.40          -0.83978
205.60          -0.39255
205.80          -0.22168
206.00          -0.14566
206.20          -0.10941
206.40          -0.092875
206.60          -0.087877
206.80          -0.091151
207.00          -0.10197
207.20          -0.12154
207.40          -0.15334
207.60          -0.20462
207.80          -0.29004
208.00          -0.43967
208.20          -0.71223
208.40          -1.1748
208.60          -1.6247
208.80          -1.4586
209.00          -0.96558
209.20          -0.61324
209.40          -0.41122
209.60          -0.29437
209.80          -0.22302
210.00          -0.17695
210.20          -0.14572
210.40          -0.12369
210.60          -0.10763
210.80          -0.095584
211.00          -0.086349
211.20          -0.079129
211.40          -0.073393
211.60          -0.068772
211.80          -0.065006
212.00          -0.061904
212.20          -0.059329
212.40          -0.057173
212.60          -0.055358
212.80          -0.053821
213.00          -0.052514
213.20          -0.051398
213.40          -0.050442
213.60          -0.049621
213.80          -0.048916
214.00          -0.048309
214.20          -0.047786
214.40          -0.047336
214.60          -0.046950
214.80          -0.046620
215.00          -0.046337
215.20          -0.046098
215.40          -0.045896
215.60          -0.045727
215.80          -0.045587
216.00          -0.045474
216.20          -0.045385
216.40          -0.045316
216.60          -0.045266
216.80          -0.045234
217.00          -0.045217
217.20          -0.045213
217.40          -0.045222
217.60          -0.045243
217.80          -0.045274
218.00          -0.045315
218.20          -0.045364
218.40          -0.045421
218.60          -0.045486
218.80          -0.045557
219.00          -0.045635
219.20          -0.045718
219.40          -0.045807
219.60          -0.045900
219.80          -0.045998
220.00          -0.046100
220.20          -0.046207
220.40          -0.046317
220.60          -0.046430
220.80          -0.046547
221.00          -0.046667
221.20          -0.046789
221.40          -0.046915
221.60          -0.047043
221.80          -0.047173
222.00          -0.047306
222.20          -0.047441
222.40          -0.047579
222.60          -0.047718
222.80          -0.047860
223.00          -0.048003
223.20          -0.048149
223.40          -0.048296
223.60          -0.048446
223.80          -0.048597
224.00          -0.048750
224.20          -0.048905
224.40          -0.049062
224.60          -0.049221
224.80          -0.049382
225.00          -0.049546
