175.00          -0.52930
175.20          -0.54063
175.40          -0.55098
175.60          -0.56016
175.80          -0.56797
176.00          -0.57425
176.20          -0.57884
176.40          -0.58160
176.60          -0.58243
176.80          -0.58126
177.00          -0.57807
177.20          -0.57288
177.40          -0.56576
177.60          -0.55681
177.80          -0.54618
178.00          -0.53403
178.20          -0.52056
178.40          -0.50598
178.60          -0.49051
178.80          -0.47434
179.00          -0.45770
179.20          -0.44078
179.40          -0.42374
179.60          -0.40674
179.80          -0.38993
180.00          -0.37340
180.20          -0.35727
180.40          -0.34159
180.60          -0.32644
180.80          -0.31184
181.00          -0.29784
181.20          -0.28445
181.40          -0.27166
181.60          -0.25950
181.80          -0.24793
182.00          -0.23697
182.20          -0.22658
182.40          -0.21675
182.60          -0.20745
182.80          -0.19867
183.00          -0.19038
183.20          -0.18256
183.40          -0.17518
183.60          -0.16823
183.80          -0.16167
184.00          -0.15548
184.20          -0.14965
184.40          -0.14415
184.60          -0.13897
184.80          -0.13408
185.00          -0.12947
185.20          -0.12513
185.40          -0.12102
185.60          -0.11715
185.80          -0.11350
186.00          -0.11005
186.20          -0.10679
186.40          -0.10372
186.60          -0.10081
186.80          -0.098065
187.00          -0.095469
187.20          -0.093014
187.40          -0.090693
187.60          -0.088498
187.80          -0.086421
188.00          -0.084456
188.20          -0.082596
188.40          -0.080835
188.60          -0.079169
188.80          -0.077592
189.00          -0.076098
189.20          -0.074684
189.40          -0.073345
189.60          -0.072077
189.80          -0.070876
190.00          -0.069740
190.20          -0.068663
190.40          -0.067645
190.60          -0.066680
190.80          -0.065768
191.00          -0.064905
191.20          -0.064089
191.40          -0.063317
191.60          -0.062588
191.80          -0.061899
192.00          -0.061248
192.20          -0.060634
192.40          -0.060056
192.60          -0.059510
192.80          -0.058997
193.00          -0.058514
193.20          -0.058061
193.40          -0.057635
193.60          -0.057236
193.80          -0.056863
194.00          -0.056514
194.20          -0.056189
194.40          -0.055887
194.60          -0.055606
194.80          -0.055346
195.00          -0.055107
195.20          -0.054887
195.40          -0.054685
195.60          -0.054502
195.80          -0.054336
196.00          -0.054186
196.20          -0.054054
196.40          -0.053936
196.60          -0.053835
196.80          -0.053748
197.00          -0.053675
197.20          -0.053616
197.40          -0.053572
197.60          -0.053540
197.80          -0.053522
198.00          -0.053516
198.20          -0.053523
198.40          -0.053542
198.60          -0.053574
198.80          -0.053617
199.00          -0.053673
199.20          -0.053740
199.40          -0.053819
199.60          -0.053911
199.80          -0.054014
200.00          -0.054129
200.20          -0.054256
200.40          -0.054397
200.60          -0.054549
200.80          -0.054716
201.00          -0.054896
201.20          -0.055091
201.40          -0.055301
201.60          -0.055528
201.80          -0.055773
202.00          -0.056037
202.20          -0.056323
202.40          -0.056633
202.60          -0.056970
202.80          -0.057338
203.00          -0.057743
203.20          -0.058191
203.40          -0.058691
203.60          -0.059254
203.80          -0.059898
204.00          -0.060645
204.20          -0.061529
204.40          -0.062600
204.60          -0.063936
204.80          -0.065667
205.00          -0.068021
205.20          -0.071437
205.40          -0.076866
205.60          -0.086741
205.80          -0.10924
206.00          -0.19036
206.20          -1.7391
206.40          -0.29458
206.60          -0.081781
206.80          -0.060442
207.00          -0.055715
207.20          -0.054533
207.40          -0.054417
207.60          -0.054679
207.80          -0.055085
208.00          -0.055543
208.20          -0.056016
208.40          -0.056488
208.60          -0.056953
208.80          -0.057408
209.00          -0.057853
209.20          -0.058288
209.40          -0.058715
209.60          -0.059135
209.80          -0.059549
210.00          -0.059957
210.20          -0.060361
210.40          -0.060761
210.60          -0.061158
210.80          -0.061554
211.00          -0.061947
211.20          -0.062339
211.40          -0.062731
211.60          -0.063122
211.80          -0.063513
212.00          -0.063905
212.20          -0.064297
212.40          -0.064689
212.60          -0.065083
212.80          -0.065478
213.00          -0.065875
213.20          -0.066273
213.40          -0.066672
213.60          -0.067074
213.80          -0.067477
214.00          -0.067883
214.20          -0.068291
214.40          -0.068701
214.60          -0.069113
214.80          -0.069528
215.00          -0.069946
215.20          -0.070366
215.40          -0.070788
215.60          -0.071214
215.80          -0.071642
216.00          -0.072074
216.20          -0.072508
216.40          -0.072945
216.60          -0.073385
216.80          -0.073828
217.00          -0.074275
217.20          -0.074724
217.40          -0.075177
217.60          -0.075634
217.80          -0.076093
218.00          -0.076556
218.20          -0.077023
218.40          -0.077493
218.60          -0.077966
218.80          -0.078443
219.00          -0.078924
219.20          -0.079408
219.40          -0.079897
219.60          -0.080389
219.80          -0.080885
220.00          -0.081384
220.20          -0.081888
220.40          -0.082396
220.60          -0.082907
220.80          -0.083423
221.00          -0.083943
221.20          -0.084467
221.40          -0.084996
221.60          -0.085529
221.80          -0.086066
222.00          -0.086608
222.20          -0.087154
222.40          -0.087705
222.60          -0.088261
222.80          -0.088822
223.00          -0.089387
223.20          -0.089958
223.40          -0.090533
223.60          -0.091114
223.80          -0.091699
224.00          -0.092291
224.20          -0.092887
224.40          -0.093490
224.60          -0.094098
224.80          -0.094712
225.00          -0.095332
