175.00          -0.026886
175.20          -0.026936
175.40          -0.026986
175.60          -0.027036
175.80          -0.027086
176.00          -0.027137
176.20          -0.027187
176.40          -0.027238
176.60          -0.027288
176.80          -0.027339
177.00          -0.027390
177.20          -0.027441
177.40          -0.027493
177.60          -0.027544
177.80          -0.027596
178.00          -0.027647
178.20          -0.027699
178.40          -0.027751
178.60          -0.027803
178.80          -0.027856
179.00          -0.027908
179.20          -0.027961
179.40          -0.028013
179.60          -0.028066
179.80          -0.028119
180.00          -0.028173
180.20          -0.028226
180.40          -0.028280
180.60          -0.028333
180.80          -0.028387
181.00          -0.028441
181.20          -0.028495
181.40          -0.028550
181.60          -0.028604
181.80          -0.028659
182.00          -0.028713
182.20          -0.028768
182.40          -0.028824
182.60          -0.028879
182.80          -0.028934
183.00          -0.028990
183.20          -0.029046
183.40          -0.029102
183.60          -0.029158
183.80          -0.029215
184.00          -0.029271
184.20          -0.029328
184.40          -0.029385
184.60          -0.029442
184.80          -0.029500
185.00          -0.029557
185.20          -0.029615
185.40          -0.029673
185.60          -0.029731
185.80          -0.029789
186.00          -0.029848
186.20          -0.029907
186.40          -0.029966
186.60          -0.030025
186.80          -0.030084
187.00          -0.030144
187.20          -0.030204
187.40          -0.030264
187.60          -0.030324
187.80          -0.030385
188.00          -0.030445
188.20          -0.030506
188.40          -0.030568
188.60          -0.030629
188.80          -0.030691
189.00          -0.030753
189.20          -0.030815
189.40          -0.030878
189.60          -0.030941
189.80          -0.031004
190.00          -0.031067
190.20          -0.031131
190.40          -0.031195
190.60          -0.031259
190.80          -0.031324
191.00          -0.031389
191.20          -0.031454
191.40          -0.031519
191.60          -0.031585
191.80          -0.031651
192.00          -0.031718
192.20          -0.031785
192.40          -0.031852
192.60          -0.031920
192.80          -0.031988
193.00          -0.032056
193.20          -0.032125
193.40          -0.032194
193.60          -0.032264
193.80          -0.032334
194.00          -0.032404
194.20          -0.032475
194.40          -0.032547
194.60          -0.032619
194.80          -0.032691
195.00          -0.032764
195.20          -0.032838
195.40          -0.032912
195.60          -0.032987
195.80          -0.033062
196.00          -0.033138
196.20          -0.033215
196.40          -0.033292
196.60          -0.033370
196.80          -0.033449
197.00          -0.033528
197.20          -0.033608
197.40          -0.033690
197.60          -0.033772
197.80          -0.033855
198.00          -0.033939
198.20          -0.034024
198.40          -0.034110
198.60          -0.034198
198.80          -0.034286
199.00          -0.034376
199.20          -0.034468
199.40          -0.034561
199.60          -0.034655
199.80          -0.034752
200.00          -0.034850
200.20          -0.034951
200.40          -0.035053
200.60          -0.035159
200.80          -0.035267
201.00          -0.035378
201.20          -0.035493
201.40          -0.035611
201.60          -0.035734
201.80          -0.035862
202.00          -0.035995
202.20          -0.036136
202.40          -0.036283
202.60          -0.036440
202.80          -0.036608
203.00          -0.036790
203.20          -0.036988
203.40          -0.037206
203.60          -0.037452
203.80          -0.037733
204.00          -0.038063
204.20          -0.038460
204.40          -0.038959
204.60          -0.039614
204.80          -0.040534
205.00          -0.041941
205.20          -0.044386
205.40          -0.049595
205.60          -0.065906
205.80          -0.22093
206.00          -0.19760
206.20          -0.049391
206.40          -0.039566
206.60          -0.037535
206.80          -0.037009
207.00          -0.036926
207.20          -0.037005
207.40          -0.037151
207.60          -0.037328
207.80          -0.037520
208.00          -0.037719
208.20          -0.037924
208.40          -0.038133
208.60          -0.038346
208.80          -0.038563
209.00          -0.038785
209.20          -0.039013
209.40          -0.039248
209.60          -0.039490
209.80          -0.039742
210.00          -0.040003
210.20          -0.040277
210.40          -0.040564
210.60          -0.040866
210.80          -0.041185
211.00          -0.041524
211.20          -0.041885
211.40          -0.042272
211.60          -0.042688
211.80          -0.043138
212.00          -0.043626
212.20          -0.044160
212.40          -0.044745
212.60          -0.045392
212.80          -0.046112
213.00          -0.046918
213.20          -0.047828
213.40          -0.048863
213.60          -0.050052
213.80          -0.051430
214.00          -0.053047
214.20          -0.054966
214.40          -0.057276
214.60          -0.060102
214.80          -0.063623
215.00          -0.068104
215.20          -0.073951
215.40          -0.081816
215.60          -0.092798
215.80          -0.10887
216.00          -0.13386
216.20          -0.17609
216.40          -0.25640
216.60          -0.43985
216.80          -1.0141
217.00          -4.1856
217.20          -4.2691
217.40          -0.95148
217.60          -0.38494
217.80          -0.21310
218.00          -0.14118
218.20          -0.10494
218.40          -0.084359
218.60          -0.071670
218.80          -0.063359
219.00          -0.057663
219.20          -0.053618
219.40          -0.050662
219.60          -0.048454
219.80          -0.046773
220.00          -0.045475
220.20          -0.044459
220.40          -0.043657
220.60          -0.043020
220.80          -0.042510
221.00          -0.042101
221.20          -0.041773
221.40          -0.041510
221.60          -0.041300
221.80          -0.041133
222.00          -0.041002
222.20          -0.040902
222.40          -0.040826
222.60          -0.040773
222.80          -0.040737
223.00          -0.040717
223.20          -0.040710
223.40          -0.040715
223.60          -0.040730
223.80          -0.040754
224.00          -0.040785
224.20          -0.040824
224.40          -0.040868
224.60          -0.040919
224.80          -0.040974
225.00          -0.041034
