175.00          -0.063958
175.20          -0.064268
175.40          -0.064582
175.60          -0.064898
175.80          -0.065218
176.00          -0.065542
176.20          -0.065869
176.40          -0.066199
176.60          -0.066534
176.80          -0.066872
177.00          -0.067214
177.20          -0.067560
177.40          -0.067910
177.60          -0.068263
177.80          -0.068622
178.00          -0.068984
178.20          -0.069351
178.40          -0.069722
178.60          -0.070098
178.80          -0.070478
179.00          -0.070864
179.20          -0.071254
179.40          -0.071649
179.60          -0.072049
179.80          -0.072455
180.00          -0.072866
180.20          -0.073282
180.40          -0.073704
180.60          -0.074132
180.80          -0.074566
181.00          -0.075006
181.20          -0.075452
181.40          -0.075904
181.60          -0.076363
181.80          -0.076829
182.00          -0.077301
182.20          -0.077781
182.40          -0.078268
182.60          -0.078762
182.80          -0.079264
183.00          -0.079774
183.20          -0.080292
183.40          -0.080818
183.60          -0.081353
183.80          -0.081897
184.00          -0.082450
184.20          -0.083012
184.40          -0.083583
184.60          -0.084165
184.80          -0.084756
185.00          -0.085358
185.20          -0.085971
185.40          -0.086595
185.60          -0.087230
185.80          -0.087878
186.00          -0.088537
186.20          -0.089209
186.40          -0.089894
186.60          -0.090592
186.80          -0.091305
187.00          -0.092031
187.20          -0.092773
187.40          -0.093529
187.60          -0.094302
187.80          -0.095091
188.00          -0.095896
188.20          -0.096720
188.40          -0.097561
188.60          -0.098422
188.80          -0.099302
189.00          -0.10020
189.20          -0.10112
189.40          -0.10207
189.60          -0.10303
189.80          -0.10402
190.00          -0.10503
190.20          -0.10607
190.40          -0.10714
190.60          -0.10823
190.80          -0.10935
191.00          -0.11050
191.20          -0.11168
191.40          -0.11290
191.60          -0.11414
191.80          -0.11543
192.00          -0.11675
192.20          -0.11810
192.40          -0.11950
192.60          -0.12094
192.80          -0.12242
193.00          -0.12395
193.20          -0.12553
193.40          -0.12715
193.60          -0.12883
193.80          -0.13056
194.00          -0.13235
194.20          -0.13420
194.40          -0.13612
194.60          -0.13810
194.80          -0.14015
195.00          -0.14227
195.20          -0.14447
195.40          -0.14675
195.60          -0.14912
195.80          -0.15158
196.00          -0.15413
196.20          -0.15679
196.40          -0.15955
196.60          -0.16242
196.80          -0.16541
197.00          -0.16852
197.20          -0.17177
197.40          -0.17516
197.60          -0.17869
197.80          -0.18239
198.00          -0.18624
198.20          -0.19028
198.40          -0.19450
198.60          -0.19892
198.80          -0.20356
199.00          -0.20841
199.20          -0.21351
199.40          -0.21885
199.60          -0.22447
199.80          -0.23036
200.00          -0.23656
200.20          -0.24308
200.40          -0.24994
200.60          -0.25715
200.80          -0.26475
201.00          -0.27275
201.20          -0.28117
201.40          -0.29003
201.60          -0.29935
201.80          -0.30917
202.00          -0.31948
202.20          -0.33032
202.40          -0.34170
202.60          -0.35361
202.80          -0.36608
203.00          -0.37909
203.20          -0.39263
203.40          -0.40667
203.60          -0.42117
203.80          -0.43606
204.00          -0.45128
204.20          -0.46670
204.40          -0.48219
204.60          -0.49759
204.80          -0.51269
205.00          -0.52726
205.20          -0.54104
205.40          -0.55373
205.60          -0.56504
205.80          -0.57464
206.00          -0.58224
206.20          -0.58754
206.40          -0.59031
206.60          -0.59037
206.80          -0.58763
207.00          -0.58207
207.20          -0.57376
207.40          -0.56287
207.60          -0.54963
207.80          -0.53436
208.00          -0.51738
208.20          -0.49908
208.40          -0.47981
208.60          -0.45993
208.80          -0.43976
209.00          -0.41959
209.20          -0.39966
209.40          -0.38019
209.60          -0.36132
209.80          -0.34318
210.00          -0.32585
210.20          -0.30938
210.40          -0.29380
210.60          -0.27913
210.80          -0.26534
211.00          -0.25243
211.20          -0.24036
211.40          -0.22910
211.60          -0.21860
211.80          -0.20883
212.00          -0.19975
212.20          -0.19131
212.40          -0.18346
212.60          -0.17617
212.80          -0.16940
213.00          -0.16312
213.20          -0.15728
213.40          -0.15186
213.60          -0.14682
213.80          -0.14214
214.00          -0.13779
214.20          -0.13374
214.40          -0.12998
214.60          -0.12648
214.80          -0.12322
215.00          -0.12019
215.20          -0.11736
215.40          -0.11473
215.60          -0.11228
215.80          -0.11000
216.00          -0.10787
216.20          -0.10589
216.40          -0.10404
216.60          -0.10232
216.80          -0.10071
217.00          -0.099209
217.20          -0.097812
217.40          -0.096509
217.60          -0.095295
217.80          -0.094164
218.00          -0.093110
218.20          -0.092129
218.40          -0.091216
218.60          -0.090367
218.80          -0.089578
219.00          -0.088846
219.20          -0.088166
219.40          -0.087537
219.60          -0.086954
219.80          -0.086416
220.00          -0.085920
220.20          -0.085463
220.40          -0.085043
220.60          -0.084659
220.80          -0.084308
221.00          -0.083989
221.20          -0.083701
221.40          -0.083440
221.60          -0.083207
221.80          -0.083000
222.00          -0.082818
222.20          -0.082659
222.40          -0.082523
222.60          -0.082409
222.80          -0.082315
223.00          -0.082241
223.20          -0.082187
223.40          -0.082151
223.60          -0.082133
223.80          -0.082132
224.00          -0.082149
224.20          -0.082182
224.40          -0.082231
224.60          -0.082296
224.80          -0.082378
225.00          -0.082474
