175.00          -0.11491
175.20          -0.11424
175.40          -0.11362
175.60          -0.11304
175.80          -0.11250
176.00          -0.11199
176.20          -0.11153
176.40          -0.11109
176.60          -0.11069
176.80          -0.11031
177.00          -0.10996
177.20          -0.10963
177.40          -0.10933
177.60          -0.10905
177.80          -0.10878
178.00          -0.10854
178.20          -0.10831
178.40          -0.10810
178.60          -0.10790
178.80          -0.10772
179.00          -0.10755
179.20          -0.10739
179.40          -0.10724
179.60          -0.10710
179.80          -0.10698
180.00          -0.10686
180.20          -0.10675
180.40          -0.10665
180.60          -0.10655
180.80          -0.10647
181.00          -0.10639
181.20          -0.10631
181.40          -0.10624
181.60          -0.10618
181.80          -0.10612
182.00          -0.10606
182.20          -0.10601
182.40          -0.10597
182.60          -0.10592
182.80          -0.10588
183.00          -0.10585
183.20          -0.10581
183.40          -0.10578
183.60          -0.10575
183.80          -0.10572
184.00          -0.10570
184.20          -0.10567
184.40          -0.10565
184.60          -0.10563
184.80          -0.10561
185.00          -0.10559
185.20          -0.10557
185.40          -0.10555
185.60          -0.10554
185.80          -0.10552
186.00          -0.10550
186.20          -0.10549
186.40          -0.10547
186.60          -0.10546
186.80          -0.10544
187.00          -0.10543
187.20          -0.10541
187.40          -0.10540
187.60          -0.10538
187.80          -0.10536
188.00          -0.10535
188.20          -0.10533
188.40          -0.10531
188.60          -0.10529
188.80          -0.10528
189.00          -0.10526
189.20          -0.10523
189.40          -0.10521
189.60          -0.10519
189.80          -0.10517
190.00          -0.10514
190.20          -0.10512
190.40          -0.10509
190.60          -0.10507
190.80          -0.10504
191.00          -0.10501
191.20          -0.10498
191.40          -0.10495
191.60          -0.10492
191.80          -0.10489
192.00          -0.10485
192.20          -0.10482
192.40          -0.10478
192.60          -0.10474
192.80          -0.10470
193.00          -0.10466
193.20          -0.10462
193.40          -0.10458
193.60          -0.10454
193.80          -0.10449
194.00          -0.10445
194.20          -0.10440
194.40          -0.10435
194.60          -0.10430
194.80          -0.10425
195.00          -0.10420
195.20          -0.10415
195.40          -0.10409
195.60          -0.10404
195.80          -0.10398
196.00          -0.10392
196.20          -0.10386
196.40          -0.10380
196.60          -0.10374
196.80          -0.10368
197.00          -0.10362
197.20          -0.10355
197.40          -0.10349
197.60          -0.10342
197.80          -0.10336
198.00          -0.10329
198.20          -0.10322
198.40          -0.10315
198.60          -0.10308
198.80          -0.10300
199.00          -0.10293
199.20          -0.10286
199.40          -0.10278
199.60          -0.10271
199.80          -0.10263
200.00          -0.10255
200.20          -0.10248
200.40          -0.10240
200.60          -0.10232
200.80          -0.10224
201.00          -0.10216
201.20          -0.10208
201.40          -0.10200
201.60          -0.10192
201.80          -0.10184
202.00          -0.10175
202.20          -0.10167
202.40          -0.10159
202.60          -0.10151
202.80          -0.10143
203.00          -0.10135
203.20          -0.10127
203.40          -0.10119
203.60          -0.10111
203.80          -0.10104
204.00          -0.10097
204.20          -0.10090
204.40          -0.10084
204.60          -0.10080
204.80          -0.10077
205.00          -0.10076
205.20          -0.10081
205.40          -0.10096
205.60          -0.10135
205.80          -0.10253
206.00          -0.10867
206.20          -0.87043
206.40          -0.10555
206.60          -0.10067
206.80          -0.099799
207.00          -0.099468
207.20          -0.099282
207.40          -0.099148
207.60          -0.099036
207.80          -0.098934
208.00          -0.098839
208.20          -0.098746
208.40          -0.098656
208.60          -0.098566
208.80          -0.098478
209.00          -0.098391
209.20          -0.098304
209.40          -0.098218
209.60          -0.098132
209.80          -0.098048
210.00          -0.097964
210.20          -0.097880
210.40          -0.097798
210.60          -0.097717
210.80          -0.097636
211.00          -0.097557
211.20          -0.097478
211.40          -0.097401
211.60          -0.097325
211.80          -0.097250
212.00          -0.097177
212.20          -0.097105
212.40          -0.097035
212.60          -0.096966
212.80          -0.096899
213.00          -0.096834
213.20          -0.096771
213.40          -0.096709
213.60          -0.096650
213.80          -0.096593
214.00          -0.096538
214.20          -0.096485
214.40          -0.096435
214.60          -0.096387
214.80          -0.096342
215.00          -0.096300
215.20          -0.096261
215.40          -0.096225
215.60          -0.096192
215.80          -0.096162
216.00          -0.096136
216.20          -0.096113
216.40          -0.096094
216.60          -0.096079
216.80          -0.096068
217.00          -0.096062
217.20          -0.096059
217.40          -0.096062
217.60          -0.096069
217.80          -0.096081
218.00          -0.096099
218.20          -0.096122
218.40          -0.096151
218.60          -0.096186
218.80          -0.096227
219.00          -0.096274
219.20          -0.096329
219.40          -0.096391
219.60          -0.096460
219.80          -0.096537
220.00          -0.096622
220.20          -0.096716
220.40          -0.096818
220.60          -0.096931
220.80          -0.097053
221.00          -0.097185
221.20          -0.097329
221.40          -0.097483
221.60          -0.097650
221.80          -0.097830
222.00          -0.098023
222.20          -0.098230
222.40          -0.098452
222.60          -0.098689
222.80          -0.098943
223.00          -0.099214
223.20          -0.099504
223.40          -0.099813
223.60          -0.10014
223.80          -0.10049
224.00          -0.10087
224.20          -0.10127
224.40          -0.10169
224.60          -0.10215
224.80          -0.10263
225.00          -0.10314
