175.00          -0.10862
175.20          -0.10821
175.40          -0.10781
175.60          -0.10741
175.80          -0.10703
176.00          -0.10665
176.20          -0.10629
176.40          -0.10593
176.60          -0.10559
176.80          -0.10525
177.00          -0.10493
177.20          -0.10461
177.40          -0.10430
177.60          -0.10401
177.80          -0.10373
178.00          -0.10346
178.20          -0.10319
178.40          -0.10294
178.60          -0.10271
178.80          -0.10248
179.00          -0.10227
179.20          -0.10207
179.40          -0.10188
179.60          -0.10170
179.80          -0.10154
180.00          -0.10139
180.20          -0.10126
180.40          -0.10113
180.60          -0.10103
180.80          -0.10094
181.00          -0.10086
181.20          -0.10081
181.40          -0.10076
181.60          -0.10074
181.80          -0.10073
182.00          -0.10074
182.20          -0.10077
182.40          -0.10082
182.60          -0.10089
182.80          -0.10097
183.00          -0.10109
183.20          -0.10122
183.40          -0.10137
183.60          -0.10155
183.80          -0.10176
184.00          -0.10199
184.20          -0.10224
184.40          -0.10253
184.60          -0.10284
184.80          -0.10319
185.00          -0.10356
185.20          -0.10397
185.40          -0.10441
185.60          -0.10489
185.80          -0.10541
186.00          -0.10597
186.20          -0.10657
186.40          -0.10721
186.60          -0.10790
186.80          -0.10864
187.00          -0.10943
187.20          -0.11027
187.40          -0.11117
187.60          -0.11212
187.80          -0.11314
188.00          -0.11423
188.20          -0.11539
188.40          -0.11662
188.60          -0.11793
188.80          -0.11932
189.00          -0.12081
189.20          -0.12238
189.40          -0.12406
189.60          -0.12584
189.80          -0.12774
190.00          -0.12976
190.20          -0.13191
190.40          -0.13419
190.60          -0.13663
190.80          -0.13922
191.00          -0.14198
191.20          -0.14493
191.40          -0.14806
191.60          -0.15141
191.80          -0.15499
192.00          -0.15881
192.20          -0.16289
192.40          -0.16725
192.60          -0.17192
192.80          -0.17693
193.00          -0.18228
193.20          -0.18803
193.40          -0.19420
193.60          -0.20082
193.80          -0.20793
194.00          -0.21558
194.20          -0.22381
194.40          -0.23268
194.60          -0.24223
194.80          -0.25253
195.00          -0.26364
195.20          -0.27563
195.40          -0.28857
195.60          -0.30253
195.80          -0.31762
196.00          -0.33389
196.20          -0.35145
196.40          -0.37037
196.60          -0.39073
196.80          -0.41260
197.00          -0.43605
197.20          -0.46109
197.40          -0.48774
197.60          -0.51596
197.80          -0.54564
198.00          -0.57661
198.20          -0.60862
198.40          -0.64131
198.60          -0.67420
198.80          -0.70670
199.00          -0.73810
199.20          -0.76757
199.40          -0.79425
199.60          -0.81724
199.80          -0.83570
200.00          -0.84890
200.20          -0.85631
200.40          -0.85765
200.60          -0.85289
200.80          -0.84230
201.00          -0.82638
201.20          -0.80581
201.40          -0.78142
201.60          -0.75407
201.80          -0.72461
202.00          -0.69384
202.20          -0.66245
202.40          -0.63104
202.60          -0.60009
202.80          -0.56995
203.00          -0.54090
203.20          -0.51313
203.40          -0.48675
203.60          -0.46181
203.80          -0.43835
204.00          -0.41633
204.20          -0.39574
204.40          -0.37652
204.60          -0.35861
204.80          -0.34198
205.00          -0.32658
205.20          -0.31245
205.40          -0.29975
205.60          -0.28911
205.80          -0.28352
206.00          -0.31108
206.20          -2.0078
206.40          -0.27498
206.60          -0.24216
206.80          -0.22868
207.00          -0.21888
207.20          -0.21055
207.40          -0.20307
207.60          -0.19619
207.80          -0.18982
208.00          -0.18386
208.20          -0.17828
208.40          -0.17303
208.60          -0.16809
208.80          -0.16343
209.00          -0.15903
209.20          -0.15486
209.40          -0.15092
209.60          -0.14719
209.80          -0.14364
210.00          -0.14028
210.20          -0.13708
210.40          -0.13404
210.60          -0.13114
210.80          -0.12838
211.00          -0.12575
211.20          -0.12323
211.40          -0.12083
211.60          -0.11854
211.80          -0.11634
212.00          -0.11424
212.20          -0.11223
212.40          -0.11031
212.60          -0.10846
212.80          -0.10668
213.00          -0.10498
213.20          -0.10334
213.40          -0.10177
213.60          -0.10026
213.80          -0.098800
214.00          -0.097397
214.20          -0.096046
214.40          -0.094744
214.60          -0.093488
214.80          -0.092276
215.00          -0.091106
215.20          -0.089977
215.40          -0.088885
215.60          -0.087830
215.80          -0.086810
216.00          -0.085823
216.20          -0.084868
216.40          -0.083943
216.60          -0.083047
216.80          -0.082179
217.00          -0.081338
217.20          -0.080522
217.40          -0.079731
217.60          -0.078964
217.80          -0.078219
218.00          -0.077495
218.20          -0.076793
218.40          -0.076110
218.60          -0.075447
218.80          -0.074802
219.00          -0.074175
219.20          -0.073565
219.40          -0.072972
219.60          -0.072395
219.80          -0.071833
220.00          -0.071285
220.20          -0.070752
220.40          -0.070233
220.60          -0.069727
220.80          -0.069235
221.00          -0.068754
221.20          -0.068286
221.40          -0.067829
221.60          -0.067383
221.80          -0.066948
222.00          -0.066524
222.20          -0.066110
222.40          -0.065706
222.60          -0.065311
222.80          -0.064925
223.00          -0.064549
223.20          -0.064181
223.40          -0.063822
223.60          -0.063470
223.80          -0.063127
224.00          -0.062791
224.20          -0.062463
224.40          -0.062143
224.60          -0.061829
224.80          -0.061523
225.00          -0.061223
