175.00          -0.066841
175.20          -0.067324
175.40          -0.067815
175.60          -0.068317
175.80          -0.068828
176.00          -0.069349
176.20          -0.069881
176.40          -0.070425
176.60          -0.070979
176.80          -0.071545
177.00          -0.072124
177.20          -0.072715
177.40          -0.073319
177.60          -0.073937
177.80          -0.074569
178.00          -0.075216
178.20          -0.075878
178.40          -0.076556
178.60          -0.077250
178.80          -0.077962
179.00          -0.078691
179.20          -0.079439
179.40          -0.080207
179.60          -0.080995
179.80          -0.081804
180.00          -0.082635
180.20          -0.083489
180.40          -0.084367
180.60          -0.085270
180.80          -0.086199
181.00          -0.087156
181.20          -0.088142
181.40          -0.089158
181.60          -0.090205
181.80          -0.091285
182.00          -0.092401
182.20          -0.093552
182.40          -0.094742
182.60          -0.095973
182.80          -0.097245
183.00          -0.098563
183.20          -0.099927
183.40          -0.10134
183.60          -0.10281
183.80          -0.10433
184.00          -0.10591
184.20          -0.10755
184.40          -0.10926
184.60          -0.11103
184.80          -0.11288
185.00          -0.11481
185.20          -0.11682
185.40          -0.11891
185.60          -0.12110
185.80          -0.12339
186.00          -0.12578
186.20          -0.12829
186.40          -0.13092
186.60          -0.13367
186.80          -0.13656
187.00          -0.13960
187.20          -0.14279
187.40          -0.14615
187.60          -0.14969
187.80          -0.15342
188.00          -0.15737
188.20          -0.16153
188.40          -0.16593
188.60          -0.17059
188.80          -0.17553
189.00          -0.18077
189.20          -0.18633
189.40          -0.19224
189.60          -0.19853
189.80          -0.20523
190.00          -0.21236
190.20          -0.21996
190.40          -0.22808
190.60          -0.23674
190.80          -0.24600
191.00          -0.25589
191.20          -0.26646
191.40          -0.27776
191.60          -0.28983
191.80          -0.30272
192.00          -0.31645
192.20          -0.33108
192.40          -0.34661
192.60          -0.36306
192.80          -0.38041
193.00          -0.39862
193.20          -0.41760
193.40          -0.43724
193.60          -0.45733
193.80          -0.47764
194.00          -0.49783
194.20          -0.51750
194.40          -0.53615
194.60          -0.55324
194.80          -0.56815
195.00          -0.58028
195.20          -0.58905
195.40          -0.59396
195.60          -0.59467
195.80          -0.59099
196.00          -0.58297
196.20          -0.57086
196.40          -0.55508
196.60          -0.53621
196.80          -0.51490
197.00          -0.49186
197.20          -0.46773
197.40          -0.44314
197.60          -0.41860
197.80          -0.39453
198.00          -0.37125
198.20          -0.34901
198.40          -0.32794
198.60          -0.30814
198.80          -0.28966
199.00          -0.27247
199.20          -0.25656
199.40          -0.24186
199.60          -0.22832
199.80          -0.21587
200.00          -0.20443
200.20          -0.19392
200.40          -0.18428
200.60          -0.17543
200.80          -0.16731
201.00          -0.15985
201.20          -0.15300
201.40          -0.14670
201.60          -0.14091
201.80          -0.13559
202.00          -0.13068
202.20          -0.12616
202.40          -0.12199
202.60          -0.11814
202.80          -0.11458
203.00          -0.11130
203.20          -0.10826
203.40          -0.10544
203.60          -0.10284
203.80          -0.10042
204.00          -0.098179
204.20          -0.096099
204.40          -0.094166
204.60          -0.092371
204.80          -0.090701
205.00          -0.089149
205.20          -0.087704
205.40          -0.086360
205.60          -0.085108
205.80          -0.083942
206.00          -0.082856
206.20          -0.081845
206.40          -0.080902
206.60          -0.080024
206.80          -0.079205
207.00          -0.078443
207.20          -0.077733
207.40          -0.077071
207.60          -0.076456
207.80          -0.075883
208.00          -0.075350
208.20          -0.074854
208.40          -0.074394
208.60          -0.073967
208.80          -0.073571
209.00          -0.073204
209.20          -0.072865
209.40          -0.072552
209.60          -0.072263
209.80          -0.071997
210.00          -0.071753
210.20          -0.071529
210.40          -0.071324
210.60          -0.071138
210.80          -0.070970
211.00          -0.070817
211.20          -0.070681
211.40          -0.070558
211.60          -0.070450
211.80          -0.070356
212.00          -0.070273
212.20          -0.070203
212.40          -0.070144
212.60          -0.070096
212.80          -0.070058
213.00          -0.070030
213.20          -0.070011
213.40          -0.070001
213.60          -0.070000
213.80          -0.070006
214.00          -0.070021
214.20          -0.070043
214.40          -0.070071
214.60          -0.070107
214.80          -0.070149
215.00          -0.070197
215.20          -0.070252
215.40          -0.070312
215.60          -0.070377
215.80          -0.070448
216.00          -0.070524
216.20          -0.070605
216.40          -0.070691
216.60          -0.070781
216.80          -0.070876
217.00          -0.070975
217.20          -0.071078
217.40          -0.071186
217.60          -0.071297
217.80          -0.071413
218.00          -0.071532
218.20          -0.071655
218.40          -0.071782
218.60          -0.071913
218.80          -0.072048
219.00          -0.072186
219.20          -0.072328
219.40          -0.072475
219.60          -0.072625
219.80          -0.072779
220.00          -0.072938
220.20          -0.073102
220.40          -0.073270
220.60          -0.073443
220.80          -0.073622
221.00          -0.073807
221.20          -0.073999
221.40          -0.074199
221.60          -0.074407
221.80          -0.074625
222.00          -0.074854
222.20          -0.075096
222.40          -0.075355
222.60          -0.075634
222.80          -0.075936
223.00          -0.076270
223.20          -0.076643
223.40          -0.077069
223.60          -0.077567
223.80          -0.078168
224.00          -0.078920
224.20          -0.079908
224.40          -0.081294
224.60          -0.083410
224.80          -0.087071
225.00          -0.094762
