175.00          -0.065622
175.20          -0.066302
175.40          -0.067001
175.60          -0.067721
175.80          -0.068461
176.00          -0.069223
176.20          -0.070007
176.40          -0.070816
176.60          -0.071650
176.80          -0.072510
177.00          -0.073398
177.20          -0.074315
177.40          -0.075262
177.60          -0.076240
177.80          -0.077253
178.00          -0.078301
178.20          -0.079386
178.40          -0.080511
178.60          -0.081677
178.80          -0.082886
179.00          -0.084142
179.20          -0.085447
179.40          -0.086803
179.60          -0.088214
179.80          -0.089684
180.00          -0.091215
180.20          -0.092811
180.40          -0.094477
180.60          -0.096217
180.80          -0.098036
181.00          -0.099939
181.20          -0.10193
181.40          -0.10402
181.60          -0.10621
181.80          -0.10851
182.00          -0.11093
182.20          -0.11348
182.40          -0.11616
182.60          -0.11899
182.80          -0.12198
183.00          -0.12513
183.20          -0.12847
183.40          -0.13201
183.60          -0.13577
183.80          -0.13976
184.00          -0.14400
184.20          -0.14852
184.40          -0.15334
184.60          -0.15849
184.80          -0.16401
185.00          -0.16991
185.20          -0.17625
185.40          -0.18306
185.60          -0.19039
185.80          -0.19829
186.00          -0.20683
186.20          -0.21606
186.40          -0.22607
186.60          -0.23692
186.80          -0.24872
187.00          -0.26156
187.20          -0.27555
187.40          -0.29080
187.60          -0.30746
187.80          -0.32565
188.00          -0.34551
188.20          -0.36720
188.40          -0.39085
188.60          -0.41657
188.80          -0.44446
189.00          -0.47454
189.20          -0.50676
189.40          -0.54094
189.60          -0.57672
189.80          -0.61351
190.00          -0.65046
190.20          -0.68637
190.40          -0.71976
190.60          -0.74888
190.80          -0.77184
191.00          -0.78688
191.20          -0.79256
191.40          -0.78808
191.60          -0.77343
191.80          -0.74941
192.00          -0.71751
192.20          -0.67964
192.40          -0.63789
192.60          -0.59422
192.80          -0.55030
193.00          -0.50743
193.20          -0.46655
193.40          -0.42825
193.60          -0.39283
193.80          -0.36040
194.00          -0.33093
194.20          -0.30429
194.40          -0.28029
194.60          -0.25873
194.80          -0.23937
195.00          -0.22201
195.20          -0.20644
195.40          -0.19247
195.60          -0.17992
195.80          -0.16865
196.00          -0.15849
196.20          -0.14934
196.40          -0.14109
196.60          -0.13362
196.80          -0.12687
197.00          -0.12075
197.20          -0.11519
197.40          -0.11014
197.60          -0.10554
197.80          -0.10135
198.00          -0.097533
198.20          -0.094043
198.40          -0.090852
198.60          -0.087932
198.80          -0.085258
199.00          -0.082808
199.20          -0.080562
199.40          -0.078501
199.60          -0.076611
199.80          -0.074877
200.00          -0.073286
200.20          -0.071828
200.40          -0.070492
200.60          -0.069269
200.80          -0.068153
201.00          -0.067135
201.20          -0.066209
201.40          -0.065372
201.60          -0.064617
201.80          -0.063942
202.00          -0.063344
202.20          -0.062822
202.40          -0.062373
202.60          -0.061998
202.80          -0.061698
203.00          -0.061478
203.20          -0.061340
203.40          -0.061294
203.60          -0.061350
203.80          -0.061524
204.00          -0.061840
204.20          -0.062333
204.40          -0.063054
204.60          -0.064085
204.80          -0.065559
205.00          -0.067705
205.20          -0.070947
205.40          -0.076160
205.60          -0.085426
205.80          -0.10493
206.00          -0.16166
206.20          -0.55170
206.40          -1.5113
206.60          -0.11913
206.80          -0.061945
207.00          -0.051018
207.20          -0.047955
207.40          -0.047039
207.60          -0.046854
207.80          -0.046949
208.00          -0.047154
208.20          -0.047400
208.40          -0.047656
208.60          -0.047910
208.80          -0.048157
209.00          -0.048395
209.20          -0.048623
209.40          -0.048844
209.60          -0.049056
209.80          -0.049263
210.00          -0.049464
210.20          -0.049660
210.40          -0.049853
210.60          -0.050042
210.80          -0.050230
211.00          -0.050415
211.20          -0.050599
211.40          -0.050782
211.60          -0.050964
211.80          -0.051146
212.00          -0.051327
212.20          -0.051509
212.40          -0.051691
212.60          -0.051874
212.80          -0.052057
213.00          -0.052241
213.20          -0.052426
213.40          -0.052611
213.60          -0.052798
213.80          -0.052985
214.00          -0.053174
214.20          -0.053364
214.40          -0.053555
214.60          -0.053747
214.80          -0.053941
215.00          -0.054135
215.20          -0.054331
215.40          -0.054529
215.60          -0.054727
215.80          -0.054927
216.00          -0.055128
216.20          -0.055331
216.40          -0.055535
216.60          -0.055740
216.80          -0.055947
217.00          -0.056155
217.20          -0.056365
217.40          -0.056576
217.60          -0.056788
217.80          -0.057002
218.00          -0.057217
218.20          -0.057434
218.40          -0.057652
218.60          -0.057871
218.80          -0.058092
219.00          -0.058314
219.20          -0.058538
219.40          -0.058764
219.60          -0.058990
219.80          -0.059219
220.00          -0.059449
220.20          -0.059680
220.40          -0.059913
220.60          -0.060147
220.80          -0.060383
221.00          -0.060621
221.20          -0.060860
221.40          -0.061101
221.60          -0.061344
221.80          -0.061588
222.00          -0.061834
222.20          -0.062082
222.40          -0.062331
222.60          -0.062583
222.80          -0.062836
223.00          -0.063091
223.20          -0.063348
223.40          -0.063608
223.60          -0.063869
223.80          -0.064132
224.00          -0.064398
224.20          -0.064666
224.40          -0.064936
224.60          -0.065208
224.80          -0.065484
225.00          -0.065761
