175.00          -0.39823
175.20          -0.41015
175.40          -0.42198
175.60          -0.43360
175.80          -0.44488
176.00          -0.45569
176.20          -0.46587
176.40          -0.47524
176.60          -0.48365
176.80          -0.49092
177.00          -0.49688
177.20          -0.50140
177.40          -0.50432
177.60          -0.50556
177.80          -0.50504
178.00          -0.50272
178.20          -0.49862
178.40          -0.49277
178.60          -0.48527
178.80          -0.47623
179.00          -0.46580
179.20          -0.45417
179.40          -0.44151
179.60          -0.42802
179.80          -0.41390
180.00          -0.39934
180.20          -0.38450
180.40          -0.36956
180.60          -0.35466
180.80          -0.33991
181.00          -0.32543
181.20          -0.31131
181.40          -0.29760
181.60          -0.28436
181.80          -0.27163
182.00          -0.25944
182.20          -0.24779
182.40          -0.23670
182.60          -0.22615
182.80          -0.21616
183.00          -0.20669
183.20          -0.19774
183.40          -0.18928
183.60          -0.18130
183.80          -0.17378
184.00          -0.16669
184.20          -0.16002
184.40          -0.15373
184.60          -0.14782
184.80          -0.14225
185.00          -0.13701
185.20          -0.13208
185.40          -0.12744
185.60          -0.12307
185.80          -0.11896
186.00          -0.11509
186.20          -0.11145
186.40          -0.10802
186.60          -0.10479
186.80          -0.10175
187.00          -0.098877
187.20          -0.096173
187.40          -0.093623
187.60          -0.091219
187.80          -0.088951
188.00          -0.086812
188.20          -0.084793
188.40          -0.082887
188.60          -0.081088
188.80          -0.079390
189.00          -0.077787
189.20          -0.076272
189.40          -0.074842
189.60          -0.073491
189.80          -0.072214
190.00          -0.071009
190.20          -0.069870
190.40          -0.068794
190.60          -0.067778
190.80          -0.066819
191.00          -0.065912
191.20          -0.065057
191.40          -0.064250
191.60          -0.063488
191.80          -0.062769
192.00          -0.062091
192.20          -0.061452
192.40          -0.060851
192.60          -0.060284
192.80          -0.059751
193.00          -0.059250
193.20          -0.058780
193.40          -0.058338
193.60          -0.057924
193.80          -0.057537
194.00          -0.057174
194.20          -0.056836
194.40          -0.056521
194.60          -0.056228
194.80          -0.055956
195.00          -0.055705
195.20          -0.055472
195.40          -0.055259
195.60          -0.055063
195.80          -0.054885
196.00          -0.054723
196.20          -0.054577
196.40          -0.054446
196.60          -0.054331
196.80          -0.054230
197.00          -0.054142
197.20          -0.054068
197.40          -0.054007
197.60          -0.053959
197.80          -0.053924
198.00          -0.053900
198.20          -0.053888
198.40          -0.053887
198.60          -0.053898
198.80          -0.053920
199.00          -0.053953
199.20          -0.053997
199.40          -0.054051
199.60          -0.054117
199.80          -0.054193
200.00          -0.054280
200.20          -0.054378
200.40          -0.054487
200.60          -0.054607
200.80          -0.054739
201.00          -0.054884
201.20          -0.055041
201.40          -0.055212
201.60          -0.055397
201.80          -0.055597
202.00          -0.055814
202.20          -0.056050
202.40          -0.056307
202.60          -0.056587
202.80          -0.056895
203.00          -0.057233
203.20          -0.057609
203.40          -0.058030
203.60          -0.058506
203.80          -0.059052
204.00          -0.059688
204.20          -0.060442
204.40          -0.061361
204.60          -0.062511
204.80          -0.064010
205.00          -0.066059
205.20          -0.069053
205.40          -0.073852
205.60          -0.082685
205.80          -0.10321
206.00          -0.18070
206.20          -2.1677
206.40          -0.22890
206.60          -0.075784
206.80          -0.059022
207.00          -0.055203
207.20          -0.054230
207.40          -0.054126
207.60          -0.054334
207.80          -0.054661
208.00          -0.055031
208.20          -0.055414
208.40          -0.055795
208.60          -0.056170
208.80          -0.056536
209.00          -0.056894
209.20          -0.057243
209.40          -0.057584
209.60          -0.057919
209.80          -0.058248
210.00          -0.058571
210.20          -0.058890
210.40          -0.059206
210.60          -0.059518
210.80          -0.059828
211.00          -0.060135
211.20          -0.060441
211.40          -0.060746
211.60          -0.061049
211.80          -0.061351
212.00          -0.061653
212.20          -0.061955
212.40          -0.062256
212.60          -0.062557
212.80          -0.062859
213.00          -0.063161
213.20          -0.063463
213.40          -0.063765
213.60          -0.064069
213.80          -0.064373
214.00          -0.064678
214.20          -0.064983
214.40          -0.065290
214.60          -0.065597
214.80          -0.065906
215.00          -0.066216
215.20          -0.066526
215.40          -0.066838
215.60          -0.067152
215.80          -0.067466
216.00          -0.067782
216.20          -0.068099
216.40          -0.068418
216.60          -0.068738
216.80          -0.069059
217.00          -0.069382
217.20          -0.069706
217.40          -0.070032
217.60          -0.070359
217.80          -0.070688
218.00          -0.071018
218.20          -0.071350
218.40          -0.071684
218.60          -0.072019
218.80          -0.072356
219.00          -0.072695
219.20          -0.073035
219.40          -0.073377
219.60          -0.073721
219.80          -0.074067
220.00          -0.074414
220.20          -0.074763
220.40          -0.075114
220.60          -0.075467
220.80          -0.075822
221.00          -0.076179
221.20          -0.076537
221.40          -0.076898
221.60          -0.077261
221.80          -0.077626
222.00          -0.077992
222.20          -0.078361
222.40          -0.078732
222.60          -0.079106
222.80          -0.079481
223.00          -0.079859
223.20          -0.080239
223.40          -0.080622
223.60          -0.081006
223.80          -0.081394
224.00          -0.081784
224.20          -0.082176
224.40          -0.082572
224.60          -0.082970
224.80          -0.083370
225.00          -0.083774
