175.00          -0.088871
175.20          -0.087086
175.40          -0.085376
175.60          -0.083738
175.80          -0.082170
176.00          -0.080668
176.20          -0.079229
176.40          -0.077851
176.60          -0.076532
176.80          -0.075268
177.00          -0.074058
177.20          -0.072899
177.40          -0.071789
177.60          -0.070727
177.80          -0.069709
178.00          -0.068735
178.20          -0.067803
178.40          -0.066910
178.60          -0.066056
178.80          -0.065239
179.00          -0.064457
179.20          -0.063709
179.40          -0.062994
179.60          -0.062310
179.80          -0.061656
180.00          -0.061032
180.20          -0.060435
180.40          -0.059866
180.60          -0.059322
180.80          -0.058804
181.00          -0.058309
181.20          -0.057838
181.40          -0.057389
181.60          -0.056962
181.80          -0.056555
182.00          -0.056169
182.20          -0.055802
182.40          -0.055454
182.60          -0.055123
182.80          -0.054811
183.00          -0.054515
183.20          -0.054236
183.40          -0.053972
183.60          -0.053724
183.80          -0.053490
184.00          -0.053271
184.20          -0.053066
184.40          -0.052874
184.60          -0.052696
184.80          -0.052530
185.00          -0.052376
185.20          -0.052234
185.40          -0.052104
185.60          -0.051985
185.80          -0.051877
186.00          -0.051780
186.20          -0.051693
186.40          -0.051616
186.60          -0.051549
186.80          -0.051491
187.00          -0.051443
187.20          -0.051403
187.40          -0.051373
187.60          -0.051351
187.80          -0.051337
188.00          -0.051331
188.20          -0.051334
188.40          -0.051344
188.60          -0.051362
188.80          -0.051387
189.00          -0.051420
189.20          -0.051459
189.40          -0.051506
189.60          -0.051559
189.80          -0.051619
190.00          -0.051686
190.20          -0.051759
190.40          -0.051838
190.60          -0.051923
190.80          -0.052014
191.00          -0.052112
191.20          -0.052215
191.40          -0.052324
191.60          -0.052438
191.80          -0.052558
192.00          -0.052683
192.20          -0.052814
192.40          -0.052950
192.60          -0.053092
192.80          -0.053238
193.00          -0.053389
193.20          -0.053546
193.40          -0.053707
193.60          -0.053874
193.80          -0.054045
194.00          -0.054221
194.20          -0.054401
194.40          -0.054586
194.60          -0.054776
194.80          -0.054971
195.00          -0.055170
195.20          -0.055374
195.40          -0.055582
195.60          -0.055795
195.80          -0.056012
196.00          -0.056234
196.20          -0.056460
196.40          -0.056690
196.60          -0.056925
196.80          -0.057165
197.00          -0.057409
197.20          -0.057657
197.40          -0.057910
197.60          -0.058168
197.80          -0.058430
198.00          -0.058697
198.20          -0.058969
198.40          -0.059245
198.60          -0.059526
198.80          -0.059812
199.00          -0.060103
199.20          -0.060399
199.40          -0.060701
199.60          -0.061008
199.80          -0.061321
200.00          -0.061640
200.20          -0.061965
200.40          -0.062296
200.60          -0.062634
200.80          -0.062980
201.00          -0.063333
201.20          -0.063694
201.40          -0.064065
201.60          -0.064445
201.80          -0.064837
202.00          -0.065240
202.20          -0.065657
202.40          -0.066089
202.60          -0.066539
202.80          -0.067010
203.00          -0.067504
203.20          -0.068028
203.40          -0.068587
203.60          -0.069190
203.80          -0.069849
204.00          -0.070580
204.20          -0.071408
204.40          -0.072370
204.60          -0.073525
204.80          -0.074972
205.00          -0.076888
205.20          -0.079626
205.40          -0.083975
205.60          -0.092082
205.80          -0.11191
206.00          -0.19959
206.20          -9.7172
206.40          -0.15463
206.60          -0.082856
206.80          -0.072990
207.00          -0.070707
207.20          -0.070261
207.40          -0.070410
207.60          -0.070783
207.80          -0.071247
208.00          -0.071747
208.20          -0.072259
208.40          -0.072774
208.60          -0.073287
208.80          -0.073796
209.00          -0.074300
209.20          -0.074800
209.40          -0.075295
209.60          -0.075787
209.80          -0.076275
210.00          -0.076761
210.20          -0.077245
210.40          -0.077727
210.60          -0.078208
210.80          -0.078688
211.00          -0.079167
211.20          -0.079646
211.40          -0.080125
211.60          -0.080604
211.80          -0.081083
212.00          -0.081562
212.20          -0.082042
212.40          -0.082522
212.60          -0.083004
212.80          -0.083486
213.00          -0.083969
213.20          -0.084453
213.40          -0.084938
213.60          -0.085425
213.80          -0.085912
214.00          -0.086401
214.20          -0.086891
214.40          -0.087382
214.60          -0.087874
214.80          -0.088368
215.00          -0.088862
215.20          -0.089359
215.40          -0.089856
215.60          -0.090354
215.80          -0.090854
216.00          -0.091355
216.20          -0.091857
216.40          -0.092361
216.60          -0.092865
216.80          -0.093371
217.00          -0.093877
217.20          -0.094385
217.40          -0.094893
217.60          -0.095403
217.80          -0.095913
218.00          -0.096424
218.20          -0.096936
218.40          -0.097448
218.60          -0.097961
218.80          -0.098475
219.00          -0.098989
219.20          -0.099504
219.40          -0.10002
219.60          -0.10053
219.80          -0.10105
220.00          -0.10156
220.20          -0.10208
220.40          -0.10259
220.60          -0.10311
220.80          -0.10362
221.00          -0.10414
221.20          -0.10465
221.40          -0.10517
221.60          -0.10568
221.80          -0.10619
222.00          -0.10670
222.20          -0.10721
222.40          -0.10771
222.60          -0.10822
222.80          -0.10872
223.00          -0.10923
223.20          -0.10973
223.40          -0.11023
223.60          -0.11072
223.80          -0.11121
224.00          -0.11171
224.20          -0.11219
224.40          -0.11268
224.60          -0.11316
224.80          -0.11364
225.00          -0.11411
