175.00          -0.70039
175.20          -0.68790
175.40          -0.67802
175.60          -0.67025
175.80          -0.66420
176.00          -0.65955
176.20          -0.65605
176.40          -0.65351
176.60          -0.65177
176.80          -0.65070
177.00          -0.65018
177.20          -0.65014
177.40          -0.65049
177.60          -0.65119
177.80          -0.65217
178.00          -0.65340
178.20          -0.65484
178.40          -0.65646
178.60          -0.65823
178.80          -0.66014
179.00          -0.66217
179.20          -0.66429
179.40          -0.66650
179.60          -0.66878
179.80          -0.67113
180.00          -0.67353
180.20          -0.67598
180.40          -0.67847
180.60          -0.68099
180.80          -0.68354
181.00          -0.68612
181.20          -0.68872
181.40          -0.69133
181.60          -0.69396
181.80          -0.69661
182.00          -0.69926
182.20          -0.70192
182.40          -0.70459
182.60          -0.70726
182.80          -0.70993
183.00          -0.71260
183.20          -0.71528
183.40          -0.71795
183.60          -0.72063
183.80          -0.72330
184.00          -0.72596
184.20          -0.72863
184.40          -0.73129
184.60          -0.73394
184.80          -0.73659
185.00          -0.73923
185.20          -0.74187
185.40          -0.74450
185.60          -0.74713
185.80          -0.74974
186.00          -0.75235
186.20          -0.75496
186.40          -0.75755
186.60          -0.76014
186.80          -0.76272
187.00          -0.76529
187.20          -0.76785
187.40          -0.77040
187.60          -0.77295
187.80          -0.77549
188.00          -0.77802
188.20          -0.78054
188.40          -0.78305
188.60          -0.78555
188.80          -0.78804
189.00          -0.79052
189.20          -0.79300
189.40          -0.79546
189.60          -0.79792
189.80          -0.80037
190.00          -0.80280
190.20          -0.80523
190.40          -0.80765
190.60          -0.81006
190.80          -0.81246
191.00          -0.81485
191.20          -0.81723
191.40          -0.81960
191.60          -0.82196
191.80          -0.82431
192.00          -0.82665
192.20          -0.82898
192.40          -0.83130
192.60          -0.83361
192.80          -0.83592
193.00          -0.83821
193.20          -0.84049
193.40          -0.84276
193.60          -0.84502
193.80          -0.84727
194.00          -0.84951
194.20          -0.85174
194.40          -0.85396
194.60          -0.85617
194.80          -0.85837
195.00          -0.86056
195.20          -0.86274
195.40          -0.86491
195.60          -0.86707
195.80          -0.86922
196.00          -0.87136
196.20          -0.87349
196.40          -0.87560
196.60          -0.87771
196.80          -0.87981
197.00          -0.88189
197.20          -0.88397
197.40          -0.88603
197.60          -0.88809
197.80          -0.89013
198.00          -0.89217
198.20          -0.89419
198.40          -0.89621
198.60          -0.89821
198.80          -0.90020
199.00          -0.90219
199.20          -0.90416
199.40          -0.90612
199.60          -0.90808
199.80          -0.91002
200.00          -0.91195
200.20          -0.91388
200.40          -0.91580
200.60          -0.91770
200.80          -0.91960
201.00          -0.92150
201.20          -0.92338
201.40          -0.92526
201.60          -0.92713
201.80          -0.92899
202.00          -0.93085
202.20          -0.93271
202.40          -0.93457
202.60          -0.93643
202.80          -0.93828
203.00          -0.94015
203.20          -0.94202
203.40          -0.94391
203.60          -0.94582
203.80          -0.94776
204.00          -0.94974
204.20          -0.95178
204.40          -0.95391
204.60          -0.95616
204.80          -0.95860
205.00          -0.96133
205.20          -0.96454
205.40          -0.96860
205.60          -0.97435
205.80          -0.98403
206.00          -1.0058
206.20          -1.0938
206.40          -5.1589
206.60          -1.0932
206.80          -0.98747
207.00          -0.97396
207.20          -0.97127
207.40          -0.97123
207.60          -0.97207
207.80          -0.97325
208.00          -0.97458
208.20          -0.97597
208.40          -0.97739
208.60          -0.97880
208.80          -0.98021
209.00          -0.98160
209.20          -0.98298
209.40          -0.98435
209.60          -0.98570
209.80          -0.98703
210.00          -0.98834
210.20          -0.98964
210.40          -0.99091
210.60          -0.99218
210.80          -0.99342
211.00          -0.99465
211.20          -0.99586
211.40          -0.99706
211.60          -0.99824
211.80          -0.99941
212.00          -1.0006
212.20          -1.0017
212.40          -1.0028
212.60          -1.0039
212.80          -1.0050
213.00          -1.0061
213.20          -1.0071
213.40          -1.0082
213.60          -1.0092
213.80          -1.0102
214.00          -1.0112
214.20          -1.0122
214.40          -1.0132
214.60          -1.0142
214.80          -1.0151
215.00          -1.0160
215.20          -1.0169
215.40          -1.0178
215.60          -1.0187
215.80          -1.0196
216.00          -1.0205
216.20          -1.0213
216.40          -1.0221
216.60          -1.0229
216.80          -1.0237
217.00          -1.0245
217.20          -1.0253
217.40          -1.0261
217.60          -1.0268
217.80          -1.0275
218.00          -1.0283
218.20          -1.0290
218.40          -1.0296
218.60          -1.0303
218.80          -1.0310
219.00          -1.0316
219.20          -1.0323
219.40          -1.0329
219.60          -1.0335
219.80          -1.0341
220.00          -1.0347
220.20          -1.0352
220.40          -1.0358
220.60          -1.0363
220.80          -1.0368
221.00          -1.0374
221.20          -1.0379
221.40          -1.0383
221.60          -1.0388
221.80          -1.0393
222.00          -1.0397
222.20          -1.0402
222.40          -1.0406
222.60          -1.0410
222.80          -1.0414
223.00          -1.0418
223.20          -1.0421
223.40          -1.0425
223.60          -1.0428
223.80          -1.0432
224.00          -1.0435
224.20          -1.0438
224.40          -1.0442
224.60          -1.0445
224.80          -1.0448
225.00          -1.0451
