175.00          -0.028624
175.20          -0.028683
175.40          -0.028741
175.60          -0.028800
175.80          -0.028859
176.00          -0.028918
176.20          -0.028977
176.40          -0.029037
176.60          -0.029096
176.80          -0.029156
177.00          -0.029216
177.20          -0.029276
177.40          -0.029337
177.60          -0.029397
177.80          -0.029458
178.00          -0.029518
178.20          -0.029579
178.40          -0.029641
178.60          -0.029702
178.80          -0.029764
179.00          -0.029825
179.20          -0.029887
179.40          -0.029949
179.60          -0.030011
179.80          -0.030074
180.00          -0.030136
180.20          -0.030199
180.40          -0.030262
180.60          -0.030325
180.80          -0.030389
181.00          -0.030452
181.20          -0.030516
181.40          -0.030580
181.60          -0.030644
181.80          -0.030708
182.00          -0.030773
182.20          -0.030838
182.40          -0.030902
182.60          -0.030968
182.80          -0.031033
183.00          -0.031098
183.20          -0.031164
183.40          -0.031230
183.60          -0.031296
183.80          -0.031362
184.00          -0.031429
184.20          -0.031495
184.40          -0.031562
184.60          -0.031629
184.80          -0.031696
185.00          -0.031764
185.20          -0.031831
185.40          -0.031899
185.60          -0.031967
185.80          -0.032036
186.00          -0.032104
186.20          -0.032173
186.40          -0.032242
186.60          -0.032311
186.80          -0.032380
187.00          -0.032450
187.20          -0.032520
187.40          -0.032590
187.60          -0.032660
187.80          -0.032730
188.00          -0.032801
188.20          -0.032872
188.40          -0.032943
188.60          -0.033014
188.80          -0.033086
189.00          -0.033158
189.20          -0.033230
189.40          -0.033302
189.60          -0.033374
189.80          -0.033447
190.00          -0.033520
190.20          -0.033593
190.40          -0.033666
190.60          -0.033740
190.80          -0.033814
191.00          -0.033888
191.20          -0.033962
191.40          -0.034037
191.60          -0.034112
191.80          -0.034187
192.00          -0.034262
192.20          -0.034337
192.40          -0.034413
192.60          -0.034489
192.80          -0.034566
193.00          -0.034642
193.20          -0.034719
193.40          -0.034796
193.60          -0.034873
193.80          -0.034951
194.00          -0.035028
194.20          -0.035107
194.40          -0.035185
194.60          -0.035263
194.80          -0.035342
195.00          -0.035421
195.20          -0.035501
195.40          -0.035580
195.60          -0.035660
195.80          -0.035741
196.00          -0.035821
196.20          -0.035902
196.40          -0.035983
196.60          -0.036064
196.80          -0.036146
197.00          -0.036227
197.20          -0.036310
197.40          -0.036392
197.60          -0.036475
197.80          -0.036558
198.00          -0.036641
198.20          -0.036724
198.40          -0.036808
198.60          -0.036892
198.80          -0.036977
199.00          -0.037062
199.20          -0.037147
199.40          -0.037232
199.60          -0.037318
199.80          -0.037404
200.00          -0.037490
200.20          -0.037576
200.40          -0.037663
200.60          -0.037751
200.80          -0.037838
201.00          -0.037926
201.20          -0.038014
201.40          -0.038103
201.60          -0.038191
201.80          -0.038281
202.00          -0.038370
202.20          -0.038460
202.40          -0.038550
202.60          -0.038640
202.80          -0.038731
203.00          -0.038822
203.20          -0.038914
203.40          -0.039006
203.60          -0.039098
203.80          -0.039190
204.00          -0.039283
204.20          -0.039377
204.40          -0.039470
204.60          -0.039564
204.80          -0.039659
205.00          -0.039753
205.20          -0.039848
205.40          -0.039944
205.60          -0.040040
205.80          -0.040136
206.00          -0.040232
206.20          -0.040329
206.40          -0.040427
206.60          -0.040524
206.80          -0.040623
207.00          -0.040721
207.20          -0.040820
207.40          -0.040919
207.60          -0.041019
207.80          -0.041119
208.00          -0.041220
208.20          -0.041321
208.40          -0.041422
208.60          -0.041524
208.80          -0.041626
209.00          -0.041729
209.20          -0.041832
209.40          -0.041935
209.60          -0.042039
209.80          -0.042144
210.00          -0.042249
210.20          -0.042354
210.40          -0.042460
210.60          -0.042566
210.80          -0.042673
211.00          -0.042780
211.20          -0.042888
211.40          -0.042996
211.60          -0.043104
211.80          -0.043213
212.00          -0.043323
212.20          -0.043433
212.40          -0.043543
212.60          -0.043655
212.80          -0.043766
213.00          -0.043878
213.20          -0.043991
213.40          -0.044104
213.60          -0.044218
213.80          -0.044332
214.00          -0.044446
214.20          -0.044562
214.40          -0.044677
214.60          -0.044794
214.80          -0.044911
215.00          -0.045028
215.20          -0.045146
215.40          -0.045265
215.60          -0.045384
215.80          -0.045504
216.00          -0.045624
216.20          -0.045745
216.40          -0.045867
216.60          -0.045989
216.80          -0.046111
217.00          -0.046235
217.20          -0.046359
217.40          -0.046484
217.60          -0.046609
217.80          -0.046735
218.00          -0.046861
218.20          -0.046989
218.40          -0.047117
218.60          -0.047245
218.80          -0.047375
219.00          -0.047505
219.20          -0.047635
219.40          -0.047767
219.60          -0.047899
219.80          -0.048032
220.00          -0.048165
220.20          -0.048300
220.40          -0.048435
220.60          -0.048571
220.80          -0.048707
221.00          -0.048845
221.20          -0.048983
221.40          -0.049122
221.60          -0.049262
221.80          -0.049402
222.00          -0.049544
222.20          -0.049686
222.40          -0.049829
222.60          -0.049973
222.80          -0.050118
223.00          -0.050264
223.20          -0.050410
223.40          -0.050558
223.60          -0.050706
223.80          -0.050856
224.00          -0.051006
224.20          -0.051157
224.40          -0.051310
224.60          -0.051463
224.80          -0.051617
225.00          -0.051772
