175.00          -0.030532
175.20          -0.030601
175.40          -0.030669
175.60          -0.030738
175.80          -0.030807
176.00          -0.030876
176.20          -0.030946
176.40          -0.031015
176.60          -0.031085
176.80          -0.031155
177.00          -0.031226
177.20          -0.031296
177.40          -0.031367
177.60          -0.031438
177.80          -0.031510
178.00          -0.031581
178.20          -0.031653
178.40          -0.031725
178.60          -0.031797
178.80          -0.031870
179.00          -0.031943
179.20          -0.032016
179.40          -0.032089
179.60          -0.032163
179.80          -0.032236
180.00          -0.032310
180.20          -0.032385
180.40          -0.032459
180.60          -0.032534
180.80          -0.032609
181.00          -0.032684
181.20          -0.032760
181.40          -0.032836
181.60          -0.032912
181.80          -0.032988
182.00          -0.033065
182.20          -0.033142
182.40          -0.033219
182.60          -0.033296
182.80          -0.033374
183.00          -0.033452
183.20          -0.033530
183.40          -0.033609
183.60          -0.033688
183.80          -0.033767
184.00          -0.033846
184.20          -0.033926
184.40          -0.034006
184.60          -0.034086
184.80          -0.034167
185.00          -0.034247
185.20          -0.034328
185.40          -0.034410
185.60          -0.034492
185.80          -0.034574
186.00          -0.034656
186.20          -0.034738
186.40          -0.034821
186.60          -0.034905
186.80          -0.034988
187.00          -0.035072
187.20          -0.035156
187.40          -0.035240
187.60          -0.035325
187.80          -0.035410
188.00          -0.035496
188.20          -0.035581
188.40          -0.035667
188.60          -0.035754
188.80          -0.035841
189.00          -0.035928
189.20          -0.036015
189.40          -0.036103
189.60          -0.036191
189.80          -0.036279
190.00          -0.036368
190.20          -0.036457
190.40          -0.036546
190.60          -0.036636
190.80          -0.036726
191.00          -0.036816
191.20          -0.036907
191.40          -0.036998
191.60          -0.037090
191.80          -0.037182
192.00          -0.037274
192.20          -0.037366
192.40          -0.037459
192.60          -0.037553
192.80          -0.037646
193.00          -0.037741
193.20          -0.037835
193.40          -0.037930
193.60          -0.038025
193.80          -0.038121
194.00          -0.038217
194.20          -0.038313
194.40          -0.038410
194.60          -0.038507
194.80          -0.038605
195.00          -0.038703
195.20          -0.038801
195.40          -0.038900
195.60          -0.038999
195.80          -0.039099
196.00          -0.039199
196.20          -0.039300
196.40          -0.039401
196.60          -0.039502
196.80          -0.039604
197.00          -0.039706
197.20          -0.039809
197.40          -0.039912
197.60          -0.040015
197.80          -0.040119
198.00          -0.040224
198.20          -0.040329
198.40          -0.040434
198.60          -0.040540
198.80          -0.040647
199.00          -0.040753
199.20          -0.040861
199.40          -0.040968
199.60          -0.041077
199.80          -0.041186
200.00          -0.041295
200.20          -0.041405
200.40          -0.041515
200.60          -0.041626
200.80          -0.041737
201.00          -0.041849
201.20          -0.041961
201.40          -0.042074
201.60          -0.042187
201.80          -0.042301
202.00          -0.042416
202.20          -0.042531
202.40          -0.042646
202.60          -0.042763
202.80          -0.042879
203.00          -0.042997
203.20          -0.043114
203.40          -0.043233
203.60          -0.043352
203.80          -0.043471
204.00          -0.043592
204.20          -0.043712
204.40          -0.043834
204.60          -0.043956
204.80          -0.044078
205.00          -0.044202
205.20          -0.044325
205.40          -0.044450
205.60          -0.044575
205.80          -0.044701
206.00          -0.044827
206.20          -0.044955
206.40          -0.045082
206.60          -0.045211
206.80          -0.045340
207.00          -0.045470
207.20          -0.045600
207.40          -0.045732
207.60          -0.045864
207.80          -0.045996
208.00          -0.046130
208.20          -0.046264
208.40          -0.046399
208.60          -0.046534
208.80          -0.046671
209.00          -0.046808
209.20          -0.046946
209.40          -0.047085
209.60          -0.047224
209.80          -0.047364
210.00          -0.047506
210.20          -0.047647
210.40          -0.047790
210.60          -0.047934
210.80          -0.048078
211.00          -0.048224
211.20          -0.048370
211.40          -0.048517
211.60          -0.048665
211.80          -0.048814
212.00          -0.048964
212.20          -0.049115
212.40          -0.049266
212.60          -0.049419
212.80          -0.049572
213.00          -0.049727
213.20          -0.049883
213.40          -0.050039
213.60          -0.050197
213.80          -0.050355
214.00          -0.050515
214.20          -0.050675
214.40          -0.050837
214.60          -0.051000
214.80          -0.051164
215.00          -0.051329
215.20          -0.051495
215.40          -0.051662
215.60          -0.051831
215.80          -0.052000
216.00          -0.052171
216.20          -0.052343
216.40          -0.052516
216.60          -0.052690
216.80          -0.052866
217.00          -0.053043
217.20          -0.053221
217.40          -0.053400
217.60          -0.053581
217.80          -0.053763
218.00          -0.053947
218.20          -0.054132
218.40          -0.054318
218.60          -0.054506
218.80          -0.054695
219.00          -0.054886
219.20          -0.055078
219.40          -0.055271
219.60          -0.055466
219.80          -0.055663
220.00          -0.055861
220.20          -0.056061
220.40          -0.056263
220.60          -0.056466
220.80          -0.056671
221.00          -0.056877
221.20          -0.057086
221.40          -0.057296
221.60          -0.057507
221.80          -0.057721
222.00          -0.057937
222.20          -0.058154
222.40          -0.058373
222.60          -0.058595
222.80          -0.058818
223.00          -0.059043
223.20          -0.059271
223.40          -0.059500
223.60          -0.059731
223.80          -0.059965
224.00          -0.060201
224.20          -0.060439
224.40          -0.060680
224.60          -0.060922
224.80          -0.061167
225.00          -0.061415
