175.00          -0.022860
175.20          -0.022948
175.40          -0.023036
175.60          -0.023126
175.80          -0.023217
176.00          -0.023308
176.20          -0.023401
176.40          -0.023495
176.60          -0.023590
176.80          -0.023686
177.00          -0.023783
177.20          -0.023882
177.40          -0.023981
177.60          -0.024082
177.80          -0.024184
178.00          -0.024288
178.20          -0.024392
178.40          -0.024498
178.60          -0.024606
178.80          -0.024715
179.00          -0.024825
179.20          -0.024936
179.40          -0.025049
179.60          -0.025164
179.80          -0.025280
180.00          -0.025397
180.20          -0.025517
180.40          -0.025637
180.60          -0.025760
180.80          -0.025884
181.00          -0.026010
181.20          -0.026138
181.40          -0.026267
181.60          -0.026399
181.80          -0.026532
182.00          -0.026667
182.20          -0.026804
182.40          -0.026943
182.60          -0.027084
182.80          -0.027228
183.00          -0.027373
183.20          -0.027521
183.40          -0.027671
183.60          -0.027823
183.80          -0.027978
184.00          -0.028135
184.20          -0.028295
184.40          -0.028457
184.60          -0.028622
184.80          -0.028789
185.00          -0.028960
185.20          -0.029133
185.40          -0.029309
185.60          -0.029488
185.80          -0.029670
186.00          -0.029855
186.20          -0.030043
186.40          -0.030235
186.60          -0.030429
186.80          -0.030628
187.00          -0.030830
187.20          -0.031035
187.40          -0.031245
187.60          -0.031458
187.80          -0.031675
188.00          -0.031896
188.20          -0.032122
188.40          -0.032351
188.60          -0.032585
188.80          -0.032824
189.00          -0.033067
189.20          -0.033315
189.40          -0.033569
189.60          -0.033827
189.80          -0.034090
190.00          -0.034359
190.20          -0.034633
190.40          -0.034914
190.60          -0.035200
190.80          -0.035492
191.00          -0.035790
191.20          -0.036095
191.40          -0.036407
191.60          -0.036725
191.80          -0.037051
192.00          -0.037384
192.20          -0.037724
192.40          -0.038073
192.60          -0.038429
192.80          -0.038794
193.00          -0.039168
193.20          -0.039550
193.40          -0.039942
193.60          -0.040343
193.80          -0.040755
194.00          -0.041176
194.20          -0.041609
194.40          -0.042052
194.60          -0.042506
194.80          -0.042973
195.00          -0.043452
195.20          -0.043943
195.40          -0.044448
195.60          -0.044966
195.80          -0.045499
196.00          -0.046046
196.20          -0.046609
196.40          -0.047188
196.60          -0.047783
196.80          -0.048396
197.00          -0.049027
197.20          -0.049676
197.40          -0.050345
197.60          -0.051034
197.80          -0.051744
198.00          -0.052476
198.20          -0.053231
198.40          -0.054010
198.60          -0.054814
198.80          -0.055645
199.00          -0.056502
199.20          -0.057388
199.40          -0.058304
199.60          -0.059250
199.80          -0.060230
200.00          -0.061243
200.20          -0.062292
200.40          -0.063379
200.60          -0.064505
200.80          -0.065672
201.00          -0.066881
201.20          -0.068137
201.40          -0.069439
201.60          -0.070792
201.80          -0.072197
202.00          -0.073656
202.20          -0.075174
202.40          -0.076753
202.60          -0.078396
202.80          -0.080106
203.00          -0.081888
203.20          -0.083745
203.40          -0.085680
203.60          -0.087699
203.80          -0.089806
204.00          -0.092006
204.20          -0.094303
204.40          -0.096704
204.60          -0.099215
204.80          -0.10184
205.00          -0.10459
205.20          -0.10746
205.40          -0.11048
205.60          -0.11363
205.80          -0.11694
206.00          -0.12041
206.20          -0.12405
206.40          -0.12787
206.60          -0.13187
206.80          -0.13608
207.00          -0.14049
207.20          -0.14513
207.40          -0.14999
207.60          -0.15510
207.80          -0.16047
208.00          -0.16610
208.20          -0.17200
208.40          -0.17819
208.60          -0.18468
208.80          -0.19147
209.00          -0.19857
209.20          -0.20599
209.40          -0.21372
209.60          -0.22176
209.80          -0.23012
210.00          -0.23876
210.20          -0.24769
210.40          -0.25686
210.60          -0.26625
210.80          -0.27581
211.00          -0.28549
211.20          -0.29521
211.40          -0.30490
211.60          -0.31446
211.80          -0.32378
212.00          -0.33276
212.20          -0.34125
212.40          -0.34913
212.60          -0.35626
212.80          -0.36248
213.00          -0.36768
213.20          -0.37174
213.40          -0.37454
213.60          -0.37601
213.80          -0.37609
214.00          -0.37478
214.20          -0.37207
214.40          -0.36801
214.60          -0.36269
214.80          -0.35619
215.00          -0.34864
215.20          -0.34018
215.40          -0.33095
215.60          -0.32111
215.80          -0.31079
216.00          -0.30016
216.20          -0.28932
216.40          -0.27840
216.60          -0.26751
216.80          -0.25674
217.00          -0.24615
217.20          -0.23581
217.40          -0.22576
217.60          -0.21605
217.80          -0.20670
218.00          -0.19772
218.20          -0.18913
218.40          -0.18093
218.60          -0.17311
218.80          -0.16568
219.00          -0.15862
219.20          -0.15193
219.40          -0.14558
219.60          -0.13957
219.80          -0.13389
220.00          -0.12851
220.20          -0.12342
220.40          -0.11861
220.60          -0.11406
220.80          -0.10976
221.00          -0.10570
221.20          -0.10185
221.40          -0.098216
221.60          -0.094775
221.80          -0.091519
222.00          -0.088436
222.20          -0.085517
222.40          -0.082751
222.60          -0.080130
222.80          -0.077644
223.00          -0.075287
223.20          -0.073049
223.40          -0.070925
223.60          -0.068908
223.80          -0.066990
224.00          -0.065168
224.20          -0.063434
224.40          -0.061784
224.60          -0.060214
224.80          -0.058718
225.00          -0.057293
