175.00          -0.029339
175.20          -0.029596
175.40          -0.029859
175.60          -0.030130
175.80          -0.030407
176.00          -0.030692
176.20          -0.030985
176.40          -0.031285
176.60          -0.031594
176.80          -0.031911
177.00          -0.032238
177.20          -0.032573
177.40          -0.032919
177.60          -0.033275
177.80          -0.033641
178.00          -0.034018
178.20          -0.034407
178.40          -0.034807
178.60          -0.035221
178.80          -0.035647
179.00          -0.036087
179.20          -0.036542
179.40          -0.037012
179.60          -0.037497
179.80          -0.037999
180.00          -0.038518
180.20          -0.039056
180.40          -0.039613
180.60          -0.040189
180.80          -0.040787
181.00          -0.041408
181.20          -0.042051
181.40          -0.042719
181.60          -0.043414
181.80          -0.044135
182.00          -0.044886
182.20          -0.045667
182.40          -0.046481
182.60          -0.047329
182.80          -0.048213
183.00          -0.049136
183.20          -0.050099
183.40          -0.051106
183.60          -0.052159
183.80          -0.053261
184.00          -0.054415
184.20          -0.055624
184.40          -0.056893
184.60          -0.058225
184.80          -0.059625
185.00          -0.061097
185.20          -0.062647
185.40          -0.064279
185.60          -0.066001
185.80          -0.067819
186.00          -0.069741
186.20          -0.071773
186.40          -0.073925
186.60          -0.076207
186.80          -0.078629
187.00          -0.081202
187.20          -0.083940
187.40          -0.086856
187.60          -0.089966
187.80          -0.093287
188.00          -0.096837
188.20          -0.10064
188.40          -0.10471
188.60          -0.10909
188.80          -0.11379
189.00          -0.11886
189.20          -0.12432
189.40          -0.13021
189.60          -0.13658
189.80          -0.14347
190.00          -0.15095
190.20          -0.15905
190.40          -0.16786
190.60          -0.17744
190.80          -0.18786
191.00          -0.19920
191.20          -0.21155
191.40          -0.22500
191.60          -0.23962
191.80          -0.25550
192.00          -0.27271
192.20          -0.29129
192.40          -0.31126
192.60          -0.33257
192.80          -0.35513
193.00          -0.37873
193.20          -0.40306
193.40          -0.42763
193.60          -0.45182
193.80          -0.47482
194.00          -0.49570
194.20          -0.51341
194.40          -0.52692
194.60          -0.53533
194.80          -0.53797
195.00          -0.53453
195.20          -0.52513
195.40          -0.51029
195.60          -0.49083
195.80          -0.46782
196.00          -0.44234
196.20          -0.41549
196.40          -0.38817
196.60          -0.36115
196.80          -0.33501
197.00          -0.31012
197.20          -0.28674
197.40          -0.26499
197.60          -0.24492
197.80          -0.22649
198.00          -0.20964
198.20          -0.19428
198.40          -0.18030
198.60          -0.16760
198.80          -0.15605
199.00          -0.14556
199.20          -0.13603
199.40          -0.12735
199.60          -0.11946
199.80          -0.11226
200.00          -0.10569
200.20          -0.099694
200.40          -0.094205
200.60          -0.089175
200.80          -0.084560
201.00          -0.080320
201.20          -0.076419
201.40          -0.072824
201.60          -0.069507
201.80          -0.066442
202.00          -0.063606
202.20          -0.060979
202.40          -0.058542
202.60          -0.056278
202.80          -0.054173
203.00          -0.052214
203.20          -0.050387
203.40          -0.048682
203.60          -0.047090
203.80          -0.045601
204.00          -0.044208
204.20          -0.042902
204.40          -0.041677
204.60          -0.040527
204.80          -0.039447
205.00          -0.038432
205.20          -0.037476
205.40          -0.036576
205.60          -0.035727
205.80          -0.034927
206.00          -0.034172
206.20          -0.033458
206.40          -0.032784
206.60          -0.032147
206.80          -0.031543
207.00          -0.030972
207.20          -0.030431
207.40          -0.029919
207.60          -0.029433
207.80          -0.028972
208.00          -0.028535
208.20          -0.028120
208.40          -0.027727
208.60          -0.027354
208.80          -0.027000
209.00          -0.026665
209.20          -0.026349
209.40          -0.026053
209.60          -0.025778
209.80          -0.025534
210.00          -0.025345
210.20          -0.025363
210.40          -0.030055
210.60          -0.025052
210.80          -0.024221
211.00          -0.023964
211.20          -0.023757
211.40          -0.023566
211.60          -0.023385
211.80          -0.023213
212.00          -0.023049
212.20          -0.022892
212.40          -0.022742
212.60          -0.022598
212.80          -0.022461
213.00          -0.022331
213.20          -0.022206
213.40          -0.022086
213.60          -0.021972
213.80          -0.021864
214.00          -0.021760
214.20          -0.021661
214.40          -0.021566
214.60          -0.021476
214.80          -0.021390
215.00          -0.021309
215.20          -0.021231
215.40          -0.021157
215.60          -0.021086
215.80          -0.021019
216.00          -0.020955
216.20          -0.020894
216.40          -0.020837
216.60          -0.020782
216.80          -0.020730
217.00          -0.020681
217.20          -0.020635
217.40          -0.020591
217.60          -0.020550
217.80          -0.020511
218.00          -0.020474
218.20          -0.020440
218.40          -0.020407
218.60          -0.020377
218.80          -0.020349
219.00          -0.020323
219.20          -0.020298
219.40          -0.020276
219.60          -0.020255
219.80          -0.020236
220.00          -0.020218
220.20          -0.020202
220.40          -0.020188
220.60          -0.020175
220.80          -0.020164
221.00          -0.020154
221.20          -0.020146
221.40          -0.020138
221.60          -0.020133
221.80          -0.020128
222.00          -0.020125
222.20          -0.020123
222.40          -0.020122
222.60          -0.020122
222.80          -0.020123
223.00          -0.020126
223.20          -0.020129
223.40          -0.020134
223.60          -0.020140
223.80          -0.020146
224.00          -0.020154
224.20          -0.020163
224.40          -0.020172
224.60          -0.020183
224.80          -0.020194
225.00          -0.020207
