175.00          -0.037729
175.20          -0.037861
175.40          -0.037993
175.60          -0.038127
175.80          -0.038262
176.00          -0.038398
176.20          -0.038535
176.40          -0.038673
176.60          -0.038812
176.80          -0.038953
177.00          -0.039095
177.20          -0.039238
177.40          -0.039382
177.60          -0.039528
177.80          -0.039675
178.00          -0.039824
178.20          -0.039974
178.40          -0.040125
178.60          -0.040278
178.80          -0.040432
179.00          -0.040587
179.20          -0.040745
179.40          -0.040903
179.60          -0.041064
179.80          -0.041226
180.00          -0.041390
180.20          -0.041555
180.40          -0.041722
180.60          -0.041891
180.80          -0.042062
181.00          -0.042234
181.20          -0.042409
181.40          -0.042585
181.60          -0.042764
181.80          -0.042944
182.00          -0.043127
182.20          -0.043311
182.40          -0.043498
182.60          -0.043687
182.80          -0.043878
183.00          -0.044072
183.20          -0.044268
183.40          -0.044467
183.60          -0.044668
183.80          -0.044872
184.00          -0.045078
184.20          -0.045287
184.40          -0.045499
184.60          -0.045713
184.80          -0.045931
185.00          -0.046152
185.20          -0.046376
185.40          -0.046602
185.60          -0.046833
185.80          -0.047066
186.00          -0.047304
186.20          -0.047544
186.40          -0.047789
186.60          -0.048037
186.80          -0.048289
187.00          -0.048545
187.20          -0.048805
187.40          -0.049070
187.60          -0.049339
187.80          -0.049612
188.00          -0.049890
188.20          -0.050173
188.40          -0.050461
188.60          -0.050755
188.80          -0.051053
189.00          -0.051357
189.20          -0.051667
189.40          -0.051983
189.60          -0.052305
189.80          -0.052633
190.00          -0.052968
190.20          -0.053309
190.40          -0.053658
190.60          -0.054014
190.80          -0.054377
191.00          -0.054749
191.20          -0.055128
191.40          -0.055517
191.60          -0.055914
191.80          -0.056320
192.00          -0.056736
192.20          -0.057162
192.40          -0.057598
192.60          -0.058046
192.80          -0.058504
193.00          -0.058975
193.20          -0.059457
193.40          -0.059953
193.60          -0.060462
193.80          -0.060986
194.00          -0.061524
194.20          -0.062077
194.40          -0.062647
194.60          -0.063234
194.80          -0.063839
195.00          -0.064463
195.20          -0.065106
195.40          -0.065770
195.60          -0.066456
195.80          -0.067165
196.00          -0.067899
196.20          -0.068658
196.40          -0.069444
196.60          -0.070259
196.80          -0.071104
197.00          -0.071982
197.20          -0.072893
197.40          -0.073841
197.60          -0.074827
197.80          -0.075854
198.00          -0.076925
198.20          -0.078042
198.40          -0.079209
198.60          -0.080428
198.80          -0.081705
199.00          -0.083042
199.20          -0.084444
199.40          -0.085915
199.60          -0.087463
199.80          -0.089091
200.00          -0.090806
200.20          -0.092616
200.40          -0.094528
200.60          -0.096551
200.80          -0.098695
201.00          -0.10097
201.20          -0.10339
201.40          -0.10596
201.60          -0.10870
201.80          -0.11164
202.00          -0.11477
202.20          -0.11814
202.40          -0.12175
202.60          -0.12565
202.80          -0.12985
203.00          -0.13440
203.20          -0.13933
203.40          -0.14470
203.60          -0.15055
203.80          -0.15694
204.00          -0.16396
204.20          -0.17168
204.40          -0.18020
204.60          -0.18965
204.80          -0.20016
205.00          -0.21188
205.20          -0.22504
205.40          -0.23985
205.60          -0.25660
205.80          -0.27564
206.00          -0.29738
206.20          -0.32234
206.40          -0.35113
206.60          -0.38451
206.80          -0.42339
207.00          -0.46885
207.20          -0.52217
207.40          -0.58479
207.60          -0.65819
207.80          -0.74372
208.00          -0.84204
208.20          -0.95231
208.40          -1.0709
208.60          -1.1896
208.80          -1.2950
209.00          -1.3692
209.20          -1.3954
209.40          -1.3651
209.60          -1.2833
209.80          -1.1659
210.00          -1.0324
210.20          -0.89908
210.40          -0.77589
210.60          -0.66750
210.80          -0.57485
211.00          -0.49696
211.20          -0.43200
211.40          -0.37799
211.60          -0.33305
211.80          -0.29557
212.00          -0.26419
212.20          -0.23780
212.40          -0.21551
212.60          -0.19660
212.80          -0.18048
213.00          -0.16668
213.20          -0.15483
213.40          -0.14463
213.60          -0.13582
213.80          -0.12820
214.00          -0.12162
214.20          -0.11595
214.40          -0.11107
214.60          -0.10691
214.80          -0.10342
215.00          -0.10056
215.20          -0.098327
215.40          -0.096733
215.60          -0.095845
215.80          -0.095792
216.00          -0.096813
216.20          -0.099344
216.40          -0.10424
216.60          -0.11327
216.80          -0.13077
217.00          -0.16962
217.20          -0.28522
217.40          -0.98185
217.60          -1.7056
217.80          -0.22721
218.00          -0.099611
218.20          -0.070280
218.40          -0.060086
218.60          -0.055679
218.80          -0.053491
219.00          -0.052292
219.20          -0.051582
219.40          -0.051135
219.60          -0.050839
219.80          -0.050635
220.00          -0.050490
220.20          -0.050385
220.40          -0.050309
220.60          -0.050256
220.80          -0.050220
221.00          -0.050198
221.20          -0.050189
221.40          -0.050191
221.60          -0.050202
221.80          -0.050223
222.00          -0.050253
222.20          -0.050290
222.40          -0.050335
222.60          -0.050387
222.80          -0.050445
223.00          -0.050510
223.20          -0.050581
223.40          -0.050657
223.60          -0.050739
223.80          -0.050827
224.00          -0.050919
224.20          -0.051016
224.40          -0.051118
224.60          -0.051224
224.80          -0.051334
225.00          -0.051448
