175.00          -0.070889
175.20          -0.071746
175.40          -0.072632
175.60          -0.073549
175.80          -0.074497
176.00          -0.075479
176.20          -0.076497
176.40          -0.077552
176.60          -0.078647
176.80          -0.079784
177.00          -0.080965
177.20          -0.082193
177.40          -0.083471
177.60          -0.084802
177.80          -0.086189
178.00          -0.087636
178.20          -0.089147
178.40          -0.090725
178.60          -0.092375
178.80          -0.094103
179.00          -0.095913
179.20          -0.097811
179.40          -0.099803
179.60          -0.10190
179.80          -0.10410
180.00          -0.10642
180.20          -0.10886
180.40          -0.11145
180.60          -0.11417
180.80          -0.11706
181.00          -0.12011
181.20          -0.12336
181.40          -0.12680
181.60          -0.13046
181.80          -0.13436
182.00          -0.13853
182.20          -0.14297
182.40          -0.14773
182.60          -0.15282
182.80          -0.15829
183.00          -0.16417
183.20          -0.17051
183.40          -0.17734
183.60          -0.18472
183.80          -0.19271
184.00          -0.20137
184.20          -0.21079
184.40          -0.22103
184.60          -0.23218
184.80          -0.24436
185.00          -0.25768
185.20          -0.27224
185.40          -0.28820
185.60          -0.30568
185.80          -0.32484
186.00          -0.34583
186.20          -0.36878
186.40          -0.39383
186.60          -0.42106
186.80          -0.45049
187.00          -0.48204
187.20          -0.51549
187.40          -0.55043
187.60          -0.58615
187.80          -0.62168
188.00          -0.65567
188.20          -0.68646
188.40          -0.71216
188.60          -0.73084
188.80          -0.74082
189.00          -0.74094
189.20          -0.73081
189.40          -0.71095
189.60          -0.68264
189.80          -0.64776
190.00          -0.60843
190.20          -0.56672
190.40          -0.52444
190.60          -0.48300
190.80          -0.44343
191.00          -0.40635
191.20          -0.37213
191.40          -0.34088
191.60          -0.31257
191.80          -0.28706
192.00          -0.26416
192.20          -0.24365
192.40          -0.22532
192.60          -0.20893
192.80          -0.19427
193.00          -0.18117
193.20          -0.16943
193.40          -0.15891
193.60          -0.14947
193.80          -0.14098
194.00          -0.13333
194.20          -0.12644
194.40          -0.12022
194.60          -0.11458
194.80          -0.10948
195.00          -0.10485
195.20          -0.10064
195.40          -0.096806
195.60          -0.093315
195.80          -0.090129
196.00          -0.087219
196.20          -0.084557
196.40          -0.082120
196.60          -0.079888
196.80          -0.077840
197.00          -0.075961
197.20          -0.074236
197.40          -0.072651
197.60          -0.071194
197.80          -0.069855
198.00          -0.068624
198.20          -0.067493
198.40          -0.066454
198.60          -0.065500
198.80          -0.064625
199.00          -0.063823
199.20          -0.063089
199.40          -0.062420
199.60          -0.061810
199.80          -0.061257
200.00          -0.060757
200.20          -0.060308
200.40          -0.059908
200.60          -0.059555
200.80          -0.059249
201.00          -0.058987
201.20          -0.058770
201.40          -0.058598
201.60          -0.058472
201.80          -0.058395
202.00          -0.058369
202.20          -0.058400
202.40          -0.058493
202.60          -0.058659
202.80          -0.058911
203.00          -0.059268
203.20          -0.059760
203.40          -0.060430
203.60          -0.061347
203.80          -0.062624
204.00          -0.064463
204.20          -0.067246
204.40          -0.071796
204.60          -0.080195
204.80          -0.099285
205.00          -0.16585
205.20          -1.1828
205.40          -0.31883
205.60          -0.077819
205.80          -0.055965
206.00          -0.051088
206.20          -0.049717
206.40          -0.049383
206.60          -0.049416
206.80          -0.049589
207.00          -0.049813
207.20          -0.050054
207.40          -0.050296
207.60          -0.050532
207.80          -0.050761
208.00          -0.050982
208.20          -0.051196
208.40          -0.051402
208.60          -0.051602
208.80          -0.051798
209.00          -0.051988
209.20          -0.052175
209.40          -0.052359
209.60          -0.052540
209.80          -0.052720
210.00          -0.052897
210.20          -0.053073
210.40          -0.053248
210.60          -0.053423
210.80          -0.053597
211.00          -0.053770
211.20          -0.053943
211.40          -0.054117
211.60          -0.054290
211.80          -0.054463
212.00          -0.054637
212.20          -0.054811
212.40          -0.054986
212.60          -0.055161
212.80          -0.055337
213.00          -0.055513
213.20          -0.055690
213.40          -0.055867
213.60          -0.056045
213.80          -0.056224
214.00          -0.056404
214.20          -0.056584
214.40          -0.056765
214.60          -0.056947
214.80          -0.057130
215.00          -0.057314
215.20          -0.057498
215.40          -0.057683
215.60          -0.057869
215.80          -0.058056
216.00          -0.058244
216.20          -0.058432
216.40          -0.058622
216.60          -0.058812
216.80          -0.059003
217.00          -0.059195
217.20          -0.059388
217.40          -0.059582
217.60          -0.059776
217.80          -0.059972
218.00          -0.060168
218.20          -0.060365
218.40          -0.060563
218.60          -0.060763
218.80          -0.060963
219.00          -0.061164
219.20          -0.061365
219.40          -0.061568
219.60          -0.061772
219.80          -0.061977
220.00          -0.062183
220.20          -0.062389
220.40          -0.062597
220.60          -0.062806
220.80          -0.063016
221.00          -0.063227
221.20          -0.063439
221.40          -0.063652
221.60          -0.063866
221.80          -0.064081
222.00          -0.064297
222.20          -0.064515
222.40          -0.064734
222.60          -0.064954
222.80          -0.065176
223.00          -0.065398
223.20          -0.065622
223.40          -0.065848
223.60          -0.066075
223.80          -0.066303
224.00          -0.066533
224.20          -0.066765
224.40          -0.066998
224.60          -0.067233
224.80          -0.067470
225.00          -0.067709
