175.00          -0.061741
175.20          -0.061497
175.40          -0.061287
175.60          -0.061108
175.80          -0.060958
176.00          -0.060834
176.20          -0.060734
176.40          -0.060656
176.60          -0.060598
176.80          -0.060559
177.00          -0.060537
177.20          -0.060531
177.40          -0.060541
177.60          -0.060565
177.80          -0.060603
178.00          -0.060654
178.20          -0.060717
178.40          -0.060793
178.60          -0.060881
178.80          -0.060981
179.00          -0.061093
179.20          -0.061218
179.40          -0.061356
179.60          -0.061510
179.80          -0.061681
180.00          -0.061871
180.20          -0.062086
180.40          -0.062331
180.60          -0.062616
180.80          -0.062958
181.00          -0.063385
181.20          -0.063945
181.40          -0.064742
181.60          -0.066012
181.80          -0.068432
182.00          -0.074814
182.20          -0.11265
182.40          -0.41046
182.60          -0.069703
182.80          -0.062955
183.00          -0.062057
183.20          -0.062009
183.40          -0.062162
183.60          -0.062371
183.80          -0.062593
184.00          -0.062817
184.20          -0.063038
184.40          -0.063254
184.60          -0.063466
184.80          -0.063675
185.00          -0.063880
185.20          -0.064083
185.40          -0.064284
185.60          -0.064482
185.80          -0.064679
186.00          -0.064875
186.20          -0.065070
186.40          -0.065264
186.60          -0.065457
186.80          -0.065650
187.00          -0.065842
187.20          -0.066034
187.40          -0.066226
187.60          -0.066417
187.80          -0.066608
188.00          -0.066799
188.20          -0.066991
188.40          -0.067182
188.60          -0.067373
188.80          -0.067564
189.00          -0.067755
189.20          -0.067946
189.40          -0.068137
189.60          -0.068328
189.80          -0.068519
190.00          -0.068710
190.20          -0.068901
190.40          -0.069093
190.60          -0.069284
190.80          -0.069476
191.00          -0.069667
191.20          -0.069859
191.40          -0.070050
191.60          -0.070242
191.80          -0.070434
192.00          -0.070625
192.20          -0.070817
192.40          -0.071009
192.60          -0.071201
192.80          -0.071392
193.00          -0.071584
193.20          -0.071776
193.40          -0.071968
193.60          -0.072160
193.80          -0.072352
194.00          -0.072544
194.20          -0.072736
194.40          -0.072928
194.60          -0.073120
194.80          -0.073312
195.00          -0.073504
195.20          -0.073695
195.40          -0.073887
195.60          -0.074079
195.80          -0.074271
196.00          -0.074463
196.20          -0.074655
196.40          -0.074846
196.60          -0.075038
196.80          -0.075230
197.00          -0.075422
197.20          -0.075614
197.40          -0.075805
197.60          -0.075997
197.80          -0.076189
198.00          -0.076381
198.20          -0.076572
198.40          -0.076764
198.60          -0.076956
198.80          -0.077148
199.00          -0.077340
199.20          -0.077532
199.40          -0.077724
199.60          -0.077917
199.80          -0.078109
200.00          -0.078302
200.20          -0.078495
200.40          -0.078688
200.60          -0.078881
200.80          -0.079075
201.00          -0.079269
201.20          -0.079464
201.40          -0.079659
201.60          -0.079855
201.80          -0.080052
202.00          -0.080249
202.20          -0.080447
202.40          -0.080647
202.60          -0.080848
202.80          -0.081050
203.00          -0.081254
203.20          -0.081461
203.40          -0.081670
203.60          -0.081882
203.80          -0.082099
204.00          -0.082320
204.20          -0.082547
204.40          -0.082783
204.60          -0.083029
204.80          -0.083290
205.00          -0.083572
205.20          -0.083885
205.40          -0.084247
205.60          -0.084693
205.80          -0.085301
206.00          -0.086276
206.20          -0.088329
206.40          -0.095675
206.60          -0.26071
206.80          -0.11063
207.00          -0.089175
207.20          -0.086886
207.40          -0.086470
207.60          -0.086525
207.80          -0.086768
208.00          -0.087126
208.20          -0.087585
208.40          -0.088161
208.60          -0.088898
208.80          -0.089883
209.00          -0.091289
209.20          -0.093487
209.40          -0.097416
209.60          -0.10607
209.80          -0.13367
210.00          -0.29357
210.20          -0.17965
210.40          -0.10297
210.60          -0.091253
210.80          -0.088132
211.00          -0.087089
211.20          -0.086740
211.40          -0.086671
211.60          -0.086729
211.80          -0.086849
212.00          -0.086999
212.20          -0.087166
212.40          -0.087341
212.60          -0.087518
212.80          -0.087697
213.00          -0.087875
213.20          -0.088052
213.40          -0.088227
213.60          -0.088400
213.80          -0.088571
214.00          -0.088740
214.20          -0.088907
214.40          -0.089072
214.60          -0.089234
214.80          -0.089395
215.00          -0.089554
215.20          -0.089711
215.40          -0.089867
215.60          -0.090021
215.80          -0.090173
216.00          -0.090323
216.20          -0.090472
216.40          -0.090620
216.60          -0.090766
216.80          -0.090911
217.00          -0.091054
217.20          -0.091196
217.40          -0.091337
217.60          -0.091476
217.80          -0.091614
218.00          -0.091751
218.20          -0.091886
218.40          -0.092021
218.60          -0.092154
218.80          -0.092286
219.00          -0.092416
219.20          -0.092546
219.40          -0.092674
219.60          -0.092801
219.80          -0.092927
220.00          -0.093052
220.20          -0.093175
220.40          -0.093298
220.60          -0.093419
220.80          -0.093539
221.00          -0.093658
221.20          -0.093775
221.40          -0.093892
221.60          -0.094007
221.80          -0.094121
222.00          -0.094234
222.20          -0.094346
222.40          -0.094456
222.60          -0.094566
222.80          -0.094674
223.00          -0.094780
223.20          -0.094886
223.40          -0.094990
223.60          -0.095093
223.80          -0.095195
224.00          -0.095295
224.20          -0.095394
224.40          -0.095492
224.60          -0.095588
224.80          -0.095683
225.00          -0.095777
