175.00          -0.064187
175.20          -0.064200
175.40          -0.064225
175.60          -0.064262
175.80          -0.064310
176.00          -0.064367
176.20          -0.064434
176.40          -0.064509
176.60          -0.064592
176.80          -0.064683
177.00          -0.064781
177.20          -0.064885
177.40          -0.064995
177.60          -0.065112
177.80          -0.065234
178.00          -0.065361
178.20          -0.065495
178.40          -0.065633
178.60          -0.065777
178.80          -0.065926
179.00          -0.066081
179.20          -0.066243
179.40          -0.066410
179.60          -0.066586
179.80          -0.066769
180.00          -0.066963
180.20          -0.067170
180.40          -0.067392
180.60          -0.067637
180.80          -0.067912
181.00          -0.068233
181.20          -0.068627
181.40          -0.069153
181.60          -0.069942
181.80          -0.071377
182.00          -0.075073
182.20          -0.097533
182.40          -0.22074
182.60          -0.072141
182.80          -0.068748
183.00          -0.068359
183.20          -0.068417
183.40          -0.068582
183.60          -0.068777
183.80          -0.068979
184.00          -0.069182
184.20          -0.069383
184.40          -0.069582
184.60          -0.069777
184.80          -0.069971
185.00          -0.070163
185.20          -0.070353
185.40          -0.070541
185.60          -0.070729
185.80          -0.070915
186.00          -0.071100
186.20          -0.071284
186.40          -0.071468
186.60          -0.071651
186.80          -0.071834
187.00          -0.072015
187.20          -0.072197
187.40          -0.072378
187.60          -0.072559
187.80          -0.072739
188.00          -0.072919
188.20          -0.073098
188.40          -0.073277
188.60          -0.073456
188.80          -0.073635
189.00          -0.073813
189.20          -0.073991
189.40          -0.074169
189.60          -0.074346
189.80          -0.074523
190.00          -0.074700
190.20          -0.074877
190.40          -0.075053
190.60          -0.075229
190.80          -0.075404
191.00          -0.075580
191.20          -0.075755
191.40          -0.075929
191.60          -0.076104
191.80          -0.076278
192.00          -0.076451
192.20          -0.076625
192.40          -0.076798
192.60          -0.076970
192.80          -0.077143
193.00          -0.077315
193.20          -0.077486
193.40          -0.077657
193.60          -0.077828
193.80          -0.077999
194.00          -0.078169
194.20          -0.078338
194.40          -0.078507
194.60          -0.078676
194.80          -0.078845
195.00          -0.079013
195.20          -0.079180
195.40          -0.079347
195.60          -0.079514
195.80          -0.079680
196.00          -0.079846
196.20          -0.080012
196.40          -0.080177
196.60          -0.080341
196.80          -0.080505
197.00          -0.080669
197.20          -0.080832
197.40          -0.080994
197.60          -0.081157
197.80          -0.081318
198.00          -0.081480
198.20          -0.081640
198.40          -0.081801
198.60          -0.081961
198.80          -0.082120
199.00          -0.082279
199.20          -0.082437
199.40          -0.082595
199.60          -0.082753
199.80          -0.082910
200.00          -0.083067
200.20          -0.083223
200.40          -0.083379
200.60          -0.083534
200.80          -0.083689
201.00          -0.083844
201.20          -0.083998
201.40          -0.084152
201.60          -0.084306
201.80          -0.084460
202.00          -0.084613
202.20          -0.084767
202.40          -0.084920
202.60          -0.085073
202.80          -0.085227
203.00          -0.085381
203.20          -0.085535
203.40          -0.085690
203.60          -0.085846
203.80          -0.086003
204.00          -0.086162
204.20          -0.086324
204.40          -0.086489
204.60          -0.086658
204.80          -0.086835
205.00          -0.087022
205.20          -0.087224
205.40          -0.087451
205.60          -0.087722
205.80          -0.088079
206.00          -0.088634
206.20          -0.089776
206.40          -0.093856
206.60          -0.19199
206.80          -0.10168
207.00          -0.090411
207.20          -0.089183
207.40          -0.088964
207.60          -0.089001
207.80          -0.089140
208.00          -0.089339
208.20          -0.089592
208.40          -0.089909
208.60          -0.090317
208.80          -0.090875
209.00          -0.091704
209.20          -0.093100
209.40          -0.095906
209.60          -0.10351
209.80          -0.14227
210.00          -0.61019
210.20          -0.12494
210.40          -0.098959
210.60          -0.093793
210.80          -0.092065
211.00          -0.091348
211.20          -0.091024
211.40          -0.090884
211.60          -0.090838
211.80          -0.090846
212.00          -0.090885
212.20          -0.090945
212.40          -0.091017
212.60          -0.091098
212.80          -0.091185
213.00          -0.091275
213.20          -0.091368
213.40          -0.091463
213.60          -0.091559
213.80          -0.091655
214.00          -0.091751
214.20          -0.091848
214.40          -0.091944
214.60          -0.092040
214.80          -0.092136
215.00          -0.092231
215.20          -0.092325
215.40          -0.092419
215.60          -0.092512
215.80          -0.092604
216.00          -0.092696
216.20          -0.092787
216.40          -0.092877
216.60          -0.092966
216.80          -0.093054
217.00          -0.093142
217.20          -0.093229
217.40          -0.093315
217.60          -0.093400
217.80          -0.093484
218.00          -0.093567
218.20          -0.093649
218.40          -0.093731
218.60          -0.093812
218.80          -0.093892
219.00          -0.093971
219.20          -0.094049
219.40          -0.094126
219.60          -0.094202
219.80          -0.094278
220.00          -0.094352
220.20          -0.094426
220.40          -0.094499
220.60          -0.094571
220.80          -0.094642
221.00          -0.094712
221.20          -0.094782
221.40          -0.094850
221.60          -0.094918
221.80          -0.094984
222.00          -0.095050
222.20          -0.095115
222.40          -0.095179
222.60          -0.095242
222.80          -0.095304
223.00          -0.095365
223.20          -0.095426
223.40          -0.095485
223.60          -0.095544
223.80          -0.095601
224.00          -0.095657
224.20          -0.095713
224.40          -0.095767
224.60          -0.095821
224.80          -0.095873
225.00          -0.095925
