175.00          -0.11968
175.20          -0.12341
175.40          -0.12741
175.60          -0.13171
175.80          -0.13634
176.00          -0.14134
176.20          -0.14674
176.40          -0.15259
176.60          -0.15895
176.80          -0.16588
177.00          -0.17343
177.20          -0.18169
177.40          -0.19076
177.60          -0.20072
177.80          -0.21170
178.00          -0.22384
178.20          -0.23728
178.40          -0.25221
178.60          -0.26884
178.80          -0.28738
179.00          -0.30810
179.20          -0.33128
179.40          -0.35723
179.60          -0.38627
179.80          -0.41869
180.00          -0.45476
180.20          -0.49461
180.40          -0.53820
180.60          -0.58513
180.80          -0.63453
181.00          -0.68486
181.20          -0.73372
181.40          -0.77790
181.60          -0.81352
181.80          -0.83665
182.00          -0.84408
182.20          -0.83423
182.40          -0.80765
182.60          -0.76697
182.80          -0.71613
183.00          -0.65949
183.20          -0.60099
183.40          -0.54370
183.60          -0.48966
183.80          -0.44003
184.00          -0.39532
184.20          -0.35554
184.40          -0.32045
184.60          -0.28965
184.80          -0.26271
185.00          -0.23917
185.20          -0.21859
185.40          -0.20058
185.60          -0.18481
185.80          -0.17096
186.00          -0.15878
186.20          -0.14803
186.40          -0.13853
186.60          -0.13011
186.80          -0.12262
187.00          -0.11596
187.20          -0.11001
187.40          -0.10468
187.60          -0.099904
187.80          -0.095611
188.00          -0.091746
188.20          -0.088260
188.40          -0.085110
188.60          -0.082259
188.80          -0.079675
189.00          -0.077330
189.20          -0.075200
189.40          -0.073262
189.60          -0.071497
189.80          -0.069890
190.00          -0.068425
190.20          -0.067089
190.40          -0.065870
190.60          -0.064759
190.80          -0.063745
191.00          -0.062821
191.20          -0.061980
191.40          -0.061215
191.60          -0.060520
191.80          -0.059891
192.00          -0.059323
192.20          -0.058812
192.40          -0.058354
192.60          -0.057947
192.80          -0.057589
193.00          -0.057276
193.20          -0.057010
193.40          -0.056787
193.60          -0.056608
193.80          -0.056474
194.00          -0.056385
194.20          -0.056345
194.40          -0.056357
194.60          -0.056426
194.80          -0.056562
195.00          -0.056776
195.20          -0.057087
195.40          -0.057522
195.60          -0.058124
195.80          -0.058962
196.00          -0.060154
196.20          -0.061918
196.40          -0.064701
196.60          -0.069549
196.80          -0.079516
197.00          -0.10755
197.20          -0.28665
197.40          -1.2402
197.60          -0.087777
197.80          -0.056095
198.00          -0.050630
198.20          -0.049296
198.40          -0.049029
198.60          -0.049103
198.80          -0.049296
199.00          -0.049528
199.20          -0.049770
199.40          -0.050008
199.60          -0.050240
199.80          -0.050463
200.00          -0.050677
200.20          -0.050885
200.40          -0.051086
200.60          -0.051282
200.80          -0.051473
201.00          -0.051661
201.20          -0.051845
201.40          -0.052027
201.60          -0.052207
201.80          -0.052385
202.00          -0.052562
202.20          -0.052739
202.40          -0.052914
202.60          -0.053089
202.80          -0.053264
203.00          -0.053439
203.20          -0.053614
203.40          -0.053789
203.60          -0.053965
203.80          -0.054141
204.00          -0.054317
204.20          -0.054494
204.40          -0.054671
204.60          -0.054849
204.80          -0.055027
205.00          -0.055207
205.20          -0.055386
205.40          -0.055567
205.60          -0.055748
205.80          -0.055931
206.00          -0.056114
206.20          -0.056297
206.40          -0.056482
206.60          -0.056667
206.80          -0.056853
207.00          -0.057040
207.20          -0.057228
207.40          -0.057416
207.60          -0.057606
207.80          -0.057796
208.00          -0.057987
208.20          -0.058179
208.40          -0.058372
208.60          -0.058565
208.80          -0.058760
209.00          -0.058955
209.20          -0.059151
209.40          -0.059348
209.60          -0.059546
209.80          -0.059745
210.00          -0.059945
210.20          -0.060145
210.40          -0.060347
210.60          -0.060549
210.80          -0.060752
211.00          -0.060957
211.20          -0.061162
211.40          -0.061368
211.60          -0.061575
211.80          -0.061783
212.00          -0.061992
212.20          -0.062202
212.40          -0.062413
212.60          -0.062625
212.80          -0.062839
213.00          -0.063053
213.20          -0.063268
213.40          -0.063485
213.60          -0.063703
213.80          -0.063922
214.00          -0.064142
214.20          -0.064363
214.40          -0.064586
214.60          -0.064810
214.80          -0.065036
215.00          -0.065263
215.20          -0.065492
215.40          -0.065722
215.60          -0.065954
215.80          -0.066188
216.00          -0.066423
216.20          -0.066661
216.40          -0.066901
216.60          -0.067143
216.80          -0.067387
217.00          -0.067634
217.20          -0.067884
217.40          -0.068138
217.60          -0.068395
217.80          -0.068656
218.00          -0.068922
218.20          -0.069195
218.40          -0.069476
218.60          -0.069768
218.80          -0.070077
219.00          -0.070418
219.20          -0.070820
219.40          -0.071388
219.60          -0.072646
219.80          -0.083872
220.00          -0.081504
220.20          -0.072851
220.40          -0.072471
220.60          -0.072615
220.80          -0.072875
221.00          -0.073180
221.20          -0.073508
221.40          -0.073854
221.60          -0.074215
221.80          -0.074592
222.00          -0.074985
222.20          -0.075397
222.40          -0.075828
222.60          -0.076284
222.80          -0.076766
223.00          -0.077279
223.20          -0.077830
223.40          -0.078424
223.60          -0.079072
223.80          -0.079784
224.00          -0.080577
224.20          -0.081469
224.40          -0.082490
224.60          -0.083679
224.80          -0.085093
225.00          -0.086815
