175.00          -0.040573
175.20          -0.040837
175.40          -0.041107
175.60          -0.041383
175.80          -0.041665
176.00          -0.041952
176.20          -0.042246
176.40          -0.042546
176.60          -0.042853
176.80          -0.043168
177.00          -0.043489
177.20          -0.043818
177.40          -0.044155
177.60          -0.044500
177.80          -0.044853
178.00          -0.045216
178.20          -0.045587
178.40          -0.045969
178.60          -0.046360
178.80          -0.046762
179.00          -0.047174
179.20          -0.047598
179.40          -0.048034
179.60          -0.048483
179.80          -0.048945
180.00          -0.049420
180.20          -0.049909
180.40          -0.050414
180.60          -0.050934
180.80          -0.051471
181.00          -0.052025
181.20          -0.052597
181.40          -0.053188
181.60          -0.053800
181.80          -0.054433
182.00          -0.055088
182.20          -0.055767
182.40          -0.056470
182.60          -0.057200
182.80          -0.057958
183.00          -0.058746
183.20          -0.059564
183.40          -0.060416
183.60          -0.061302
183.80          -0.062226
184.00          -0.063190
184.20          -0.064196
184.40          -0.065247
184.60          -0.066346
184.80          -0.067496
185.00          -0.068701
185.20          -0.069964
185.40          -0.071291
185.60          -0.072684
185.80          -0.074151
186.00          -0.075695
186.20          -0.077324
186.40          -0.079043
186.60          -0.080860
186.80          -0.082783
187.00          -0.084822
187.20          -0.086985
187.40          -0.089284
187.60          -0.091732
187.80          -0.094341
188.00          -0.097126
188.20          -0.10011
188.40          -0.10330
188.60          -0.10673
188.80          -0.11041
189.00          -0.11438
189.20          -0.11867
189.40          -0.12331
189.60          -0.12834
189.80          -0.13380
190.00          -0.13976
190.20          -0.14626
190.40          -0.15339
190.60          -0.16120
190.80          -0.16981
191.00          -0.17930
191.20          -0.18982
191.40          -0.20148
191.60          -0.21447
191.80          -0.22897
192.00          -0.24520
192.20          -0.26341
192.40          -0.28389
192.60          -0.30696
192.80          -0.33298
193.00          -0.36233
193.20          -0.39540
193.40          -0.43253
193.60          -0.47397
193.80          -0.51977
194.00          -0.56963
194.20          -0.62268
194.40          -0.67724
194.60          -0.73065
194.80          -0.77915
195.00          -0.81819
195.20          -0.84307
195.40          -0.85011
195.60          -0.83771
195.80          -0.80695
196.00          -0.76128
196.20          -0.70555
196.40          -0.64479
196.60          -0.58327
196.80          -0.52407
197.00          -0.46909
197.20          -0.41929
197.40          -0.37493
197.60          -0.33584
197.80          -0.30164
198.00          -0.27182
198.20          -0.24586
198.40          -0.22328
198.60          -0.20361
198.80          -0.18644
199.00          -0.17144
199.20          -0.15828
199.40          -0.14672
199.60          -0.13654
199.80          -0.12754
200.00          -0.11957
200.20          -0.11248
200.40          -0.10618
200.60          -0.10055
200.80          -0.095520
201.00          -0.091012
201.20          -0.086966
201.40          -0.083331
201.60          -0.080060
201.80          -0.077116
202.00          -0.074465
202.20          -0.072079
202.40          -0.069935
202.60          -0.068012
202.80          -0.066293
203.00          -0.064767
203.20          -0.063423
203.40          -0.062256
203.60          -0.061265
203.80          -0.060454
204.00          -0.059834
204.20          -0.059427
204.40          -0.059270
204.60          -0.059425
204.80          -0.059999
205.00          -0.061180
205.20          -0.063323
205.40          -0.067171
205.60          -0.074511
205.80          -0.090734
206.00          -0.14002
206.20          -0.51061
206.40          -1.0900
206.60          -0.098747
206.80          -0.053153
207.00          -0.043837
207.20          -0.040918
207.40          -0.039800
207.60          -0.039319
207.80          -0.039097
208.00          -0.038989
208.20          -0.038934
208.40          -0.038904
208.60          -0.038886
208.80          -0.038874
209.00          -0.038866
209.20          -0.038860
209.40          -0.038857
209.60          -0.038855
209.80          -0.038855
210.00          -0.038857
210.20          -0.038862
210.40          -0.038870
210.60          -0.038881
210.80          -0.038894
211.00          -0.038910
211.20          -0.038930
211.40          -0.038953
211.60          -0.038978
211.80          -0.039007
212.00          -0.039039
212.20          -0.039074
212.40          -0.039112
212.60          -0.039153
212.80          -0.039197
213.00          -0.039244
213.20          -0.039293
213.40          -0.039345
213.60          -0.039400
213.80          -0.039458
214.00          -0.039518
214.20          -0.039580
214.40          -0.039645
214.60          -0.039712
214.80          -0.039781
215.00          -0.039852
215.20          -0.039926
215.40          -0.040001
215.60          -0.040079
215.80          -0.040158
216.00          -0.040239
216.20          -0.040322
216.40          -0.040407
216.60          -0.040494
216.80          -0.040582
217.00          -0.040672
217.20          -0.040764
217.40          -0.040857
217.60          -0.040952
217.80          -0.041048
218.00          -0.041146
218.20          -0.041245
218.40          -0.041345
218.60          -0.041447
218.80          -0.041550
219.00          -0.041655
219.20          -0.041761
219.40          -0.041868
219.60          -0.041976
219.80          -0.042086
220.00          -0.042197
220.20          -0.042309
220.40          -0.042422
220.60          -0.042537
220.80          -0.042652
221.00          -0.042769
221.20          -0.042887
221.40          -0.043006
221.60          -0.043127
221.80          -0.043248
222.00          -0.043371
222.20          -0.043495
222.40          -0.043620
222.60          -0.043746
222.80          -0.043873
223.00          -0.044002
223.20          -0.044132
223.40          -0.044263
223.60          -0.044395
223.80          -0.044528
224.00          -0.044663
224.20          -0.044799
224.40          -0.044937
224.60          -0.045076
224.80          -0.045216
225.00          -0.045358
