175.00          -0.084008
175.20          -0.082332
175.40          -0.080722
175.60          -0.079176
175.80          -0.077692
176.00          -0.076267
176.20          -0.074898
176.40          -0.073583
176.60          -0.072320
176.80          -0.071108
177.00          -0.069943
177.20          -0.068824
177.40          -0.067750
177.60          -0.066718
177.80          -0.065727
178.00          -0.064775
178.20          -0.063860
178.40          -0.062982
178.60          -0.062138
178.80          -0.061328
179.00          -0.060550
179.20          -0.059803
179.40          -0.059085
179.60          -0.058396
179.80          -0.057735
180.00          -0.057100
180.20          -0.056491
180.40          -0.055906
180.60          -0.055344
180.80          -0.054806
181.00          -0.054289
181.20          -0.053794
181.40          -0.053319
181.60          -0.052864
181.80          -0.052427
182.00          -0.052009
182.20          -0.051609
182.40          -0.051226
182.60          -0.050859
182.80          -0.050508
183.00          -0.050173
183.20          -0.049852
183.40          -0.049546
183.60          -0.049253
183.80          -0.048974
184.00          -0.048708
184.20          -0.048455
184.40          -0.048214
184.60          -0.047985
184.80          -0.047767
185.00          -0.047560
185.20          -0.047364
185.40          -0.047178
185.60          -0.047003
185.80          -0.046837
186.00          -0.046681
186.20          -0.046534
186.40          -0.046396
186.60          -0.046266
186.80          -0.046146
187.00          -0.046033
187.20          -0.045928
187.40          -0.045831
187.60          -0.045742
187.80          -0.045660
188.00          -0.045585
188.20          -0.045517
188.40          -0.045455
188.60          -0.045401
188.80          -0.045353
189.00          -0.045311
189.20          -0.045275
189.40          -0.045245
189.60          -0.045221
189.80          -0.045202
190.00          -0.045189
190.20          -0.045182
190.40          -0.045179
190.60          -0.045182
190.80          -0.045190
191.00          -0.045203
191.20          -0.045221
191.40          -0.045243
191.60          -0.045270
191.80          -0.045302
192.00          -0.045337
192.20          -0.045378
192.40          -0.045422
192.60          -0.045471
192.80          -0.045523
193.00          -0.045580
193.20          -0.045641
193.40          -0.045705
193.60          -0.045773
193.80          -0.045845
194.00          -0.045921
194.20          -0.046000
194.40          -0.046083
194.60          -0.046169
194.80          -0.046259
195.00          -0.046352
195.20          -0.046448
195.40          -0.046548
195.60          -0.046651
195.80          -0.046757
196.00          -0.046866
196.20          -0.046979
196.40          -0.047094
196.60          -0.047213
196.80          -0.047335
197.00          -0.047460
197.20          -0.047588
197.40          -0.047719
197.60          -0.047853
197.80          -0.047990
198.00          -0.048130
198.20          -0.048274
198.40          -0.048420
198.60          -0.048569
198.80          -0.048722
199.00          -0.048877
199.20          -0.049036
199.40          -0.049199
199.60          -0.049364
199.80          -0.049533
200.00          -0.049706
200.20          -0.049882
200.40          -0.050063
200.60          -0.050247
200.80          -0.050436
201.00          -0.050629
201.20          -0.050827
201.40          -0.051030
201.60          -0.051239
201.80          -0.051455
202.00          -0.051677
202.20          -0.051907
202.40          -0.052146
202.60          -0.052395
202.80          -0.052656
203.00          -0.052931
203.20          -0.053222
203.40          -0.053534
203.60          -0.053870
203.80          -0.054239
204.00          -0.054650
204.20          -0.055116
204.40          -0.055659
204.60          -0.056313
204.80          -0.057134
205.00          -0.058224
205.20          -0.059785
205.40          -0.062268
205.60          -0.066900
205.80          -0.078218
206.00          -0.12821
206.20          -5.3822
206.40          -0.10178
206.60          -0.061135
206.80          -0.055618
207.00          -0.054360
207.20          -0.054123
207.40          -0.054215
207.60          -0.054426
207.80          -0.054686
208.00          -0.054962
208.20          -0.055244
208.40          -0.055526
208.60          -0.055805
208.80          -0.056080
209.00          -0.056351
209.20          -0.056619
209.40          -0.056884
209.60          -0.057146
209.80          -0.057405
210.00          -0.057661
210.20          -0.057916
210.40          -0.058169
210.60          -0.058420
210.80          -0.058670
211.00          -0.058919
211.20          -0.059167
211.40          -0.059414
211.60          -0.059660
211.80          -0.059906
212.00          -0.060151
212.20          -0.060395
212.40          -0.060639
212.60          -0.060883
212.80          -0.061126
213.00          -0.061369
213.20          -0.061612
213.40          -0.061854
213.60          -0.062096
213.80          -0.062338
214.00          -0.062579
214.20          -0.062821
214.40          -0.063062
214.60          -0.063303
214.80          -0.063543
215.00          -0.063784
215.20          -0.064024
215.40          -0.064264
215.60          -0.064503
215.80          -0.064743
216.00          -0.064982
216.20          -0.065220
216.40          -0.065458
216.60          -0.065696
216.80          -0.065933
217.00          -0.066170
217.20          -0.066407
217.40          -0.066643
217.60          -0.066878
217.80          -0.067113
218.00          -0.067347
218.20          -0.067580
218.40          -0.067813
218.60          -0.068045
218.80          -0.068277
219.00          -0.068507
219.20          -0.068737
219.40          -0.068965
219.60          -0.069193
219.80          -0.069420
220.00          -0.069645
220.20          -0.069870
220.40          -0.070093
220.60          -0.070315
220.80          -0.070536
221.00          -0.070756
221.20          -0.070974
221.40          -0.071190
221.60          -0.071405
221.80          -0.071619
222.00          -0.071831
222.20          -0.072041
222.40          -0.072249
222.60          -0.072456
222.80          -0.072661
223.00          -0.072863
223.20          -0.073064
223.40          -0.073262
223.60          -0.073459
223.80          -0.073653
224.00          -0.073845
224.20          -0.074034
224.40          -0.074221
224.60          -0.074406
224.80          -0.074588
225.00          -0.074768
