175.00          -0.027819
175.20          -0.027918
175.40          -0.028017
175.60          -0.028115
175.80          -0.028213
176.00          -0.028310
176.20          -0.028408
176.40          -0.028506
176.60          -0.028606
176.80          -0.028706
177.00          -0.028809
177.20          -0.028913
177.40          -0.029019
177.60          -0.029128
177.80          -0.029240
178.00          -0.029355
178.20          -0.029474
178.40          -0.029597
178.60          -0.029725
178.80          -0.029859
179.00          -0.029998
179.20          -0.030144
179.40          -0.030298
179.60          -0.030460
179.80          -0.030632
180.00          -0.030815
180.20          -0.031011
180.40          -0.031222
180.60          -0.031449
180.80          -0.031696
181.00          -0.031966
181.20          -0.032264
181.40          -0.032593
181.60          -0.032962
181.80          -0.033377
182.00          -0.033850
182.20          -0.034394
182.40          -0.035027
182.60          -0.035774
182.80          -0.036670
183.00          -0.037761
183.20          -0.039120
183.40          -0.040849
183.60          -0.043115
183.80          -0.046185
184.00          -0.050526
184.20          -0.057005
184.40          -0.067398
184.60          -0.085846
184.80          -0.12400
185.00          -0.22636
185.20          -0.70199
185.40          -15.441
185.60          -0.76573
185.80          -0.20572
186.00          -0.10294
186.20          -0.068216
186.40          -0.052740
186.60          -0.044655
186.80          -0.039975
187.00          -0.037067
187.20          -0.035166
187.40          -0.033875
187.60          -0.032973
187.80          -0.032330
188.00          -0.031865
188.20          -0.031526
188.40          -0.031279
188.60          -0.031099
188.80          -0.030970
189.00          -0.030880
189.20          -0.030819
189.40          -0.030783
189.60          -0.030765
189.80          -0.030762
190.00          -0.030772
190.20          -0.030791
190.40          -0.030819
190.60          -0.030853
190.80          -0.030893
191.00          -0.030938
191.20          -0.030986
191.40          -0.031038
191.60          -0.031093
191.80          -0.031151
192.00          -0.031211
192.20          -0.031272
192.40          -0.031336
192.60          -0.031401
192.80          -0.031467
193.00          -0.031535
193.20          -0.031603
193.40          -0.031673
193.60          -0.031744
193.80          -0.031816
194.00          -0.031889
194.20          -0.031963
194.40          -0.032038
194.60          -0.032114
194.80          -0.032191
195.00          -0.032269
195.20          -0.032348
195.40          -0.032428
195.60          -0.032510
195.80          -0.032594
196.00          -0.032679
196.20          -0.032766
196.40          -0.032856
196.60          -0.032948
196.80          -0.033044
197.00          -0.033143
197.20          -0.033249
197.40          -0.033361
197.60          -0.033483
197.80          -0.033620
198.00          -0.033779
198.20          -0.033977
198.40          -0.034249
198.60          -0.034691
198.80          -0.035653
199.00          -0.039444
199.20          -0.21557
199.40          -0.041383
199.60          -0.035599
199.80          -0.034903
200.00          -0.034813
200.20          -0.034889
200.40          -0.035039
200.60          -0.035242
200.80          -0.035494
201.00          -0.035807
201.20          -0.036204
201.40          -0.036724
201.60          -0.037446
201.80          -0.038520
202.00          -0.040288
202.20          -0.043674
202.40          -0.052030
202.60          -0.087311
202.80          -1.6793
203.00          -0.099017
203.20          -0.045237
203.40          -0.037816
203.60          -0.035734
203.80          -0.034982
204.00          -0.034691
204.20          -0.034592
204.40          -0.034583
204.60          -0.034619
204.80          -0.034681
205.00          -0.034755
205.20          -0.034837
205.40          -0.034923
205.60          -0.035012
205.80          -0.035101
206.00          -0.035191
206.20          -0.035280
206.40          -0.035369
206.60          -0.035458
206.80          -0.035547
207.00          -0.035634
207.20          -0.035722
207.40          -0.035808
207.60          -0.035895
207.80          -0.035981
208.00          -0.036066
208.20          -0.036151
208.40          -0.036236
208.60          -0.036320
208.80          -0.036404
209.00          -0.036488
209.20          -0.036572
209.40          -0.036656
209.60          -0.036739
209.80          -0.036822
210.00          -0.036905
210.20          -0.036988
210.40          -0.037071
210.60          -0.037154
210.80          -0.037237
211.00          -0.037320
211.20          -0.037403
211.40          -0.037486
211.60          -0.037569
211.80          -0.037652
212.00          -0.037735
212.20          -0.037818
212.40          -0.037902
212.60          -0.037985
212.80          -0.038069
213.00          -0.038152
213.20          -0.038236
213.40          -0.038320
213.60          -0.038404
213.80          -0.038488
214.00          -0.038573
214.20          -0.038657
214.40          -0.038742
214.60          -0.038827
214.80          -0.038912
215.00          -0.038998
215.20          -0.039083
215.40          -0.039169
215.60          -0.039255
215.80          -0.039342
216.00          -0.039428
216.20          -0.039515
216.40          -0.039603
216.60          -0.039690
216.80          -0.039778
217.00          -0.039866
217.20          -0.039955
217.40          -0.040044
217.60          -0.040133
217.80          -0.040223
218.00          -0.040313
218.20          -0.040403
218.40          -0.040494
218.60          -0.040585
218.80          -0.040677
219.00          -0.040769
219.20          -0.040861
219.40          -0.040954
219.60          -0.041048
219.80          -0.041142
220.00          -0.041236
220.20          -0.041331
220.40          -0.041427
220.60          -0.041523
220.80          -0.041620
221.00          -0.041717
221.20          -0.041815
221.40          -0.041914
221.60          -0.042014
221.80          -0.042114
222.00          -0.042215
222.20          -0.042316
222.40          -0.042419
222.60          -0.042522
222.80          -0.042626
223.00          -0.042731
223.20          -0.042837
223.40          -0.042944
223.60          -0.043052
223.80          -0.043161
224.00          -0.043271
224.20          -0.043383
224.40          -0.043495
224.60          -0.043609
224.80          -0.043724
225.00          -0.043841
