175.00          -0.55461
175.20          -0.98478
175.40          -1.3651
175.60          -1.1344
175.80          -0.71870
176.00          -0.45507
176.20          -0.30854
176.40          -0.22385
176.60          -0.17168
176.80          -0.13762
177.00          -0.11428
177.20          -0.097649
177.40          -0.085412
177.60          -0.076169
177.80          -0.069035
178.00          -0.063426
178.20          -0.058950
178.40          -0.055331
178.60          -0.052372
178.80          -0.049930
179.00          -0.047898
179.20          -0.046196
179.40          -0.044761
179.60          -0.043547
179.80          -0.042513
180.00          -0.041632
180.20          -0.040878
180.40          -0.040232
180.60          -0.039678
180.80          -0.039203
181.00          -0.038795
181.20          -0.038446
181.40          -0.038147
181.60          -0.037893
181.80          -0.037678
182.00          -0.037498
182.20          -0.037347
182.40          -0.037223
182.60          -0.037123
182.80          -0.037045
183.00          -0.036985
183.20          -0.036942
183.40          -0.036914
183.60          -0.036901
183.80          -0.036899
184.00          -0.036909
184.20          -0.036929
184.40          -0.036958
184.60          -0.036996
184.80          -0.037042
185.00          -0.037094
185.20          -0.037153
185.40          -0.037218
185.60          -0.037289
185.80          -0.037365
186.00          -0.037446
186.20          -0.037531
186.40          -0.037620
186.60          -0.037713
186.80          -0.037810
187.00          -0.037910
187.20          -0.038013
187.40          -0.038119
187.60          -0.038228
187.80          -0.038340
188.00          -0.038455
188.20          -0.038572
188.40          -0.038691
188.60          -0.038813
188.80          -0.038937
189.00          -0.039063
189.20          -0.039192
189.40          -0.039322
189.60          -0.039455
189.80          -0.039589
190.00          -0.039726
190.20          -0.039865
190.40          -0.040006
190.60          -0.040149
190.80          -0.040294
191.00          -0.040441
191.20          -0.040590
191.40          -0.040742
191.60          -0.040895
191.80          -0.041052
192.00          -0.041210
192.20          -0.041371
192.40          -0.041535
192.60          -0.041702
192.80          -0.041872
193.00          -0.042045
193.20          -0.042221
193.40          -0.042401
193.60          -0.042585
193.80          -0.042773
194.00          -0.042966
194.20          -0.043163
194.40          -0.043366
194.60          -0.043575
194.80          -0.043790
195.00          -0.044013
195.20          -0.044244
195.40          -0.044485
195.60          -0.044736
195.80          -0.044999
196.00          -0.045277
196.20          -0.045571
196.40          -0.045885
196.60          -0.046222
196.80          -0.046590
197.00          -0.046994
197.20          -0.047446
197.40          -0.047961
197.60          -0.048566
197.80          -0.049299
198.00          -0.050236
198.20          -0.051520
198.40          -0.053482
198.60          -0.057028
198.80          -0.065608
199.00          -0.10419
199.20          -3.3496
199.40          -0.10898
199.60          -0.065641
199.80          -0.059914
200.00          -0.059684
200.20          -0.061638
200.40          -0.065551
200.60          -0.072506
200.80          -0.085943
201.00          -0.11770
201.20          -0.22424
201.40          -0.44016
201.60          -0.12900
201.80          -0.061004
202.00          -0.047156
202.20          -0.043339
202.40          -0.042240
202.60          -0.042060
202.80          -0.042230
203.00          -0.042537
203.20          -0.042896
203.40          -0.043269
203.60          -0.043639
203.80          -0.043999
204.00          -0.044346
204.20          -0.044680
204.40          -0.045001
204.60          -0.045311
204.80          -0.045609
205.00          -0.045897
205.20          -0.046177
205.40          -0.046449
205.60          -0.046714
205.80          -0.046972
206.00          -0.047225
206.20          -0.047473
206.40          -0.047717
206.60          -0.047956
206.80          -0.048193
207.00          -0.048426
207.20          -0.048656
207.40          -0.048884
207.60          -0.049110
207.80          -0.049335
208.00          -0.049557
208.20          -0.049778
208.40          -0.049998
208.60          -0.050218
208.80          -0.050436
209.00          -0.050654
209.20          -0.050871
209.40          -0.051088
209.60          -0.051304
209.80          -0.051521
210.00          -0.051737
210.20          -0.051954
210.40          -0.052171
210.60          -0.052388
210.80          -0.052605
211.00          -0.052823
211.20          -0.053042
211.40          -0.053261
211.60          -0.053481
211.80          -0.053702
212.00          -0.053924
212.20          -0.054147
212.40          -0.054371
212.60          -0.054597
212.80          -0.054823
213.00          -0.055051
213.20          -0.055280
213.40          -0.055511
213.60          -0.055743
213.80          -0.055978
214.00          -0.056213
214.20          -0.056451
214.40          -0.056691
214.60          -0.056932
214.80          -0.057176
215.00          -0.057422
215.20          -0.057670
215.40          -0.057921
215.60          -0.058174
215.80          -0.058430
216.00          -0.058689
216.20          -0.058950
216.40          -0.059215
216.60          -0.059483
216.80          -0.059754
217.00          -0.060028
217.20          -0.060306
217.40          -0.060587
217.60          -0.060873
217.80          -0.061163
218.00          -0.061456
218.20          -0.061755
218.40          -0.062058
218.60          -0.062365
218.80          -0.062678
219.00          -0.062997
219.20          -0.063320
219.40          -0.063650
219.60          -0.063986
219.80          -0.064328
220.00          -0.064677
220.20          -0.065033
220.40          -0.065397
220.60          -0.065768
220.80          -0.066148
221.00          -0.066537
221.20          -0.066935
221.40          -0.067343
221.60          -0.067761
221.80          -0.068190
222.00          -0.068631
222.20          -0.069084
222.40          -0.069550
222.60          -0.070030
222.80          -0.070525
223.00          -0.071036
223.20          -0.071564
223.40          -0.072110
223.60          -0.072676
223.80          -0.073262
224.00          -0.073870
224.20          -0.074503
224.40          -0.075161
224.60          -0.075847
224.80          -0.076563
225.00          -0.077313
