175.00          -0.056483
175.20          -0.057021
175.40          -0.057563
175.60          -0.058096
175.80          -0.058618
176.00          -0.059130
176.20          -0.059633
176.40          -0.060128
176.60          -0.060617
176.80          -0.061102
177.00          -0.061583
177.20          -0.062062
177.40          -0.062539
177.60          -0.063015
177.80          -0.063491
178.00          -0.063968
178.20          -0.064445
178.40          -0.064923
178.60          -0.065403
178.80          -0.065885
179.00          -0.066369
179.20          -0.066854
179.40          -0.067343
179.60          -0.067834
179.80          -0.068327
180.00          -0.068824
180.20          -0.069323
180.40          -0.069826
180.60          -0.070331
180.80          -0.070840
181.00          -0.071352
181.20          -0.071867
181.40          -0.072386
181.60          -0.072908
181.80          -0.073433
182.00          -0.073962
182.20          -0.074494
182.40          -0.075029
182.60          -0.075568
182.80          -0.076111
183.00          -0.076656
183.20          -0.077206
183.40          -0.077758
183.60          -0.078314
183.80          -0.078873
184.00          -0.079435
184.20          -0.080001
184.40          -0.080570
184.60          -0.081142
184.80          -0.081717
185.00          -0.082294
185.20          -0.082875
185.40          -0.083459
185.60          -0.084045
185.80          -0.084634
186.00          -0.085225
186.20          -0.085819
186.40          -0.086415
186.60          -0.087013
186.80          -0.087613
187.00          -0.088215
187.20          -0.088819
187.40          -0.089424
187.60          -0.090030
187.80          -0.090638
188.00          -0.091246
188.20          -0.091855
188.40          -0.092465
188.60          -0.093075
188.80          -0.093684
189.00          -0.094293
189.20          -0.094901
189.40          -0.095508
189.60          -0.096114
189.80          -0.096717
190.00          -0.097319
190.20          -0.097917
190.40          -0.098512
190.60          -0.099104
190.80          -0.099691
191.00          -0.10027
191.20          -0.10085
191.40          -0.10142
191.60          -0.10198
191.80          -0.10253
192.00          -0.10308
192.20          -0.10361
192.40          -0.10414
192.60          -0.10465
192.80          -0.10515
193.00          -0.10563
193.20          -0.10610
193.40          -0.10654
193.60          -0.10697
193.80          -0.10737
194.00          -0.10775
194.20          -0.10811
194.40          -0.10843
194.60          -0.10872
194.80          -0.10897
195.00          -0.10919
195.20          -0.10937
195.40          -0.10950
195.60          -0.10958
195.80          -0.10961
196.00          -0.10960
196.20          -0.10953
196.40          -0.10943
196.60          -0.10931
196.80          -0.10919
197.00          -0.10914
197.20          -0.10924
197.40          -0.10968
197.60          -0.11075
197.80          -0.11302
198.00          -0.11752
198.20          -0.12628
198.40          -0.14355
198.60          -0.17950
198.80          -0.26462
199.00          -0.54143
199.20          -2.6740
199.40          -1.4127
199.60          -0.28339
199.80          -0.16768
200.00          -0.14844
200.20          -0.14757
200.40          -0.15051
200.60          -0.15371
200.80          -0.15635
201.00          -0.15834
201.20          -0.15979
201.40          -0.16086
201.60          -0.16163
201.80          -0.16221
202.00          -0.16265
202.20          -0.16300
202.40          -0.16329
202.60          -0.16353
202.80          -0.16375
203.00          -0.16395
203.20          -0.16414
203.40          -0.16433
203.60          -0.16451
203.80          -0.16469
204.00          -0.16488
204.20          -0.16506
204.40          -0.16525
204.60          -0.16543
204.80          -0.16562
205.00          -0.16581
205.20          -0.16601
205.40          -0.16620
205.60          -0.16640
205.80          -0.16660
206.00          -0.16680
206.20          -0.16701
206.40          -0.16722
206.60          -0.16744
206.80          -0.16766
207.00          -0.16790
207.20          -0.16814
207.40          -0.16840
207.60          -0.16867
207.80          -0.16896
208.00          -0.16927
208.20          -0.16960
208.40          -0.16997
208.60          -0.17038
208.80          -0.17083
209.00          -0.17133
209.20          -0.17189
209.40          -0.17253
209.60          -0.17326
209.80          -0.17409
210.00          -0.17505
210.20          -0.17617
210.40          -0.17747
210.60          -0.17901
210.80          -0.18084
211.00          -0.18303
211.20          -0.18567
211.40          -0.18892
211.60          -0.19294
211.80          -0.19802
212.00          -0.20457
212.20          -0.21324
212.40          -0.22509
212.60          -0.24202
212.80          -0.26771
213.00          -0.31018
213.20          -0.39032
213.40          -0.57881
213.60          -1.2375
213.80          -2.7476
214.00          -0.48046
214.20          -0.14910
214.40          -0.094886
214.60          -0.084108
214.80          -0.083298
215.00          -0.085077
215.20          -0.087395
215.40          -0.089624
215.60          -0.091578
215.80          -0.093220
216.00          -0.094567
216.20          -0.095649
216.40          -0.096498
216.60          -0.097146
216.80          -0.097620
217.00          -0.097944
217.20          -0.098137
217.40          -0.098216
217.60          -0.098196
217.80          -0.098088
218.00          -0.097905
218.20          -0.097653
218.40          -0.097342
218.60          -0.096978
218.80          -0.096567
219.00          -0.096114
219.20          -0.095625
219.40          -0.095103
219.60          -0.094551
219.80          -0.093974
220.00          -0.093375
220.20          -0.092755
220.40          -0.092118
220.60          -0.091466
220.80          -0.090800
221.00          -0.090124
221.20          -0.089438
221.40          -0.088744
221.60          -0.088045
221.80          -0.087341
222.00          -0.086633
222.20          -0.085924
222.40          -0.085213
222.60          -0.084504
222.80          -0.083796
223.00          -0.083090
223.20          -0.082388
223.40          -0.081690
223.60          -0.080998
223.80          -0.080313
224.00          -0.079635
224.20          -0.078964
224.40          -0.078303
224.60          -0.077651
224.80          -0.077010
225.00          -0.076380
