175.00          -0.10488
175.20          -0.10625
175.40          -0.10767
175.60          -0.10911
175.80          -0.11058
176.00          -0.11207
176.20          -0.11359
176.40          -0.11512
176.60          -0.11669
176.80          -0.11828
177.00          -0.11989
177.20          -0.12153
177.40          -0.12321
177.60          -0.12491
177.80          -0.12664
178.00          -0.12840
178.20          -0.13019
178.40          -0.13202
178.60          -0.13388
178.80          -0.13578
179.00          -0.13771
179.20          -0.13968
179.40          -0.14169
179.60          -0.14373
179.80          -0.14582
180.00          -0.14794
180.20          -0.15011
180.40          -0.15232
180.60          -0.15458
180.80          -0.15688
181.00          -0.15922
181.20          -0.16162
181.40          -0.16406
181.60          -0.16656
181.80          -0.16910
182.00          -0.17170
182.20          -0.17436
182.40          -0.17707
182.60          -0.17984
182.80          -0.18267
183.00          -0.18556
183.20          -0.18852
183.40          -0.19154
183.60          -0.19463
183.80          -0.19780
184.00          -0.20103
184.20          -0.20435
184.40          -0.20774
184.60          -0.21122
184.80          -0.21479
185.00          -0.21844
185.20          -0.22220
185.40          -0.22605
185.60          -0.23001
185.80          -0.23408
186.00          -0.23827
186.20          -0.24258
186.40          -0.24702
186.60          -0.25161
186.80          -0.25635
187.00          -0.26125
187.20          -0.26632
187.40          -0.27158
187.60          -0.27704
187.80          -0.28272
188.00          -0.28864
188.20          -0.29482
188.40          -0.30129
188.60          -0.30807
188.80          -0.31519
189.00          -0.32270
189.20          -0.33064
189.40          -0.33906
189.60          -0.34802
189.80          -0.35758
190.00          -0.36783
190.20          -0.37887
190.40          -0.39081
190.60          -0.40379
190.80          -0.41798
191.00          -0.43358
191.20          -0.45084
191.40          -0.47008
191.60          -0.49169
191.80          -0.51617
192.00          -0.54415
192.20          -0.57648
192.40          -0.61424
192.60          -0.65892
192.80          -0.71255
193.00          -0.77797
193.20          -0.85919
193.40          -0.96208
193.60          -1.0953
193.80          -1.2717
194.00          -1.5102
194.20          -1.8354
194.40          -2.2668
194.60          -2.7641
194.80          -3.0877
195.00          -2.8298
195.20          -2.0568
195.40          -1.2948
195.60          -0.77951
195.80          -0.47452
196.00          -0.29984
196.20          -0.19976
196.40          -0.14220
196.60          -0.10937
196.80          -0.091319
197.00          -0.082383
197.20          -0.079254
197.40          -0.079992
197.60          -0.083490
197.80          -0.089212
198.00          -0.097110
198.20          -0.10776
198.40          -0.12293
198.60          -0.14762
198.80          -0.19918
199.00          -0.37578
199.20          -3.1282
199.40          -0.67878
199.60          -0.19143
199.80          -0.13941
200.00          -0.12960
200.20          -0.12952
200.40          -0.13264
200.60          -0.13705
200.80          -0.14203
201.00          -0.14728
201.20          -0.15264
201.40          -0.15804
201.60          -0.16341
201.80          -0.16870
202.00          -0.17386
202.20          -0.17884
202.40          -0.18358
202.60          -0.18803
202.80          -0.19213
203.00          -0.19582
203.20          -0.19904
203.40          -0.20173
203.60          -0.20385
203.80          -0.20535
204.00          -0.20620
204.20          -0.20640
204.40          -0.20593
204.60          -0.20482
204.80          -0.20309
205.00          -0.20079
205.20          -0.19795
205.40          -0.19464
205.60          -0.19092
205.80          -0.18686
206.00          -0.18253
206.20          -0.17798
206.40          -0.17327
206.60          -0.16846
206.80          -0.16360
207.00          -0.15874
207.20          -0.15390
207.40          -0.14911
207.60          -0.14441
207.80          -0.13981
208.00          -0.13533
208.20          -0.13098
208.40          -0.12677
208.60          -0.12270
208.80          -0.11877
209.00          -0.11499
209.20          -0.11136
209.40          -0.10786
209.60          -0.10451
209.80          -0.10130
210.00          -0.098211
210.20          -0.095254
210.40          -0.092420
210.60          -0.089704
210.80          -0.087100
211.00          -0.084605
211.20          -0.082212
211.40          -0.079918
211.60          -0.077718
211.80          -0.075607
212.00          -0.073581
212.20          -0.071636
212.40          -0.069769
212.60          -0.067975
212.80          -0.066252
213.00          -0.064596
213.20          -0.063003
213.40          -0.061471
213.60          -0.059998
213.80          -0.058580
214.00          -0.057216
214.20          -0.055902
214.40          -0.054637
214.60          -0.053418
214.80          -0.052244
215.00          -0.051113
215.20          -0.050023
215.40          -0.048973
215.60          -0.047961
215.80          -0.046986
216.00          -0.046046
216.20          -0.045139
216.40          -0.044266
216.60          -0.043425
216.80          -0.042614
217.00          -0.041833
217.20          -0.041081
217.40          -0.040357
217.60          -0.039661
217.80          -0.038990
218.00          -0.038345
218.20          -0.037726
218.40          -0.037130
218.60          -0.036559
218.80          -0.036011
219.00          -0.035485
219.20          -0.034982
219.40          -0.034501
219.60          -0.034041
219.80          -0.033602
220.00          -0.033183
220.20          -0.032786
220.40          -0.032408
220.60          -0.032050
220.80          -0.031711
221.00          -0.031392
221.20          -0.031092
221.40          -0.030811
221.60          -0.030549
221.80          -0.030305
222.00          -0.030080
222.20          -0.029874
222.40          -0.029686
222.60          -0.029516
222.80          -0.029365
223.00          -0.029232
223.20          -0.029118
223.40          -0.029022
223.60          -0.028945
223.80          -0.028886
224.00          -0.028846
224.20          -0.028825
224.40          -0.028823
224.60          -0.028841
224.80          -0.028877
225.00          -0.028934
