175.00          -0.10772
175.20          -0.10991
175.40          -0.11220
175.60          -0.11461
175.80          -0.11713
176.00          -0.11977
176.20          -0.12255
176.40          -0.12548
176.60          -0.12855
176.80          -0.13179
177.00          -0.13521
177.20          -0.13882
177.40          -0.14262
177.60          -0.14665
177.80          -0.15091
178.00          -0.15543
178.20          -0.16021
178.40          -0.16530
178.60          -0.17069
178.80          -0.17643
179.00          -0.18254
179.20          -0.18904
179.40          -0.19598
179.60          -0.20337
179.80          -0.21126
180.00          -0.21969
180.20          -0.22869
180.40          -0.23830
180.60          -0.24857
180.80          -0.25954
181.00          -0.27124
181.20          -0.28372
181.40          -0.29700
181.60          -0.31111
181.80          -0.32606
182.00          -0.34183
182.20          -0.35840
182.40          -0.37571
182.60          -0.39364
182.80          -0.41204
183.00          -0.43071
183.20          -0.44937
183.40          -0.46767
183.60          -0.48518
183.80          -0.50143
184.00          -0.51588
184.20          -0.52796
184.40          -0.53715
184.60          -0.54296
184.80          -0.54503
185.00          -0.54312
185.20          -0.53721
185.40          -0.52745
185.60          -0.51416
185.80          -0.49783
186.00          -0.47901
186.20          -0.45834
186.40          -0.43642
186.60          -0.41385
186.80          -0.39112
187.00          -0.36865
187.20          -0.34679
187.40          -0.32578
187.60          -0.30578
187.80          -0.28692
188.00          -0.26924
188.20          -0.25276
188.40          -0.23746
188.60          -0.22331
188.80          -0.21024
189.00          -0.19820
189.20          -0.18712
189.40          -0.17694
189.60          -0.16759
189.80          -0.15900
190.00          -0.15110
190.20          -0.14385
190.40          -0.13719
190.60          -0.13106
190.80          -0.12542
191.00          -0.12023
191.20          -0.11545
191.40          -0.11104
191.60          -0.10697
191.80          -0.10321
192.00          -0.099745
192.20          -0.096536
192.40          -0.093567
192.60          -0.090817
192.80          -0.088268
193.00          -0.085905
193.20          -0.083712
193.40          -0.081676
193.60          -0.079784
193.80          -0.078026
194.00          -0.076391
194.20          -0.074869
194.40          -0.073453
194.60          -0.072134
194.80          -0.070906
195.00          -0.069761
195.20          -0.068695
195.40          -0.067701
195.60          -0.066775
195.80          -0.065912
196.00          -0.065108
196.20          -0.064358
196.40          -0.063660
196.60          -0.063011
196.80          -0.062406
197.00          -0.061844
197.20          -0.061321
197.40          -0.060836
197.60          -0.060385
197.80          -0.059969
198.00          -0.059583
198.20          -0.059227
198.40          -0.058899
198.60          -0.058598
198.80          -0.058322
199.00          -0.058070
199.20          -0.057841
199.40          -0.057634
199.60          -0.057448
199.80          -0.057283
200.00          -0.057136
200.20          -0.057009
200.40          -0.056901
200.60          -0.056810
200.80          -0.056737
201.00          -0.056682
201.20          -0.056644
201.40          -0.056624
201.60          -0.056622
201.80          -0.056638
202.00          -0.056674
202.20          -0.056729
202.40          -0.056806
202.60          -0.056907
202.80          -0.057033
203.00          -0.057189
203.20          -0.057378
203.40          -0.057606
203.60          -0.057882
203.80          -0.058216
204.00          -0.058625
204.20          -0.059131
204.40          -0.059769
204.60          -0.060594
204.80          -0.061695
205.00          -0.063231
205.20          -0.065509
205.40          -0.069192
205.60          -0.075982
205.80          -0.091608
206.00          -0.14847
206.20          -1.2880
206.40          -0.22459
206.60          -0.072761
206.80          -0.057482
207.00          -0.053991
207.20          -0.053025
207.40          -0.052824
207.60          -0.052898
207.80          -0.053078
208.00          -0.053298
208.20          -0.053531
208.40          -0.053766
208.60          -0.053996
208.80          -0.054220
209.00          -0.054437
209.20          -0.054648
209.40          -0.054853
209.60          -0.055053
209.80          -0.055248
210.00          -0.055439
210.20          -0.055627
210.40          -0.055811
210.60          -0.055993
210.80          -0.056173
211.00          -0.056351
211.20          -0.056527
211.40          -0.056701
211.60          -0.056875
211.80          -0.057047
212.00          -0.057219
212.20          -0.057390
212.40          -0.057561
212.60          -0.057731
212.80          -0.057900
213.00          -0.058070
213.20          -0.058239
213.40          -0.058408
213.60          -0.058578
213.80          -0.058747
214.00          -0.058916
214.20          -0.059085
214.40          -0.059254
214.60          -0.059424
214.80          -0.059594
215.00          -0.059764
215.20          -0.059934
215.40          -0.060104
215.60          -0.060275
215.80          -0.060446
216.00          -0.060617
216.20          -0.060788
216.40          -0.060960
216.60          -0.061132
216.80          -0.061304
217.00          -0.061477
217.20          -0.061650
217.40          -0.061824
217.60          -0.061998
217.80          -0.062172
218.00          -0.062346
218.20          -0.062521
218.40          -0.062696
218.60          -0.062872
218.80          -0.063048
219.00          -0.063224
219.20          -0.063401
219.40          -0.063578
219.60          -0.063756
219.80          -0.063934
220.00          -0.064112
220.20          -0.064291
220.40          -0.064470
220.60          -0.064649
220.80          -0.064830
221.00          -0.065010
221.20          -0.065191
221.40          -0.065372
221.60          -0.065554
221.80          -0.065736
222.00          -0.065919
222.20          -0.066103
222.40          -0.066286
222.60          -0.066471
222.80          -0.066656
223.00          -0.066841
223.20          -0.067027
223.40          -0.067214
223.60          -0.067401
223.80          -0.067589
224.00          -0.067777
224.20          -0.067967
224.40          -0.068157
224.60          -0.068347
224.80          -0.068539
225.00          -0.068731
