175.00          -0.036313
175.20          -0.036425
175.40          -0.036537
175.60          -0.036650
175.80          -0.036764
176.00          -0.036878
176.20          -0.036994
176.40          -0.037110
176.60          -0.037227
176.80          -0.037345
177.00          -0.037464
177.20          -0.037584
177.40          -0.037705
177.60          -0.037826
177.80          -0.037949
178.00          -0.038072
178.20          -0.038197
178.40          -0.038322
178.60          -0.038449
178.80          -0.038577
179.00          -0.038705
179.20          -0.038835
179.40          -0.038966
179.60          -0.039098
179.80          -0.039231
180.00          -0.039365
180.20          -0.039500
180.40          -0.039637
180.60          -0.039775
180.80          -0.039914
181.00          -0.040055
181.20          -0.040197
181.40          -0.040340
181.60          -0.040484
181.80          -0.040630
182.00          -0.040777
182.20          -0.040926
182.40          -0.041077
182.60          -0.041229
182.80          -0.041382
183.00          -0.041537
183.20          -0.041694
183.40          -0.041852
183.60          -0.042012
183.80          -0.042174
184.00          -0.042338
184.20          -0.042504
184.40          -0.042671
184.60          -0.042841
184.80          -0.043012
185.00          -0.043186
185.20          -0.043361
185.40          -0.043539
185.60          -0.043719
185.80          -0.043901
186.00          -0.044086
186.20          -0.044273
186.40          -0.044463
186.60          -0.044655
186.80          -0.044850
187.00          -0.045047
187.20          -0.045248
187.40          -0.045451
187.60          -0.045657
187.80          -0.045866
188.00          -0.046078
188.20          -0.046294
188.40          -0.046512
188.60          -0.046735
188.80          -0.046961
189.00          -0.047190
189.20          -0.047423
189.40          -0.047661
189.60          -0.047902
189.80          -0.048147
190.00          -0.048397
190.20          -0.048651
190.40          -0.048910
190.60          -0.049174
190.80          -0.049442
191.00          -0.049716
191.20          -0.049995
191.40          -0.050280
191.60          -0.050570
191.80          -0.050867
192.00          -0.051169
192.20          -0.051478
192.40          -0.051794
192.60          -0.052117
192.80          -0.052447
193.00          -0.052785
193.20          -0.053130
193.40          -0.053484
193.60          -0.053846
193.80          -0.054218
194.00          -0.054598
194.20          -0.054989
194.40          -0.055390
194.60          -0.055801
194.80          -0.056224
195.00          -0.056658
195.20          -0.057105
195.40          -0.057565
195.60          -0.058038
195.80          -0.058526
196.00          -0.059029
196.20          -0.059547
196.40          -0.060082
196.60          -0.060635
196.80          -0.061206
197.00          -0.061797
197.20          -0.062408
197.40          -0.063041
197.60          -0.063697
197.80          -0.064378
198.00          -0.065085
198.20          -0.065819
198.40          -0.066583
198.60          -0.067378
198.80          -0.068206
199.00          -0.069070
199.20          -0.069972
199.40          -0.070913
199.60          -0.071899
199.80          -0.072930
200.00          -0.074012
200.20          -0.075147
200.40          -0.076340
200.60          -0.077594
200.80          -0.078916
201.00          -0.080311
201.20          -0.081783
201.40          -0.083341
201.60          -0.084992
201.80          -0.086743
202.00          -0.088605
202.20          -0.090587
202.40          -0.092700
202.60          -0.094959
202.80          -0.097377
203.00          -0.099970
203.20          -0.10276
203.40          -0.10576
203.60          -0.10901
203.80          -0.11252
204.00          -0.11633
204.20          -0.12048
204.40          -0.12501
204.60          -0.12997
204.80          -0.13541
205.00          -0.14142
205.20          -0.14805
205.40          -0.15542
205.60          -0.16363
205.80          -0.17282
206.00          -0.18315
206.20          -0.19482
206.40          -0.20807
206.60          -0.22319
206.80          -0.24055
207.00          -0.26059
207.20          -0.28386
207.40          -0.31107
207.60          -0.34306
207.80          -0.38092
208.00          -0.42597
208.20          -0.47979
208.40          -0.54427
208.60          -0.62142
208.80          -0.71308
209.00          -0.82020
209.20          -0.94138
209.40          -1.0706
209.60          -1.1949
209.80          -1.2933
210.00          -1.3421
210.20          -1.3256
210.40          -1.2461
210.60          -1.1230
210.80          -0.98158
211.00          -0.84217
211.20          -0.71635
211.40          -0.60846
211.60          -0.51854
211.80          -0.44465
212.00          -0.38427
212.20          -0.33494
212.40          -0.29453
212.60          -0.26126
212.80          -0.23374
213.00          -0.21083
213.20          -0.19166
213.40          -0.17554
213.60          -0.16192
213.80          -0.15037
214.00          -0.14055
214.20          -0.13218
214.40          -0.12506
214.60          -0.11903
214.80          -0.11395
215.00          -0.10974
215.20          -0.10635
215.40          -0.10375
215.60          -0.10199
215.80          -0.10116
216.00          -0.10147
216.20          -0.10334
216.40          -0.10758
216.60          -0.11593
216.80          -0.13260
217.00          -0.17025
217.20          -0.28372
217.40          -0.98099
217.60          -1.6157
217.80          -0.22161
218.00          -0.10018
218.20          -0.071928
218.40          -0.061966
218.60          -0.057564
218.80          -0.055308
219.00          -0.054015
219.20          -0.053205
219.40          -0.052657
219.60          -0.052264
219.80          -0.051966
220.00          -0.051733
220.20          -0.051544
220.40          -0.051389
220.60          -0.051259
220.80          -0.051150
221.00          -0.051059
221.20          -0.050984
221.40          -0.050922
221.60          -0.050872
221.80          -0.050833
222.00          -0.050805
222.20          -0.050786
222.40          -0.050775
222.60          -0.050774
222.80          -0.050780
223.00          -0.050793
223.20          -0.050813
223.40          -0.050840
223.60          -0.050873
223.80          -0.050912
224.00          -0.050956
224.20          -0.051006
224.40          -0.051060
224.60          -0.051120
224.80          -0.051183
225.00          -0.051251
