175.00          -0.079540
175.20          -0.080429
175.40          -0.081343
175.60          -0.082281
175.80          -0.083245
176.00          -0.084235
176.20          -0.085254
176.40          -0.086301
176.60          -0.087379
176.80          -0.088488
177.00          -0.089631
177.20          -0.090807
177.40          -0.092019
177.60          -0.093269
177.80          -0.094558
178.00          -0.095889
178.20          -0.097262
178.40          -0.098680
178.60          -0.10014
178.80          -0.10166
179.00          -0.10322
179.20          -0.10484
179.40          -0.10652
179.60          -0.10826
179.80          -0.11006
180.00          -0.11192
180.20          -0.11386
180.40          -0.11586
180.60          -0.11795
180.80          -0.12011
181.00          -0.12236
181.20          -0.12470
181.40          -0.12714
181.60          -0.12967
181.80          -0.13231
182.00          -0.13507
182.20          -0.13794
182.40          -0.14093
182.60          -0.14405
182.80          -0.14732
183.00          -0.15073
183.20          -0.15430
183.40          -0.15803
183.60          -0.16194
183.80          -0.16604
184.00          -0.17033
184.20          -0.17483
184.40          -0.17954
184.60          -0.18450
184.80          -0.18970
185.00          -0.19516
185.20          -0.20089
185.40          -0.20692
185.60          -0.21326
185.80          -0.21992
186.00          -0.22692
186.20          -0.23428
186.40          -0.24202
186.60          -0.25014
186.80          -0.25867
187.00          -0.26762
187.20          -0.27700
187.40          -0.28682
187.60          -0.29708
187.80          -0.30779
188.00          -0.31893
188.20          -0.33048
188.40          -0.34243
188.60          -0.35473
188.80          -0.36733
189.00          -0.38016
189.20          -0.39314
189.40          -0.40614
189.60          -0.41905
189.80          -0.43170
190.00          -0.44391
190.20          -0.45549
190.40          -0.46622
190.60          -0.47587
190.80          -0.48420
191.00          -0.49098
191.20          -0.49602
191.40          -0.49912
191.60          -0.50015
191.80          -0.49901
192.00          -0.49568
192.20          -0.49018
192.40          -0.48262
192.60          -0.47314
192.80          -0.46194
193.00          -0.44925
193.20          -0.43533
193.40          -0.42044
193.60          -0.40486
193.80          -0.38883
194.00          -0.37259
194.20          -0.35633
194.40          -0.34024
194.60          -0.32446
194.80          -0.30911
195.00          -0.29429
195.20          -0.28005
195.40          -0.26644
195.60          -0.25350
195.80          -0.24122
196.00          -0.22962
196.20          -0.21868
196.40          -0.20839
196.60          -0.19873
196.80          -0.18966
197.00          -0.18116
197.20          -0.17321
197.40          -0.16577
197.60          -0.15881
197.80          -0.15231
198.00          -0.14623
198.20          -0.14055
198.40          -0.13524
198.60          -0.13028
198.80          -0.12564
199.00          -0.12130
199.20          -0.11725
199.40          -0.11345
199.60          -0.10990
199.80          -0.10658
200.00          -0.10347
200.20          -0.10055
200.40          -0.097820
200.60          -0.095260
200.80          -0.092859
201.00          -0.090606
201.20          -0.088493
201.40          -0.086509
201.60          -0.084647
201.80          -0.082898
202.00          -0.081256
202.20          -0.079712
202.40          -0.078262
202.60          -0.076898
202.80          -0.075617
203.00          -0.074412
203.20          -0.073280
203.40          -0.072215
203.60          -0.071213
203.80          -0.070272
204.00          -0.069387
204.20          -0.068556
204.40          -0.067774
204.60          -0.067040
204.80          -0.066350
205.00          -0.065703
205.20          -0.065096
205.40          -0.064526
205.60          -0.063992
205.80          -0.063492
206.00          -0.063024
206.20          -0.062587
206.40          -0.062179
206.60          -0.061798
206.80          -0.061444
207.00          -0.061114
207.20          -0.060809
207.40          -0.060526
207.60          -0.060265
207.80          -0.060024
208.00          -0.059804
208.20          -0.059602
208.40          -0.059419
208.60          -0.059253
208.80          -0.059105
209.00          -0.058972
209.20          -0.058856
209.40          -0.058754
209.60          -0.058668
209.80          -0.058596
210.00          -0.058538
210.20          -0.058494
210.40          -0.058464
210.60          -0.058446
210.80          -0.058443
211.00          -0.058452
211.20          -0.058475
211.40          -0.058511
211.60          -0.058560
211.80          -0.058624
212.00          -0.058701
212.20          -0.058794
212.40          -0.058902
212.60          -0.059027
212.80          -0.059169
213.00          -0.059331
213.20          -0.059514
213.40          -0.059721
213.60          -0.059954
213.80          -0.060219
214.00          -0.060520
214.20          -0.060864
214.40          -0.061260
214.60          -0.061722
214.80          -0.062266
215.00          -0.062918
215.20          -0.063714
215.40          -0.064710
215.60          -0.065997
215.80          -0.067726
216.00          -0.070172
216.20          -0.073889
216.40          -0.080140
216.60          -0.092441
216.80          -0.12439
217.00          -0.28192
217.20          -12.069
217.40          -0.16101
217.60          -0.074777
217.80          -0.061094
218.00          -0.057400
218.20          -0.056258
218.40          -0.055975
218.60          -0.056029
218.80          -0.056223
219.00          -0.056478
219.20          -0.056757
219.40          -0.057043
219.60          -0.057329
219.80          -0.057610
220.00          -0.057885
220.20          -0.058153
220.40          -0.058416
220.60          -0.058672
220.80          -0.058923
221.00          -0.059169
221.20          -0.059411
221.40          -0.059649
221.60          -0.059884
221.80          -0.060116
222.00          -0.060345
222.20          -0.060573
222.40          -0.060798
222.60          -0.061021
222.80          -0.061243
223.00          -0.061464
223.20          -0.061684
223.40          -0.061903
223.60          -0.062122
223.80          -0.062339
224.00          -0.062556
224.20          -0.062773
224.40          -0.062990
224.60          -0.063206
224.80          -0.063423
225.00          -0.063639
