175.00          -0.31361
175.20          -0.30838
175.40          -0.30289
175.60          -0.29717
175.80          -0.29125
176.00          -0.28517
176.20          -0.27895
176.40          -0.27264
176.60          -0.26627
176.80          -0.25985
177.00          -0.25342
177.20          -0.24701
177.40          -0.24063
177.60          -0.23431
177.80          -0.22806
178.00          -0.22190
178.20          -0.21585
178.40          -0.20992
178.60          -0.20411
178.80          -0.19844
179.00          -0.19291
179.20          -0.18752
179.40          -0.18229
179.60          -0.17721
179.80          -0.17229
180.00          -0.16752
180.20          -0.16291
180.40          -0.15846
180.60          -0.15416
180.80          -0.15001
181.00          -0.14601
181.20          -0.14215
181.40          -0.13844
181.60          -0.13487
181.80          -0.13143
182.00          -0.12813
182.20          -0.12495
182.40          -0.12190
182.60          -0.11897
182.80          -0.11615
183.00          -0.11345
183.20          -0.11085
183.40          -0.10836
183.60          -0.10597
183.80          -0.10368
184.00          -0.10148
184.20          -0.099372
184.40          -0.097349
184.60          -0.095409
184.80          -0.093548
185.00          -0.091764
185.20          -0.090054
185.40          -0.088414
185.60          -0.086842
185.80          -0.085335
186.00          -0.083891
186.20          -0.082507
186.40          -0.081180
186.60          -0.079909
186.80          -0.078691
187.00          -0.077524
187.20          -0.076406
187.40          -0.075335
187.60          -0.074309
187.80          -0.073326
188.00          -0.072385
188.20          -0.071485
188.40          -0.070622
188.60          -0.069797
188.80          -0.069007
189.00          -0.068251
189.20          -0.067528
189.40          -0.066837
189.60          -0.066175
189.80          -0.065544
190.00          -0.064940
190.20          -0.064363
190.40          -0.063813
190.60          -0.063287
190.80          -0.062786
191.00          -0.062308
191.20          -0.061852
191.40          -0.061418
191.60          -0.061005
191.80          -0.060612
192.00          -0.060238
192.20          -0.059883
192.40          -0.059546
192.60          -0.059226
192.80          -0.058924
193.00          -0.058637
193.20          -0.058366
193.40          -0.058111
193.60          -0.057870
193.80          -0.057643
194.00          -0.057430
194.20          -0.057230
194.40          -0.057043
194.60          -0.056869
194.80          -0.056706
195.00          -0.056555
195.20          -0.056415
195.40          -0.056287
195.60          -0.056168
195.80          -0.056061
196.00          -0.055963
196.20          -0.055874
196.40          -0.055795
196.60          -0.055726
196.80          -0.055664
197.00          -0.055612
197.20          -0.055568
197.40          -0.055532
197.60          -0.055504
197.80          -0.055483
198.00          -0.055470
198.20          -0.055464
198.40          -0.055465
198.60          -0.055473
198.80          -0.055487
199.00          -0.055508
199.20          -0.055536
199.40          -0.055569
199.60          -0.055609
199.80          -0.055654
200.00          -0.055705
200.20          -0.055762
200.40          -0.055824
200.60          -0.055891
200.80          -0.055964
201.00          -0.056041
201.20          -0.056124
201.40          -0.056211
201.60          -0.056303
201.80          -0.056400
202.00          -0.056501
202.20          -0.056607
202.40          -0.056716
202.60          -0.056831
202.80          -0.056949
203.00          -0.057071
203.20          -0.057198
203.40          -0.057328
203.60          -0.057462
203.80          -0.057600
204.00          -0.057742
204.20          -0.057887
204.40          -0.058036
204.60          -0.058189
204.80          -0.058344
205.00          -0.058504
205.20          -0.058667
205.40          -0.058833
205.60          -0.059002
205.80          -0.059175
206.00          -0.059351
206.20          -0.059530
206.40          -0.059712
206.60          -0.059897
206.80          -0.060086
207.00          -0.060277
207.20          -0.060472
207.40          -0.060670
207.60          -0.060871
207.80          -0.061075
208.00          -0.061282
208.20          -0.061492
208.40          -0.061705
208.60          -0.061922
208.80          -0.062141
209.00          -0.062364
209.20          -0.062590
209.40          -0.062819
209.60          -0.063052
209.80          -0.063288
210.00          -0.063528
210.20          -0.063772
210.40          -0.064019
210.60          -0.064271
210.80          -0.064526
211.00          -0.064787
211.20          -0.065051
211.40          -0.065321
211.60          -0.065597
211.80          -0.065878
212.00          -0.066165
212.20          -0.066460
212.40          -0.066762
212.60          -0.067072
212.80          -0.067392
213.00          -0.067724
213.20          -0.068067
213.40          -0.068425
213.60          -0.068800
213.80          -0.069196
214.00          -0.069615
214.20          -0.070064
214.40          -0.070550
214.60          -0.071083
214.80          -0.071676
215.00          -0.072348
215.20          -0.073131
215.40          -0.074067
215.60          -0.075232
215.80          -0.076752
216.00          -0.078864
216.20          -0.082062
216.40          -0.087532
216.60          -0.098862
216.80          -0.13217
217.00          -0.37997
217.20          -0.88389
217.40          -0.11303
217.60          -0.079692
217.80          -0.073068
218.00          -0.071206
218.20          -0.070709
218.40          -0.070705
218.60          -0.070905
218.80          -0.071194
219.00          -0.071523
219.20          -0.071869
219.40          -0.072222
219.60          -0.072574
219.80          -0.072925
220.00          -0.073272
220.20          -0.073614
220.40          -0.073953
220.60          -0.074288
220.80          -0.074619
221.00          -0.074946
221.20          -0.075270
221.40          -0.075591
221.60          -0.075910
221.80          -0.076226
222.00          -0.076540
222.20          -0.076852
222.40          -0.077162
222.60          -0.077470
222.80          -0.077777
223.00          -0.078082
223.20          -0.078386
223.40          -0.078689
223.60          -0.078991
223.80          -0.079291
224.00          -0.079591
224.20          -0.079889
224.40          -0.080186
224.60          -0.080483
224.80          -0.080779
225.00          -0.081074
