175.00          -0.046631
175.20          -0.046666
175.40          -0.046707
175.60          -0.046753
175.80          -0.046804
176.00          -0.046861
176.20          -0.046922
176.40          -0.046988
176.60          -0.047059
176.80          -0.047135
177.00          -0.047216
177.20          -0.047302
177.40          -0.047392
177.60          -0.047487
177.80          -0.047587
178.00          -0.047691
178.20          -0.047800
178.40          -0.047913
178.60          -0.048031
178.80          -0.048154
179.00          -0.048281
179.20          -0.048412
179.40          -0.048548
179.60          -0.048688
179.80          -0.048832
180.00          -0.048981
180.20          -0.049134
180.40          -0.049292
180.60          -0.049453
180.80          -0.049619
181.00          -0.049789
181.20          -0.049964
181.40          -0.050142
181.60          -0.050325
181.80          -0.050512
182.00          -0.050703
182.20          -0.050899
182.40          -0.051098
182.60          -0.051302
182.80          -0.051509
183.00          -0.051721
183.20          -0.051937
183.40          -0.052157
183.60          -0.052382
183.80          -0.052610
184.00          -0.052843
184.20          -0.053079
184.40          -0.053320
184.60          -0.053565
184.80          -0.053814
185.00          -0.054067
185.20          -0.054324
185.40          -0.054586
185.60          -0.054851
185.80          -0.055121
186.00          -0.055395
186.20          -0.055673
186.40          -0.055955
186.60          -0.056241
186.80          -0.056532
187.00          -0.056827
187.20          -0.057126
187.40          -0.057429
187.60          -0.057737
187.80          -0.058048
188.00          -0.058364
188.20          -0.058685
188.40          -0.059009
188.60          -0.059338
188.80          -0.059672
189.00          -0.060009
189.20          -0.060351
189.40          -0.060698
189.60          -0.061049
189.80          -0.061404
190.00          -0.061763
190.20          -0.062128
190.40          -0.062496
190.60          -0.062869
190.80          -0.063247
191.00          -0.063629
191.20          -0.064016
191.40          -0.064408
191.60          -0.064804
191.80          -0.065205
192.00          -0.065610
192.20          -0.066020
192.40          -0.066435
192.60          -0.066855
192.80          -0.067279
193.00          -0.067708
193.20          -0.068142
193.40          -0.068581
193.60          -0.069025
193.80          -0.069474
194.00          -0.069928
194.20          -0.070386
194.40          -0.070850
194.60          -0.071319
194.80          -0.071793
195.00          -0.072272
195.20          -0.072756
195.40          -0.073245
195.60          -0.073740
195.80          -0.074239
196.00          -0.074744
196.20          -0.075255
196.40          -0.075770
196.60          -0.076292
196.80          -0.076818
197.00          -0.077350
197.20          -0.077887
197.40          -0.078430
197.60          -0.078979
197.80          -0.079533
198.00          -0.080093
198.20          -0.080658
198.40          -0.081229
198.60          -0.081806
198.80          -0.082388
199.00          -0.082977
199.20          -0.083571
199.40          -0.084171
199.60          -0.084777
199.80          -0.085389
200.00          -0.086006
200.20          -0.086630
200.40          -0.087260
200.60          -0.087896
200.80          -0.088539
201.00          -0.089187
201.20          -0.089841
201.40          -0.090502
201.60          -0.091169
201.80          -0.091843
202.00          -0.092522
202.20          -0.093209
202.40          -0.093901
202.60          -0.094600
202.80          -0.095306
203.00          -0.096018
203.20          -0.096736
203.40          -0.097462
203.60          -0.098193
203.80          -0.098932
204.00          -0.099677
204.20          -0.10043
204.40          -0.10119
204.60          -0.10195
204.80          -0.10273
205.00          -0.10351
205.20          -0.10429
205.40          -0.10508
205.60          -0.10588
205.80          -0.10669
206.00          -0.10751
206.20          -0.10833
206.40          -0.10916
206.60          -0.10999
206.80          -0.11083
207.00          -0.11168
207.20          -0.11254
207.40          -0.11341
207.60          -0.11428
207.80          -0.11516
208.00          -0.11604
208.20          -0.11694
208.40          -0.11784
208.60          -0.11875
208.80          -0.11966
209.00          -0.12059
209.20          -0.12152
209.40          -0.12246
209.60          -0.12341
209.80          -0.12436
210.00          -0.12532
210.20          -0.12629
210.40          -0.12727
210.60          -0.12825
210.80          -0.12925
211.00          -0.13025
211.20          -0.13126
211.40          -0.13228
211.60          -0.13330
211.80          -0.13433
212.00          -0.13537
212.20          -0.13642
212.40          -0.13748
212.60          -0.13855
212.80          -0.13962
213.00          -0.14070
213.20          -0.14180
213.40          -0.14290
213.60          -0.14400
213.80          -0.14512
214.00          -0.14625
214.20          -0.14738
214.40          -0.14853
214.60          -0.14968
214.80          -0.15085
215.00          -0.15203
215.20          -0.15322
215.40          -0.15443
215.60          -0.15567
215.80          -0.15693
216.00          -0.15825
216.20          -0.15969
216.40          -0.16139
216.60          -0.16390
216.80          -0.17049
217.00          -0.26132
217.20          -0.22374
217.40          -0.17643
217.60          -0.17235
217.80          -0.17199
218.00          -0.17257
218.20          -0.17351
218.40          -0.17462
218.60          -0.17583
218.80          -0.17711
219.00          -0.17842
219.20          -0.17978
219.40          -0.18116
219.60          -0.18257
219.80          -0.18401
220.00          -0.18547
220.20          -0.18695
220.40          -0.18845
220.60          -0.18997
220.80          -0.19152
221.00          -0.19309
221.20          -0.19469
221.40          -0.19630
221.60          -0.19795
221.80          -0.19962
222.00          -0.20132
222.20          -0.20304
222.40          -0.20480
222.60          -0.20659
222.80          -0.20840
223.00          -0.21026
223.20          -0.21215
223.40          -0.21408
223.60          -0.21605
223.80          -0.21806
224.00          -0.22011
224.20          -0.22222
224.40          -0.22437
224.60          -0.22658
224.80          -0.22884
225.00          -0.23116
