175.00          -0.029592
175.20          -0.029651
175.40          -0.029711
175.60          -0.029772
175.80          -0.029832
176.00          -0.029892
176.20          -0.029953
176.40          -0.030014
176.60          -0.030075
176.80          -0.030136
177.00          -0.030197
177.20          -0.030258
177.40          -0.030320
177.60          -0.030382
177.80          -0.030444
178.00          -0.030506
178.20          -0.030568
178.40          -0.030630
178.60          -0.030693
178.80          -0.030755
179.00          -0.030818
179.20          -0.030881
179.40          -0.030944
179.60          -0.031008
179.80          -0.031071
180.00          -0.031135
180.20          -0.031199
180.40          -0.031263
180.60          -0.031327
180.80          -0.031391
181.00          -0.031455
181.20          -0.031520
181.40          -0.031585
181.60          -0.031650
181.80          -0.031715
182.00          -0.031780
182.20          -0.031846
182.40          -0.031911
182.60          -0.031977
182.80          -0.032043
183.00          -0.032109
183.20          -0.032176
183.40          -0.032242
183.60          -0.032309
183.80          -0.032376
184.00          -0.032443
184.20          -0.032510
184.40          -0.032577
184.60          -0.032645
184.80          -0.032713
185.00          -0.032780
185.20          -0.032849
185.40          -0.032917
185.60          -0.032985
185.80          -0.033054
186.00          -0.033123
186.20          -0.033192
186.40          -0.033261
186.60          -0.033330
186.80          -0.033400
187.00          -0.033469
187.20          -0.033539
187.40          -0.033609
187.60          -0.033680
187.80          -0.033750
188.00          -0.033821
188.20          -0.033892
188.40          -0.033963
188.60          -0.034034
188.80          -0.034105
189.00          -0.034177
189.20          -0.034249
189.40          -0.034321
189.60          -0.034393
189.80          -0.034465
190.00          -0.034538
190.20          -0.034611
190.40          -0.034684
190.60          -0.034757
190.80          -0.034830
191.00          -0.034904
191.20          -0.034978
191.40          -0.035052
191.60          -0.035126
191.80          -0.035200
192.00          -0.035275
192.20          -0.035349
192.40          -0.035424
192.60          -0.035500
192.80          -0.035575
193.00          -0.035651
193.20          -0.035727
193.40          -0.035803
193.60          -0.035879
193.80          -0.035955
194.00          -0.036032
194.20          -0.036109
194.40          -0.036186
194.60          -0.036263
194.80          -0.036341
195.00          -0.036419
195.20          -0.036497
195.40          -0.036575
195.60          -0.036653
195.80          -0.036732
196.00          -0.036811
196.20          -0.036890
196.40          -0.036969
196.60          -0.037049
196.80          -0.037129
197.00          -0.037209
197.20          -0.037289
197.40          -0.037369
197.60          -0.037450
197.80          -0.037531
198.00          -0.037612
198.20          -0.037694
198.40          -0.037775
198.60          -0.037857
198.80          -0.037939
199.00          -0.038022
199.20          -0.038105
199.40          -0.038187
199.60          -0.038271
199.80          -0.038354
200.00          -0.038438
200.20          -0.038521
200.40          -0.038606
200.60          -0.038690
200.80          -0.038775
201.00          -0.038860
201.20          -0.038945
201.40          -0.039030
201.60          -0.039116
201.80          -0.039202
202.00          -0.039288
202.20          -0.039375
202.40          -0.039461
202.60          -0.039548
202.80          -0.039636
203.00          -0.039723
203.20          -0.039811
203.40          -0.039899
203.60          -0.039988
203.80          -0.040076
204.00          -0.040165
204.20          -0.040255
204.40          -0.040344
204.60          -0.040434
204.80          -0.040524
205.00          -0.040615
205.20          -0.040705
205.40          -0.040796
205.60          -0.040888
205.80          -0.040979
206.00          -0.041071
206.20          -0.041164
206.40          -0.041256
206.60          -0.041349
206.80          -0.041442
207.00          -0.041536
207.20          -0.041629
207.40          -0.041724
207.60          -0.041818
207.80          -0.041913
208.00          -0.042008
208.20          -0.042103
208.40          -0.042199
208.60          -0.042295
208.80          -0.042392
209.00          -0.042489
209.20          -0.042586
209.40          -0.042683
209.60          -0.042781
209.80          -0.042879
210.00          -0.042978
210.20          -0.043077
210.40          -0.043176
210.60          -0.043276
210.80          -0.043376
211.00          -0.043476
211.20          -0.043577
211.40          -0.043678
211.60          -0.043780
211.80          -0.043882
212.00          -0.043984
212.20          -0.044087
212.40          -0.044190
212.60          -0.044293
212.80          -0.044397
213.00          -0.044502
213.20          -0.044606
213.40          -0.044712
213.60          -0.044817
213.80          -0.044923
214.00          -0.045030
214.20          -0.045137
214.40          -0.045244
214.60          -0.045352
214.80          -0.045460
215.00          -0.045569
215.20          -0.045678
215.40          -0.045788
215.60          -0.045898
215.80          -0.046008
216.00          -0.046120
216.20          -0.046231
216.40          -0.046343
216.60          -0.046456
216.80          -0.046569
217.00          -0.046682
217.20          -0.046797
217.40          -0.046911
217.60          -0.047026
217.80          -0.047142
218.00          -0.047258
218.20          -0.047375
218.40          -0.047493
218.60          -0.047611
218.80          -0.047729
219.00          -0.047848
219.20          -0.047968
219.40          -0.048088
219.60          -0.048209
219.80          -0.048331
220.00          -0.048453
220.20          -0.048575
220.40          -0.048699
220.60          -0.048823
220.80          -0.048948
221.00          -0.049073
221.20          -0.049199
221.40          -0.049326
221.60          -0.049453
221.80          -0.049581
222.00          -0.049710
222.20          -0.049840
222.40          -0.049970
222.60          -0.050101
222.80          -0.050233
223.00          -0.050366
223.20          -0.050499
223.40          -0.050634
223.60          -0.050769
223.80          -0.050905
224.00          -0.051041
224.20          -0.051179
224.40          -0.051317
224.60          -0.051457
224.80          -0.051597
225.00          -0.051738
