175.00          -0.035764
175.20          -0.035858
175.40          -0.035951
175.60          -0.036045
175.80          -0.036139
176.00          -0.036234
176.20          -0.036329
176.40          -0.036425
176.60          -0.036520
176.80          -0.036617
177.00          -0.036713
177.20          -0.036810
177.40          -0.036907
177.60          -0.037005
177.80          -0.037103
178.00          -0.037202
178.20          -0.037300
178.40          -0.037400
178.60          -0.037499
178.80          -0.037599
179.00          -0.037700
179.20          -0.037801
179.40          -0.037902
179.60          -0.038004
179.80          -0.038106
180.00          -0.038208
180.20          -0.038311
180.40          -0.038415
180.60          -0.038519
180.80          -0.038623
181.00          -0.038727
181.20          -0.038833
181.40          -0.038938
181.60          -0.039044
181.80          -0.039151
182.00          -0.039257
182.20          -0.039365
182.40          -0.039473
182.60          -0.039581
182.80          -0.039690
183.00          -0.039799
183.20          -0.039908
183.40          -0.040019
183.60          -0.040129
183.80          -0.040240
184.00          -0.040352
184.20          -0.040464
184.40          -0.040577
184.60          -0.040690
184.80          -0.040803
185.00          -0.040917
185.20          -0.041032
185.40          -0.041147
185.60          -0.041263
185.80          -0.041379
186.00          -0.041496
186.20          -0.041613
186.40          -0.041731
186.60          -0.041849
186.80          -0.041968
187.00          -0.042087
187.20          -0.042207
187.40          -0.042328
187.60          -0.042449
187.80          -0.042571
188.00          -0.042693
188.20          -0.042816
188.40          -0.042939
188.60          -0.043063
188.80          -0.043188
189.00          -0.043313
189.20          -0.043439
189.40          -0.043565
189.60          -0.043692
189.80          -0.043820
190.00          -0.043948
190.20          -0.044077
190.40          -0.044207
190.60          -0.044337
190.80          -0.044468
191.00          -0.044600
191.20          -0.044732
191.40          -0.044865
191.60          -0.044999
191.80          -0.045133
192.00          -0.045268
192.20          -0.045404
192.40          -0.045540
192.60          -0.045678
192.80          -0.045816
193.00          -0.045954
193.20          -0.046094
193.40          -0.046234
193.60          -0.046375
193.80          -0.046517
194.00          -0.046659
194.20          -0.046802
194.40          -0.046947
194.60          -0.047091
194.80          -0.047237
195.00          -0.047384
195.20          -0.047531
195.40          -0.047679
195.60          -0.047829
195.80          -0.047979
196.00          -0.048129
196.20          -0.048281
196.40          -0.048434
196.60          -0.048587
196.80          -0.048742
197.00          -0.048897
197.20          -0.049054
197.40          -0.049211
197.60          -0.049369
197.80          -0.049529
198.00          -0.049689
198.20          -0.049850
198.40          -0.050012
198.60          -0.050176
198.80          -0.050340
199.00          -0.050506
199.20          -0.050672
199.40          -0.050840
199.60          -0.051009
199.80          -0.051178
200.00          -0.051349
200.20          -0.051522
200.40          -0.051695
200.60          -0.051869
200.80          -0.052045
201.00          -0.052222
201.20          -0.052400
201.40          -0.052580
201.60          -0.052760
201.80          -0.052942
202.00          -0.053126
202.20          -0.053310
202.40          -0.053496
202.60          -0.053684
202.80          -0.053872
203.00          -0.054063
203.20          -0.054254
203.40          -0.054447
203.60          -0.054642
203.80          -0.054838
204.00          -0.055036
204.20          -0.055235
204.40          -0.055436
204.60          -0.055638
204.80          -0.055842
205.00          -0.056048
205.20          -0.056255
205.40          -0.056464
205.60          -0.056675
205.80          -0.056888
206.00          -0.057102
206.20          -0.057318
206.40          -0.057536
206.60          -0.057757
206.80          -0.057979
207.00          -0.058203
207.20          -0.058429
207.40          -0.058657
207.60          -0.058887
207.80          -0.059119
208.00          -0.059354
208.20          -0.059590
208.40          -0.059829
208.60          -0.060070
208.80          -0.060314
209.00          -0.060560
209.20          -0.060808
209.40          -0.061059
209.60          -0.061313
209.80          -0.061569
210.00          -0.061827
210.20          -0.062089
210.40          -0.062353
210.60          -0.062620
210.80          -0.062889
211.00          -0.063162
211.20          -0.063438
211.40          -0.063716
211.60          -0.063998
211.80          -0.064283
212.00          -0.064571
212.20          -0.064863
212.40          -0.065158
212.60          -0.065456
212.80          -0.065758
213.00          -0.066064
213.20          -0.066373
213.40          -0.066686
213.60          -0.067004
213.80          -0.067325
214.00          -0.067650
214.20          -0.067979
214.40          -0.068313
214.60          -0.068651
214.80          -0.068993
215.00          -0.069340
215.20          -0.069692
215.40          -0.070049
215.60          -0.070411
215.80          -0.070777
216.00          -0.071149
216.20          -0.071527
216.40          -0.071910
216.60          -0.072298
216.80          -0.072692
217.00          -0.073093
217.20          -0.073499
217.40          -0.073912
217.60          -0.074331
217.80          -0.074757
218.00          -0.075190
218.20          -0.075630
218.40          -0.076077
218.60          -0.076531
218.80          -0.076993
219.00          -0.077463
219.20          -0.077941
219.40          -0.078428
219.60          -0.078923
219.80          -0.079427
220.00          -0.079941
220.20          -0.080463
220.40          -0.080996
220.60          -0.081539
220.80          -0.082092
221.00          -0.082655
221.20          -0.083230
221.40          -0.083817
221.60          -0.084415
221.80          -0.085025
222.00          -0.085649
222.20          -0.086285
222.40          -0.086935
222.60          -0.087598
222.80          -0.088277
223.00          -0.088970
223.20          -0.089679
223.40          -0.090404
223.60          -0.091146
223.80          -0.091906
224.00          -0.092683
224.20          -0.093479
224.40          -0.094295
224.60          -0.095131
224.80          -0.095988
225.00          -0.096866
