175.00          -0.052210
175.20          -0.052438
175.40          -0.052668
175.60          -0.052900
175.80          -0.053134
176.00          -0.053370
176.20          -0.053608
176.40          -0.053848
176.60          -0.054090
176.80          -0.054333
177.00          -0.054579
177.20          -0.054827
177.40          -0.055077
177.60          -0.055329
177.80          -0.055584
178.00          -0.055840
178.20          -0.056099
178.40          -0.056360
178.60          -0.056623
178.80          -0.056889
179.00          -0.057156
179.20          -0.057427
179.40          -0.057699
179.60          -0.057975
179.80          -0.058252
180.00          -0.058533
180.20          -0.058815
180.40          -0.059101
180.60          -0.059389
180.80          -0.059680
181.00          -0.059973
181.20          -0.060269
181.40          -0.060568
181.60          -0.060870
181.80          -0.061175
182.00          -0.061483
182.20          -0.061794
182.40          -0.062108
182.60          -0.062425
182.80          -0.062745
183.00          -0.063068
183.20          -0.063395
183.40          -0.063725
183.60          -0.064058
183.80          -0.064395
184.00          -0.064735
184.20          -0.065079
184.40          -0.065426
184.60          -0.065777
184.80          -0.066132
185.00          -0.066491
185.20          -0.066853
185.40          -0.067219
185.60          -0.067590
185.80          -0.067964
186.00          -0.068343
186.20          -0.068725
186.40          -0.069113
186.60          -0.069504
186.80          -0.069900
187.00          -0.070300
187.20          -0.070705
187.40          -0.071115
187.60          -0.071530
187.80          -0.071949
188.00          -0.072374
188.20          -0.072803
188.40          -0.073238
188.60          -0.073678
188.80          -0.074123
189.00          -0.074574
189.20          -0.075030
189.40          -0.075493
189.60          -0.075960
189.80          -0.076434
190.00          -0.076914
190.20          -0.077400
190.40          -0.077893
190.60          -0.078392
190.80          -0.078897
191.00          -0.079409
191.20          -0.079928
191.40          -0.080454
191.60          -0.080987
191.80          -0.081527
192.00          -0.082075
192.20          -0.082630
192.40          -0.083193
192.60          -0.083764
192.80          -0.084343
193.00          -0.084931
193.20          -0.085527
193.40          -0.086131
193.60          -0.086745
193.80          -0.087367
194.00          -0.087999
194.20          -0.088640
194.40          -0.089291
194.60          -0.089951
194.80          -0.090622
195.00          -0.091303
195.20          -0.091995
195.40          -0.092698
195.60          -0.093411
195.80          -0.094137
196.00          -0.094873
196.20          -0.095622
196.40          -0.096383
196.60          -0.097156
196.80          -0.097943
197.00          -0.098742
197.20          -0.099555
197.40          -0.10038
197.60          -0.10122
197.80          -0.10208
198.00          -0.10295
198.20          -0.10383
198.40          -0.10473
198.60          -0.10565
198.80          -0.10658
199.00          -0.10753
199.20          -0.10850
199.40          -0.10949
199.60          -0.11049
199.80          -0.11151
200.00          -0.11255
200.20          -0.11361
200.40          -0.11469
200.60          -0.11579
200.80          -0.11691
201.00          -0.11806
201.20          -0.11923
201.40          -0.12041
201.60          -0.12163
201.80          -0.12286
202.00          -0.12413
202.20          -0.12541
202.40          -0.12673
202.60          -0.12807
202.80          -0.12943
203.00          -0.13083
203.20          -0.13225
203.40          -0.13371
203.60          -0.13519
203.80          -0.13671
204.00          -0.13826
204.20          -0.13984
204.40          -0.14145
204.60          -0.14310
204.80          -0.14479
205.00          -0.14651
205.20          -0.14827
205.40          -0.15007
205.60          -0.15190
205.80          -0.15378
206.00          -0.15570
206.20          -0.15766
206.40          -0.15966
206.60          -0.16171
206.80          -0.16380
207.00          -0.16594
207.20          -0.16812
207.40          -0.17035
207.60          -0.17263
207.80          -0.17497
208.00          -0.17735
208.20          -0.17978
208.40          -0.18226
208.60          -0.18480
208.80          -0.18739
209.00          -0.19003
209.20          -0.19273
209.40          -0.19548
209.60          -0.19829
209.80          -0.20115
210.00          -0.20406
210.20          -0.20703
210.40          -0.21006
210.60          -0.21313
210.80          -0.21626
211.00          -0.21944
211.20          -0.22267
211.40          -0.22595
211.60          -0.22927
211.80          -0.23264
212.00          -0.23604
212.20          -0.23948
212.40          -0.24296
212.60          -0.24646
212.80          -0.24999
213.00          -0.25353
213.20          -0.25708
213.40          -0.26064
213.60          -0.26420
213.80          -0.26774
214.00          -0.27127
214.20          -0.27476
214.40          -0.27822
214.60          -0.28162
214.80          -0.28496
215.00          -0.28823
215.20          -0.29141
215.40          -0.29448
215.60          -0.29744
215.80          -0.30026
216.00          -0.30294
216.20          -0.30546
216.40          -0.30780
216.60          -0.30994
216.80          -0.31188
217.00          -0.31360
217.20          -0.31508
217.40          -0.31631
217.60          -0.31728
217.80          -0.31798
218.00          -0.31839
218.20          -0.31851
218.40          -0.31833
218.60          -0.31785
218.80          -0.31706
219.00          -0.31597
219.20          -0.31457
219.40          -0.31287
219.60          -0.31087
219.80          -0.30858
220.00          -0.30601
220.20          -0.30317
220.40          -0.30008
220.60          -0.29674
220.80          -0.29318
221.00          -0.28941
221.20          -0.28545
221.40          -0.28131
221.60          -0.27702
221.80          -0.27260
222.00          -0.26806
222.20          -0.26342
222.40          -0.25871
222.60          -0.25393
222.80          -0.24911
223.00          -0.24426
223.20          -0.23940
223.40          -0.23455
223.60          -0.22971
223.80          -0.22490
224.00          -0.22013
224.20          -0.21542
224.40          -0.21076
224.60          -0.20618
224.80          -0.20167
225.00          -0.19724
