175.00          -0.12441
175.20          -0.12917
175.40          -0.13449
175.60          -0.14046
175.80          -0.14720
176.00          -0.15483
176.20          -0.16355
176.40          -0.17356
176.60          -0.18516
176.80          -0.19868
177.00          -0.21458
177.20          -0.23347
177.40          -0.25613
177.60          -0.28361
177.80          -0.31735
178.00          -0.35931
178.20          -0.41223
178.40          -0.47994
178.60          -0.56779
178.80          -0.68316
179.00          -0.83565
179.20          -1.0359
179.40          -1.2900
179.60          -1.5839
179.80          -1.8563
180.00          -1.9942
180.20          -1.9133
180.40          -1.6566
180.60          -1.3442
180.80          -1.0617
181.00          -0.83711
181.20          -0.66758
181.40          -0.54147
181.60          -0.44739
181.80          -0.37645
182.00          -0.32221
182.20          -0.28015
182.40          -0.24706
182.60          -0.22067
182.80          -0.19938
183.00          -0.18199
183.20          -0.16766
183.40          -0.15572
183.60          -0.14571
183.80          -0.13724
184.00          -0.13002
184.20          -0.12383
184.40          -0.11850
184.60          -0.11388
184.80          -0.10986
185.00          -0.10634
185.20          -0.10325
185.40          -0.10053
185.60          -0.098129
185.80          -0.095998
186.00          -0.094104
186.20          -0.092417
186.40          -0.090910
186.60          -0.089563
186.80          -0.088356
187.00          -0.087273
187.20          -0.086301
187.40          -0.085427
187.60          -0.084640
187.80          -0.083932
188.00          -0.083295
188.20          -0.082721
188.40          -0.082204
188.60          -0.081740
188.80          -0.081322
189.00          -0.080947
189.20          -0.080611
189.40          -0.080310
189.60          -0.080041
189.80          -0.079802
190.00          -0.079590
190.20          -0.079403
190.40          -0.079239
190.60          -0.079095
190.80          -0.078971
191.00          -0.078865
191.20          -0.078775
191.40          -0.078701
191.60          -0.078640
191.80          -0.078593
192.00          -0.078558
192.20          -0.078534
192.40          -0.078520
192.60          -0.078516
192.80          -0.078521
193.00          -0.078535
193.20          -0.078556
193.40          -0.078585
193.60          -0.078620
193.80          -0.078662
194.00          -0.078710
194.20          -0.078763
194.40          -0.078822
194.60          -0.078885
194.80          -0.078953
195.00          -0.079025
195.20          -0.079102
195.40          -0.079182
195.60          -0.079265
195.80          -0.079352
196.00          -0.079441
196.20          -0.079534
196.40          -0.079629
196.60          -0.079727
196.80          -0.079827
197.00          -0.079930
197.20          -0.080034
197.40          -0.080141
197.60          -0.080249
197.80          -0.080359
198.00          -0.080470
198.20          -0.080583
198.40          -0.080698
198.60          -0.080814
198.80          -0.080931
199.00          -0.081049
199.20          -0.081168
199.40          -0.081289
199.60          -0.081410
199.80          -0.081532
200.00          -0.081656
200.20          -0.081780
200.40          -0.081904
200.60          -0.082030
200.80          -0.082156
201.00          -0.082283
201.20          -0.082411
201.40          -0.082539
201.60          -0.082668
201.80          -0.082798
202.00          -0.082929
202.20          -0.083060
202.40          -0.083192
202.60          -0.083325
202.80          -0.083459
203.00          -0.083595
203.20          -0.083731
203.40          -0.083869
203.60          -0.084009
203.80          -0.084151
204.00          -0.084295
204.20          -0.084443
204.40          -0.084594
204.60          -0.084751
204.80          -0.084914
205.00          -0.085085
205.20          -0.085267
205.40          -0.085466
205.60          -0.085686
205.80          -0.085941
206.00          -0.086250
206.20          -0.086651
206.40          -0.087225
206.60          -0.088178
206.80          -0.090180
207.00          -0.096772
207.20          -0.18881
207.40          -0.11916
207.60          -0.089153
207.80          -0.086708
208.00          -0.086238
208.20          -0.086173
208.40          -0.086229
208.60          -0.086329
208.80          -0.086446
209.00          -0.086569
209.20          -0.086693
209.40          -0.086818
209.60          -0.086942
209.80          -0.087064
210.00          -0.087185
210.20          -0.087304
210.40          -0.087422
210.60          -0.087538
210.80          -0.087652
211.00          -0.087765
211.20          -0.087877
211.40          -0.087987
211.60          -0.088096
211.80          -0.088204
212.00          -0.088310
212.20          -0.088416
212.40          -0.088520
212.60          -0.088623
212.80          -0.088725
213.00          -0.088826
213.20          -0.088926
213.40          -0.089025
213.60          -0.089123
213.80          -0.089220
214.00          -0.089316
214.20          -0.089411
214.40          -0.089505
214.60          -0.089598
214.80          -0.089690
215.00          -0.089781
215.20          -0.089872
215.40          -0.089961
215.60          -0.090049
215.80          -0.090136
216.00          -0.090223
216.20          -0.090308
216.40          -0.090393
216.60          -0.090476
216.80          -0.090559
217.00          -0.090640
217.20          -0.090721
217.40          -0.090801
217.60          -0.090880
217.80          -0.090958
218.00          -0.091035
218.20          -0.091111
218.40          -0.091186
218.60          -0.091260
218.80          -0.091334
219.00          -0.091406
219.20          -0.091478
219.40          -0.091548
219.60          -0.091618
219.80          -0.091686
220.00          -0.091754
220.20          -0.091821
220.40          -0.091887
220.60          -0.091952
220.80          -0.092016
221.00          -0.092079
221.20          -0.092141
221.40          -0.092202
221.60          -0.092263
221.80          -0.092322
222.00          -0.092381
222.20          -0.092438
222.40          -0.092495
222.60          -0.092551
222.80          -0.092605
223.00          -0.092659
223.20          -0.092712
223.40          -0.092764
223.60          -0.092815
223.80          -0.092865
224.00          -0.092915
224.20          -0.092963
224.40          -0.093010
224.60          -0.093057
224.80          -0.093102
225.00          -0.093147
