175.00          -0.046215
175.20          -0.046784
175.40          -0.047377
175.60          -0.047995
175.80          -0.048641
176.00          -0.049315
176.20          -0.050020
176.40          -0.050759
176.60          -0.051533
176.80          -0.052345
177.00          -0.053198
177.20          -0.054095
177.40          -0.055041
177.60          -0.056038
177.80          -0.057091
178.00          -0.058204
178.20          -0.059384
178.40          -0.060636
178.60          -0.061966
178.80          -0.063383
179.00          -0.064893
179.20          -0.066507
179.40          -0.068235
179.60          -0.070089
179.80          -0.072082
180.00          -0.074231
180.20          -0.076552
180.40          -0.079065
180.60          -0.081795
180.80          -0.084768
181.00          -0.088016
181.20          -0.091575
181.40          -0.095489
181.60          -0.099808
181.80          -0.10459
182.00          -0.10992
182.20          -0.11586
182.40          -0.12254
182.60          -0.13007
182.80          -0.13862
183.00          -0.14838
183.20          -0.15958
183.40          -0.17253
183.60          -0.18762
183.80          -0.20533
184.00          -0.22631
184.20          -0.25139
184.40          -0.28167
184.60          -0.31859
184.80          -0.36412
185.00          -0.42084
185.20          -0.49218
185.40          -0.58253
185.60          -0.69709
185.80          -0.84087
186.00          -1.0156
186.20          -1.2127
186.40          -1.4025
186.60          -1.5302
186.80          -1.5394
187.00          -1.4204
187.20          -1.2213
187.40          -1.0049
187.60          -0.81067
187.80          -0.65203
188.00          -0.52793
188.20          -0.43244
188.40          -0.35913
188.60          -0.30261
188.80          -0.25874
189.00          -0.22446
189.20          -0.19757
189.40          -0.17652
189.60          -0.16028
189.80          -0.14830
190.00          -0.14058
190.20          -0.13808
190.40          -0.14409
190.60          -0.16987
190.80          -0.26969
191.00          -1.0676
191.20          -1.0610
191.40          -0.19096
191.60          -0.10065
191.80          -0.075395
192.00          -0.064439
192.20          -0.058317
192.40          -0.054300
192.60          -0.051378
192.80          -0.049104
193.00          -0.047254
193.20          -0.045706
193.40          -0.044382
193.60          -0.043236
193.80          -0.042233
194.00          -0.041349
194.20          -0.040565
194.40          -0.039869
194.60          -0.039247
194.80          -0.038692
195.00          -0.038194
195.20          -0.037749
195.40          -0.037349
195.60          -0.036991
195.80          -0.036670
196.00          -0.036383
196.20          -0.036127
196.40          -0.035898
196.60          -0.035694
196.80          -0.035513
197.00          -0.035354
197.20          -0.035214
197.40          -0.035091
197.60          -0.034985
197.80          -0.034894
198.00          -0.034817
198.20          -0.034753
198.40          -0.034700
198.60          -0.034659
198.80          -0.034627
199.00          -0.034606
199.20          -0.034593
199.40          -0.034588
199.60          -0.034592
199.80          -0.034602
200.00          -0.034619
200.20          -0.034643
200.40          -0.034672
200.60          -0.034707
200.80          -0.034748
201.00          -0.034793
201.20          -0.034843
201.40          -0.034897
201.60          -0.034956
201.80          -0.035019
202.00          -0.035085
202.20          -0.035155
202.40          -0.035228
202.60          -0.035305
202.80          -0.035385
203.00          -0.035467
203.20          -0.035553
203.40          -0.035641
203.60          -0.035732
203.80          -0.035825
204.00          -0.035921
204.20          -0.036019
204.40          -0.036120
204.60          -0.036222
204.80          -0.036327
205.00          -0.036434
205.20          -0.036542
205.40          -0.036653
205.60          -0.036766
205.80          -0.036880
206.00          -0.036997
206.20          -0.037115
206.40          -0.037235
206.60          -0.037357
206.80          -0.037481
207.00          -0.037606
207.20          -0.037733
207.40          -0.037862
207.60          -0.037993
207.80          -0.038126
208.00          -0.038260
208.20          -0.038396
208.40          -0.038534
208.60          -0.038674
208.80          -0.038815
209.00          -0.038959
209.20          -0.039104
209.40          -0.039252
209.60          -0.039401
209.80          -0.039553
210.00          -0.039707
210.20          -0.039863
210.40          -0.040022
210.60          -0.040183
210.80          -0.040347
211.00          -0.040513
211.20          -0.040682
211.40          -0.040855
211.60          -0.041030
211.80          -0.041209
212.00          -0.041392
212.20          -0.041579
212.40          -0.041770
212.60          -0.041967
212.80          -0.042170
213.00          -0.042380
213.20          -0.042600
213.40          -0.042834
213.60          -0.043099
213.80          -0.043449
214.00          -0.044316
214.20          -0.11996
214.40          -0.044798
214.60          -0.044413
214.80          -0.044572
215.00          -0.044820
215.20          -0.045105
215.40          -0.045416
215.60          -0.045750
215.80          -0.046109
216.00          -0.046496
216.20          -0.046915
216.40          -0.047372
216.60          -0.047875
216.80          -0.048434
217.00          -0.049062
217.20          -0.049777
217.40          -0.050604
217.60          -0.051577
217.80          -0.052748
218.00          -0.054193
218.20          -0.056034
218.40          -0.058472
218.60          -0.061869
218.80          -0.066922
219.00          -0.075157
219.20          -0.090466
219.40          -0.12525
219.60          -0.22836
219.80          -0.34788
220.00          -0.12032
220.20          -0.059043
220.40          -0.045310
220.60          -0.041475
220.80          -0.040420
221.00          -0.040312
221.20          -0.040560
221.40          -0.040943
221.60          -0.041373
221.80          -0.041812
222.00          -0.042243
222.20          -0.042658
222.40          -0.043057
222.60          -0.043439
222.80          -0.043805
223.00          -0.044157
223.20          -0.044495
223.40          -0.044822
223.60          -0.045139
223.80          -0.045446
224.00          -0.045745
224.20          -0.046038
224.40          -0.046323
224.60          -0.046604
224.80          -0.046879
225.00          -0.047151
