175.00          -0.022810
175.20          -0.022906
175.40          -0.023003
175.60          -0.023101
175.80          -0.023201
176.00          -0.023302
176.20          -0.023404
176.40          -0.023507
176.60          -0.023612
176.80          -0.023719
177.00          -0.023827
177.20          -0.023936
177.40          -0.024047
177.60          -0.024159
177.80          -0.024273
178.00          -0.024389
178.20          -0.024506
178.40          -0.024625
178.60          -0.024746
178.80          -0.024868
179.00          -0.024993
179.20          -0.025119
179.40          -0.025247
179.60          -0.025377
179.80          -0.025509
180.00          -0.025643
180.20          -0.025779
180.40          -0.025917
180.60          -0.026057
180.80          -0.026200
181.00          -0.026345
181.20          -0.026492
181.40          -0.026641
181.60          -0.026793
181.80          -0.026948
182.00          -0.027105
182.20          -0.027265
182.40          -0.027427
182.60          -0.027593
182.80          -0.027761
183.00          -0.027932
183.20          -0.028106
183.40          -0.028283
183.60          -0.028464
183.80          -0.028647
184.00          -0.028834
184.20          -0.029025
184.40          -0.029219
184.60          -0.029416
184.80          -0.029618
185.00          -0.029823
185.20          -0.030032
185.40          -0.030245
185.60          -0.030463
185.80          -0.030684
186.00          -0.030910
186.20          -0.031141
186.40          -0.031377
186.60          -0.031617
186.80          -0.031862
187.00          -0.032112
187.20          -0.032368
187.40          -0.032629
187.60          -0.032896
187.80          -0.033169
188.00          -0.033447
188.20          -0.033732
188.40          -0.034024
188.60          -0.034321
188.80          -0.034626
189.00          -0.034938
189.20          -0.035257
189.40          -0.035583
189.60          -0.035918
189.80          -0.036260
190.00          -0.036611
190.20          -0.036970
190.40          -0.037338
190.60          -0.037716
190.80          -0.038103
191.00          -0.038500
191.20          -0.038907
191.40          -0.039325
191.60          -0.039754
191.80          -0.040195
192.00          -0.040647
192.20          -0.041112
192.40          -0.041590
192.60          -0.042081
192.80          -0.042586
193.00          -0.043106
193.20          -0.043640
193.40          -0.044190
193.60          -0.044757
193.80          -0.045340
194.00          -0.045941
194.20          -0.046561
194.40          -0.047199
194.60          -0.047858
194.80          -0.048538
195.00          -0.049239
195.20          -0.049963
195.40          -0.050711
195.60          -0.051484
195.80          -0.052283
196.00          -0.053109
196.20          -0.053964
196.40          -0.054848
196.60          -0.055764
196.80          -0.056713
197.00          -0.057696
197.20          -0.058715
197.40          -0.059772
197.60          -0.060868
197.80          -0.062007
198.00          -0.063189
198.20          -0.064418
198.40          -0.065696
198.60          -0.067024
198.80          -0.068407
199.00          -0.069847
199.20          -0.071346
199.40          -0.072909
199.60          -0.074539
199.80          -0.076239
200.00          -0.078014
200.20          -0.079869
200.40          -0.081806
200.60          -0.083832
200.80          -0.085952
201.00          -0.088170
201.20          -0.090494
201.40          -0.092929
201.60          -0.095483
201.80          -0.098161
202.00          -0.10097
202.20          -0.10393
202.40          -0.10703
202.60          -0.11029
202.80          -0.11372
203.00          -0.11734
203.20          -0.12114
203.40          -0.12514
203.60          -0.12936
203.80          -0.13381
204.00          -0.13850
204.20          -0.14345
204.40          -0.14867
204.60          -0.15417
204.80          -0.15997
205.00          -0.16610
205.20          -0.17255
205.40          -0.17935
205.60          -0.18651
205.80          -0.19405
206.00          -0.20197
206.20          -0.21028
206.40          -0.21899
206.60          -0.22810
206.80          -0.23760
207.00          -0.24747
207.20          -0.25770
207.40          -0.26824
207.60          -0.27905
207.80          -0.29008
208.00          -0.30123
208.20          -0.31241
208.40          -0.32351
208.60          -0.33440
208.80          -0.34491
209.00          -0.35487
209.20          -0.36411
209.40          -0.37244
209.60          -0.37965
209.80          -0.38558
210.00          -0.39006
210.20          -0.39294
210.40          -0.39414
210.60          -0.39359
210.80          -0.39129
211.00          -0.38728
211.20          -0.38163
211.40          -0.37448
211.60          -0.36599
211.80          -0.35634
212.00          -0.34574
212.20          -0.33438
212.40          -0.32247
212.60          -0.31019
212.80          -0.29773
213.00          -0.28522
213.20          -0.27281
213.40          -0.26059
213.60          -0.24867
213.80          -0.23710
214.00          -0.22595
214.20          -0.21524
214.40          -0.20500
214.60          -0.19525
214.80          -0.18597
215.00          -0.17718
215.20          -0.16887
215.40          -0.16101
215.60          -0.15359
215.80          -0.14660
216.00          -0.14001
216.20          -0.13381
216.40          -0.12798
216.60          -0.12248
216.80          -0.11732
217.00          -0.11245
217.20          -0.10788
217.40          -0.10357
217.60          -0.099515
217.80          -0.095695
218.00          -0.092096
218.20          -0.088703
218.40          -0.085504
218.60          -0.082485
218.80          -0.079636
219.00          -0.076945
219.20          -0.074402
219.40          -0.071998
219.60          -0.069723
219.80          -0.067571
220.00          -0.065532
220.20          -0.063600
220.40          -0.061769
220.60          -0.060031
220.80          -0.058382
221.00          -0.056816
221.20          -0.055328
221.40          -0.053914
221.60          -0.052569
221.80          -0.051288
222.00          -0.050069
222.20          -0.048908
222.40          -0.047801
222.60          -0.046746
222.80          -0.045739
223.00          -0.044778
223.20          -0.043860
223.40          -0.042984
223.60          -0.042146
223.80          -0.041345
224.00          -0.040578
224.20          -0.039845
224.40          -0.039143
224.60          -0.038471
224.80          -0.037827
225.00          -0.037210
