175.00          -0.022777
175.20          -0.022873
175.40          -0.022970
175.60          -0.023068
175.80          -0.023168
176.00          -0.023268
176.20          -0.023370
176.40          -0.023474
176.60          -0.023579
176.80          -0.023685
177.00          -0.023793
177.20          -0.023902
177.40          -0.024013
177.60          -0.024125
177.80          -0.024239
178.00          -0.024354
178.20          -0.024471
178.40          -0.024590
178.60          -0.024711
178.80          -0.024833
179.00          -0.024957
179.20          -0.025083
179.40          -0.025211
179.60          -0.025340
179.80          -0.025472
180.00          -0.025606
180.20          -0.025742
180.40          -0.025880
180.60          -0.026020
180.80          -0.026162
181.00          -0.026307
181.20          -0.026454
181.40          -0.026603
181.60          -0.026755
181.80          -0.026909
182.00          -0.027066
182.20          -0.027226
182.40          -0.027388
182.60          -0.027553
182.80          -0.027721
183.00          -0.027892
183.20          -0.028066
183.40          -0.028243
183.60          -0.028423
183.80          -0.028606
184.00          -0.028793
184.20          -0.028983
184.40          -0.029177
184.60          -0.029375
184.80          -0.029576
185.00          -0.029781
185.20          -0.029989
185.40          -0.030202
185.60          -0.030420
185.80          -0.030641
186.00          -0.030867
186.20          -0.031097
186.40          -0.031333
186.60          -0.031573
186.80          -0.031818
187.00          -0.032068
187.20          -0.032323
187.40          -0.032584
187.60          -0.032851
187.80          -0.033123
188.00          -0.033401
188.20          -0.033686
188.40          -0.033977
188.60          -0.034274
188.80          -0.034579
189.00          -0.034890
189.20          -0.035209
189.40          -0.035535
189.60          -0.035869
189.80          -0.036211
190.00          -0.036561
190.20          -0.036920
190.40          -0.037288
190.60          -0.037665
190.80          -0.038052
191.00          -0.038449
191.20          -0.038856
191.40          -0.039273
191.60          -0.039702
191.80          -0.040142
192.00          -0.040594
192.20          -0.041059
192.40          -0.041536
192.60          -0.042027
192.80          -0.042531
193.00          -0.043050
193.20          -0.043584
193.40          -0.044134
193.60          -0.044700
193.80          -0.045283
194.00          -0.045884
194.20          -0.046503
194.40          -0.047141
194.60          -0.047799
194.80          -0.048478
195.00          -0.049179
195.20          -0.049903
195.40          -0.050650
195.60          -0.051422
195.80          -0.052221
196.00          -0.053046
196.20          -0.053900
196.40          -0.054784
196.60          -0.055699
196.80          -0.056647
197.00          -0.057630
197.20          -0.058648
197.40          -0.059704
197.60          -0.060800
197.80          -0.061938
198.00          -0.063120
198.20          -0.064348
198.40          -0.065625
198.60          -0.066953
198.80          -0.068334
199.00          -0.069773
199.20          -0.071272
199.40          -0.072834
199.60          -0.074463
199.80          -0.076163
200.00          -0.077937
200.20          -0.079790
200.40          -0.081726
200.60          -0.083751
200.80          -0.085870
201.00          -0.088088
201.20          -0.090410
201.40          -0.092844
201.60          -0.095397
201.80          -0.098074
202.00          -0.10088
202.20          -0.10384
202.40          -0.10694
202.60          -0.11020
202.80          -0.11363
203.00          -0.11724
203.20          -0.12104
203.40          -0.12505
203.60          -0.12926
203.80          -0.13371
204.00          -0.13840
204.20          -0.14334
204.40          -0.14856
204.60          -0.15406
204.80          -0.15986
205.00          -0.16598
205.20          -0.17243
205.40          -0.17923
205.60          -0.18639
205.80          -0.19392
206.00          -0.20184
206.20          -0.21015
206.40          -0.21886
206.60          -0.22796
206.80          -0.23745
207.00          -0.24732
207.20          -0.25754
207.40          -0.26808
207.60          -0.27888
207.80          -0.28990
208.00          -0.30104
208.20          -0.31222
208.40          -0.32331
208.60          -0.33418
208.80          -0.34468
209.00          -0.35464
209.20          -0.36386
209.40          -0.37217
209.60          -0.37937
209.80          -0.38528
210.00          -0.38974
210.20          -0.39262
210.40          -0.39380
210.60          -0.39324
210.80          -0.39093
211.00          -0.38691
211.20          -0.38126
211.40          -0.37411
211.60          -0.36562
211.80          -0.35597
212.00          -0.34537
212.20          -0.33402
212.40          -0.32212
212.60          -0.30986
212.80          -0.29740
213.00          -0.28491
213.20          -0.27250
213.40          -0.26030
213.60          -0.24839
213.80          -0.23684
214.00          -0.22570
214.20          -0.21500
214.40          -0.20478
214.60          -0.19503
214.80          -0.18577
215.00          -0.17699
215.20          -0.16868
215.40          -0.16084
215.60          -0.15343
215.80          -0.14644
216.00          -0.13987
216.20          -0.13367
216.40          -0.12784
216.60          -0.12236
216.80          -0.11719
217.00          -0.11234
217.20          -0.10777
217.40          -0.10346
217.60          -0.099412
217.80          -0.095596
218.00          -0.092000
218.20          -0.088611
218.40          -0.085415
218.60          -0.082400
218.80          -0.079553
219.00          -0.076864
219.20          -0.074324
219.40          -0.071922
219.60          -0.069650
219.80          -0.067499
220.00          -0.065462
220.20          -0.063532
220.40          -0.061702
220.60          -0.059966
220.80          -0.058318
221.00          -0.056753
221.20          -0.055267
221.40          -0.053853
221.60          -0.052509
221.80          -0.051229
222.00          -0.050011
222.20          -0.048850
222.40          -0.047744
222.60          -0.046689
222.80          -0.045683
223.00          -0.044723
223.20          -0.043806
223.40          -0.042929
223.60          -0.042092
223.80          -0.041291
224.00          -0.040525
224.20          -0.039793
224.40          -0.039091
224.60          -0.038419
224.80          -0.037775
225.00          -0.037158
