175.00          -0.30630
175.20          -0.30938
175.40          -0.31247
175.60          -0.31559
175.80          -0.31874
176.00          -0.32190
176.20          -0.32509
176.40          -0.32830
176.60          -0.33153
176.80          -0.33478
177.00          -0.33806
177.20          -0.34135
177.40          -0.34467
177.60          -0.34801
177.80          -0.35137
178.00          -0.35475
178.20          -0.35816
178.40          -0.36159
178.60          -0.36504
178.80          -0.36851
179.00          -0.37200
179.20          -0.37552
179.40          -0.37906
179.60          -0.38261
179.80          -0.38620
180.00          -0.38980
180.20          -0.39342
180.40          -0.39707
180.60          -0.40074
180.80          -0.40443
181.00          -0.40815
181.20          -0.41189
181.40          -0.41564
181.60          -0.41943
181.80          -0.42323
182.00          -0.42706
182.20          -0.43090
182.40          -0.43477
182.60          -0.43867
182.80          -0.44258
183.00          -0.44652
183.20          -0.45048
183.40          -0.45447
183.60          -0.45847
183.80          -0.46250
184.00          -0.46655
184.20          -0.47063
184.40          -0.47472
184.60          -0.47884
184.80          -0.48299
185.00          -0.48715
185.20          -0.49134
185.40          -0.49555
185.60          -0.49979
185.80          -0.50404
186.00          -0.50832
186.20          -0.51262
186.40          -0.51695
186.60          -0.52130
186.80          -0.52567
187.00          -0.53006
187.20          -0.53448
187.40          -0.53892
187.60          -0.54338
187.80          -0.54787
188.00          -0.55237
188.20          -0.55690
188.40          -0.56146
188.60          -0.56603
188.80          -0.57063
189.00          -0.57525
189.20          -0.57989
189.40          -0.58456
189.60          -0.58925
189.80          -0.59396
190.00          -0.59869
190.20          -0.60344
190.40          -0.60822
190.60          -0.61302
190.80          -0.61784
191.00          -0.62268
191.20          -0.62754
191.40          -0.63243
191.60          -0.63733
191.80          -0.64226
192.00          -0.64721
192.20          -0.65218
192.40          -0.65717
192.60          -0.66218
192.80          -0.66721
193.00          -0.67226
193.20          -0.67733
193.40          -0.68242
193.60          -0.68753
193.80          -0.69266
194.00          -0.69780
194.20          -0.70297
194.40          -0.70815
194.60          -0.71336
194.80          -0.71857
195.00          -0.72381
195.20          -0.72907
195.40          -0.73434
195.60          -0.73962
195.80          -0.74493
196.00          -0.75025
196.20          -0.75558
196.40          -0.76093
196.60          -0.76629
196.80          -0.77167
197.00          -0.77705
197.20          -0.78246
197.40          -0.78787
197.60          -0.79329
197.80          -0.79873
198.00          -0.80417
198.20          -0.80963
198.40          -0.81509
198.60          -0.82056
198.80          -0.82604
199.00          -0.83152
199.20          -0.83701
199.40          -0.84250
199.60          -0.84800
199.80          -0.85349
200.00          -0.85899
200.20          -0.86449
200.40          -0.86998
200.60          -0.87547
200.80          -0.88096
201.00          -0.88644
201.20          -0.89191
201.40          -0.89737
201.60          -0.90282
201.80          -0.90826
202.00          -0.91368
202.20          -0.91909
202.40          -0.92448
202.60          -0.92985
202.80          -0.93522
203.00          -0.94057
203.20          -0.94594
203.40          -0.95133
203.60          -0.95681
203.80          -0.96244
204.00          -0.96838
204.20          -0.97496
204.40          -0.98285
204.60          -0.99361
204.80          -1.0115
205.00          -1.0501
205.20          -1.1715
205.40          -1.9133
205.60          -5.7349
205.80          -1.7699
206.00          -1.3168
206.20          -1.1977
206.40          -1.1509
206.60          -1.1290
206.80          -1.1180
207.00          -1.1127
207.20          -1.1107
207.40          -1.1106
207.60          -1.1119
207.80          -1.1140
208.00          -1.1168
208.20          -1.1201
208.40          -1.1237
208.60          -1.1276
208.80          -1.1317
209.00          -1.1359
209.20          -1.1403
209.40          -1.1447
209.60          -1.1492
209.80          -1.1538
210.00          -1.1584
210.20          -1.1631
210.40          -1.1677
210.60          -1.1724
210.80          -1.1771
211.00          -1.1818
211.20          -1.1865
211.40          -1.1911
211.60          -1.1958
211.80          -1.2004
212.00          -1.2051
212.20          -1.2097
212.40          -1.2143
212.60          -1.2188
212.80          -1.2234
213.00          -1.2279
213.20          -1.2323
213.40          -1.2368
213.60          -1.2412
213.80          -1.2456
214.00          -1.2499
214.20          -1.2543
214.40          -1.2586
214.60          -1.2628
214.80          -1.2670
215.00          -1.2712
215.20          -1.2754
215.40          -1.2796
215.60          -1.2837
215.80          -1.2878
216.00          -1.2918
216.20          -1.2959
216.40          -1.2999
216.60          -1.3040
216.80          -1.3080
217.00          -1.3120
217.20          -1.3160
217.40          -1.3201
217.60          -1.3241
217.80          -1.3282
218.00          -1.3323
218.20          -1.3365
218.40          -1.3407
218.60          -1.3450
218.80          -1.3493
219.00          -1.3538
219.20          -1.3584
219.40          -1.3632
219.60          -1.3681
219.80          -1.3732
220.00          -1.3785
220.20          -1.3842
220.40          -1.3901
220.60          -1.3964
220.80          -1.4032
221.00          -1.4104
221.20          -1.4182
221.40          -1.4267
221.60          -1.4360
221.80          -1.4462
222.00          -1.4575
222.20          -1.4701
222.40          -1.4842
222.60          -1.5002
222.80          -1.5184
223.00          -1.5392
223.20          -1.5633
223.40          -1.5915
223.60          -1.6248
223.80          -1.6645
224.00          -1.7126
224.20          -1.7716
224.40          -1.8453
224.60          -1.9392
224.80          -2.0613
225.00          -2.2240
