175.00          -0.027624
175.20          -0.027676
175.40          -0.027729
175.60          -0.027781
175.80          -0.027833
176.00          -0.027886
176.20          -0.027939
176.40          -0.027992
176.60          -0.028045
176.80          -0.028098
177.00          -0.028151
177.20          -0.028205
177.40          -0.028258
177.60          -0.028312
177.80          -0.028366
178.00          -0.028420
178.20          -0.028474
178.40          -0.028528
178.60          -0.028582
178.80          -0.028637
179.00          -0.028691
179.20          -0.028746
179.40          -0.028801
179.60          -0.028856
179.80          -0.028911
180.00          -0.028967
180.20          -0.029022
180.40          -0.029078
180.60          -0.029134
180.80          -0.029190
181.00          -0.029246
181.20          -0.029302
181.40          -0.029358
181.60          -0.029415
181.80          -0.029472
182.00          -0.029528
182.20          -0.029585
182.40          -0.029643
182.60          -0.029700
182.80          -0.029757
183.00          -0.029815
183.20          -0.029873
183.40          -0.029931
183.60          -0.029989
183.80          -0.030047
184.00          -0.030105
184.20          -0.030164
184.40          -0.030222
184.60          -0.030281
184.80          -0.030340
185.00          -0.030399
185.20          -0.030459
185.40          -0.030518
185.60          -0.030578
185.80          -0.030638
186.00          -0.030698
186.20          -0.030758
186.40          -0.030818
186.60          -0.030879
186.80          -0.030940
187.00          -0.031000
187.20          -0.031061
187.40          -0.031123
187.60          -0.031184
187.80          -0.031246
188.00          -0.031307
188.20          -0.031369
188.40          -0.031431
188.60          -0.031494
188.80          -0.031556
189.00          -0.031619
189.20          -0.031681
189.40          -0.031745
189.60          -0.031808
189.80          -0.031871
190.00          -0.031935
190.20          -0.031998
190.40          -0.032062
190.60          -0.032127
190.80          -0.032191
191.00          -0.032256
191.20          -0.032320
191.40          -0.032385
191.60          -0.032451
191.80          -0.032516
192.00          -0.032582
192.20          -0.032647
192.40          -0.032713
192.60          -0.032780
192.80          -0.032846
193.00          -0.032913
193.20          -0.032980
193.40          -0.033047
193.60          -0.033114
193.80          -0.033182
194.00          -0.033249
194.20          -0.033317
194.40          -0.033386
194.60          -0.033454
194.80          -0.033523
195.00          -0.033592
195.20          -0.033661
195.40          -0.033730
195.60          -0.033800
195.80          -0.033870
196.00          -0.033940
196.20          -0.034011
196.40          -0.034081
196.60          -0.034152
196.80          -0.034224
197.00          -0.034295
197.20          -0.034367
197.40          -0.034439
197.60          -0.034511
197.80          -0.034584
198.00          -0.034657
198.20          -0.034730
198.40          -0.034803
198.60          -0.034877
198.80          -0.034951
199.00          -0.035026
199.20          -0.035100
199.40          -0.035175
199.60          -0.035251
199.80          -0.035326
200.00          -0.035402
200.20          -0.035479
200.40          -0.035555
200.60          -0.035632
200.80          -0.035709
201.00          -0.035787
201.20          -0.035865
201.40          -0.035944
201.60          -0.036022
201.80          -0.036102
202.00          -0.036181
202.20          -0.036261
202.40          -0.036341
202.60          -0.036422
202.80          -0.036503
203.00          -0.036585
203.20          -0.036667
203.40          -0.036749
203.60          -0.036832
203.80          -0.036915
204.00          -0.036999
204.20          -0.037083
204.40          -0.037168
204.60          -0.037253
204.80          -0.037339
205.00          -0.037425
205.20          -0.037512
205.40          -0.037599
205.60          -0.037687
205.80          -0.037776
206.00          -0.037864
206.20          -0.037954
206.40          -0.038044
206.60          -0.038135
206.80          -0.038226
207.00          -0.038318
207.20          -0.038411
207.40          -0.038504
207.60          -0.038599
207.80          -0.038693
208.00          -0.038789
208.20          -0.038885
208.40          -0.038982
208.60          -0.039080
208.80          -0.039179
209.00          -0.039278
209.20          -0.039379
209.40          -0.039480
209.60          -0.039582
209.80          -0.039685
210.00          -0.039789
210.20          -0.039895
210.40          -0.040001
210.60          -0.040108
210.80          -0.040217
211.00          -0.040326
211.20          -0.040437
211.40          -0.040549
211.60          -0.040663
211.80          -0.040777
212.00          -0.040893
212.20          -0.041011
212.40          -0.041130
212.60          -0.041251
212.80          -0.041373
213.00          -0.041497
213.20          -0.041623
213.40          -0.041751
213.60          -0.041881
213.80          -0.042013
214.00          -0.042146
214.20          -0.042283
214.40          -0.042421
214.60          -0.042562
214.80          -0.042706
215.00          -0.042852
215.20          -0.043002
215.40          -0.043154
215.60          -0.043310
215.80          -0.043469
216.00          -0.043632
216.20          -0.043799
216.40          -0.043970
216.60          -0.044145
216.80          -0.044325
217.00          -0.044510
217.20          -0.044701
217.40          -0.044897
217.60          -0.045099
217.80          -0.045309
218.00          -0.045526
218.20          -0.045750
218.40          -0.045984
218.60          -0.046226
218.80          -0.046480
219.00          -0.046744
219.20          -0.047021
219.40          -0.047313
219.60          -0.047619
219.80          -0.047943
220.00          -0.048287
220.20          -0.048653
220.40          -0.049044
220.60          -0.049464
220.80          -0.049917
221.00          -0.050409
221.20          -0.050946
221.40          -0.051538
221.60          -0.052195
221.80          -0.052931
222.00          -0.053765
222.20          -0.054722
222.40          -0.055836
222.60          -0.057155
222.80          -0.058749
223.00          -0.060726
223.20          -0.063252
223.40          -0.066604
223.60          -0.071273
223.80          -0.078211
224.00          -0.089478
224.20          -0.11035
224.40          -0.15829
224.60          -0.32609
224.80          -2.3919
225.00          -0.89171
