175.00          -0.030585
175.20          -0.030653
175.40          -0.030720
175.60          -0.030788
175.80          -0.030856
176.00          -0.030924
176.20          -0.030993
176.40          -0.031061
176.60          -0.031130
176.80          -0.031199
177.00          -0.031269
177.20          -0.031339
177.40          -0.031409
177.60          -0.031479
177.80          -0.031549
178.00          -0.031620
178.20          -0.031691
178.40          -0.031762
178.60          -0.031834
178.80          -0.031905
179.00          -0.031977
179.20          -0.032049
179.40          -0.032122
179.60          -0.032195
179.80          -0.032268
180.00          -0.032341
180.20          -0.032415
180.40          -0.032489
180.60          -0.032563
180.80          -0.032637
181.00          -0.032712
181.20          -0.032787
181.40          -0.032863
181.60          -0.032938
181.80          -0.033014
182.00          -0.033090
182.20          -0.033167
182.40          -0.033244
182.60          -0.033321
182.80          -0.033398
183.00          -0.033476
183.20          -0.033554
183.40          -0.033633
183.60          -0.033711
183.80          -0.033790
184.00          -0.033870
184.20          -0.033950
184.40          -0.034030
184.60          -0.034110
184.80          -0.034191
185.00          -0.034272
185.20          -0.034354
185.40          -0.034435
185.60          -0.034518
185.80          -0.034600
186.00          -0.034683
186.20          -0.034767
186.40          -0.034850
186.60          -0.034934
186.80          -0.035019
187.00          -0.035104
187.20          -0.035189
187.40          -0.035275
187.60          -0.035361
187.80          -0.035447
188.00          -0.035534
188.20          -0.035622
188.40          -0.035709
188.60          -0.035798
188.80          -0.035886
189.00          -0.035975
189.20          -0.036065
189.40          -0.036155
189.60          -0.036246
189.80          -0.036337
190.00          -0.036428
190.20          -0.036520
190.40          -0.036612
190.60          -0.036705
190.80          -0.036799
191.00          -0.036893
191.20          -0.036987
191.40          -0.037083
191.60          -0.037178
191.80          -0.037274
192.00          -0.037371
192.20          -0.037468
192.40          -0.037566
192.60          -0.037665
192.80          -0.037764
193.00          -0.037864
193.20          -0.037964
193.40          -0.038065
193.60          -0.038166
193.80          -0.038269
194.00          -0.038372
194.20          -0.038475
194.40          -0.038579
194.60          -0.038684
194.80          -0.038790
195.00          -0.038897
195.20          -0.039004
195.40          -0.039112
195.60          -0.039221
195.80          -0.039330
196.00          -0.039441
196.20          -0.039552
196.40          -0.039664
196.60          -0.039777
196.80          -0.039890
197.00          -0.040005
197.20          -0.040121
197.40          -0.040237
197.60          -0.040355
197.80          -0.040473
198.00          -0.040593
198.20          -0.040713
198.40          -0.040835
198.60          -0.040958
198.80          -0.041081
199.00          -0.041206
199.20          -0.041332
199.40          -0.041459
199.60          -0.041588
199.80          -0.041718
200.00          -0.041849
200.20          -0.041981
200.40          -0.042115
200.60          -0.042250
200.80          -0.042386
201.00          -0.042524
201.20          -0.042664
201.40          -0.042805
201.60          -0.042947
201.80          -0.043091
202.00          -0.043237
202.20          -0.043385
202.40          -0.043534
202.60          -0.043686
202.80          -0.043839
203.00          -0.043994
203.20          -0.044151
203.40          -0.044311
203.60          -0.044472
203.80          -0.044636
204.00          -0.044802
204.20          -0.044970
204.40          -0.045141
204.60          -0.045314
204.80          -0.045490
205.00          -0.045669
205.20          -0.045850
205.40          -0.046035
205.60          -0.046222
205.80          -0.046413
206.00          -0.046607
206.20          -0.046804
206.40          -0.047005
206.60          -0.047210
206.80          -0.047418
207.00          -0.047630
207.20          -0.047847
207.40          -0.048068
207.60          -0.048293
207.80          -0.048523
208.00          -0.048758
208.20          -0.048998
208.40          -0.049244
208.60          -0.049495
208.80          -0.049752
209.00          -0.050015
209.20          -0.050284
209.40          -0.050561
209.60          -0.050844
209.80          -0.051135
210.00          -0.051434
210.20          -0.051741
210.40          -0.052057
210.60          -0.052382
210.80          -0.052716
211.00          -0.053061
211.20          -0.053417
211.40          -0.053784
211.60          -0.054164
211.80          -0.054556
212.00          -0.054962
212.20          -0.055382
212.40          -0.055818
212.60          -0.056271
212.80          -0.056741
213.00          -0.057230
213.20          -0.057739
213.40          -0.058270
213.60          -0.058823
213.80          -0.059402
214.00          -0.060007
214.20          -0.060641
214.40          -0.061307
214.60          -0.062006
214.80          -0.062741
215.00          -0.063516
215.20          -0.064334
215.40          -0.065199
215.60          -0.066116
215.80          -0.067089
216.00          -0.068124
216.20          -0.069226
216.40          -0.070404
216.60          -0.071665
216.80          -0.073019
217.00          -0.074475
217.20          -0.076047
217.40          -0.077748
217.60          -0.079595
217.80          -0.081607
218.00          -0.083806
218.20          -0.086219
218.40          -0.088878
218.60          -0.091821
218.80          -0.095094
219.00          -0.098752
219.20          -0.10286
219.40          -0.10752
219.60          -0.11281
219.80          -0.11889
220.00          -0.12592
220.20          -0.13412
220.40          -0.14379
220.60          -0.15533
220.80          -0.16927
221.00          -0.18637
221.20          -0.20772
221.40          -0.23489
221.60          -0.27031
221.80          -0.31778
222.00          -0.38358
222.20          -0.47855
222.40          -0.62254
222.60          -0.85406
222.80          -1.2510
223.00          -1.9610
223.20          -3.0973
223.40          -3.7878
223.60          -2.7714
223.80          -1.5944
224.00          -0.92915
224.20          -0.58228
224.40          -0.39241
224.60          -0.28167
224.80          -0.21353
225.00          -0.17003
