175.00          -0.059660
175.20          -0.059127
175.40          -0.058771
175.60          -0.058618
175.80          -0.058708
176.00          -0.059114
176.20          -0.059953
176.40          -0.061443
176.60          -0.064004
176.80          -0.068558
177.00          -0.077509
177.20          -0.099192
177.40          -0.18453
177.60          -3.1198
177.80          -0.16707
178.00          -0.055241
178.20          -0.042954
178.40          -0.040361
178.60          -0.039787
178.80          -0.039769
179.00          -0.039917
179.20          -0.040108
179.40          -0.040302
179.60          -0.040484
179.80          -0.040653
180.00          -0.040808
180.20          -0.040953
180.40          -0.041088
180.60          -0.041216
180.80          -0.041340
181.00          -0.041460
181.20          -0.041577
181.40          -0.041694
181.60          -0.041810
181.80          -0.041926
182.00          -0.042044
182.20          -0.042162
182.40          -0.042282
182.60          -0.042405
182.80          -0.042529
183.00          -0.042656
183.20          -0.042785
183.40          -0.042917
183.60          -0.043051
183.80          -0.043188
184.00          -0.043327
184.20          -0.043470
184.40          -0.043615
184.60          -0.043762
184.80          -0.043913
185.00          -0.044066
185.20          -0.044221
185.40          -0.044380
185.60          -0.044541
185.80          -0.044704
186.00          -0.044870
186.20          -0.045039
186.40          -0.045210
186.60          -0.045384
186.80          -0.045560
187.00          -0.045738
187.20          -0.045919
187.40          -0.046103
187.60          -0.046288
187.80          -0.046476
188.00          -0.046667
188.20          -0.046860
188.40          -0.047055
188.60          -0.047253
188.80          -0.047453
189.00          -0.047655
189.20          -0.047860
189.40          -0.048067
189.60          -0.048276
189.80          -0.048488
190.00          -0.048702
190.20          -0.048918
190.40          -0.049137
190.60          -0.049359
190.80          -0.049583
191.00          -0.049810
191.20          -0.050039
191.40          -0.050270
191.60          -0.050505
191.80          -0.050742
192.00          -0.050982
192.20          -0.051224
192.40          -0.051470
192.60          -0.051719
192.80          -0.051970
193.00          -0.052225
193.20          -0.052484
193.40          -0.052745
193.60          -0.053010
193.80          -0.053279
194.00          -0.053551
194.20          -0.053828
194.40          -0.054108
194.60          -0.054393
194.80          -0.054682
195.00          -0.054976
195.20          -0.055275
195.40          -0.055579
195.60          -0.055889
195.80          -0.056204
196.00          -0.056526
196.20          -0.056855
196.40          -0.057190
196.60          -0.057533
196.80          -0.057885
197.00          -0.058245
197.20          -0.058615
197.40          -0.058995
197.60          -0.059386
197.80          -0.059790
198.00          -0.060208
198.20          -0.060640
198.40          -0.061090
198.60          -0.061558
198.80          -0.062048
199.00          -0.062561
199.20          -0.063103
199.40          -0.063676
199.60          -0.064287
199.80          -0.064943
200.00          -0.065652
200.20          -0.066428
200.40          -0.067287
200.60          -0.068254
200.80          -0.069367
201.00          -0.070685
201.20          -0.072311
201.40          -0.074439
201.60          -0.077478
201.80          -0.082461
202.00          -0.092733
202.20          -0.12548
202.40          -0.48683
202.60          -0.43202
202.80          -0.11859
203.00          -0.095647
203.20          -0.092433
203.40          -0.094426
203.60          -0.099386
203.80          -0.10735
204.00          -0.11934
204.20          -0.13653
204.40          -0.15561
204.60          -0.15280
204.80          -0.10829
205.00          -0.069009
205.20          -0.052742
205.40          -0.047843
205.60          -0.047109
205.80          -0.047825
206.00          -0.049011
206.20          -0.050307
206.40          -0.051578
206.60          -0.052777
206.80          -0.053893
207.00          -0.054928
207.20          -0.055888
207.40          -0.056783
207.60          -0.057619
207.80          -0.058405
208.00          -0.059148
208.20          -0.059852
208.40          -0.060523
208.60          -0.061165
208.80          -0.061782
209.00          -0.062376
209.20          -0.062951
209.40          -0.063508
209.60          -0.064051
209.80          -0.064580
210.00          -0.065097
210.20          -0.065604
210.40          -0.066101
210.60          -0.066590
210.80          -0.067072
211.00          -0.067548
211.20          -0.068018
211.40          -0.068483
211.60          -0.068944
211.80          -0.069401
212.00          -0.069854
212.20          -0.070305
212.40          -0.070754
212.60          -0.071201
212.80          -0.071646
213.00          -0.072091
213.20          -0.072534
213.40          -0.072977
213.60          -0.073419
213.80          -0.073862
214.00          -0.074305
214.20          -0.074749
214.40          -0.075193
214.60          -0.075638
214.80          -0.076085
215.00          -0.076533
215.20          -0.076983
215.40          -0.077434
215.60          -0.077888
215.80          -0.078344
216.00          -0.078802
216.20          -0.079263
216.40          -0.079727
216.60          -0.080194
216.80          -0.080665
217.00          -0.081138
217.20          -0.081616
217.40          -0.082097
217.60          -0.082582
217.80          -0.083072
218.00          -0.083566
218.20          -0.084064
218.40          -0.084568
218.60          -0.085077
218.80          -0.085591
219.00          -0.086111
219.20          -0.086636
219.40          -0.087168
219.60          -0.087706
219.80          -0.088250
220.00          -0.088802
220.20          -0.089360
220.40          -0.089926
220.60          -0.090500
220.80          -0.091082
221.00          -0.091672
221.20          -0.092271
221.40          -0.092879
221.60          -0.093497
221.80          -0.094124
222.00          -0.094761
222.20          -0.095409
222.40          -0.096068
222.60          -0.096738
222.80          -0.097420
223.00          -0.098114
223.20          -0.098821
223.40          -0.099541
223.60          -0.10027
223.80          -0.10102
224.00          -0.10178
224.20          -0.10256
224.40          -0.10335
224.60          -0.10415
224.80          -0.10497
225.00          -0.10581
