175.00          -0.038249
175.20          -0.038769
175.40          -0.039307
175.60          -0.039863
175.80          -0.040440
176.00          -0.041038
176.20          -0.041657
176.40          -0.042299
176.60          -0.042966
176.80          -0.043658
177.00          -0.044377
177.20          -0.045124
177.40          -0.045901
177.60          -0.046710
177.80          -0.047552
178.00          -0.048430
178.20          -0.049345
178.40          -0.050300
178.60          -0.051297
178.80          -0.052338
179.00          -0.053427
179.20          -0.054567
179.40          -0.055760
179.60          -0.057011
179.80          -0.058323
180.00          -0.059700
180.20          -0.061147
180.40          -0.062668
180.60          -0.064269
180.80          -0.065956
181.00          -0.067734
181.20          -0.069611
181.40          -0.071594
181.60          -0.073691
181.80          -0.075912
182.00          -0.078265
182.20          -0.080761
182.40          -0.083413
182.60          -0.086233
182.80          -0.089235
183.00          -0.092436
183.20          -0.095851
183.40          -0.099501
183.60          -0.10341
183.80          -0.10759
184.00          -0.11208
184.20          -0.11690
184.40          -0.12208
184.60          -0.12767
184.80          -0.13369
185.00          -0.14019
185.20          -0.14722
185.40          -0.15482
185.60          -0.16306
185.80          -0.17200
186.00          -0.18169
186.20          -0.19221
186.40          -0.20364
186.60          -0.21604
186.80          -0.22950
187.00          -0.24409
187.20          -0.25987
187.40          -0.27689
187.60          -0.29518
187.80          -0.31472
188.00          -0.33545
188.20          -0.35724
188.40          -0.37985
188.60          -0.40294
188.80          -0.42604
189.00          -0.44851
189.20          -0.46961
189.40          -0.48845
189.60          -0.50410
189.80          -0.51567
190.00          -0.52239
190.20          -0.52374
190.40          -0.51951
190.60          -0.50987
190.80          -0.49531
191.00          -0.47661
191.20          -0.45471
191.40          -0.43059
191.60          -0.40520
191.80          -0.37937
192.00          -0.35378
192.20          -0.32896
192.40          -0.30526
192.60          -0.28292
192.80          -0.26207
193.00          -0.24275
193.20          -0.22496
193.40          -0.20863
193.60          -0.19370
193.80          -0.18007
194.00          -0.16765
194.20          -0.15633
194.40          -0.14601
194.60          -0.13662
194.80          -0.12805
195.00          -0.12023
195.20          -0.11310
195.40          -0.10657
195.60          -0.10060
195.80          -0.095127
196.00          -0.090106
196.20          -0.085493
196.40          -0.081248
196.60          -0.077339
196.80          -0.073732
197.00          -0.070400
197.20          -0.067319
197.40          -0.064466
197.60          -0.061820
197.80          -0.059364
198.00          -0.057081
198.20          -0.054957
198.40          -0.052978
198.60          -0.051132
198.80          -0.049408
199.00          -0.047798
199.20          -0.046291
199.40          -0.044880
199.60          -0.043557
199.80          -0.042316
200.00          -0.041150
200.20          -0.040055
200.40          -0.039025
200.60          -0.038056
200.80          -0.037142
201.00          -0.036281
201.20          -0.035469
201.40          -0.034702
201.60          -0.033978
201.80          -0.033293
202.00          -0.032646
202.20          -0.032033
202.40          -0.031453
202.60          -0.030904
202.80          -0.030384
203.00          -0.029891
203.20          -0.029423
203.40          -0.028980
203.60          -0.028560
203.80          -0.028161
204.00          -0.027783
204.20          -0.027425
204.40          -0.027087
204.60          -0.026767
204.80          -0.026467
205.00          -0.026187
205.20          -0.025931
205.40          -0.025706
205.60          -0.025532
205.80          -0.025486
206.00          -0.026056
206.20          -0.073318
206.40          -0.025058
206.60          -0.024158
206.80          -0.023893
207.00          -0.023699
207.20          -0.023525
207.40          -0.023361
207.60          -0.023205
207.80          -0.023056
208.00          -0.022913
208.20          -0.022777
208.40          -0.022647
208.60          -0.022523
208.80          -0.022404
209.00          -0.022291
209.20          -0.022183
209.40          -0.022080
209.60          -0.021981
209.80          -0.021888
210.00          -0.021798
210.20          -0.021713
210.40          -0.021632
210.60          -0.021555
210.80          -0.021482
211.00          -0.021412
211.20          -0.021346
211.40          -0.021284
211.60          -0.021224
211.80          -0.021168
212.00          -0.021115
212.20          -0.021064
212.40          -0.021017
212.60          -0.020972
212.80          -0.020930
213.00          -0.020890
213.20          -0.020853
213.40          -0.020818
213.60          -0.020786
213.80          -0.020755
214.00          -0.020727
214.20          -0.020701
214.40          -0.020677
214.60          -0.020655
214.80          -0.020634
215.00          -0.020616
215.20          -0.020599
215.40          -0.020584
215.60          -0.020571
215.80          -0.020559
216.00          -0.020549
216.20          -0.020540
216.40          -0.020533
216.60          -0.020527
216.80          -0.020523
217.00          -0.020520
217.20          -0.020518
217.40          -0.020518
217.60          -0.020519
217.80          -0.020521
218.00          -0.020525
218.20          -0.020529
218.40          -0.020535
218.60          -0.020542
218.80          -0.020550
219.00          -0.020559
219.20          -0.020569
219.40          -0.020580
219.60          -0.020593
219.80          -0.020606
220.00          -0.020620
220.20          -0.020636
220.40          -0.020652
220.60          -0.020669
220.80          -0.020687
221.00          -0.020706
221.20          -0.020726
221.40          -0.020747
221.60          -0.020769
221.80          -0.020792
222.00          -0.020815
222.20          -0.020840
222.40          -0.020865
222.60          -0.020892
222.80          -0.020919
223.00          -0.020947
223.20          -0.020976
223.40          -0.021006
223.60          -0.021037
223.80          -0.021069
224.00          -0.021101
224.20          -0.021135
224.40          -0.021170
224.60          -0.021205
224.80          -0.021242
225.00          -0.021279
