175.00          -0.32620
175.20          -0.32915
175.40          -0.33123
175.60          -0.33239
175.80          -0.33262
176.00          -0.33188
176.20          -0.33019
176.40          -0.32755
176.60          -0.32402
176.80          -0.31963
177.00          -0.31445
177.20          -0.30856
177.40          -0.30204
177.60          -0.29497
177.80          -0.28746
178.00          -0.27958
178.20          -0.27143
178.40          -0.26309
178.60          -0.25463
178.80          -0.24613
179.00          -0.23764
179.20          -0.22923
179.40          -0.22093
179.60          -0.21279
179.80          -0.20484
180.00          -0.19710
180.20          -0.18960
180.40          -0.18235
180.60          -0.17536
180.80          -0.16863
181.00          -0.16218
181.20          -0.15598
181.40          -0.15006
181.60          -0.14439
181.80          -0.13898
182.00          -0.13382
182.20          -0.12890
182.40          -0.12421
182.60          -0.11974
182.80          -0.11549
183.00          -0.11144
183.20          -0.10759
183.40          -0.10392
183.60          -0.10043
183.80          -0.097114
184.00          -0.093956
184.20          -0.090951
184.40          -0.088092
184.60          -0.085370
184.80          -0.082778
185.00          -0.080310
185.20          -0.077959
185.40          -0.075720
185.60          -0.073585
185.80          -0.071551
186.00          -0.069610
186.20          -0.067760
186.40          -0.065994
186.60          -0.064308
186.80          -0.062699
187.00          -0.061162
187.20          -0.059693
187.40          -0.058290
187.60          -0.056948
187.80          -0.055665
188.00          -0.054438
188.20          -0.053263
188.40          -0.052138
188.60          -0.051062
188.80          -0.050030
189.00          -0.049042
189.20          -0.048095
189.40          -0.047186
189.60          -0.046316
189.80          -0.045480
190.00          -0.044678
190.20          -0.043909
190.40          -0.043170
190.60          -0.042460
190.80          -0.041779
191.00          -0.041124
191.20          -0.040495
191.40          -0.039890
191.60          -0.039308
191.80          -0.038749
192.00          -0.038211
192.20          -0.037693
192.40          -0.037195
192.60          -0.036715
192.80          -0.036253
193.00          -0.035809
193.20          -0.035381
193.40          -0.034968
193.60          -0.034571
193.80          -0.034189
194.00          -0.033820
194.20          -0.033464
194.40          -0.033122
194.60          -0.032792
194.80          -0.032473
195.00          -0.032166
195.20          -0.031870
195.40          -0.031585
195.60          -0.031310
195.80          -0.031044
196.00          -0.030788
196.20          -0.030541
196.40          -0.030303
196.60          -0.030073
196.80          -0.029852
197.00          -0.029638
197.20          -0.029432
197.40          -0.029233
197.60          -0.029041
197.80          -0.028856
198.00          -0.028677
198.20          -0.028505
198.40          -0.028339
198.60          -0.028179
198.80          -0.028025
199.00          -0.027876
199.20          -0.027732
199.40          -0.027594
199.60          -0.027461
199.80          -0.027333
200.00          -0.027209
200.20          -0.027090
200.40          -0.026975
200.60          -0.026865
200.80          -0.026759
201.00          -0.026657
201.20          -0.026559
201.40          -0.026464
201.60          -0.026374
201.80          -0.026287
202.00          -0.026203
202.20          -0.026123
202.40          -0.026047
202.60          -0.025973
202.80          -0.025903
203.00          -0.025836
203.20          -0.025772
203.40          -0.025711
203.60          -0.025653
203.80          -0.025598
204.00          -0.025547
204.20          -0.025498
204.40          -0.025453
204.60          -0.025412
204.80          -0.025375
205.00          -0.025343
205.20          -0.025320
205.40          -0.025308
205.60          -0.025323
205.80          -0.025409
206.00          -0.025857
206.20          -0.054372
206.40          -0.025439
206.60          -0.025011
206.80          -0.024946
207.00          -0.024919
207.20          -0.024899
207.40          -0.024882
207.60          -0.024867
207.80          -0.024853
208.00          -0.024840
208.20          -0.024829
208.40          -0.024818
208.60          -0.024809
208.80          -0.024801
209.00          -0.024795
209.20          -0.024789
209.40          -0.024785
209.60          -0.024782
209.80          -0.024780
210.00          -0.024779
210.20          -0.024779
210.40          -0.024781
210.60          -0.024783
210.80          -0.024787
211.00          -0.024791
211.20          -0.024797
211.40          -0.024804
211.60          -0.024812
211.80          -0.024820
212.00          -0.024830
212.20          -0.024841
212.40          -0.024852
212.60          -0.024865
212.80          -0.024878
213.00          -0.024892
213.20          -0.024908
213.40          -0.024924
213.60          -0.024940
213.80          -0.024958
214.00          -0.024976
214.20          -0.024996
214.40          -0.025016
214.60          -0.025037
214.80          -0.025058
215.00          -0.025080
215.20          -0.025103
215.40          -0.025127
215.60          -0.025152
215.80          -0.025177
216.00          -0.025202
216.20          -0.025229
216.40          -0.025256
216.60          -0.025284
216.80          -0.025312
217.00          -0.025342
217.20          -0.025371
217.40          -0.025402
217.60          -0.025433
217.80          -0.025464
218.00          -0.025496
218.20          -0.025529
218.40          -0.025562
218.60          -0.025596
218.80          -0.025631
219.00          -0.025666
219.20          -0.025701
219.40          -0.025738
219.60          -0.025774
219.80          -0.025812
220.00          -0.025850
220.20          -0.025888
220.40          -0.025927
220.60          -0.025966
220.80          -0.026007
221.00          -0.026047
221.20          -0.026088
221.40          -0.026130
221.60          -0.026172
221.80          -0.026215
222.00          -0.026258
222.20          -0.026302
222.40          -0.026347
222.60          -0.026392
222.80          -0.026437
223.00          -0.026484
223.20          -0.026530
223.40          -0.026578
223.60          -0.026626
223.80          -0.026675
224.00          -0.026724
224.20          -0.026774
224.40          -0.026824
224.60          -0.026876
224.80          -0.026928
225.00          -0.026981
