175.00          -0.23090
175.20          -0.22398
175.40          -0.21710
175.60          -0.21028
175.80          -0.20356
176.00          -0.19695
176.20          -0.19048
176.40          -0.18416
176.60          -0.17801
176.80          -0.17204
177.00          -0.16625
177.20          -0.16065
177.40          -0.15524
177.60          -0.15003
177.80          -0.14501
178.00          -0.14018
178.20          -0.13554
178.40          -0.13108
178.60          -0.12680
178.80          -0.12270
179.00          -0.11877
179.20          -0.11501
179.40          -0.11140
179.60          -0.10795
179.80          -0.10464
180.00          -0.10148
180.20          -0.098457
180.40          -0.095562
180.60          -0.092792
180.80          -0.090142
181.00          -0.087606
181.20          -0.085179
181.40          -0.082857
181.60          -0.080634
181.80          -0.078506
182.00          -0.076469
182.20          -0.074519
182.40          -0.072650
182.60          -0.070860
182.80          -0.069146
183.00          -0.067502
183.20          -0.065927
183.40          -0.064416
183.60          -0.062968
183.80          -0.061578
184.00          -0.060245
184.20          -0.058965
184.40          -0.057737
184.60          -0.056558
184.80          -0.055425
185.00          -0.054337
185.20          -0.053292
185.40          -0.052287
185.60          -0.051321
185.80          -0.050392
186.00          -0.049499
186.20          -0.048640
186.40          -0.047813
186.60          -0.047017
186.80          -0.046251
187.00          -0.045513
187.20          -0.044803
187.40          -0.044119
187.60          -0.043460
187.80          -0.042825
188.00          -0.042213
188.20          -0.041623
188.40          -0.041054
188.60          -0.040505
188.80          -0.039976
189.00          -0.039466
189.20          -0.038973
189.40          -0.038498
189.60          -0.038040
189.80          -0.037597
190.00          -0.037170
190.20          -0.036757
190.40          -0.036359
190.60          -0.035975
190.80          -0.035603
191.00          -0.035245
191.20          -0.034898
191.40          -0.034564
191.60          -0.034240
191.80          -0.033928
192.00          -0.033626
192.20          -0.033334
192.40          -0.033053
192.60          -0.032780
192.80          -0.032517
193.00          -0.032263
193.20          -0.032017
193.40          -0.031779
193.60          -0.031550
193.80          -0.031328
194.00          -0.031113
194.20          -0.030906
194.40          -0.030706
194.60          -0.030512
194.80          -0.030325
195.00          -0.030144
195.20          -0.029970
195.40          -0.029801
195.60          -0.029638
195.80          -0.029481
196.00          -0.029329
196.20          -0.029182
196.40          -0.029041
196.60          -0.028904
196.80          -0.028772
197.00          -0.028645
197.20          -0.028522
197.40          -0.028404
197.60          -0.028289
197.80          -0.028179
198.00          -0.028073
198.20          -0.027971
198.40          -0.027873
198.60          -0.027778
198.80          -0.027687
199.00          -0.027599
199.20          -0.027515
199.40          -0.027434
199.60          -0.027356
199.80          -0.027281
200.00          -0.027209
200.20          -0.027141
200.40          -0.027075
200.60          -0.027012
200.80          -0.026951
201.00          -0.026894
201.20          -0.026839
201.40          -0.026786
201.60          -0.026736
201.80          -0.026689
202.00          -0.026644
202.20          -0.026601
202.40          -0.026560
202.60          -0.026522
202.80          -0.026486
203.00          -0.026452
203.20          -0.026421
203.40          -0.026391
203.60          -0.026364
203.80          -0.026339
204.00          -0.026316
204.20          -0.026296
204.40          -0.026278
204.60          -0.026263
204.80          -0.026252
205.00          -0.026245
205.20          -0.026245
205.40          -0.026257
205.60          -0.026291
205.80          -0.026390
206.00          -0.026822
206.20          -0.053093
206.40          -0.026476
206.60          -0.026103
206.80          -0.026063
207.00          -0.026056
207.20          -0.026056
207.40          -0.026058
207.60          -0.026062
207.80          -0.026067
208.00          -0.026072
208.20          -0.026078
208.40          -0.026085
208.60          -0.026093
208.80          -0.026102
209.00          -0.026112
209.20          -0.026122
209.40          -0.026134
209.60          -0.026146
209.80          -0.026160
210.00          -0.026174
210.20          -0.026189
210.40          -0.026205
210.60          -0.026221
210.80          -0.026239
211.00          -0.026257
211.20          -0.026276
211.40          -0.026296
211.60          -0.026317
211.80          -0.026338
212.00          -0.026360
212.20          -0.026383
212.40          -0.026407
212.60          -0.026431
212.80          -0.026456
213.00          -0.026482
213.20          -0.026508
213.40          -0.026535
213.60          -0.026563
213.80          -0.026591
214.00          -0.026620
214.20          -0.026649
214.40          -0.026679
214.60          -0.026710
214.80          -0.026741
215.00          -0.026773
215.20          -0.026805
215.40          -0.026838
215.60          -0.026871
215.80          -0.026905
216.00          -0.026940
216.20          -0.026975
216.40          -0.027010
216.60          -0.027046
216.80          -0.027082
217.00          -0.027119
217.20          -0.027156
217.40          -0.027194
217.60          -0.027232
217.80          -0.027271
218.00          -0.027310
218.20          -0.027349
218.40          -0.027389
218.60          -0.027429
218.80          -0.027470
219.00          -0.027511
219.20          -0.027552
219.40          -0.027594
219.60          -0.027636
219.80          -0.027678
220.00          -0.027721
220.20          -0.027764
220.40          -0.027808
220.60          -0.027852
220.80          -0.027896
221.00          -0.027940
221.20          -0.027985
221.40          -0.028030
221.60          -0.028076
221.80          -0.028121
222.00          -0.028168
222.20          -0.028214
222.40          -0.028261
222.60          -0.028308
222.80          -0.028355
223.00          -0.028403
223.20          -0.028451
223.40          -0.028499
223.60          -0.028548
223.80          -0.028597
224.00          -0.028646
224.20          -0.028696
224.40          -0.028745
224.60          -0.028796
224.80          -0.028846
225.00          -0.028897
