175.00          -0.091683
175.20          -0.089423
175.40          -0.087247
175.60          -0.085153
175.80          -0.083136
176.00          -0.081195
176.20          -0.079326
176.40          -0.077527
176.60          -0.075795
176.80          -0.074127
177.00          -0.072520
177.20          -0.070972
177.40          -0.069482
177.60          -0.068045
177.80          -0.066662
178.00          -0.065328
178.20          -0.064043
178.40          -0.062804
178.60          -0.061609
178.80          -0.060457
179.00          -0.059347
179.20          -0.058275
179.40          -0.057242
179.60          -0.056244
179.80          -0.055282
180.00          -0.054353
180.20          -0.053456
180.40          -0.052591
180.60          -0.051755
180.80          -0.050947
181.00          -0.050168
181.20          -0.049414
181.40          -0.048687
181.60          -0.047983
181.80          -0.047303
182.00          -0.046646
182.20          -0.046011
182.40          -0.045397
182.60          -0.044803
182.80          -0.044229
183.00          -0.043673
183.20          -0.043136
183.40          -0.042616
183.60          -0.042113
183.80          -0.041626
184.00          -0.041155
184.20          -0.040700
184.40          -0.040258
184.60          -0.039831
184.80          -0.039418
185.00          -0.039017
185.20          -0.038630
185.40          -0.038255
185.60          -0.037891
185.80          -0.037539
186.00          -0.037199
186.20          -0.036869
186.40          -0.036549
186.60          -0.036239
186.80          -0.035940
187.00          -0.035649
187.20          -0.035368
187.40          -0.035096
187.60          -0.034832
187.80          -0.034576
188.00          -0.034329
188.20          -0.034089
188.40          -0.033857
188.60          -0.033632
188.80          -0.033415
189.00          -0.033204
189.20          -0.033000
189.40          -0.032802
189.60          -0.032611
189.80          -0.032426
190.00          -0.032247
190.20          -0.032073
190.40          -0.031906
190.60          -0.031743
190.80          -0.031586
191.00          -0.031434
191.20          -0.031288
191.40          -0.031146
191.60          -0.031009
191.80          -0.030876
192.00          -0.030748
192.20          -0.030624
192.40          -0.030505
192.60          -0.030390
192.80          -0.030279
193.00          -0.030171
193.20          -0.030068
193.40          -0.029968
193.60          -0.029872
193.80          -0.029780
194.00          -0.029691
194.20          -0.029605
194.40          -0.029523
194.60          -0.029444
194.80          -0.029367
195.00          -0.029295
195.20          -0.029225
195.40          -0.029158
195.60          -0.029093
195.80          -0.029032
196.00          -0.028973
196.20          -0.028917
196.40          -0.028864
196.60          -0.028813
196.80          -0.028764
197.00          -0.028718
197.20          -0.028674
197.40          -0.028633
197.60          -0.028594
197.80          -0.028557
198.00          -0.028522
198.20          -0.028490
198.40          -0.028459
198.60          -0.028430
198.80          -0.028404
199.00          -0.028379
199.20          -0.028356
199.40          -0.028336
199.60          -0.028317
199.80          -0.028299
200.00          -0.028284
200.20          -0.028270
200.40          -0.028258
200.60          -0.028247
200.80          -0.028239
201.00          -0.028231
201.20          -0.028226
201.40          -0.028222
201.60          -0.028219
201.80          -0.028218
202.00          -0.028218
202.20          -0.028220
202.40          -0.028223
202.60          -0.028228
202.80          -0.028234
203.00          -0.028241
203.20          -0.028250
203.40          -0.028261
203.60          -0.028272
203.80          -0.028286
204.00          -0.028300
204.20          -0.028317
204.40          -0.028335
204.60          -0.028356
204.80          -0.028380
205.00          -0.028407
205.20          -0.028439
205.40          -0.028481
205.60          -0.028544
205.80          -0.028663
206.00          -0.029078
206.20          -0.052477
206.40          -0.028832
206.60          -0.028531
206.80          -0.028526
207.00          -0.028549
207.20          -0.028579
207.40          -0.028610
207.60          -0.028642
207.80          -0.028675
208.00          -0.028708
208.20          -0.028741
208.40          -0.028775
208.60          -0.028810
208.80          -0.028845
209.00          -0.028881
209.20          -0.028917
209.40          -0.028954
209.60          -0.028991
209.80          -0.029029
210.00          -0.029068
210.20          -0.029107
210.40          -0.029146
210.60          -0.029187
210.80          -0.029227
211.00          -0.029268
211.20          -0.029310
211.40          -0.029352
211.60          -0.029395
211.80          -0.029438
212.00          -0.029481
212.20          -0.029525
212.40          -0.029569
212.60          -0.029614
212.80          -0.029659
213.00          -0.029704
213.20          -0.029750
213.40          -0.029796
213.60          -0.029843
213.80          -0.029890
214.00          -0.029937
214.20          -0.029985
214.40          -0.030032
214.60          -0.030080
214.80          -0.030129
215.00          -0.030177
215.20          -0.030226
215.40          -0.030275
215.60          -0.030324
215.80          -0.030373
216.00          -0.030423
216.20          -0.030473
216.40          -0.030522
216.60          -0.030572
216.80          -0.030622
217.00          -0.030672
217.20          -0.030723
217.40          -0.030773
217.60          -0.030823
217.80          -0.030874
218.00          -0.030924
218.20          -0.030974
218.40          -0.031025
218.60          -0.031075
218.80          -0.031125
219.00          -0.031176
219.20          -0.031226
219.40          -0.031276
219.60          -0.031326
219.80          -0.031375
220.00          -0.031425
220.20          -0.031474
220.40          -0.031523
220.60          -0.031572
220.80          -0.031621
221.00          -0.031670
221.20          -0.031718
221.40          -0.031766
221.60          -0.031813
221.80          -0.031861
222.00          -0.031907
222.20          -0.031954
222.40          -0.032000
222.60          -0.032046
222.80          -0.032091
223.00          -0.032135
223.20          -0.032179
223.40          -0.032223
223.60          -0.032266
223.80          -0.032309
224.00          -0.032351
224.20          -0.032392
224.40          -0.032432
224.60          -0.032472
224.80          -0.032511
225.00          -0.032550
