175.00          -0.063590
175.20          -0.062364
175.40          -0.061272
175.60          -0.060298
175.80          -0.059430
176.00          -0.058656
176.20          -0.057967
176.40          -0.057356
176.60          -0.056814
176.80          -0.056336
177.00          -0.055917
177.20          -0.055551
177.40          -0.055236
177.60          -0.054967
177.80          -0.054743
178.00          -0.054561
178.20          -0.054420
178.40          -0.054319
178.60          -0.054260
178.80          -0.054244
179.00          -0.054273
179.20          -0.054353
179.40          -0.054491
179.60          -0.054702
179.80          -0.055004
180.00          -0.055431
180.20          -0.056039
180.40          -0.056932
180.60          -0.058319
180.80          -0.060681
181.00          -0.065385
181.20          -0.077967
181.40          -0.14909
181.60          -1.1348
181.80          -0.068950
182.00          -0.052860
182.20          -0.050553
182.40          -0.050175
182.60          -0.050247
182.80          -0.050443
183.00          -0.050672
183.20          -0.050905
183.40          -0.051132
183.60          -0.051352
183.80          -0.051564
184.00          -0.051769
184.20          -0.051968
184.40          -0.052162
184.60          -0.052353
184.80          -0.052540
185.00          -0.052725
185.20          -0.052909
185.40          -0.053090
185.60          -0.053271
185.80          -0.053452
186.00          -0.053631
186.20          -0.053811
186.40          -0.053991
186.60          -0.054170
186.80          -0.054350
187.00          -0.054530
187.20          -0.054711
187.40          -0.054892
187.60          -0.055073
187.80          -0.055255
188.00          -0.055438
188.20          -0.055621
188.40          -0.055805
188.60          -0.055990
188.80          -0.056175
189.00          -0.056361
189.20          -0.056548
189.40          -0.056735
189.60          -0.056923
189.80          -0.057112
190.00          -0.057302
190.20          -0.057492
190.40          -0.057683
190.60          -0.057875
190.80          -0.058067
191.00          -0.058260
191.20          -0.058454
191.40          -0.058648
191.60          -0.058844
191.80          -0.059040
192.00          -0.059236
192.20          -0.059434
192.40          -0.059632
192.60          -0.059831
192.80          -0.060030
193.00          -0.060231
193.20          -0.060432
193.40          -0.060633
193.60          -0.060836
193.80          -0.061039
194.00          -0.061243
194.20          -0.061448
194.40          -0.061653
194.60          -0.061859
194.80          -0.062066
195.00          -0.062274
195.20          -0.062483
195.40          -0.062692
195.60          -0.062903
195.80          -0.063114
196.00          -0.063326
196.20          -0.063539
196.40          -0.063753
196.60          -0.063967
196.80          -0.064183
197.00          -0.064400
197.20          -0.064618
197.40          -0.064836
197.60          -0.065056
197.80          -0.065278
198.00          -0.065500
198.20          -0.065724
198.40          -0.065948
198.60          -0.066175
198.80          -0.066402
199.00          -0.066632
199.20          -0.066863
199.40          -0.067095
199.60          -0.067329
199.80          -0.067566
200.00          -0.067804
200.20          -0.068045
200.40          -0.068288
200.60          -0.068533
200.80          -0.068781
201.00          -0.069033
201.20          -0.069287
201.40          -0.069545
201.60          -0.069807
201.80          -0.070074
202.00          -0.070345
202.20          -0.070622
202.40          -0.070906
202.60          -0.071196
202.80          -0.071495
203.00          -0.071803
203.20          -0.072123
203.40          -0.072457
203.60          -0.072809
203.80          -0.073182
204.00          -0.073583
204.20          -0.074023
204.40          -0.074516
204.60          -0.075091
204.80          -0.075795
205.00          -0.076732
205.20          -0.078142
205.40          -0.080751
205.60          -0.087710
205.80          -0.13233
206.00          -0.44659
206.20          -0.091607
206.40          -0.081196
206.60          -0.079505
206.80          -0.079409
207.00          -0.079862
207.20          -0.080617
207.40          -0.081624
207.60          -0.082915
207.80          -0.084585
208.00          -0.086816
208.20          -0.089958
208.40          -0.094718
208.60          -0.10272
208.80          -0.11836
209.00          -0.15538
209.20          -0.22315
209.40          -0.13559
209.60          -0.081819
209.80          -0.071446
210.00          -0.069540
210.20          -0.069585
210.40          -0.070139
210.60          -0.070810
210.80          -0.071481
211.00          -0.072115
211.20          -0.072705
211.40          -0.073252
211.60          -0.073761
211.80          -0.074236
212.00          -0.074682
212.20          -0.075103
212.40          -0.075502
212.60          -0.075883
212.80          -0.076248
213.00          -0.076599
213.20          -0.076938
213.40          -0.077265
213.60          -0.077583
213.80          -0.077893
214.00          -0.078195
214.20          -0.078491
214.40          -0.078780
214.60          -0.079064
214.80          -0.079343
215.00          -0.079617
215.20          -0.079887
215.40          -0.080154
215.60          -0.080417
215.80          -0.080677
216.00          -0.080935
216.20          -0.081189
216.40          -0.081441
216.60          -0.081691
216.80          -0.081939
217.00          -0.082185
217.20          -0.082429
217.40          -0.082672
217.60          -0.082913
217.80          -0.083152
218.00          -0.083391
218.20          -0.083628
218.40          -0.083863
218.60          -0.084098
218.80          -0.084332
219.00          -0.084564
219.20          -0.084796
219.40          -0.085027
219.60          -0.085257
219.80          -0.085487
220.00          -0.085716
220.20          -0.085944
220.40          -0.086172
220.60          -0.086399
220.80          -0.086626
221.00          -0.086852
221.20          -0.087078
221.40          -0.087304
221.60          -0.087529
221.80          -0.087754
222.00          -0.087979
222.20          -0.088204
222.40          -0.088429
222.60          -0.088653
222.80          -0.088878
223.00          -0.089102
223.20          -0.089327
223.40          -0.089552
223.60          -0.089777
223.80          -0.090003
224.00          -0.090229
224.20          -0.090455
224.40          -0.090681
224.60          -0.090909
224.80          -0.091136
225.00          -0.091365
