175.00          -0.15770
175.20          -0.16469
175.40          -0.17239
175.60          -0.18091
175.80          -0.19036
176.00          -0.20090
176.20          -0.21270
176.40          -0.22594
176.60          -0.24086
176.80          -0.25776
177.00          -0.27697
177.20          -0.29888
177.40          -0.32398
177.60          -0.35282
177.80          -0.38604
178.00          -0.42437
178.20          -0.46858
178.40          -0.51942
178.60          -0.57748
178.80          -0.64296
179.00          -0.71521
179.20          -0.79222
179.40          -0.86992
179.60          -0.94172
179.80          -0.99882
180.00          -1.0319
180.20          -1.0340
180.40          -1.0036
180.60          -0.94518
180.80          -0.86779
181.00          -0.78142
181.20          -0.69449
181.40          -0.61260
181.60          -0.53873
181.80          -0.47392
182.00          -0.41802
182.20          -0.37027
182.40          -0.32968
182.60          -0.29523
182.80          -0.26598
183.00          -0.24108
183.20          -0.21982
183.40          -0.20162
183.60          -0.18596
183.80          -0.17243
184.00          -0.16071
184.20          -0.15051
184.40          -0.14160
184.60          -0.13379
184.80          -0.12691
185.00          -0.12084
185.20          -0.11547
185.40          -0.11070
185.60          -0.10645
185.80          -0.10265
186.00          -0.099254
186.20          -0.096207
186.40          -0.093469
186.60          -0.091003
186.80          -0.088778
187.00          -0.086768
187.20          -0.084949
187.40          -0.083300
187.60          -0.081805
187.80          -0.080448
188.00          -0.079214
188.20          -0.078092
188.40          -0.077072
188.60          -0.076142
188.80          -0.075296
189.00          -0.074525
189.20          -0.073824
189.40          -0.073185
189.60          -0.072604
189.80          -0.072075
190.00          -0.071595
190.20          -0.071159
190.40          -0.070765
190.60          -0.070407
190.80          -0.070085
191.00          -0.069795
191.20          -0.069534
191.40          -0.069301
191.60          -0.069094
191.80          -0.068911
192.00          -0.068749
192.20          -0.068608
192.40          -0.068486
192.60          -0.068382
192.80          -0.068295
193.00          -0.068224
193.20          -0.068167
193.40          -0.068123
193.60          -0.068093
193.80          -0.068075
194.00          -0.068068
194.20          -0.068072
194.40          -0.068085
194.60          -0.068109
194.80          -0.068141
195.00          -0.068182
195.20          -0.068231
195.40          -0.068288
195.60          -0.068352
195.80          -0.068423
196.00          -0.068500
196.20          -0.068584
196.40          -0.068674
196.60          -0.068770
196.80          -0.068871
197.00          -0.068978
197.20          -0.069091
197.40          -0.069208
197.60          -0.069331
197.80          -0.069459
198.00          -0.069592
198.20          -0.069730
198.40          -0.069873
198.60          -0.070022
198.80          -0.070177
199.00          -0.070337
199.20          -0.070504
199.40          -0.070677
199.60          -0.070858
199.80          -0.071048
200.00          -0.071247
200.20          -0.071458
200.40          -0.071682
200.60          -0.071923
200.80          -0.072185
201.00          -0.072474
201.20          -0.072799
201.40          -0.073174
201.60          -0.073621
201.80          -0.074177
202.00          -0.074909
202.20          -0.075955
202.40          -0.077627
202.60          -0.080805
202.80          -0.088980
203.00          -0.13160
203.20          -1.7611
203.40          -0.091374
203.60          -0.075516
203.80          -0.073117
204.00          -0.072617
204.20          -0.072593
204.40          -0.072724
204.60          -0.072911
204.80          -0.073118
205.00          -0.073331
205.20          -0.073545
205.40          -0.073757
205.60          -0.073966
205.80          -0.074172
206.00          -0.074374
206.20          -0.074575
206.40          -0.074772
206.60          -0.074967
206.80          -0.075161
207.00          -0.075352
207.20          -0.075542
207.40          -0.075730
207.60          -0.075917
207.80          -0.076102
208.00          -0.076287
208.20          -0.076470
208.40          -0.076653
208.60          -0.076834
208.80          -0.077015
209.00          -0.077195
209.20          -0.077375
209.40          -0.077553
209.60          -0.077731
209.80          -0.077909
210.00          -0.078086
210.20          -0.078262
210.40          -0.078438
210.60          -0.078613
210.80          -0.078787
211.00          -0.078961
211.20          -0.079135
211.40          -0.079308
211.60          -0.079481
211.80          -0.079653
212.00          -0.079825
212.20          -0.079996
212.40          -0.080166
212.60          -0.080337
212.80          -0.080506
213.00          -0.080675
213.20          -0.080844
213.40          -0.081012
213.60          -0.081180
213.80          -0.081347
214.00          -0.081514
214.20          -0.081681
214.40          -0.081846
214.60          -0.082012
214.80          -0.082176
215.00          -0.082341
215.20          -0.082504
215.40          -0.082668
215.60          -0.082830
215.80          -0.082993
216.00          -0.083154
216.20          -0.083315
216.40          -0.083476
216.60          -0.083636
216.80          -0.083795
217.00          -0.083954
217.20          -0.084113
217.40          -0.084271
217.60          -0.084428
217.80          -0.084585
218.00          -0.084741
218.20          -0.084896
218.40          -0.085051
218.60          -0.085206
218.80          -0.085360
219.00          -0.085513
219.20          -0.085666
219.40          -0.085818
219.60          -0.085970
219.80          -0.086121
220.00          -0.086271
220.20          -0.086421
220.40          -0.086571
220.60          -0.086720
220.80          -0.086868
221.00          -0.087016
221.20          -0.087164
221.40          -0.087311
221.60          -0.087458
221.80          -0.087604
222.00          -0.087750
222.20          -0.087896
222.40          -0.088042
222.60          -0.088189
222.80          -0.088335
223.00          -0.088483
223.20          -0.088632
223.40          -0.088783
223.60          -0.088938
223.80          -0.089099
224.00          -0.089272
224.20          -0.089464
224.40          -0.089700
224.60          -0.090047
224.80          -0.090797
225.00          -0.094902
