175.00          -0.026181
175.20          -0.026226
175.40          -0.026271
175.60          -0.026316
175.80          -0.026361
176.00          -0.026406
176.20          -0.026451
176.40          -0.026497
176.60          -0.026542
176.80          -0.026588
177.00          -0.026633
177.20          -0.026679
177.40          -0.026725
177.60          -0.026771
177.80          -0.026817
178.00          -0.026863
178.20          -0.026909
178.40          -0.026955
178.60          -0.027001
178.80          -0.027048
179.00          -0.027094
179.20          -0.027141
179.40          -0.027188
179.60          -0.027235
179.80          -0.027281
180.00          -0.027328
180.20          -0.027375
180.40          -0.027423
180.60          -0.027470
180.80          -0.027517
181.00          -0.027565
181.20          -0.027612
181.40          -0.027660
181.60          -0.027708
181.80          -0.027755
182.00          -0.027803
182.20          -0.027851
182.40          -0.027899
182.60          -0.027948
182.80          -0.027996
183.00          -0.028044
183.20          -0.028093
183.40          -0.028141
183.60          -0.028190
183.80          -0.028239
184.00          -0.028287
184.20          -0.028336
184.40          -0.028385
184.60          -0.028435
184.80          -0.028484
185.00          -0.028533
185.20          -0.028583
185.40          -0.028632
185.60          -0.028682
185.80          -0.028731
186.00          -0.028781
186.20          -0.028831
186.40          -0.028881
186.60          -0.028931
186.80          -0.028981
187.00          -0.029032
187.20          -0.029082
187.40          -0.029133
187.60          -0.029183
187.80          -0.029234
188.00          -0.029285
188.20          -0.029336
188.40          -0.029387
188.60          -0.029438
188.80          -0.029489
189.00          -0.029540
189.20          -0.029592
189.40          -0.029643
189.60          -0.029695
189.80          -0.029746
190.00          -0.029798
190.20          -0.029850
190.40          -0.029902
190.60          -0.029954
190.80          -0.030006
191.00          -0.030059
191.20          -0.030111
191.40          -0.030164
191.60          -0.030216
191.80          -0.030269
192.00          -0.030322
192.20          -0.030375
192.40          -0.030428
192.60          -0.030481
192.80          -0.030535
193.00          -0.030588
193.20          -0.030642
193.40          -0.030695
193.60          -0.030749
193.80          -0.030803
194.00          -0.030857
194.20          -0.030911
194.40          -0.030965
194.60          -0.031020
194.80          -0.031074
195.00          -0.031129
195.20          -0.031183
195.40          -0.031238
195.60          -0.031293
195.80          -0.031348
196.00          -0.031403
196.20          -0.031459
196.40          -0.031514
196.60          -0.031570
196.80          -0.031625
197.00          -0.031681
197.20          -0.031737
197.40          -0.031793
197.60          -0.031849
197.80          -0.031906
198.00          -0.031962
198.20          -0.032019
198.40          -0.032076
198.60          -0.032133
198.80          -0.032190
199.00          -0.032247
199.20          -0.032305
199.40          -0.032363
199.60          -0.032421
199.80          -0.032479
200.00          -0.032537
200.20          -0.032595
200.40          -0.032654
200.60          -0.032713
200.80          -0.032772
201.00          -0.032832
201.20          -0.032891
201.40          -0.032951
201.60          -0.033012
201.80          -0.033073
202.00          -0.033134
202.20          -0.033195
202.40          -0.033258
202.60          -0.033320
202.80          -0.033384
203.00          -0.033448
203.20          -0.033513
203.40          -0.033580
203.60          -0.033648
203.80          -0.033719
204.00          -0.033792
204.20          -0.033869
204.40          -0.033951
204.60          -0.034043
204.80          -0.034148
205.00          -0.034281
205.20          -0.034468
205.40          -0.034798
205.60          -0.035671
205.80          -0.042111
206.00          -0.048758
206.20          -0.035188
206.40          -0.034561
206.60          -0.034483
206.80          -0.034504
207.00          -0.034553
207.20          -0.034613
207.40          -0.034677
207.60          -0.034743
207.80          -0.034809
208.00          -0.034877
208.20          -0.034945
208.40          -0.035013
208.60          -0.035081
208.80          -0.035149
209.00          -0.035218
209.20          -0.035287
209.40          -0.035357
209.60          -0.035427
209.80          -0.035497
210.00          -0.035568
210.20          -0.035640
210.40          -0.035712
210.60          -0.035785
210.80          -0.035859
211.00          -0.035934
211.20          -0.036010
211.40          -0.036087
211.60          -0.036165
211.80          -0.036245
212.00          -0.036327
212.20          -0.036410
212.40          -0.036496
212.60          -0.036584
212.80          -0.036675
213.00          -0.036769
213.20          -0.036867
213.40          -0.036970
213.60          -0.037078
213.80          -0.037193
214.00          -0.037316
214.20          -0.037448
214.40          -0.037593
214.60          -0.037752
214.80          -0.037930
215.00          -0.038134
215.20          -0.038370
215.40          -0.038651
215.60          -0.038994
215.80          -0.039427
216.00          -0.039993
216.20          -0.040769
216.40          -0.041894
216.60          -0.043651
216.80          -0.046680
217.00          -0.052722
217.20          -0.068002
217.40          -0.13021
217.60          -1.2532
217.80          -0.26683
218.00          -0.081283
218.20          -0.054976
218.40          -0.046815
218.60          -0.043334
218.80          -0.041572
219.00          -0.040582
219.20          -0.039987
219.40          -0.039616
219.60          -0.039379
219.80          -0.039228
220.00          -0.039134
220.20          -0.039079
220.40          -0.039053
220.60          -0.039046
220.80          -0.039055
221.00          -0.039076
221.20          -0.039105
221.40          -0.039141
221.60          -0.039183
221.80          -0.039229
222.00          -0.039278
222.20          -0.039331
222.40          -0.039386
222.60          -0.039443
222.80          -0.039502
223.00          -0.039562
223.20          -0.039624
223.40          -0.039686
223.60          -0.039750
223.80          -0.039814
224.00          -0.039879
224.20          -0.039945
224.40          -0.040012
224.60          -0.040078
224.80          -0.040146
225.00          -0.040214
