175.00          -0.027999
175.20          -0.028051
175.40          -0.028103
175.60          -0.028154
175.80          -0.028206
176.00          -0.028258
176.20          -0.028310
176.40          -0.028362
176.60          -0.028415
176.80          -0.028467
177.00          -0.028520
177.20          -0.028572
177.40          -0.028625
177.60          -0.028678
177.80          -0.028731
178.00          -0.028784
178.20          -0.028837
178.40          -0.028890
178.60          -0.028944
178.80          -0.028997
179.00          -0.029051
179.20          -0.029105
179.40          -0.029159
179.60          -0.029213
179.80          -0.029267
180.00          -0.029321
180.20          -0.029375
180.40          -0.029430
180.60          -0.029484
180.80          -0.029539
181.00          -0.029594
181.20          -0.029649
181.40          -0.029704
181.60          -0.029759
181.80          -0.029814
182.00          -0.029870
182.20          -0.029925
182.40          -0.029981
182.60          -0.030036
182.80          -0.030092
183.00          -0.030148
183.20          -0.030205
183.40          -0.030261
183.60          -0.030317
183.80          -0.030374
184.00          -0.030430
184.20          -0.030487
184.40          -0.030544
184.60          -0.030601
184.80          -0.030658
185.00          -0.030715
185.20          -0.030773
185.40          -0.030830
185.60          -0.030888
185.80          -0.030946
186.00          -0.031003
186.20          -0.031061
186.40          -0.031120
186.60          -0.031178
186.80          -0.031236
187.00          -0.031295
187.20          -0.031354
187.40          -0.031412
187.60          -0.031471
187.80          -0.031530
188.00          -0.031590
188.20          -0.031649
188.40          -0.031709
188.60          -0.031768
188.80          -0.031828
189.00          -0.031888
189.20          -0.031948
189.40          -0.032008
189.60          -0.032069
189.80          -0.032129
190.00          -0.032190
190.20          -0.032251
190.40          -0.032312
190.60          -0.032373
190.80          -0.032434
191.00          -0.032496
191.20          -0.032558
191.40          -0.032619
191.60          -0.032681
191.80          -0.032743
192.00          -0.032806
192.20          -0.032868
192.40          -0.032931
192.60          -0.032994
192.80          -0.033057
193.00          -0.033120
193.20          -0.033183
193.40          -0.033247
193.60          -0.033311
193.80          -0.033375
194.00          -0.033439
194.20          -0.033503
194.40          -0.033568
194.60          -0.033633
194.80          -0.033698
195.00          -0.033763
195.20          -0.033828
195.40          -0.033894
195.60          -0.033960
195.80          -0.034026
196.00          -0.034092
196.20          -0.034159
196.40          -0.034226
196.60          -0.034293
196.80          -0.034361
197.00          -0.034429
197.20          -0.034497
197.40          -0.034565
197.60          -0.034634
197.80          -0.034703
198.00          -0.034773
198.20          -0.034843
198.40          -0.034913
198.60          -0.034984
198.80          -0.035055
199.00          -0.035127
199.20          -0.035199
199.40          -0.035272
199.60          -0.035346
199.80          -0.035420
200.00          -0.035494
200.20          -0.035570
200.40          -0.035646
200.60          -0.035723
200.80          -0.035801
201.00          -0.035880
201.20          -0.035961
201.40          -0.036042
201.60          -0.036126
201.80          -0.036210
202.00          -0.036297
202.20          -0.036387
202.40          -0.036478
202.60          -0.036573
202.80          -0.036672
203.00          -0.036776
203.20          -0.036885
203.40          -0.037002
203.60          -0.037128
203.80          -0.037268
204.00          -0.037425
204.20          -0.037608
204.40          -0.037831
204.60          -0.038117
204.80          -0.038515
205.00          -0.039135
205.20          -0.040279
205.40          -0.043092
205.60          -0.055943
205.80          -0.59788
206.00          -0.048761
206.20          -0.039538
206.40          -0.038172
206.60          -0.037853
206.80          -0.037803
207.00          -0.037846
207.20          -0.037929
207.40          -0.038029
207.60          -0.038140
207.80          -0.038258
208.00          -0.038382
208.20          -0.038510
208.40          -0.038644
208.60          -0.038783
208.80          -0.038929
209.00          -0.039083
209.20          -0.039246
209.40          -0.039420
209.60          -0.039608
209.80          -0.039812
210.00          -0.040036
210.20          -0.040286
210.40          -0.040566
210.60          -0.040887
210.80          -0.041259
211.00          -0.041699
211.20          -0.042231
211.40          -0.042888
211.60          -0.043723
211.80          -0.044820
212.00          -0.046320
212.20          -0.048469
212.40          -0.051748
212.60          -0.057179
212.80          -0.067287
213.00          -0.089827
213.20          -0.15930
213.40          -0.62593
213.60          -2.9618
213.80          -0.24942
214.00          -0.10437
214.20          -0.070082
214.40          -0.057106
214.60          -0.050919
214.80          -0.047537
215.00          -0.045515
215.20          -0.044230
215.40          -0.043377
215.60          -0.042793
215.80          -0.042385
216.00          -0.042097
216.20          -0.041893
216.40          -0.041750
216.60          -0.041652
216.80          -0.041587
217.00          -0.041549
217.20          -0.041530
217.40          -0.041528
217.60          -0.041538
217.80          -0.041559
218.00          -0.041588
218.20          -0.041624
218.40          -0.041666
218.60          -0.041713
218.80          -0.041763
219.00          -0.041817
219.20          -0.041874
219.40          -0.041934
219.60          -0.041996
219.80          -0.042059
220.00          -0.042125
220.20          -0.042192
220.40          -0.042260
220.60          -0.042329
220.80          -0.042399
221.00          -0.042470
221.20          -0.042542
221.40          -0.042615
221.60          -0.042688
221.80          -0.042763
222.00          -0.042837
222.20          -0.042912
222.40          -0.042988
222.60          -0.043064
222.80          -0.043140
223.00          -0.043217
223.20          -0.043294
223.40          -0.043372
223.60          -0.043450
223.80          -0.043528
224.00          -0.043606
224.20          -0.043685
224.40          -0.043764
224.60          -0.043843
224.80          -0.043923
225.00          -0.044002
