175.00          -0.031114
175.20          -0.031178
175.40          -0.031243
175.60          -0.031307
175.80          -0.031371
176.00          -0.031436
176.20          -0.031501
176.40          -0.031566
176.60          -0.031631
176.80          -0.031697
177.00          -0.031762
177.20          -0.031828
177.40          -0.031894
177.60          -0.031960
177.80          -0.032026
178.00          -0.032092
178.20          -0.032159
178.40          -0.032226
178.60          -0.032293
178.80          -0.032360
179.00          -0.032427
179.20          -0.032495
179.40          -0.032562
179.60          -0.032630
179.80          -0.032698
180.00          -0.032766
180.20          -0.032835
180.40          -0.032903
180.60          -0.032972
180.80          -0.033041
181.00          -0.033110
181.20          -0.033180
181.40          -0.033249
181.60          -0.033319
181.80          -0.033389
182.00          -0.033459
182.20          -0.033530
182.40          -0.033601
182.60          -0.033671
182.80          -0.033742
183.00          -0.033814
183.20          -0.033885
183.40          -0.033957
183.60          -0.034029
183.80          -0.034101
184.00          -0.034174
184.20          -0.034246
184.40          -0.034319
184.60          -0.034392
184.80          -0.034466
185.00          -0.034540
185.20          -0.034614
185.40          -0.034688
185.60          -0.034762
185.80          -0.034837
186.00          -0.034912
186.20          -0.034987
186.40          -0.035063
186.60          -0.035139
186.80          -0.035215
187.00          -0.035291
187.20          -0.035368
187.40          -0.035445
187.60          -0.035523
187.80          -0.035600
188.00          -0.035678
188.20          -0.035757
188.40          -0.035836
188.60          -0.035915
188.80          -0.035994
189.00          -0.036074
189.20          -0.036154
189.40          -0.036235
189.60          -0.036316
189.80          -0.036398
190.00          -0.036480
190.20          -0.036562
190.40          -0.036645
190.60          -0.036729
190.80          -0.036812
191.00          -0.036897
191.20          -0.036982
191.40          -0.037067
191.60          -0.037153
191.80          -0.037240
192.00          -0.037327
192.20          -0.037415
192.40          -0.037504
192.60          -0.037593
192.80          -0.037683
193.00          -0.037774
193.20          -0.037866
193.40          -0.037959
193.60          -0.038052
193.80          -0.038146
194.00          -0.038242
194.20          -0.038338
194.40          -0.038436
194.60          -0.038534
194.80          -0.038634
195.00          -0.038735
195.20          -0.038838
195.40          -0.038942
195.60          -0.039048
195.80          -0.039155
196.00          -0.039264
196.20          -0.039375
196.40          -0.039488
196.60          -0.039603
196.80          -0.039721
197.00          -0.039841
197.20          -0.039964
197.40          -0.040091
197.60          -0.040220
197.80          -0.040353
198.00          -0.040490
198.20          -0.040631
198.40          -0.040777
198.60          -0.040929
198.80          -0.041086
199.00          -0.041250
199.20          -0.041421
199.40          -0.041600
199.60          -0.041789
199.80          -0.041988
200.00          -0.042199
200.20          -0.042423
200.40          -0.042663
200.60          -0.042921
200.80          -0.043201
201.00          -0.043505
201.20          -0.043839
201.40          -0.044208
201.60          -0.044621
201.80          -0.045085
202.00          -0.045615
202.20          -0.046227
202.40          -0.046944
202.60          -0.047798
202.80          -0.048835
203.00          -0.050124
203.20          -0.051769
203.40          -0.053940
203.60          -0.056923
203.80          -0.061241
204.00          -0.067938
204.20          -0.079372
204.40          -0.10191
204.60          -0.15833
204.80          -0.38785
205.00          -3.9887
205.20          -0.59496
205.40          -0.15124
205.60          -0.082566
205.80          -0.061523
206.00          -0.052978
206.20          -0.049047
206.40          -0.047244
206.60          -0.046636
206.80          -0.046881
207.00          -0.047944
207.20          -0.050062
207.40          -0.053916
207.60          -0.061235
207.80          -0.077017
208.00          -0.12043
208.20          -0.32279
208.40          -7.2344
208.60          -0.55871
208.80          -0.16158
209.00          -0.094651
209.20          -0.071973
209.40          -0.061629
209.60          -0.056059
209.80          -0.052728
210.00          -0.050587
210.20          -0.049140
210.40          -0.048124
210.60          -0.047392
210.80          -0.046854
211.00          -0.046453
211.20          -0.046153
211.40          -0.045927
211.60          -0.045758
211.80          -0.045633
212.00          -0.045543
212.20          -0.045481
212.40          -0.045442
212.60          -0.045421
212.80          -0.045415
213.00          -0.045422
213.20          -0.045440
213.40          -0.045466
213.60          -0.045500
213.80          -0.045541
214.00          -0.045587
214.20          -0.045639
214.40          -0.045695
214.60          -0.045754
214.80          -0.045817
215.00          -0.045882
215.20          -0.045951
215.40          -0.046021
215.60          -0.046094
215.80          -0.046168
216.00          -0.046244
216.20          -0.046322
216.40          -0.046401
216.60          -0.046481
216.80          -0.046563
217.00          -0.046645
217.20          -0.046728
217.40          -0.046813
217.60          -0.046898
217.80          -0.046983
218.00          -0.047070
218.20          -0.047157
218.40          -0.047245
218.60          -0.047333
218.80          -0.047421
219.00          -0.047511
219.20          -0.047600
219.40          -0.047690
219.60          -0.047781
219.80          -0.047872
220.00          -0.047963
220.20          -0.048055
220.40          -0.048147
220.60          -0.048239
220.80          -0.048331
221.00          -0.048424
221.20          -0.048517
221.40          -0.048611
221.60          -0.048705
221.80          -0.048799
222.00          -0.048893
222.20          -0.048987
222.40          -0.049082
222.60          -0.049177
222.80          -0.049272
223.00          -0.049367
223.20          -0.049463
223.40          -0.049559
223.60          -0.049655
223.80          -0.049751
224.00          -0.049847
224.20          -0.049944
224.40          -0.050041
224.60          -0.050138
224.80          -0.050235
225.00          -0.050332
