175.00          -0.041611
175.20          -0.041738
175.40          -0.041866
175.60          -0.041995
175.80          -0.042125
176.00          -0.042257
176.20          -0.042389
176.40          -0.042523
176.60          -0.042658
176.80          -0.042794
177.00          -0.042932
177.20          -0.043071
177.40          -0.043211
177.60          -0.043353
177.80          -0.043496
178.00          -0.043641
178.20          -0.043787
178.40          -0.043936
178.60          -0.044085
178.80          -0.044237
179.00          -0.044391
179.20          -0.044547
179.40          -0.044704
179.60          -0.044864
179.80          -0.045026
180.00          -0.045191
180.20          -0.045358
180.40          -0.045527
180.60          -0.045699
180.80          -0.045874
181.00          -0.046052
181.20          -0.046234
181.40          -0.046418
181.60          -0.046606
181.80          -0.046797
182.00          -0.046992
182.20          -0.047192
182.40          -0.047395
182.60          -0.047603
182.80          -0.047816
183.00          -0.048034
183.20          -0.048257
183.40          -0.048486
183.60          -0.048721
183.80          -0.048963
184.00          -0.049211
184.20          -0.049467
184.40          -0.049730
184.60          -0.050002
184.80          -0.050283
185.00          -0.050573
185.20          -0.050874
185.40          -0.051187
185.60          -0.051511
185.80          -0.051848
186.00          -0.052200
186.20          -0.052567
186.40          -0.052951
186.60          -0.053353
186.80          -0.053775
187.00          -0.054218
187.20          -0.054686
187.40          -0.055180
187.60          -0.055703
187.80          -0.056258
188.00          -0.056848
188.20          -0.057478
188.40          -0.058152
188.60          -0.058876
188.80          -0.059656
189.00          -0.060498
189.20          -0.061411
189.40          -0.062405
189.60          -0.063491
189.80          -0.064683
190.00          -0.065998
190.20          -0.067456
190.40          -0.069079
190.60          -0.070899
190.80          -0.072951
191.00          -0.075280
191.20          -0.077943
191.40          -0.081012
191.60          -0.084582
191.80          -0.088774
192.00          -0.093751
192.20          -0.099731
192.40          -0.10702
192.60          -0.11604
192.80          -0.12740
193.00          -0.14203
193.20          -0.16133
193.40          -0.18758
193.60          -0.22459
193.80          -0.27920
194.00          -0.36459
194.20          -0.50860
194.40          -0.77731
194.60          -1.3507
194.80          -2.7625
195.00          -5.5377
195.20          -4.1655
195.40          -1.8719
195.60          -0.95777
195.80          -0.57170
196.00          -0.38243
196.20          -0.27788
196.40          -0.21478
196.60          -0.17406
196.80          -0.14640
197.00          -0.12684
197.20          -0.11254
197.40          -0.10181
197.60          -0.093580
197.80          -0.087145
198.00          -0.082034
198.20          -0.077920
198.40          -0.074570
198.60          -0.071814
198.80          -0.069527
199.00          -0.067616
199.20          -0.066008
199.40          -0.064647
199.60          -0.063491
199.80          -0.062505
200.00          -0.061662
200.20          -0.060938
200.40          -0.060317
200.60          -0.059784
200.80          -0.059325
201.00          -0.058932
201.20          -0.058596
201.40          -0.058310
201.60          -0.058068
201.80          -0.057865
202.00          -0.057697
202.20          -0.057560
202.40          -0.057452
202.60          -0.057371
202.80          -0.057314
203.00          -0.057280
203.20          -0.057268
203.40          -0.057278
203.60          -0.057311
203.80          -0.057367
204.00          -0.057449
204.20          -0.057560
204.40          -0.057707
204.60          -0.057899
204.80          -0.058152
205.00          -0.058494
205.20          -0.058978
205.40          -0.059708
205.60          -0.060929
205.80          -0.063335
206.00          -0.069745
206.20          -0.10536
206.40          -0.91504
206.60          -0.069625
206.80          -0.058807
207.00          -0.057086
207.20          -0.056699
207.40          -0.056654
207.60          -0.056721
207.80          -0.056830
208.00          -0.056955
208.20          -0.057086
208.40          -0.057220
208.60          -0.057353
208.80          -0.057485
209.00          -0.057616
209.20          -0.057747
209.40          -0.057876
209.60          -0.058005
209.80          -0.058133
210.00          -0.058260
210.20          -0.058387
210.40          -0.058514
210.60          -0.058641
210.80          -0.058767
211.00          -0.058893
211.20          -0.059019
211.40          -0.059146
211.60          -0.059272
211.80          -0.059398
212.00          -0.059524
212.20          -0.059651
212.40          -0.059777
212.60          -0.059904
212.80          -0.060031
213.00          -0.060158
213.20          -0.060285
213.40          -0.060412
213.60          -0.060539
213.80          -0.060667
214.00          -0.060794
214.20          -0.060922
214.40          -0.061050
214.60          -0.061178
214.80          -0.061306
215.00          -0.061435
215.20          -0.061563
215.40          -0.061692
215.60          -0.061821
215.80          -0.061950
216.00          -0.062079
216.20          -0.062208
216.40          -0.062338
216.60          -0.062467
216.80          -0.062597
217.00          -0.062727
217.20          -0.062856
217.40          -0.062986
217.60          -0.063116
217.80          -0.063247
218.00          -0.063377
218.20          -0.063507
218.40          -0.063638
218.60          -0.063769
218.80          -0.063899
219.00          -0.064030
219.20          -0.064161
219.40          -0.064292
219.60          -0.064423
219.80          -0.064554
220.00          -0.064686
220.20          -0.064817
220.40          -0.064949
220.60          -0.065080
220.80          -0.065212
221.00          -0.065343
221.20          -0.065475
221.40          -0.065607
221.60          -0.065739
221.80          -0.065871
222.00          -0.066003
222.20          -0.066135
222.40          -0.066268
222.60          -0.066400
222.80          -0.066532
223.00          -0.066665
223.20          -0.066797
223.40          -0.066930
223.60          -0.067063
223.80          -0.067195
224.00          -0.067328
224.20          -0.067461
224.40          -0.067594
224.60          -0.067727
224.80          -0.067861
225.00          -0.067994
