175.00          -0.12088
175.20          -0.11977
175.40          -0.11873
175.60          -0.11776
175.80          -0.11687
176.00          -0.11603
176.20          -0.11526
176.40          -0.11453
176.60          -0.11386
176.80          -0.11324
177.00          -0.11266
177.20          -0.11212
177.40          -0.11162
177.60          -0.11115
177.80          -0.11072
178.00          -0.11032
178.20          -0.10995
178.40          -0.10960
178.60          -0.10928
178.80          -0.10899
179.00          -0.10871
179.20          -0.10846
179.40          -0.10823
179.60          -0.10801
179.80          -0.10781
180.00          -0.10763
180.20          -0.10746
180.40          -0.10731
180.60          -0.10717
180.80          -0.10705
181.00          -0.10693
181.20          -0.10683
181.40          -0.10673
181.60          -0.10665
181.80          -0.10657
182.00          -0.10651
182.20          -0.10645
182.40          -0.10640
182.60          -0.10635
182.80          -0.10631
183.00          -0.10628
183.20          -0.10626
183.40          -0.10624
183.60          -0.10622
183.80          -0.10621
184.00          -0.10620
184.20          -0.10620
184.40          -0.10620
184.60          -0.10620
184.80          -0.10621
185.00          -0.10622
185.20          -0.10623
185.40          -0.10625
185.60          -0.10626
185.80          -0.10628
186.00          -0.10630
186.20          -0.10632
186.40          -0.10635
186.60          -0.10637
186.80          -0.10640
187.00          -0.10643
187.20          -0.10646
187.40          -0.10649
187.60          -0.10652
187.80          -0.10655
188.00          -0.10658
188.20          -0.10661
188.40          -0.10664
188.60          -0.10667
188.80          -0.10670
189.00          -0.10673
189.20          -0.10676
189.40          -0.10679
189.60          -0.10682
189.80          -0.10685
190.00          -0.10688
190.20          -0.10691
190.40          -0.10694
190.60          -0.10696
190.80          -0.10699
191.00          -0.10702
191.20          -0.10704
191.40          -0.10707
191.60          -0.10709
191.80          -0.10711
192.00          -0.10713
192.20          -0.10715
192.40          -0.10717
192.60          -0.10719
192.80          -0.10721
193.00          -0.10722
193.20          -0.10724
193.40          -0.10725
193.60          -0.10726
193.80          -0.10727
194.00          -0.10728
194.20          -0.10729
194.40          -0.10729
194.60          -0.10730
194.80          -0.10730
195.00          -0.10731
195.20          -0.10731
195.40          -0.10731
195.60          -0.10731
195.80          -0.10730
196.00          -0.10730
196.20          -0.10729
196.40          -0.10729
196.60          -0.10728
196.80          -0.10727
197.00          -0.10726
197.20          -0.10724
197.40          -0.10723
197.60          -0.10722
197.80          -0.10720
198.00          -0.10718
198.20          -0.10716
198.40          -0.10714
198.60          -0.10712
198.80          -0.10710
199.00          -0.10707
199.20          -0.10705
199.40          -0.10702
199.60          -0.10699
199.80          -0.10696
200.00          -0.10693
200.20          -0.10690
200.40          -0.10687
200.60          -0.10684
200.80          -0.10680
201.00          -0.10677
201.20          -0.10673
201.40          -0.10670
201.60          -0.10666
201.80          -0.10662
202.00          -0.10659
202.20          -0.10655
202.40          -0.10651
202.60          -0.10647
202.80          -0.10643
203.00          -0.10640
203.20          -0.10636
203.40          -0.10633
203.60          -0.10630
203.80          -0.10627
204.00          -0.10625
204.20          -0.10623
204.40          -0.10623
204.60          -0.10624
204.80          -0.10627
205.00          -0.10635
205.20          -0.10650
205.40          -0.10681
205.60          -0.10748
205.80          -0.10934
206.00          -0.11859
206.20          -1.2719
206.40          -0.11424
206.60          -0.10685
206.80          -0.10560
207.00          -0.10518
207.20          -0.10497
207.40          -0.10485
207.60          -0.10475
207.80          -0.10468
208.00          -0.10461
208.20          -0.10454
208.40          -0.10448
208.60          -0.10441
208.80          -0.10435
209.00          -0.10429
209.20          -0.10423
209.40          -0.10417
209.60          -0.10411
209.80          -0.10405
210.00          -0.10399
210.20          -0.10393
210.40          -0.10387
210.60          -0.10381
210.80          -0.10375
211.00          -0.10369
211.20          -0.10363
211.40          -0.10358
211.60          -0.10352
211.80          -0.10346
212.00          -0.10341
212.20          -0.10336
212.40          -0.10330
212.60          -0.10325
212.80          -0.10320
213.00          -0.10315
213.20          -0.10310
213.40          -0.10306
213.60          -0.10301
213.80          -0.10297
214.00          -0.10293
214.20          -0.10289
214.40          -0.10285
214.60          -0.10282
214.80          -0.10279
215.00          -0.10275
215.20          -0.10273
215.40          -0.10270
215.60          -0.10268
215.80          -0.10266
216.00          -0.10264
216.20          -0.10263
216.40          -0.10262
216.60          -0.10261
216.80          -0.10260
217.00          -0.10260
217.20          -0.10261
217.40          -0.10261
217.60          -0.10263
217.80          -0.10264
218.00          -0.10266
218.20          -0.10269
218.40          -0.10272
218.60          -0.10276
218.80          -0.10280
219.00          -0.10284
219.20          -0.10290
219.40          -0.10296
219.60          -0.10302
219.80          -0.10310
220.00          -0.10318
220.20          -0.10327
220.40          -0.10336
220.60          -0.10347
220.80          -0.10358
221.00          -0.10370
221.20          -0.10383
221.40          -0.10398
221.60          -0.10413
221.80          -0.10429
222.00          -0.10447
222.20          -0.10465
222.40          -0.10485
222.60          -0.10507
222.80          -0.10529
223.00          -0.10554
223.20          -0.10580
223.40          -0.10607
223.60          -0.10636
223.80          -0.10667
224.00          -0.10701
224.20          -0.10736
224.40          -0.10773
224.60          -0.10813
224.80          -0.10855
225.00          -0.10900
