175.00          -0.12149
175.20          -0.12112
175.40          -0.12078
175.60          -0.12047
175.80          -0.12017
176.00          -0.11989
176.20          -0.11963
176.40          -0.11938
176.60          -0.11915
176.80          -0.11894
177.00          -0.11874
177.20          -0.11855
177.40          -0.11837
177.60          -0.11820
177.80          -0.11805
178.00          -0.11790
178.20          -0.11777
178.40          -0.11764
178.60          -0.11752
178.80          -0.11741
179.00          -0.11730
179.20          -0.11720
179.40          -0.11711
179.60          -0.11702
179.80          -0.11694
180.00          -0.11686
180.20          -0.11679
180.40          -0.11672
180.60          -0.11666
180.80          -0.11659
181.00          -0.11654
181.20          -0.11648
181.40          -0.11643
181.60          -0.11638
181.80          -0.11633
182.00          -0.11628
182.20          -0.11624
182.40          -0.11620
182.60          -0.11615
182.80          -0.11611
183.00          -0.11607
183.20          -0.11604
183.40          -0.11600
183.60          -0.11596
183.80          -0.11592
184.00          -0.11589
184.20          -0.11585
184.40          -0.11581
184.60          -0.11578
184.80          -0.11574
185.00          -0.11570
185.20          -0.11567
185.40          -0.11563
185.60          -0.11559
185.80          -0.11555
186.00          -0.11551
186.20          -0.11547
186.40          -0.11543
186.60          -0.11539
186.80          -0.11534
187.00          -0.11530
187.20          -0.11526
187.40          -0.11521
187.60          -0.11516
187.80          -0.11511
188.00          -0.11506
188.20          -0.11501
188.40          -0.11496
188.60          -0.11491
188.80          -0.11485
189.00          -0.11480
189.20          -0.11474
189.40          -0.11468
189.60          -0.11462
189.80          -0.11456
190.00          -0.11450
190.20          -0.11443
190.40          -0.11437
190.60          -0.11430
190.80          -0.11423
191.00          -0.11416
191.20          -0.11409
191.40          -0.11402
191.60          -0.11395
191.80          -0.11387
192.00          -0.11380
192.20          -0.11372
192.40          -0.11364
192.60          -0.11356
192.80          -0.11348
193.00          -0.11339
193.20          -0.11331
193.40          -0.11322
193.60          -0.11314
193.80          -0.11305
194.00          -0.11296
194.20          -0.11287
194.40          -0.11278
194.60          -0.11269
194.80          -0.11259
195.00          -0.11250
195.20          -0.11240
195.40          -0.11231
195.60          -0.11221
195.80          -0.11211
196.00          -0.11201
196.20          -0.11191
196.40          -0.11181
196.60          -0.11171
196.80          -0.11161
197.00          -0.11150
197.20          -0.11140
197.40          -0.11130
197.60          -0.11119
197.80          -0.11109
198.00          -0.11098
198.20          -0.11087
198.40          -0.11077
198.60          -0.11066
198.80          -0.11055
199.00          -0.11044
199.20          -0.11034
199.40          -0.11023
199.60          -0.11012
199.80          -0.11001
200.00          -0.10991
200.20          -0.10980
200.40          -0.10969
200.60          -0.10959
200.80          -0.10948
201.00          -0.10937
201.20          -0.10927
201.40          -0.10916
201.60          -0.10906
201.80          -0.10895
202.00          -0.10885
202.20          -0.10875
202.40          -0.10865
202.60          -0.10855
202.80          -0.10845
203.00          -0.10836
203.20          -0.10826
203.40          -0.10817
203.60          -0.10808
203.80          -0.10800
204.00          -0.10792
204.20          -0.10784
204.40          -0.10777
204.60          -0.10771
204.80          -0.10767
205.00          -0.10765
205.20          -0.10767
205.40          -0.10776
205.60          -0.10806
205.80          -0.10902
206.00          -0.11432
206.20          -0.70480
206.40          -0.11203
206.60          -0.10790
206.80          -0.10711
207.00          -0.10681
207.20          -0.10665
207.40          -0.10654
207.60          -0.10646
207.80          -0.10639
208.00          -0.10634
208.20          -0.10629
208.40          -0.10625
208.60          -0.10621
208.80          -0.10618
209.00          -0.10615
209.20          -0.10613
209.40          -0.10612
209.60          -0.10611
209.80          -0.10610
210.00          -0.10611
210.20          -0.10611
210.40          -0.10613
210.60          -0.10615
210.80          -0.10618
211.00          -0.10621
211.20          -0.10625
211.40          -0.10630
211.60          -0.10636
211.80          -0.10642
212.00          -0.10649
212.20          -0.10658
212.40          -0.10667
212.60          -0.10677
212.80          -0.10688
213.00          -0.10700
213.20          -0.10713
213.40          -0.10728
213.60          -0.10744
213.80          -0.10760
214.00          -0.10779
214.20          -0.10798
214.40          -0.10819
214.60          -0.10842
214.80          -0.10866
215.00          -0.10892
215.20          -0.10920
215.40          -0.10949
215.60          -0.10981
215.80          -0.11014
216.00          -0.11050
216.20          -0.11087
216.40          -0.11128
216.60          -0.11170
216.80          -0.11216
217.00          -0.11264
217.20          -0.11315
217.40          -0.11369
217.60          -0.11427
217.80          -0.11488
218.00          -0.11552
218.20          -0.11621
218.40          -0.11694
218.60          -0.11771
218.80          -0.11853
219.00          -0.11940
219.20          -0.12032
219.40          -0.12130
219.60          -0.12233
219.80          -0.12344
220.00          -0.12461
220.20          -0.12586
220.40          -0.12719
220.60          -0.12860
220.80          -0.13011
221.00          -0.13171
221.20          -0.13342
221.40          -0.13525
221.60          -0.13720
221.80          -0.13929
222.00          -0.14153
222.20          -0.14392
222.40          -0.14650
222.60          -0.14926
222.80          -0.15223
223.00          -0.15543
223.20          -0.15888
223.40          -0.16261
223.60          -0.16664
223.80          -0.17101
224.00          -0.17576
224.20          -0.18092
224.40          -0.18655
224.60          -0.19270
224.80          -0.19944
225.00          -0.20683
