175.00          -0.13756
175.20          -0.13732
175.40          -0.13708
175.60          -0.13684
175.80          -0.13660
176.00          -0.13636
176.20          -0.13612
176.40          -0.13589
176.60          -0.13565
176.80          -0.13541
177.00          -0.13518
177.20          -0.13494
177.40          -0.13470
177.60          -0.13446
177.80          -0.13423
178.00          -0.13399
178.20          -0.13375
178.40          -0.13351
178.60          -0.13327
178.80          -0.13302
179.00          -0.13278
179.20          -0.13254
179.40          -0.13229
179.60          -0.13205
179.80          -0.13180
180.00          -0.13156
180.20          -0.13131
180.40          -0.13106
180.60          -0.13081
180.80          -0.13056
181.00          -0.13031
181.20          -0.13006
181.40          -0.12981
181.60          -0.12955
181.80          -0.12930
182.00          -0.12905
182.20          -0.12879
182.40          -0.12853
182.60          -0.12828
182.80          -0.12802
183.00          -0.12776
183.20          -0.12750
183.40          -0.12724
183.60          -0.12698
183.80          -0.12672
184.00          -0.12646
184.20          -0.12620
184.40          -0.12594
184.60          -0.12568
184.80          -0.12542
185.00          -0.12516
185.20          -0.12490
185.40          -0.12464
185.60          -0.12438
185.80          -0.12411
186.00          -0.12385
186.20          -0.12359
186.40          -0.12333
186.60          -0.12307
186.80          -0.12282
187.00          -0.12256
187.20          -0.12230
187.40          -0.12204
187.60          -0.12179
187.80          -0.12153
188.00          -0.12128
188.20          -0.12102
188.40          -0.12077
188.60          -0.12052
188.80          -0.12027
189.00          -0.12003
189.20          -0.11978
189.40          -0.11953
189.60          -0.11929
189.80          -0.11905
190.00          -0.11881
190.20          -0.11857
190.40          -0.11834
190.60          -0.11811
190.80          -0.11788
191.00          -0.11765
191.20          -0.11742
191.40          -0.11720
191.60          -0.11698
191.80          -0.11676
192.00          -0.11655
192.20          -0.11633
192.40          -0.11613
192.60          -0.11592
192.80          -0.11572
193.00          -0.11552
193.20          -0.11533
193.40          -0.11514
193.60          -0.11495
193.80          -0.11477
194.00          -0.11459
194.20          -0.11442
194.40          -0.11425
194.60          -0.11409
194.80          -0.11393
195.00          -0.11377
195.20          -0.11362
195.40          -0.11348
195.60          -0.11334
195.80          -0.11321
196.00          -0.11309
196.20          -0.11297
196.40          -0.11286
196.60          -0.11275
196.80          -0.11265
197.00          -0.11256
197.20          -0.11248
197.40          -0.11240
197.60          -0.11233
197.80          -0.11227
198.00          -0.11222
198.20          -0.11218
198.40          -0.11214
198.60          -0.11212
198.80          -0.11211
199.00          -0.11210
199.20          -0.11211
199.40          -0.11213
199.60          -0.11216
199.80          -0.11220
200.00          -0.11225
200.20          -0.11232
200.40          -0.11240
200.60          -0.11249
200.80          -0.11260
201.00          -0.11272
201.20          -0.11286
201.40          -0.11302
201.60          -0.11319
201.80          -0.11338
202.00          -0.11359
202.20          -0.11381
202.40          -0.11406
202.60          -0.11433
202.80          -0.11462
203.00          -0.11493
203.20          -0.11527
203.40          -0.11563
203.60          -0.11601
203.80          -0.11643
204.00          -0.11687
204.20          -0.11735
204.40          -0.11785
204.60          -0.11839
204.80          -0.11897
205.00          -0.11958
205.20          -0.12024
205.40          -0.12094
205.60          -0.12170
205.80          -0.12254
206.00          -0.12362
206.20          -0.12788
206.40          -0.12474
206.60          -0.12579
206.80          -0.12686
207.00          -0.12798
207.20          -0.12915
207.40          -0.13038
207.60          -0.13169
207.80          -0.13308
208.00          -0.13454
208.20          -0.13610
208.40          -0.13774
208.60          -0.13949
208.80          -0.14134
209.00          -0.14331
209.20          -0.14540
209.40          -0.14762
209.60          -0.14997
209.80          -0.15248
210.00          -0.15515
210.20          -0.15798
210.40          -0.16101
210.60          -0.16423
210.80          -0.16767
211.00          -0.17133
211.20          -0.17525
211.40          -0.17944
211.60          -0.18392
211.80          -0.18871
212.00          -0.19385
212.20          -0.19935
212.40          -0.20526
212.60          -0.21161
212.80          -0.21844
213.00          -0.22579
213.20          -0.23370
213.40          -0.24223
213.60          -0.25142
213.80          -0.26136
214.00          -0.27209
214.20          -0.28368
214.40          -0.29623
214.60          -0.30980
214.80          -0.32449
215.00          -0.34039
215.20          -0.35758
215.40          -0.37617
215.60          -0.39624
215.80          -0.41787
216.00          -0.44114
216.20          -0.46608
216.40          -0.49271
216.60          -0.52100
216.80          -0.55083
217.00          -0.58202
217.20          -0.61428
217.40          -0.64720
217.60          -0.68021
217.80          -0.71260
218.00          -0.74352
218.20          -0.77199
218.40          -0.79697
218.60          -0.81741
218.80          -0.83235
219.00          -0.84103
219.20          -0.84297
219.40          -0.83803
219.60          -0.82643
219.80          -0.80871
220.00          -0.78569
220.20          -0.75838
220.40          -0.72782
220.60          -0.69509
220.80          -0.66113
221.00          -0.62679
221.20          -0.59275
221.40          -0.55955
221.60          -0.52757
221.80          -0.49708
222.00          -0.46824
222.20          -0.44114
222.40          -0.41579
222.60          -0.39217
222.80          -0.37022
223.00          -0.34986
223.20          -0.33101
223.40          -0.31356
223.60          -0.29741
223.80          -0.28248
224.00          -0.26866
224.20          -0.25587
224.40          -0.24401
224.60          -0.23303
224.80          -0.22283
225.00          -0.21336
