175.00          -0.093237
175.20          -0.091867
175.40          -0.090600
175.60          -0.089426
175.80          -0.088335
176.00          -0.087322
176.20          -0.086378
176.40          -0.085499
176.60          -0.084678
176.80          -0.083910
177.00          -0.083193
177.20          -0.082520
177.40          -0.081890
177.60          -0.081298
177.80          -0.080742
178.00          -0.080218
178.20          -0.079726
178.40          -0.079261
178.60          -0.078823
178.80          -0.078409
179.00          -0.078017
179.20          -0.077647
179.40          -0.077296
179.60          -0.076963
179.80          -0.076648
180.00          -0.076348
180.20          -0.076064
180.40          -0.075793
180.60          -0.075535
180.80          -0.075289
181.00          -0.075055
181.20          -0.074831
181.40          -0.074618
181.60          -0.074414
181.80          -0.074218
182.00          -0.074031
182.20          -0.073852
182.40          -0.073680
182.60          -0.073515
182.80          -0.073356
183.00          -0.073204
183.20          -0.073057
183.40          -0.072915
183.60          -0.072779
183.80          -0.072648
184.00          -0.072521
184.20          -0.072398
184.40          -0.072279
184.60          -0.072164
184.80          -0.072053
185.00          -0.071945
185.20          -0.071840
185.40          -0.071738
185.60          -0.071639
185.80          -0.071543
186.00          -0.071449
186.20          -0.071358
186.40          -0.071269
186.60          -0.071182
186.80          -0.071097
187.00          -0.071013
187.20          -0.070932
187.40          -0.070852
187.60          -0.070774
187.80          -0.070697
188.00          -0.070622
188.20          -0.070548
188.40          -0.070475
188.60          -0.070404
188.80          -0.070333
189.00          -0.070264
189.20          -0.070195
189.40          -0.070127
189.60          -0.070061
189.80          -0.069995
190.00          -0.069930
190.20          -0.069865
190.40          -0.069801
190.60          -0.069738
190.80          -0.069675
191.00          -0.069613
191.20          -0.069551
191.40          -0.069490
191.60          -0.069429
191.80          -0.069369
192.00          -0.069309
192.20          -0.069249
192.40          -0.069190
192.60          -0.069131
192.80          -0.069072
193.00          -0.069013
193.20          -0.068955
193.40          -0.068897
193.60          -0.068839
193.80          -0.068781
194.00          -0.068723
194.20          -0.068665
194.40          -0.068608
194.60          -0.068551
194.80          -0.068493
195.00          -0.068436
195.20          -0.068379
195.40          -0.068322
195.60          -0.068265
195.80          -0.068208
196.00          -0.068150
196.20          -0.068093
196.40          -0.068036
196.60          -0.067979
196.80          -0.067922
197.00          -0.067865
197.20          -0.067808
197.40          -0.067751
197.60          -0.067694
197.80          -0.067637
198.00          -0.067580
198.20          -0.067523
198.40          -0.067465
198.60          -0.067408
198.80          -0.067351
199.00          -0.067294
199.20          -0.067236
199.40          -0.067179
199.60          -0.067122
199.80          -0.067064
200.00          -0.067007
200.20          -0.066950
200.40          -0.066892
200.60          -0.066835
200.80          -0.066778
201.00          -0.066721
201.20          -0.066664
201.40          -0.066607
201.60          -0.066550
201.80          -0.066494
202.00          -0.066438
202.20          -0.066382
202.40          -0.066326
202.60          -0.066271
202.80          -0.066217
203.00          -0.066164
203.20          -0.066111
203.40          -0.066060
203.60          -0.066010
203.80          -0.065963
204.00          -0.065918
204.20          -0.065878
204.40          -0.065843
204.60          -0.065817
204.80          -0.065803
205.00          -0.065811
205.20          -0.065857
205.40          -0.065980
205.60          -0.066288
205.80          -0.067214
206.00          -0.072265
206.20          -0.39516
206.40          -0.068208
206.60          -0.065521
206.80          -0.065018
207.00          -0.064827
207.20          -0.064718
207.40          -0.064638
207.60          -0.064569
207.80          -0.064505
208.00          -0.064444
208.20          -0.064384
208.40          -0.064324
208.60          -0.064264
208.80          -0.064205
209.00          -0.064145
209.20          -0.064085
209.40          -0.064025
209.60          -0.063964
209.80          -0.063904
210.00          -0.063843
210.20          -0.063782
210.40          -0.063721
210.60          -0.063660
210.80          -0.063599
211.00          -0.063537
211.20          -0.063476
211.40          -0.063414
211.60          -0.063353
211.80          -0.063291
212.00          -0.063229
212.20          -0.063167
212.40          -0.063106
212.60          -0.063044
212.80          -0.062982
213.00          -0.062920
213.20          -0.062858
213.40          -0.062796
213.60          -0.062734
213.80          -0.062672
214.00          -0.062610
214.20          -0.062548
214.40          -0.062486
214.60          -0.062424
214.80          -0.062362
215.00          -0.062301
215.20          -0.062239
215.40          -0.062177
215.60          -0.062115
215.80          -0.062054
216.00          -0.061992
216.20          -0.061930
216.40          -0.061869
216.60          -0.061807
216.80          -0.061746
217.00          -0.061684
217.20          -0.061623
217.40          -0.061562
217.60          -0.061501
217.80          -0.061439
218.00          -0.061378
218.20          -0.061317
218.40          -0.061257
218.60          -0.061196
218.80          -0.061135
219.00          -0.061074
219.20          -0.061014
219.40          -0.060953
219.60          -0.060893
219.80          -0.060833
220.00          -0.060773
220.20          -0.060713
220.40          -0.060653
220.60          -0.060593
220.80          -0.060533
221.00          -0.060473
221.20          -0.060414
221.40          -0.060354
221.60          -0.060295
221.80          -0.060236
222.00          -0.060177
222.20          -0.060118
222.40          -0.060059
222.60          -0.060000
222.80          -0.059942
223.00          -0.059884
223.20          -0.059825
223.40          -0.059767
223.60          -0.059709
223.80          -0.059652
224.00          -0.059594
224.20          -0.059537
224.40          -0.059480
224.60          -0.059424
224.80          -0.059368
225.00          -0.059313
