175.00          -0.072525
175.20          -0.072984
175.40          -0.073451
175.60          -0.073928
175.80          -0.074414
176.00          -0.074910
176.20          -0.075417
176.40          -0.075934
176.60          -0.076462
176.80          -0.077002
177.00          -0.077554
177.20          -0.078119
177.40          -0.078697
177.60          -0.079289
177.80          -0.079896
178.00          -0.080517
178.20          -0.081155
178.40          -0.081809
178.60          -0.082481
178.80          -0.083171
179.00          -0.083880
179.20          -0.084610
179.40          -0.085360
179.60          -0.086133
179.80          -0.086930
180.00          -0.087751
180.20          -0.088598
180.40          -0.089473
180.60          -0.090377
180.80          -0.091312
181.00          -0.092279
181.20          -0.093280
181.40          -0.094318
181.60          -0.095395
181.80          -0.096512
182.00          -0.097673
182.20          -0.098881
182.40          -0.10014
182.60          -0.10145
182.80          -0.10281
183.00          -0.10424
183.20          -0.10573
183.40          -0.10729
183.60          -0.10892
183.80          -0.11063
184.00          -0.11243
184.20          -0.11432
184.40          -0.11630
184.60          -0.11839
184.80          -0.12060
185.00          -0.12293
185.20          -0.12540
185.40          -0.12801
185.60          -0.13078
185.80          -0.13373
186.00          -0.13687
186.20          -0.14021
186.40          -0.14378
186.60          -0.14759
186.80          -0.15169
187.00          -0.15608
187.20          -0.16081
187.40          -0.16590
187.60          -0.17140
187.80          -0.17736
188.00          -0.18383
188.20          -0.19086
188.40          -0.19852
188.60          -0.20690
188.80          -0.21607
189.00          -0.22614
189.20          -0.23723
189.40          -0.24947
189.60          -0.26302
189.80          -0.27804
190.00          -0.29474
190.20          -0.31334
190.40          -0.33411
190.60          -0.35732
190.80          -0.38329
191.00          -0.41233
191.20          -0.44477
191.40          -0.48090
191.60          -0.52093
191.80          -0.56493
192.00          -0.61268
192.20          -0.66358
192.40          -0.71644
192.60          -0.76933
192.80          -0.81947
193.00          -0.86331
193.20          -0.89691
193.40          -0.91652
193.60          -0.91952
193.80          -0.90505
194.00          -0.87438
194.20          -0.83055
194.40          -0.77760
194.60          -0.71973
194.80          -0.66058
195.00          -0.60292
195.20          -0.54858
195.40          -0.49858
195.60          -0.45336
195.80          -0.41293
196.00          -0.37706
196.20          -0.34539
196.40          -0.31750
196.60          -0.29298
196.80          -0.27140
197.00          -0.25241
197.20          -0.23566
197.40          -0.22087
197.60          -0.20778
197.80          -0.19616
198.00          -0.18583
198.20          -0.17663
198.40          -0.16840
198.60          -0.16103
198.80          -0.15442
199.00          -0.14847
199.20          -0.14310
199.40          -0.13825
199.60          -0.13387
199.80          -0.12988
200.00          -0.12627
200.20          -0.12297
200.40          -0.11997
200.60          -0.11723
200.80          -0.11472
201.00          -0.11242
201.20          -0.11031
201.40          -0.10838
201.60          -0.10660
201.80          -0.10497
202.00          -0.10346
202.20          -0.10207
202.40          -0.10079
202.60          -0.099607
202.80          -0.098515
203.00          -0.097504
203.20          -0.096570
203.40          -0.095706
203.60          -0.094906
203.80          -0.094165
204.00          -0.093479
204.20          -0.092844
204.40          -0.092255
204.60          -0.091710
204.80          -0.091206
205.00          -0.090738
205.20          -0.090306
205.40          -0.089906
205.60          -0.089536
205.80          -0.089195
206.00          -0.088879
206.20          -0.088588
206.40          -0.088320
206.60          -0.088074
206.80          -0.087847
207.00          -0.087640
207.20          -0.087450
207.40          -0.087276
207.60          -0.087118
207.80          -0.086975
208.00          -0.086845
208.20          -0.086729
208.40          -0.086624
208.60          -0.086531
208.80          -0.086448
209.00          -0.086376
209.20          -0.086313
209.40          -0.086259
209.60          -0.086214
209.80          -0.086177
210.00          -0.086147
210.20          -0.086125
210.40          -0.086109
210.60          -0.086099
210.80          -0.086096
211.00          -0.086098
211.20          -0.086106
211.40          -0.086119
211.60          -0.086136
211.80          -0.086159
212.00          -0.086185
212.20          -0.086215
212.40          -0.086250
212.60          -0.086288
212.80          -0.086329
213.00          -0.086374
213.20          -0.086422
213.40          -0.086472
213.60          -0.086526
213.80          -0.086582
214.00          -0.086640
214.20          -0.086701
214.40          -0.086764
214.60          -0.086829
214.80          -0.086896
215.00          -0.086965
215.20          -0.087036
215.40          -0.087108
215.60          -0.087182
215.80          -0.087257
216.00          -0.087334
216.20          -0.087412
216.40          -0.087491
216.60          -0.087571
216.80          -0.087652
217.00          -0.087735
217.20          -0.087818
217.40          -0.087902
217.60          -0.087987
217.80          -0.088072
218.00          -0.088159
218.20          -0.088245
218.40          -0.088333
218.60          -0.088421
218.80          -0.088510
219.00          -0.088599
219.20          -0.088688
219.40          -0.088778
219.60          -0.088868
219.80          -0.088959
220.00          -0.089050
220.20          -0.089141
220.40          -0.089233
220.60          -0.089324
220.80          -0.089416
221.00          -0.089509
221.20          -0.089601
221.40          -0.089693
221.60          -0.089786
221.80          -0.089879
222.00          -0.089972
222.20          -0.090066
222.40          -0.090159
222.60          -0.090253
222.80          -0.090347
223.00          -0.090441
223.20          -0.090536
223.40          -0.090631
223.60          -0.090726
223.80          -0.090822
224.00          -0.090919
224.20          -0.091016
224.40          -0.091114
224.60          -0.091213
224.80          -0.091314
225.00          -0.091416
