175.00          -0.029681
175.20          -0.029963
175.40          -0.030254
175.60          -0.030552
175.80          -0.030859
176.00          -0.031175
176.20          -0.031500
176.40          -0.031835
176.60          -0.032180
176.80          -0.032535
177.00          -0.032901
177.20          -0.033279
177.40          -0.033668
177.60          -0.034070
177.80          -0.034486
178.00          -0.034914
178.20          -0.035358
178.40          -0.035816
178.60          -0.036290
178.80          -0.036781
179.00          -0.037289
179.20          -0.037816
179.40          -0.038361
179.60          -0.038928
179.80          -0.039515
180.00          -0.040125
180.20          -0.040758
180.40          -0.041417
180.60          -0.042102
180.80          -0.042815
181.00          -0.043558
181.20          -0.044332
181.40          -0.045139
181.60          -0.045982
181.80          -0.046861
182.00          -0.047781
182.20          -0.048742
182.40          -0.049749
182.60          -0.050803
182.80          -0.051909
183.00          -0.053069
183.20          -0.054287
183.40          -0.055568
183.60          -0.056915
183.80          -0.058334
184.00          -0.059829
184.20          -0.061407
184.40          -0.063074
184.60          -0.064837
184.80          -0.066703
185.00          -0.068680
185.20          -0.070779
185.40          -0.073008
185.60          -0.075378
185.80          -0.077903
186.00          -0.080596
186.20          -0.083471
186.40          -0.086546
186.60          -0.089838
186.80          -0.093369
187.00          -0.097162
187.20          -0.10124
187.40          -0.10564
187.60          -0.11038
187.80          -0.11551
188.00          -0.12107
188.20          -0.12709
188.40          -0.13363
188.60          -0.14075
188.80          -0.14851
189.00          -0.15699
189.20          -0.16625
189.40          -0.17640
189.60          -0.18752
189.80          -0.19972
190.00          -0.21311
190.20          -0.22782
190.40          -0.24396
190.60          -0.26166
190.80          -0.28103
191.00          -0.30216
191.20          -0.32509
191.40          -0.34980
191.60          -0.37618
191.80          -0.40397
192.00          -0.43274
192.20          -0.46182
192.40          -0.49028
192.60          -0.51695
192.80          -0.54044
193.00          -0.55924
193.20          -0.57195
193.40          -0.57744
193.60          -0.57510
193.80          -0.56495
194.00          -0.54765
194.20          -0.52436
194.40          -0.49661
194.60          -0.46595
194.80          -0.43389
195.00          -0.40165
195.20          -0.37021
195.40          -0.34022
195.60          -0.31210
195.80          -0.28609
196.00          -0.26224
196.20          -0.24054
196.40          -0.22087
196.60          -0.20311
196.80          -0.18711
197.00          -0.17270
197.20          -0.15973
197.40          -0.14805
197.60          -0.13753
197.80          -0.12805
198.00          -0.11948
198.20          -0.11173
198.40          -0.10471
198.60          -0.098342
198.80          -0.092554
199.00          -0.087286
199.20          -0.082481
199.40          -0.078091
199.60          -0.074074
199.80          -0.070393
200.00          -0.067013
200.20          -0.063904
200.40          -0.061042
200.60          -0.058401
200.80          -0.055962
201.00          -0.053706
201.20          -0.051616
201.40          -0.049678
201.60          -0.047878
201.80          -0.046204
202.00          -0.044646
202.20          -0.043194
202.40          -0.041840
202.60          -0.040575
202.80          -0.039393
203.00          -0.038288
203.20          -0.037253
203.40          -0.036284
203.60          -0.035375
203.80          -0.034523
204.00          -0.033725
204.20          -0.032977
204.40          -0.032276
204.60          -0.031622
204.80          -0.031013
205.00          -0.030452
205.20          -0.029944
205.40          -0.029505
205.60          -0.029180
205.80          -0.029132
206.00          -0.030420
206.20          -0.12992
206.40          -0.028539
206.60          -0.026526
206.80          -0.025988
207.00          -0.025612
207.20          -0.025283
207.40          -0.024977
207.60          -0.024688
207.80          -0.024414
208.00          -0.024153
208.20          -0.023905
208.40          -0.023668
208.60          -0.023443
208.80          -0.023228
209.00          -0.023024
209.20          -0.022829
209.40          -0.022644
209.60          -0.022467
209.80          -0.022299
210.00          -0.022139
210.20          -0.021986
210.40          -0.021841
210.60          -0.021702
210.80          -0.021571
211.00          -0.021445
211.20          -0.021326
211.40          -0.021213
211.60          -0.021105
211.80          -0.021002
212.00          -0.020904
212.20          -0.020812
212.40          -0.020724
212.60          -0.020640
212.80          -0.020561
213.00          -0.020485
213.20          -0.020414
213.40          -0.020346
213.60          -0.020283
213.80          -0.020222
214.00          -0.020165
214.20          -0.020111
214.40          -0.020060
214.60          -0.020012
214.80          -0.019967
215.00          -0.019925
215.20          -0.019885
215.40          -0.019848
215.60          -0.019814
215.80          -0.019782
216.00          -0.019752
216.20          -0.019724
216.40          -0.019699
216.60          -0.019675
216.80          -0.019654
217.00          -0.019635
217.20          -0.019617
217.40          -0.019601
217.60          -0.019588
217.80          -0.019575
218.00          -0.019565
218.20          -0.019556
218.40          -0.019549
218.60          -0.019543
218.80          -0.019539
219.00          -0.019536
219.20          -0.019535
219.40          -0.019535
219.60          -0.019536
219.80          -0.019539
220.00          -0.019543
220.20          -0.019548
220.40          -0.019555
220.60          -0.019562
220.80          -0.019571
221.00          -0.019581
221.20          -0.019593
221.40          -0.019605
221.60          -0.019619
221.80          -0.019634
222.00          -0.019649
222.20          -0.019666
222.40          -0.019684
222.60          -0.019703
222.80          -0.019723
223.00          -0.019744
223.20          -0.019767
223.40          -0.019790
223.60          -0.019814
223.80          -0.019839
224.00          -0.019866
224.20          -0.019893
224.40          -0.019922
224.60          -0.019951
224.80          -0.019982
225.00          -0.020014
