175.00          -0.031531
175.20          -0.031600
175.40          -0.031670
175.60          -0.031741
175.80          -0.031811
176.00          -0.031881
176.20          -0.031952
176.40          -0.032023
176.60          -0.032094
176.80          -0.032166
177.00          -0.032238
177.20          -0.032309
177.40          -0.032382
177.60          -0.032454
177.80          -0.032526
178.00          -0.032599
178.20          -0.032672
178.40          -0.032745
178.60          -0.032819
178.80          -0.032892
179.00          -0.032966
179.20          -0.033040
179.40          -0.033115
179.60          -0.033189
179.80          -0.033264
180.00          -0.033339
180.20          -0.033414
180.40          -0.033490
180.60          -0.033566
180.80          -0.033642
181.00          -0.033718
181.20          -0.033794
181.40          -0.033871
181.60          -0.033948
181.80          -0.034025
182.00          -0.034102
182.20          -0.034180
182.40          -0.034258
182.60          -0.034336
182.80          -0.034414
183.00          -0.034493
183.20          -0.034572
183.40          -0.034651
183.60          -0.034731
183.80          -0.034810
184.00          -0.034890
184.20          -0.034970
184.40          -0.035051
184.60          -0.035132
184.80          -0.035213
185.00          -0.035294
185.20          -0.035375
185.40          -0.035457
185.60          -0.035539
185.80          -0.035622
186.00          -0.035704
186.20          -0.035787
186.40          -0.035870
186.60          -0.035954
186.80          -0.036037
187.00          -0.036121
187.20          -0.036206
187.40          -0.036290
187.60          -0.036375
187.80          -0.036460
188.00          -0.036546
188.20          -0.036631
188.40          -0.036717
188.60          -0.036804
188.80          -0.036890
189.00          -0.036977
189.20          -0.037064
189.40          -0.037152
189.60          -0.037240
189.80          -0.037328
190.00          -0.037416
190.20          -0.037505
190.40          -0.037594
190.60          -0.037684
190.80          -0.037773
191.00          -0.037863
191.20          -0.037954
191.40          -0.038044
191.60          -0.038135
191.80          -0.038227
192.00          -0.038318
192.20          -0.038410
192.40          -0.038503
192.60          -0.038595
192.80          -0.038689
193.00          -0.038782
193.20          -0.038876
193.40          -0.038970
193.60          -0.039064
193.80          -0.039159
194.00          -0.039254
194.20          -0.039350
194.40          -0.039446
194.60          -0.039542
194.80          -0.039638
195.00          -0.039735
195.20          -0.039833
195.40          -0.039931
195.60          -0.040029
195.80          -0.040127
196.00          -0.040226
196.20          -0.040326
196.40          -0.040425
196.60          -0.040525
196.80          -0.040626
197.00          -0.040727
197.20          -0.040828
197.40          -0.040930
197.60          -0.041032
197.80          -0.041135
198.00          -0.041238
198.20          -0.041341
198.40          -0.041445
198.60          -0.041550
198.80          -0.041655
199.00          -0.041760
199.20          -0.041866
199.40          -0.041972
199.60          -0.042078
199.80          -0.042185
200.00          -0.042293
200.20          -0.042401
200.40          -0.042510
200.60          -0.042619
200.80          -0.042728
201.00          -0.042838
201.20          -0.042949
201.40          -0.043060
201.60          -0.043171
201.80          -0.043283
202.00          -0.043396
202.20          -0.043509
202.40          -0.043623
202.60          -0.043737
202.80          -0.043852
203.00          -0.043967
203.20          -0.044083
203.40          -0.044199
203.60          -0.044316
203.80          -0.044434
204.00          -0.044552
204.20          -0.044671
204.40          -0.044790
204.60          -0.044910
204.80          -0.045031
205.00          -0.045152
205.20          -0.045274
205.40          -0.045396
205.60          -0.045519
205.80          -0.045643
206.00          -0.045768
206.20          -0.045893
206.40          -0.046019
206.60          -0.046145
206.80          -0.046273
207.00          -0.046401
207.20          -0.046529
207.40          -0.046659
207.60          -0.046789
207.80          -0.046920
208.00          -0.047051
208.20          -0.047184
208.40          -0.047317
208.60          -0.047451
208.80          -0.047586
209.00          -0.047722
209.20          -0.047858
209.40          -0.047996
209.60          -0.048134
209.80          -0.048273
210.00          -0.048413
210.20          -0.048554
210.40          -0.048696
210.60          -0.048839
210.80          -0.048982
211.00          -0.049127
211.20          -0.049273
211.40          -0.049419
211.60          -0.049567
211.80          -0.049715
212.00          -0.049865
212.20          -0.050016
212.40          -0.050168
212.60          -0.050321
212.80          -0.050475
213.00          -0.050630
213.20          -0.050787
213.40          -0.050944
213.60          -0.051103
213.80          -0.051263
214.00          -0.051424
214.20          -0.051587
214.40          -0.051751
214.60          -0.051916
214.80          -0.052082
215.00          -0.052250
215.20          -0.052419
215.40          -0.052590
215.60          -0.052762
215.80          -0.052936
216.00          -0.053111
216.20          -0.053288
216.40          -0.053466
216.60          -0.053646
216.80          -0.053827
217.00          -0.054011
217.20          -0.054196
217.40          -0.054382
217.60          -0.054571
217.80          -0.054761
218.00          -0.054954
218.20          -0.055148
218.40          -0.055344
218.60          -0.055542
218.80          -0.055742
219.00          -0.055944
219.20          -0.056149
219.40          -0.056356
219.60          -0.056564
219.80          -0.056776
220.00          -0.056989
220.20          -0.057205
220.40          -0.057424
220.60          -0.057645
220.80          -0.057869
221.00          -0.058095
221.20          -0.058324
221.40          -0.058556
221.60          -0.058791
221.80          -0.059029
222.00          -0.059270
222.20          -0.059514
222.40          -0.059761
222.60          -0.060012
222.80          -0.060266
223.00          -0.060524
223.20          -0.060785
223.40          -0.061050
223.60          -0.061319
223.80          -0.061592
224.00          -0.061868
224.20          -0.062149
224.40          -0.062435
224.60          -0.062725
224.80          -0.063019
225.00          -0.063318
