175.00          -0.053283
175.20          -0.053530
175.40          -0.053779
175.60          -0.054030
175.80          -0.054284
176.00          -0.054540
176.20          -0.054798
176.40          -0.055059
176.60          -0.055322
176.80          -0.055588
177.00          -0.055856
177.20          -0.056126
177.40          -0.056400
177.60          -0.056675
177.80          -0.056954
178.00          -0.057235
178.20          -0.057519
178.40          -0.057806
178.60          -0.058095
178.80          -0.058388
179.00          -0.058683
179.20          -0.058981
179.40          -0.059283
179.60          -0.059587
179.80          -0.059895
180.00          -0.060205
180.20          -0.060519
180.40          -0.060837
180.60          -0.061157
180.80          -0.061481
181.00          -0.061809
181.20          -0.062140
181.40          -0.062474
181.60          -0.062813
181.80          -0.063155
182.00          -0.063501
182.20          -0.063850
182.40          -0.064204
182.60          -0.064562
182.80          -0.064923
183.00          -0.065289
183.20          -0.065660
183.40          -0.066034
183.60          -0.066413
183.80          -0.066796
184.00          -0.067184
184.20          -0.067577
184.40          -0.067974
184.60          -0.068377
184.80          -0.068784
185.00          -0.069196
185.20          -0.069614
185.40          -0.070037
185.60          -0.070465
185.80          -0.070898
186.00          -0.071337
186.20          -0.071782
186.40          -0.072233
186.60          -0.072690
186.80          -0.073153
187.00          -0.073621
187.20          -0.074097
187.40          -0.074579
187.60          -0.075067
187.80          -0.075562
188.00          -0.076064
188.20          -0.076574
188.40          -0.077090
188.60          -0.077614
188.80          -0.078145
189.00          -0.078685
189.20          -0.079232
189.40          -0.079787
189.60          -0.080350
189.80          -0.080922
190.00          -0.081503
190.20          -0.082092
190.40          -0.082691
190.60          -0.083299
190.80          -0.083917
191.00          -0.084544
191.20          -0.085181
191.40          -0.085829
191.60          -0.086487
191.80          -0.087156
192.00          -0.087835
192.20          -0.088527
192.40          -0.089229
192.60          -0.089944
192.80          -0.090671
193.00          -0.091411
193.20          -0.092163
193.40          -0.092929
193.60          -0.093708
193.80          -0.094501
194.00          -0.095308
194.20          -0.096130
194.40          -0.096967
194.60          -0.097819
194.80          -0.098688
195.00          -0.099573
195.20          -0.10047
195.40          -0.10139
195.60          -0.10233
195.80          -0.10328
196.00          -0.10426
196.20          -0.10525
196.40          -0.10626
196.60          -0.10729
196.80          -0.10835
197.00          -0.10942
197.20          -0.11052
197.40          -0.11164
197.60          -0.11279
197.80          -0.11395
198.00          -0.11515
198.20          -0.11636
198.40          -0.11761
198.60          -0.11888
198.80          -0.12018
199.00          -0.12151
199.20          -0.12287
199.40          -0.12426
199.60          -0.12568
199.80          -0.12713
200.00          -0.12862
200.20          -0.13014
200.40          -0.13170
200.60          -0.13329
200.80          -0.13492
201.00          -0.13659
201.20          -0.13830
201.40          -0.14005
201.60          -0.14184
201.80          -0.14368
202.00          -0.14556
202.20          -0.14749
202.40          -0.14947
202.60          -0.15149
202.80          -0.15357
203.00          -0.15570
203.20          -0.15788
203.40          -0.16011
203.60          -0.16241
203.80          -0.16476
204.00          -0.16717
204.20          -0.16964
204.40          -0.17217
204.60          -0.17477
204.80          -0.17743
205.00          -0.18016
205.20          -0.18296
205.40          -0.18583
205.60          -0.18877
205.80          -0.19178
206.00          -0.19486
206.20          -0.19802
206.40          -0.20126
206.60          -0.20457
206.80          -0.20795
207.00          -0.21142
207.20          -0.21496
207.40          -0.21858
207.60          -0.22227
207.80          -0.22604
208.00          -0.22988
208.20          -0.23379
208.40          -0.23777
208.60          -0.24182
208.80          -0.24594
209.00          -0.25010
209.20          -0.25433
209.40          -0.25860
209.60          -0.26291
209.80          -0.26725
210.00          -0.27162
210.20          -0.27600
210.40          -0.28038
210.60          -0.28475
210.80          -0.28910
211.00          -0.29341
211.20          -0.29767
211.40          -0.30185
211.60          -0.30594
211.80          -0.30992
212.00          -0.31378
212.20          -0.31747
212.40          -0.32100
212.60          -0.32432
212.80          -0.32742
213.00          -0.33027
213.20          -0.33285
213.40          -0.33514
213.60          -0.33712
213.80          -0.33875
214.00          -0.34003
214.20          -0.34094
214.40          -0.34146
214.60          -0.34157
214.80          -0.34128
215.00          -0.34056
215.20          -0.33943
215.40          -0.33788
215.60          -0.33591
215.80          -0.33353
216.00          -0.33076
216.20          -0.32761
216.40          -0.32409
216.60          -0.32023
216.80          -0.31605
217.00          -0.31157
217.20          -0.30682
217.40          -0.30184
217.60          -0.29664
217.80          -0.29126
218.00          -0.28573
218.20          -0.28007
218.40          -0.27431
218.60          -0.26848
218.80          -0.26261
219.00          -0.25672
219.20          -0.25082
219.40          -0.24495
219.60          -0.23912
219.80          -0.23335
220.00          -0.22765
220.20          -0.22204
220.40          -0.21652
220.60          -0.21111
220.80          -0.20582
221.00          -0.20066
221.20          -0.19562
221.40          -0.19072
221.60          -0.18595
221.80          -0.18133
222.00          -0.17685
222.20          -0.17250
222.40          -0.16830
222.60          -0.16424
222.80          -0.16032
223.00          -0.15654
223.20          -0.15289
223.40          -0.14938
223.60          -0.14599
223.80          -0.14274
224.00          -0.13960
224.20          -0.13659
224.40          -0.13369
224.60          -0.13091
224.80          -0.12824
225.00          -0.12567
