175.00          -0.066074
175.20          -0.066475
175.40          -0.066881
175.60          -0.067292
175.80          -0.067707
176.00          -0.068128
176.20          -0.068554
176.40          -0.068985
176.60          -0.069421
176.80          -0.069862
177.00          -0.070309
177.20          -0.070762
177.40          -0.071220
177.60          -0.071684
177.80          -0.072154
178.00          -0.072630
178.20          -0.073112
178.40          -0.073601
178.60          -0.074095
178.80          -0.074597
179.00          -0.075105
179.20          -0.075620
179.40          -0.076141
179.60          -0.076670
179.80          -0.077206
180.00          -0.077749
180.20          -0.078300
180.40          -0.078859
180.60          -0.079425
180.80          -0.079999
181.00          -0.080582
181.20          -0.081173
181.40          -0.081772
181.60          -0.082380
181.80          -0.082997
182.00          -0.083623
182.20          -0.084259
182.40          -0.084903
182.60          -0.085558
182.80          -0.086222
183.00          -0.086897
183.20          -0.087582
183.40          -0.088277
183.60          -0.088984
183.80          -0.089701
184.00          -0.090430
184.20          -0.091170
184.40          -0.091922
184.60          -0.092687
184.80          -0.093463
185.00          -0.094253
185.20          -0.095055
185.40          -0.095871
185.60          -0.096700
185.80          -0.097543
186.00          -0.098401
186.20          -0.099273
186.40          -0.10016
186.60          -0.10106
186.80          -0.10198
187.00          -0.10291
187.20          -0.10386
187.40          -0.10483
187.60          -0.10582
187.80          -0.10682
188.00          -0.10784
188.20          -0.10888
188.40          -0.10994
188.60          -0.11101
188.80          -0.11211
189.00          -0.11323
189.20          -0.11437
189.40          -0.11553
189.60          -0.11671
189.80          -0.11791
190.00          -0.11914
190.20          -0.12039
190.40          -0.12167
190.60          -0.12297
190.80          -0.12430
191.00          -0.12565
191.20          -0.12703
191.40          -0.12843
191.60          -0.12987
191.80          -0.13133
192.00          -0.13282
192.20          -0.13434
192.40          -0.13590
192.60          -0.13748
192.80          -0.13910
193.00          -0.14075
193.20          -0.14243
193.40          -0.14415
193.60          -0.14590
193.80          -0.14769
194.00          -0.14952
194.20          -0.15138
194.40          -0.15328
194.60          -0.15522
194.80          -0.15720
195.00          -0.15922
195.20          -0.16128
195.40          -0.16339
195.60          -0.16553
195.80          -0.16772
196.00          -0.16995
196.20          -0.17223
196.40          -0.17455
196.60          -0.17692
196.80          -0.17933
197.00          -0.18179
197.20          -0.18429
197.40          -0.18684
197.60          -0.18944
197.80          -0.19208
198.00          -0.19477
198.20          -0.19751
198.40          -0.20029
198.60          -0.20311
198.80          -0.20598
199.00          -0.20889
199.20          -0.21184
199.40          -0.21483
199.60          -0.21785
199.80          -0.22092
200.00          -0.22401
200.20          -0.22714
200.40          -0.23029
200.60          -0.23347
200.80          -0.23666
201.00          -0.23987
201.20          -0.24309
201.40          -0.24632
201.60          -0.24954
201.80          -0.25276
202.00          -0.25596
202.20          -0.25914
202.40          -0.26229
202.60          -0.26540
202.80          -0.26847
203.00          -0.27148
203.20          -0.27442
203.40          -0.27728
203.60          -0.28006
203.80          -0.28273
204.00          -0.28530
204.20          -0.28774
204.40          -0.29005
204.60          -0.29221
204.80          -0.29421
205.00          -0.29603
205.20          -0.29768
205.40          -0.29913
205.60          -0.30038
205.80          -0.30141
206.00          -0.30222
206.20          -0.30279
206.40          -0.30312
206.60          -0.30321
206.80          -0.30304
207.00          -0.30262
207.20          -0.30193
207.40          -0.30099
207.60          -0.29980
207.80          -0.29834
208.00          -0.29663
208.20          -0.29468
208.40          -0.29249
208.60          -0.29006
208.80          -0.28741
209.00          -0.28455
209.20          -0.28149
209.40          -0.27825
209.60          -0.27483
209.80          -0.27124
210.00          -0.26752
210.20          -0.26366
210.40          -0.25969
210.60          -0.25562
210.80          -0.25146
211.00          -0.24723
211.20          -0.24295
211.40          -0.23862
211.60          -0.23427
211.80          -0.22989
212.00          -0.22551
212.20          -0.22114
212.40          -0.21679
212.60          -0.21246
212.80          -0.20817
213.00          -0.20392
213.20          -0.19973
213.40          -0.19559
213.60          -0.19152
213.80          -0.18751
214.00          -0.18358
214.20          -0.17973
214.40          -0.17596
214.60          -0.17227
214.80          -0.16866
215.00          -0.16515
215.20          -0.16172
215.40          -0.15838
215.60          -0.15513
215.80          -0.15197
216.00          -0.14890
216.20          -0.14592
216.40          -0.14302
216.60          -0.14022
216.80          -0.13750
217.00          -0.13486
217.20          -0.13231
217.40          -0.12984
217.60          -0.12745
217.80          -0.12514
218.00          -0.12291
218.20          -0.12075
218.40          -0.11867
218.60          -0.11665
218.80          -0.11471
219.00          -0.11283
219.20          -0.11102
219.40          -0.10927
219.60          -0.10759
219.80          -0.10596
220.00          -0.10440
220.20          -0.10289
220.40          -0.10143
220.60          -0.10003
220.80          -0.098678
221.00          -0.097377
221.20          -0.096124
221.40          -0.094917
221.60          -0.093756
221.80          -0.092638
222.00          -0.091562
222.20          -0.090526
222.40          -0.089531
222.60          -0.088573
222.80          -0.087652
223.00          -0.086766
223.20          -0.085915
223.40          -0.085097
223.60          -0.084311
223.80          -0.083556
224.00          -0.082830
224.20          -0.082134
224.40          -0.081466
224.60          -0.080825
224.80          -0.080209
225.00          -0.079619
