175.00          -0.25100
175.20          -0.25058
175.40          -0.25005
175.60          -0.24940
175.80          -0.24864
176.00          -0.24776
176.20          -0.24677
176.40          -0.24568
176.60          -0.24447
176.80          -0.24316
177.00          -0.24175
177.20          -0.24023
177.40          -0.23862
177.60          -0.23692
177.80          -0.23513
178.00          -0.23326
178.20          -0.23130
178.40          -0.22927
178.60          -0.22717
178.80          -0.22500
179.00          -0.22277
179.20          -0.22048
179.40          -0.21814
179.60          -0.21574
179.80          -0.21331
180.00          -0.21084
180.20          -0.20833
180.40          -0.20579
180.60          -0.20322
180.80          -0.20064
181.00          -0.19804
181.20          -0.19542
181.40          -0.19280
181.60          -0.19017
181.80          -0.18753
182.00          -0.18490
182.20          -0.18228
182.40          -0.17966
182.60          -0.17706
182.80          -0.17446
183.00          -0.17189
183.20          -0.16933
183.40          -0.16679
183.60          -0.16428
183.80          -0.16179
184.00          -0.15933
184.20          -0.15689
184.40          -0.15449
184.60          -0.15212
184.80          -0.14978
185.00          -0.14747
185.20          -0.14520
185.40          -0.14296
185.60          -0.14076
185.80          -0.13859
186.00          -0.13646
186.20          -0.13437
186.40          -0.13232
186.60          -0.13030
186.80          -0.12832
187.00          -0.12638
187.20          -0.12448
187.40          -0.12261
187.60          -0.12079
187.80          -0.11900
188.00          -0.11725
188.20          -0.11553
188.40          -0.11385
188.60          -0.11221
188.80          -0.11061
189.00          -0.10904
189.20          -0.10751
189.40          -0.10601
189.60          -0.10454
189.80          -0.10311
190.00          -0.10172
190.20          -0.10035
190.40          -0.099023
190.60          -0.097724
190.80          -0.096457
191.00          -0.095220
191.20          -0.094014
191.40          -0.092838
191.60          -0.091691
191.80          -0.090573
192.00          -0.089483
192.20          -0.088421
192.40          -0.087386
192.60          -0.086378
192.80          -0.085396
193.00          -0.084439
193.20          -0.083507
193.40          -0.082600
193.60          -0.081717
193.80          -0.080857
194.00          -0.080020
194.20          -0.079206
194.40          -0.078414
194.60          -0.077644
194.80          -0.076894
195.00          -0.076166
195.20          -0.075457
195.40          -0.074768
195.60          -0.074099
195.80          -0.073449
196.00          -0.072817
196.20          -0.072203
196.40          -0.071606
196.60          -0.071028
196.80          -0.070466
197.00          -0.069920
197.20          -0.069391
197.40          -0.068878
197.60          -0.068380
197.80          -0.067897
198.00          -0.067429
198.20          -0.066976
198.40          -0.066537
198.60          -0.066111
198.80          -0.065699
199.00          -0.065301
199.20          -0.064915
199.40          -0.064542
199.60          -0.064182
199.80          -0.063834
200.00          -0.063497
200.20          -0.063173
200.40          -0.062859
200.60          -0.062557
200.80          -0.062266
201.00          -0.061985
201.20          -0.061715
201.40          -0.061455
201.60          -0.061206
201.80          -0.060966
202.00          -0.060735
202.20          -0.060514
202.40          -0.060302
202.60          -0.060100
202.80          -0.059906
203.00          -0.059721
203.20          -0.059544
203.40          -0.059376
203.60          -0.059216
203.80          -0.059064
204.00          -0.058919
204.20          -0.058783
204.40          -0.058654
204.60          -0.058532
204.80          -0.058418
205.00          -0.058310
205.20          -0.058210
205.40          -0.058117
205.60          -0.058030
205.80          -0.057950
206.00          -0.057876
206.20          -0.057809
206.40          -0.057748
206.60          -0.057693
206.80          -0.057644
207.00          -0.057601
207.20          -0.057564
207.40          -0.057533
207.60          -0.057507
207.80          -0.057487
208.00          -0.057472
208.20          -0.057462
208.40          -0.057458
208.60          -0.057459
208.80          -0.057464
209.00          -0.057475
209.20          -0.057491
209.40          -0.057512
209.60          -0.057537
209.80          -0.057567
210.00          -0.057601
210.20          -0.057640
210.40          -0.057683
210.60          -0.057731
210.80          -0.057783
211.00          -0.057840
211.20          -0.057900
211.40          -0.057965
211.60          -0.058033
211.80          -0.058106
212.00          -0.058182
212.20          -0.058263
212.40          -0.058347
212.60          -0.058435
212.80          -0.058526
213.00          -0.058622
213.20          -0.058720
213.40          -0.058823
213.60          -0.058929
213.80          -0.059038
214.00          -0.059151
214.20          -0.059267
214.40          -0.059386
214.60          -0.059509
214.80          -0.059635
215.00          -0.059764
215.20          -0.059896
215.40          -0.060031
215.60          -0.060169
215.80          -0.060310
216.00          -0.060455
216.20          -0.060602
216.40          -0.060752
216.60          -0.060905
216.80          -0.061061
217.00          -0.061219
217.20          -0.061380
217.40          -0.061544
217.60          -0.061711
217.80          -0.061880
218.00          -0.062052
218.20          -0.062227
218.40          -0.062404
218.60          -0.062584
218.80          -0.062766
219.00          -0.062950
219.20          -0.063137
219.40          -0.063327
219.60          -0.063519
219.80          -0.063713
220.00          -0.063909
220.20          -0.064108
220.40          -0.064309
220.60          -0.064513
220.80          -0.064718
221.00          -0.064926
221.20          -0.065136
221.40          -0.065348
221.60          -0.065562
221.80          -0.065778
222.00          -0.065997
222.20          -0.066217
222.40          -0.066439
222.60          -0.066664
222.80          -0.066890
223.00          -0.067118
223.20          -0.067349
223.40          -0.067581
223.60          -0.067815
223.80          -0.068051
224.00          -0.068289
224.20          -0.068528
224.40          -0.068770
224.60          -0.069013
224.80          -0.069258
225.00          -0.069504
