175.00          -0.35467
175.20          -0.40309
175.40          -0.45946
175.60          -0.52393
175.80          -0.59534
176.00          -0.67028
176.20          -0.74210
176.40          -0.80083
176.60          -0.83505
176.80          -0.83615
177.00          -0.80272
177.20          -0.74157
177.40          -0.66424
177.60          -0.58212
177.80          -0.50339
178.00          -0.43252
178.20          -0.37108
178.40          -0.31898
178.60          -0.27532
178.80          -0.23890
179.00          -0.20855
179.20          -0.18320
179.40          -0.16194
179.60          -0.14405
179.80          -0.12890
180.00          -0.11601
180.20          -0.10498
180.40          -0.095495
180.60          -0.087298
180.80          -0.080178
181.00          -0.073966
181.20          -0.068522
181.40          -0.063731
181.60          -0.059498
181.80          -0.055746
182.00          -0.052408
182.20          -0.049431
182.40          -0.046770
182.60          -0.044394
182.80          -0.042300
183.00          -0.040812
183.20          -0.039613
183.40          -0.036830
183.60          -0.035342
183.80          -0.034010
184.00          -0.032797
184.20          -0.031687
184.40          -0.030670
184.60          -0.029736
184.80          -0.028878
185.00          -0.028087
185.20          -0.027358
185.40          -0.026685
185.60          -0.026064
185.80          -0.025488
186.00          -0.024955
186.20          -0.024461
186.40          -0.024003
186.60          -0.023577
186.80          -0.023181
187.00          -0.022813
187.20          -0.022470
187.40          -0.022151
187.60          -0.021854
187.80          -0.021577
188.00          -0.021319
188.20          -0.021078
188.40          -0.020853
188.60          -0.020643
188.80          -0.020447
189.00          -0.020264
189.20          -0.020094
189.40          -0.019934
189.60          -0.019786
189.80          -0.019647
190.00          -0.019518
190.20          -0.019398
190.40          -0.019285
190.60          -0.019181
190.80          -0.019084
191.00          -0.018994
191.20          -0.018910
191.40          -0.018832
191.60          -0.018760
191.80          -0.018694
192.00          -0.018633
192.20          -0.018577
192.40          -0.018525
192.60          -0.018478
192.80          -0.018435
193.00          -0.018396
193.20          -0.018361
193.40          -0.018329
193.60          -0.018301
193.80          -0.018276
194.00          -0.018254
194.20          -0.018235
194.40          -0.018220
194.60          -0.018206
194.80          -0.018196
195.00          -0.018188
195.20          -0.018183
195.40          -0.018179
195.60          -0.018179
195.80          -0.018180
196.00          -0.018183
196.20          -0.018189
196.40          -0.018196
196.60          -0.018206
196.80          -0.018217
197.00          -0.018230
197.20          -0.018245
197.40          -0.018261
197.60          -0.018279
197.80          -0.018299
198.00          -0.018321
198.20          -0.018344
198.40          -0.018369
198.60          -0.018395
198.80          -0.018423
199.00          -0.018452
199.20          -0.018483
199.40          -0.018515
199.60          -0.018549
199.80          -0.018584
200.00          -0.018621
200.20          -0.018660
200.40          -0.018700
200.60          -0.018742
200.80          -0.018785
201.00          -0.018830
201.20          -0.018877
201.40          -0.018925
201.60          -0.018975
201.80          -0.019027
202.00          -0.019081
202.20          -0.019137
202.40          -0.019195
202.60          -0.019256
202.80          -0.019318
203.00          -0.019383
203.20          -0.019451
203.40          -0.019521
203.60          -0.019594
203.80          -0.019671
204.00          -0.019751
204.20          -0.019834
204.40          -0.019921
204.60          -0.020013
204.80          -0.020110
205.00          -0.020212
205.20          -0.020319
205.40          -0.020433
205.60          -0.020554
205.80          -0.020683
206.00          -0.020821
206.20          -0.020970
206.40          -0.021130
206.60          -0.021304
206.80          -0.021494
207.00          -0.021703
207.20          -0.021937
207.40          -0.022270
207.60          -0.022484
207.80          -0.022792
208.00          -0.023160
208.20          -0.023586
208.40          -0.024086
208.60          -0.024680
208.80          -0.025398
209.00          -0.026285
209.20          -0.027407
209.40          -0.028866
209.60          -0.030831
209.80          -0.033594
210.00          -0.037698
210.20          -0.044241
210.40          -0.055699
210.60          -0.078346
210.80          -0.12861
211.00          -0.21516
211.20          -0.17786
211.40          -0.085788
211.60          -0.047982
211.80          -0.033295
212.00          -0.026757
212.20          -0.023492
212.40          -0.021725
212.60          -0.020716
212.80          -0.020123
213.00          -0.019772
213.20          -0.019569
213.40          -0.019460
213.60          -0.019412
213.80          -0.019405
214.00          -0.019426
214.20          -0.019466
214.40          -0.019521
214.60          -0.019585
214.80          -0.019656
215.00          -0.019733
215.20          -0.019813
215.40          -0.019896
215.60          -0.019982
215.80          -0.020068
216.00          -0.020156
216.20          -0.020245
216.40          -0.020335
216.60          -0.020425
216.80          -0.020516
217.00          -0.020607
217.20          -0.020698
217.40          -0.020790
217.60          -0.020883
217.80          -0.020976
218.00          -0.021069
218.20          -0.021163
218.40          -0.021258
218.60          -0.021353
218.80          -0.021448
219.00          -0.021545
219.20          -0.021642
219.40          -0.021740
219.60          -0.021839
219.80          -0.021938
220.00          -0.022039
220.20          -0.022141
220.40          -0.022244
220.60          -0.022348
220.80          -0.022453
221.00          -0.022559
221.20          -0.022667
221.40          -0.022776
221.60          -0.022887
221.80          -0.023000
222.00          -0.023114
222.20          -0.023230
222.40          -0.023348
222.60          -0.023467
222.80          -0.023589
223.00          -0.023713
223.20          -0.023840
223.40          -0.023968
223.60          -0.024099
223.80          -0.024233
224.00          -0.024370
224.20          -0.024509
224.40          -0.024651
224.60          -0.024797
224.80          -0.024946
225.00          -0.025098
