175.00          -0.024093
175.20          -0.024213
175.40          -0.024334
175.60          -0.024458
175.80          -0.024583
176.00          -0.024711
176.20          -0.024840
176.40          -0.024972
176.60          -0.025105
176.80          -0.025241
177.00          -0.025379
177.20          -0.025519
177.40          -0.025662
177.60          -0.025807
177.80          -0.025954
178.00          -0.026104
178.20          -0.026257
178.40          -0.026412
178.60          -0.026570
178.80          -0.026730
179.00          -0.026894
179.20          -0.027061
179.40          -0.027230
179.60          -0.027403
179.80          -0.027579
180.00          -0.027758
180.20          -0.027940
180.40          -0.028126
180.60          -0.028316
180.80          -0.028509
181.00          -0.028706
181.20          -0.028907
181.40          -0.029112
181.60          -0.029321
181.80          -0.029535
182.00          -0.029753
182.20          -0.029975
182.40          -0.030202
182.60          -0.030434
182.80          -0.030671
183.00          -0.030913
183.20          -0.031160
183.40          -0.031413
183.60          -0.031671
183.80          -0.031935
184.00          -0.032206
184.20          -0.032482
184.40          -0.032765
184.60          -0.033055
184.80          -0.033351
185.00          -0.033655
185.20          -0.033966
185.40          -0.034284
185.60          -0.034611
185.80          -0.034946
186.00          -0.035289
186.20          -0.035641
186.40          -0.036002
186.60          -0.036373
186.80          -0.036753
187.00          -0.037144
187.20          -0.037545
187.40          -0.037958
187.60          -0.038381
187.80          -0.038817
188.00          -0.039265
188.20          -0.039726
188.40          -0.040200
188.60          -0.040689
188.80          -0.041192
189.00          -0.041710
189.20          -0.042244
189.40          -0.042794
189.60          -0.043362
189.80          -0.043947
190.00          -0.044551
190.20          -0.045175
190.40          -0.045820
190.60          -0.046486
190.80          -0.047174
191.00          -0.047886
191.20          -0.048623
191.40          -0.049385
191.60          -0.050174
191.80          -0.050992
192.00          -0.051840
192.20          -0.052719
192.40          -0.053631
192.60          -0.054577
192.80          -0.055560
193.00          -0.056581
193.20          -0.057643
193.40          -0.058747
193.60          -0.059897
193.80          -0.061093
194.00          -0.062340
194.20          -0.063639
194.40          -0.064995
194.60          -0.066409
194.80          -0.067887
195.00          -0.069430
195.20          -0.071044
195.40          -0.072733
195.60          -0.074501
195.80          -0.076353
196.00          -0.078295
196.20          -0.080332
196.40          -0.082470
196.60          -0.084716
196.80          -0.087077
197.00          -0.089562
197.20          -0.092177
197.40          -0.094932
197.60          -0.097836
197.80          -0.10090
198.00          -0.10414
198.20          -0.10755
198.40          -0.11117
198.60          -0.11499
198.80          -0.11904
199.00          -0.12333
199.20          -0.12787
199.40          -0.13270
199.60          -0.13781
199.80          -0.14325
200.00          -0.14902
200.20          -0.15515
200.40          -0.16166
200.60          -0.16859
200.80          -0.17595
201.00          -0.18376
201.20          -0.19207
201.40          -0.20088
201.60          -0.21022
201.80          -0.22010
202.00          -0.23055
202.20          -0.24156
202.40          -0.25313
202.60          -0.26525
202.80          -0.27789
203.00          -0.29100
203.20          -0.30450
203.40          -0.31829
203.60          -0.33225
203.80          -0.34621
204.00          -0.35996
204.20          -0.37328
204.40          -0.38589
204.60          -0.39751
204.80          -0.40781
205.00          -0.41651
205.20          -0.42330
205.40          -0.42793
205.60          -0.43022
205.80          -0.43005
206.00          -0.42737
206.20          -0.42226
206.40          -0.41484
206.60          -0.40534
206.80          -0.39404
207.00          -0.38124
207.20          -0.36728
207.40          -0.35248
207.60          -0.33714
207.80          -0.32156
208.00          -0.30596
208.20          -0.29056
208.40          -0.27551
208.60          -0.26094
208.80          -0.24693
209.00          -0.23356
209.20          -0.22086
209.40          -0.20884
209.60          -0.19752
209.80          -0.18687
210.00          -0.17688
210.20          -0.16752
210.40          -0.15878
210.60          -0.15060
210.80          -0.14297
211.00          -0.13585
211.20          -0.12921
211.40          -0.12300
211.60          -0.11722
211.80          -0.11182
212.00          -0.10677
212.20          -0.10206
212.40          -0.097656
212.60          -0.093538
212.80          -0.089684
213.00          -0.086075
213.20          -0.082693
213.40          -0.079523
213.60          -0.076547
213.80          -0.073754
214.00          -0.071129
214.20          -0.068660
214.40          -0.066337
214.60          -0.064150
214.80          -0.062088
215.00          -0.060144
215.20          -0.058309
215.40          -0.056577
215.60          -0.054939
215.80          -0.053391
216.00          -0.051926
216.20          -0.050538
216.40          -0.049224
216.60          -0.047977
216.80          -0.046795
217.00          -0.045673
217.20          -0.044607
217.40          -0.043594
217.60          -0.042631
217.80          -0.041714
218.00          -0.040842
218.20          -0.040012
218.40          -0.039220
218.60          -0.038466
218.80          -0.037746
219.00          -0.037060
219.20          -0.036404
219.40          -0.035779
219.60          -0.035181
219.80          -0.034609
220.00          -0.034063
220.20          -0.033540
220.40          -0.033040
220.60          -0.032561
220.80          -0.032103
221.00          -0.031664
221.20          -0.031243
221.40          -0.030839
221.60          -0.030453
221.80          -0.030082
222.00          -0.029726
222.20          -0.029385
222.40          -0.029057
222.60          -0.028742
222.80          -0.028440
223.00          -0.028150
223.20          -0.027871
223.40          -0.027603
223.60          -0.027346
223.80          -0.027099
224.00          -0.026861
224.20          -0.026632
224.40          -0.026412
224.60          -0.026201
224.80          -0.025998
225.00          -0.025803
