175.00          -0.054475
175.20          -0.054737
175.40          -0.055001
175.60          -0.055268
175.80          -0.055537
176.00          -0.055809
176.20          -0.056084
176.40          -0.056361
176.60          -0.056641
176.80          -0.056923
177.00          -0.057209
177.20          -0.057497
177.40          -0.057788
177.60          -0.058082
177.80          -0.058379
178.00          -0.058679
178.20          -0.058982
178.40          -0.059289
178.60          -0.059598
178.80          -0.059911
179.00          -0.060227
179.20          -0.060546
179.40          -0.060869
179.60          -0.061195
179.80          -0.061525
180.00          -0.061858
180.20          -0.062195
180.40          -0.062536
180.60          -0.062881
180.80          -0.063229
181.00          -0.063582
181.20          -0.063938
181.40          -0.064299
181.60          -0.064664
181.80          -0.065033
182.00          -0.065406
182.20          -0.065784
182.40          -0.066166
182.60          -0.066553
182.80          -0.066944
183.00          -0.067341
183.20          -0.067742
183.40          -0.068148
183.60          -0.068559
183.80          -0.068976
184.00          -0.069397
184.20          -0.069824
184.40          -0.070257
184.60          -0.070695
184.80          -0.071139
185.00          -0.071589
185.20          -0.072045
185.40          -0.072506
185.60          -0.072975
185.80          -0.073449
186.00          -0.073930
186.20          -0.074417
186.40          -0.074912
186.60          -0.075413
186.80          -0.075922
187.00          -0.076437
187.20          -0.076961
187.40          -0.077491
187.60          -0.078030
187.80          -0.078576
188.00          -0.079131
188.20          -0.079694
188.40          -0.080265
188.60          -0.080845
188.80          -0.081434
189.00          -0.082032
189.20          -0.082640
189.40          -0.083257
189.60          -0.083884
189.80          -0.084521
190.00          -0.085168
190.20          -0.085826
190.40          -0.086495
190.60          -0.087175
190.80          -0.087866
191.00          -0.088569
191.20          -0.089284
191.40          -0.090011
191.60          -0.090751
191.80          -0.091503
192.00          -0.092269
192.20          -0.093049
192.40          -0.093843
192.60          -0.094651
192.80          -0.095473
193.00          -0.096311
193.20          -0.097164
193.40          -0.098034
193.60          -0.098919
193.80          -0.099822
194.00          -0.10074
194.20          -0.10168
194.40          -0.10264
194.60          -0.10361
194.80          -0.10461
195.00          -0.10562
195.20          -0.10665
195.40          -0.10771
195.60          -0.10879
195.80          -0.10989
196.00          -0.11101
196.20          -0.11216
196.40          -0.11333
196.60          -0.11452
196.80          -0.11575
197.00          -0.11700
197.20          -0.11827
197.40          -0.11958
197.60          -0.12091
197.80          -0.12227
198.00          -0.12367
198.20          -0.12509
198.40          -0.12655
198.60          -0.12804
198.80          -0.12957
199.00          -0.13113
199.20          -0.13273
199.40          -0.13437
199.60          -0.13605
199.80          -0.13777
200.00          -0.13953
200.20          -0.14133
200.40          -0.14318
200.60          -0.14507
200.80          -0.14701
201.00          -0.14899
201.20          -0.15103
201.40          -0.15312
201.60          -0.15526
201.80          -0.15745
202.00          -0.15970
202.20          -0.16201
202.40          -0.16437
202.60          -0.16680
202.80          -0.16929
203.00          -0.17184
203.20          -0.17445
203.40          -0.17714
203.60          -0.17989
203.80          -0.18271
204.00          -0.18560
204.20          -0.18856
204.40          -0.19159
204.60          -0.19470
204.80          -0.19789
205.00          -0.20115
205.20          -0.20449
205.40          -0.20791
205.60          -0.21140
205.80          -0.21497
206.00          -0.21862
206.20          -0.22235
206.40          -0.22615
206.60          -0.23003
206.80          -0.23398
207.00          -0.23800
207.20          -0.24209
207.40          -0.24624
207.60          -0.25045
207.80          -0.25471
208.00          -0.25902
208.20          -0.26337
208.40          -0.26775
208.60          -0.27216
208.80          -0.27657
209.00          -0.28099
209.20          -0.28540
209.40          -0.28979
209.60          -0.29413
209.80          -0.29841
210.00          -0.30262
210.20          -0.30674
210.40          -0.31074
210.60          -0.31461
210.80          -0.31832
211.00          -0.32184
211.20          -0.32516
211.40          -0.32826
211.60          -0.33109
211.80          -0.33366
212.00          -0.33592
212.20          -0.33785
212.40          -0.33945
212.60          -0.34068
212.80          -0.34152
213.00          -0.34198
213.20          -0.34202
213.40          -0.34164
213.60          -0.34085
213.80          -0.33962
214.00          -0.33797
214.20          -0.33591
214.40          -0.33343
214.60          -0.33055
214.80          -0.32730
215.00          -0.32367
215.20          -0.31971
215.40          -0.31543
215.60          -0.31085
215.80          -0.30601
216.00          -0.30094
216.20          -0.29565
216.40          -0.29019
216.60          -0.28458
216.80          -0.27885
217.00          -0.27303
217.20          -0.26715
217.40          -0.26122
217.60          -0.25529
217.80          -0.24935
218.00          -0.24345
218.20          -0.23759
218.40          -0.23179
218.60          -0.22608
218.80          -0.22045
219.00          -0.21493
219.20          -0.20951
219.40          -0.20422
219.60          -0.19906
219.80          -0.19402
220.00          -0.18913
220.20          -0.18437
220.40          -0.17976
220.60          -0.17529
220.80          -0.17096
221.00          -0.16678
221.20          -0.16274
221.40          -0.15883
221.60          -0.15507
221.80          -0.15144
222.00          -0.14795
222.20          -0.14458
222.40          -0.14135
222.60          -0.13823
222.80          -0.13524
223.00          -0.13236
223.20          -0.12960
223.40          -0.12695
223.60          -0.12440
223.80          -0.12196
224.00          -0.11961
224.20          -0.11736
224.40          -0.11521
224.60          -0.11314
224.80          -0.11115
225.00          -0.10925
