175.00          -0.039622
175.20          -0.039665
175.40          -0.039711
175.60          -0.039761
175.80          -0.039815
176.00          -0.039871
176.20          -0.039931
176.40          -0.039995
176.60          -0.040062
176.80          -0.040132
177.00          -0.040205
177.20          -0.040282
177.40          -0.040361
177.60          -0.040444
177.80          -0.040530
178.00          -0.040620
178.20          -0.040712
178.40          -0.040807
178.60          -0.040906
178.80          -0.041007
179.00          -0.041112
179.20          -0.041219
179.40          -0.041330
179.60          -0.041443
179.80          -0.041560
180.00          -0.041679
180.20          -0.041802
180.40          -0.041927
180.60          -0.042055
180.80          -0.042186
181.00          -0.042320
181.20          -0.042457
181.40          -0.042597
181.60          -0.042739
181.80          -0.042885
182.00          -0.043033
182.20          -0.043185
182.40          -0.043339
182.60          -0.043496
182.80          -0.043655
183.00          -0.043818
183.20          -0.043983
183.40          -0.044152
183.60          -0.044323
183.80          -0.044497
184.00          -0.044674
184.20          -0.044853
184.40          -0.045036
184.60          -0.045221
184.80          -0.045409
185.00          -0.045601
185.20          -0.045795
185.40          -0.045991
185.60          -0.046191
185.80          -0.046394
186.00          -0.046599
186.20          -0.046808
186.40          -0.047019
186.60          -0.047233
186.80          -0.047450
187.00          -0.047670
187.20          -0.047893
187.40          -0.048119
187.60          -0.048348
187.80          -0.048580
188.00          -0.048815
188.20          -0.049053
188.40          -0.049294
188.60          -0.049538
188.80          -0.049785
189.00          -0.050036
189.20          -0.050289
189.40          -0.050545
189.60          -0.050805
189.80          -0.051067
190.00          -0.051333
190.20          -0.051602
190.40          -0.051874
190.60          -0.052150
190.80          -0.052428
191.00          -0.052710
191.20          -0.052995
191.40          -0.053284
191.60          -0.053575
191.80          -0.053871
192.00          -0.054169
192.20          -0.054471
192.40          -0.054776
192.60          -0.055085
192.80          -0.055398
193.00          -0.055713
193.20          -0.056033
193.40          -0.056356
193.60          -0.056682
193.80          -0.057012
194.00          -0.057346
194.20          -0.057684
194.40          -0.058025
194.60          -0.058370
194.80          -0.058719
195.00          -0.059072
195.20          -0.059428
195.40          -0.059789
195.60          -0.060153
195.80          -0.060522
196.00          -0.060894
196.20          -0.061271
196.40          -0.061652
196.60          -0.062037
196.80          -0.062426
197.00          -0.062820
197.20          -0.063218
197.40          -0.063620
197.60          -0.064027
197.80          -0.064439
198.00          -0.064855
198.20          -0.065276
198.40          -0.065701
198.60          -0.066132
198.80          -0.066568
199.00          -0.067008
199.20          -0.067454
199.40          -0.067906
199.60          -0.068363
199.80          -0.068825
200.00          -0.069293
200.20          -0.069768
200.40          -0.070248
200.60          -0.070736
200.80          -0.071230
201.00          -0.071731
201.20          -0.072239
201.40          -0.072756
201.60          -0.073281
201.80          -0.073815
202.00          -0.074359
202.20          -0.074913
202.40          -0.075480
202.60          -0.076060
202.80          -0.076655
203.00          -0.077268
203.20          -0.077901
203.40          -0.078558
203.60          -0.079245
203.80          -0.079969
204.00          -0.080741
204.20          -0.081577
204.40          -0.082501
204.60          -0.083552
204.80          -0.084797
205.00          -0.086360
205.20          -0.088495
205.40          -0.091792
205.60          -0.097964
205.80          -0.11407
206.00          -0.20468
206.20          -1.9117
206.40          -0.12364
206.60          -0.093507
206.80          -0.088447
207.00          -0.087326
207.20          -0.087293
207.40          -0.087654
207.60          -0.088184
207.80          -0.088794
208.00          -0.089445
208.20          -0.090119
208.40          -0.090807
208.60          -0.091503
208.80          -0.092206
209.00          -0.092914
209.20          -0.093626
209.40          -0.094342
209.60          -0.095062
209.80          -0.095785
210.00          -0.096513
210.20          -0.097244
210.40          -0.097979
210.60          -0.098718
210.80          -0.099461
211.00          -0.10021
211.20          -0.10096
211.40          -0.10171
211.60          -0.10247
211.80          -0.10324
212.00          -0.10401
212.20          -0.10478
212.40          -0.10556
212.60          -0.10634
212.80          -0.10713
213.00          -0.10792
213.20          -0.10871
213.40          -0.10951
213.60          -0.11032
213.80          -0.11113
214.00          -0.11194
214.20          -0.11276
214.40          -0.11358
214.60          -0.11440
214.80          -0.11523
215.00          -0.11606
215.20          -0.11690
215.40          -0.11774
215.60          -0.11859
215.80          -0.11943
216.00          -0.12028
216.20          -0.12114
216.40          -0.12199
216.60          -0.12285
216.80          -0.12372
217.00          -0.12458
217.20          -0.12545
217.40          -0.12632
217.60          -0.12719
217.80          -0.12806
218.00          -0.12893
218.20          -0.12981
218.40          -0.13069
218.60          -0.13156
218.80          -0.13244
219.00          -0.13332
219.20          -0.13419
219.40          -0.13507
219.60          -0.13595
219.80          -0.13682
220.00          -0.13770
220.20          -0.13857
220.40          -0.13944
220.60          -0.14030
220.80          -0.14117
221.00          -0.14203
221.20          -0.14289
221.40          -0.14374
221.60          -0.14459
221.80          -0.14543
222.00          -0.14627
222.20          -0.14710
222.40          -0.14792
222.60          -0.14874
222.80          -0.14955
223.00          -0.15036
223.20          -0.15115
223.40          -0.15194
223.60          -0.15272
223.80          -0.15349
224.00          -0.15425
224.20          -0.15501
224.40          -0.15575
224.60          -0.15649
224.80          -0.15723
225.00          -0.15796
