175.00          -0.044722
175.20          -0.044958
175.40          -0.045197
175.60          -0.045441
175.80          -0.045688
176.00          -0.045938
176.20          -0.046193
176.40          -0.046451
176.60          -0.046714
176.80          -0.046981
177.00          -0.047252
177.20          -0.047528
177.40          -0.047808
177.60          -0.048093
177.80          -0.048383
178.00          -0.048678
178.20          -0.048978
178.40          -0.049283
178.60          -0.049594
178.80          -0.049910
179.00          -0.050233
179.20          -0.050561
179.40          -0.050896
179.60          -0.051237
179.80          -0.051585
180.00          -0.051939
180.20          -0.052301
180.40          -0.052670
180.60          -0.053047
180.80          -0.053431
181.00          -0.053824
181.20          -0.054225
181.40          -0.054635
181.60          -0.055054
181.80          -0.055483
182.00          -0.055921
182.20          -0.056370
182.40          -0.056829
182.60          -0.057299
182.80          -0.057780
183.00          -0.058273
183.20          -0.058779
183.40          -0.059297
183.60          -0.059829
183.80          -0.060374
184.00          -0.060935
184.20          -0.061510
184.40          -0.062101
184.60          -0.062709
184.80          -0.063333
185.00          -0.063976
185.20          -0.064638
185.40          -0.065319
185.60          -0.066021
185.80          -0.066745
186.00          -0.067491
186.20          -0.068261
186.40          -0.069057
186.60          -0.069878
186.80          -0.070727
187.00          -0.071605
187.20          -0.072513
187.40          -0.073454
187.60          -0.074428
187.80          -0.075439
188.00          -0.076487
188.20          -0.077575
188.40          -0.078706
188.60          -0.079881
188.80          -0.081103
189.00          -0.082376
189.20          -0.083702
189.40          -0.085085
189.60          -0.086528
189.80          -0.088036
190.00          -0.089611
190.20          -0.091260
190.40          -0.092987
190.60          -0.094797
190.80          -0.096696
191.00          -0.098691
191.20          -0.10079
191.40          -0.10300
191.60          -0.10532
191.80          -0.10778
192.00          -0.11037
192.20          -0.11311
192.40          -0.11601
192.60          -0.11909
192.80          -0.12236
193.00          -0.12583
193.20          -0.12953
193.40          -0.13347
193.60          -0.13768
193.80          -0.14218
194.00          -0.14700
194.20          -0.15217
194.40          -0.15773
194.60          -0.16372
194.80          -0.17018
195.00          -0.17715
195.20          -0.18471
195.40          -0.19290
195.60          -0.20181
195.80          -0.21151
196.00          -0.22209
196.20          -0.23366
196.40          -0.24634
196.60          -0.26025
196.80          -0.27553
197.00          -0.29236
197.20          -0.31091
197.40          -0.33136
197.60          -0.35394
197.80          -0.37884
198.00          -0.40627
198.20          -0.43641
198.40          -0.46941
198.60          -0.50530
198.80          -0.54399
199.00          -0.58517
199.20          -0.62823
199.40          -0.67217
199.60          -0.71552
199.80          -0.75628
200.00          -0.79205
200.20          -0.82016
200.40          -0.83807
200.60          -0.84381
200.80          -0.83639
201.00          -0.81609
201.20          -0.78443
201.40          -0.74381
201.60          -0.69710
201.80          -0.64715
202.00          -0.59642
202.20          -0.54682
202.40          -0.49969
202.60          -0.45584
202.80          -0.41566
203.00          -0.37928
203.20          -0.34659
203.40          -0.31739
203.60          -0.29140
203.80          -0.26834
204.00          -0.24790
204.20          -0.22980
204.40          -0.21379
204.60          -0.19962
204.80          -0.18710
205.00          -0.17604
205.20          -0.16630
205.40          -0.15774
205.60          -0.15027
205.80          -0.14380
206.00          -0.13827
206.20          -0.13367
206.40          -0.13001
206.60          -0.12734
206.80          -0.12579
207.00          -0.12563
207.20          -0.12732
207.40          -0.13172
207.60          -0.14061
207.80          -0.15798
208.00          -0.19446
208.20          -0.28723
208.40          -0.64369
208.60          -2.4002
208.80          -0.49622
209.00          -0.15649
209.20          -0.091609
209.40          -0.071098
209.60          -0.062576
209.80          -0.058343
210.00          -0.055937
210.20          -0.054409
210.40          -0.053345
210.60          -0.052545
210.80          -0.051907
211.00          -0.051375
211.20          -0.050917
211.40          -0.050513
211.60          -0.050152
211.80          -0.049826
212.00          -0.049530
212.20          -0.049261
212.40          -0.049014
212.60          -0.048789
212.80          -0.048584
213.00          -0.048398
213.20          -0.048228
213.40          -0.048075
213.60          -0.047938
213.80          -0.047814
214.00          -0.047705
214.20          -0.047609
214.40          -0.047525
214.60          -0.047453
214.80          -0.047392
215.00          -0.047342
215.20          -0.047302
215.40          -0.047272
215.60          -0.047250
215.80          -0.047238
216.00          -0.047234
216.20          -0.047239
216.40          -0.047251
216.60          -0.047270
216.80          -0.047296
217.00          -0.047329
217.20          -0.047368
217.40          -0.047414
217.60          -0.047465
217.80          -0.047522
218.00          -0.047585
218.20          -0.047652
218.40          -0.047725
218.60          -0.047802
218.80          -0.047884
219.00          -0.047971
219.20          -0.048062
219.40          -0.048157
219.60          -0.048256
219.80          -0.048359
220.00          -0.048465
220.20          -0.048576
220.40          -0.048689
220.60          -0.048807
220.80          -0.048927
221.00          -0.049051
221.20          -0.049178
221.40          -0.049308
221.60          -0.049441
221.80          -0.049577
222.00          -0.049716
222.20          -0.049858
222.40          -0.050003
222.60          -0.050150
222.80          -0.050301
223.00          -0.050453
223.20          -0.050609
223.40          -0.050767
223.60          -0.050928
223.80          -0.051092
224.00          -0.051258
224.20          -0.051427
224.40          -0.051599
224.60          -0.051774
224.80          -0.051951
225.00          -0.052132
