175.00          -0.47539
175.20          -0.47897
175.40          -0.48163
175.60          -0.48327
175.80          -0.48383
176.00          -0.48325
176.20          -0.48147
176.40          -0.47849
176.60          -0.47429
176.80          -0.46890
177.00          -0.46237
177.20          -0.45476
177.40          -0.44616
177.60          -0.43667
177.80          -0.42641
178.00          -0.41551
178.20          -0.40408
178.40          -0.39227
178.60          -0.38021
178.80          -0.36800
179.00          -0.35577
179.20          -0.34361
179.40          -0.33161
179.60          -0.31986
179.80          -0.30840
180.00          -0.29730
180.20          -0.28660
180.40          -0.27632
180.60          -0.26649
180.80          -0.25711
181.00          -0.24820
181.20          -0.23975
181.40          -0.23176
181.60          -0.22422
181.80          -0.21712
182.00          -0.21044
182.20          -0.20417
182.40          -0.19829
182.60          -0.19278
182.80          -0.18762
183.00          -0.18280
183.20          -0.17830
183.40          -0.17410
183.60          -0.17018
183.80          -0.16653
184.00          -0.16313
184.20          -0.15996
184.40          -0.15702
184.60          -0.15428
184.80          -0.15174
185.00          -0.14938
185.20          -0.14719
185.40          -0.14516
185.60          -0.14327
185.80          -0.14153
186.00          -0.13992
186.20          -0.13843
186.40          -0.13706
186.60          -0.13580
186.80          -0.13463
187.00          -0.13356
187.20          -0.13258
187.40          -0.13168
187.60          -0.13087
187.80          -0.13012
188.00          -0.12944
188.20          -0.12883
188.40          -0.12828
188.60          -0.12778
188.80          -0.12734
189.00          -0.12694
189.20          -0.12660
189.40          -0.12630
189.60          -0.12604
189.80          -0.12582
190.00          -0.12564
190.20          -0.12549
190.40          -0.12538
190.60          -0.12530
190.80          -0.12524
191.00          -0.12522
191.20          -0.12522
191.40          -0.12524
191.60          -0.12529
191.80          -0.12536
192.00          -0.12545
192.20          -0.12556
192.40          -0.12570
192.60          -0.12584
192.80          -0.12601
193.00          -0.12619
193.20          -0.12639
193.40          -0.12660
193.60          -0.12682
193.80          -0.12706
194.00          -0.12731
194.20          -0.12757
194.40          -0.12784
194.60          -0.12813
194.80          -0.12842
195.00          -0.12873
195.20          -0.12904
195.40          -0.12936
195.60          -0.12969
195.80          -0.13003
196.00          -0.13038
196.20          -0.13074
196.40          -0.13110
196.60          -0.13147
196.80          -0.13185
197.00          -0.13223
197.20          -0.13263
197.40          -0.13302
197.60          -0.13343
197.80          -0.13384
198.00          -0.13426
198.20          -0.13468
198.40          -0.13511
198.60          -0.13555
198.80          -0.13599
199.00          -0.13644
199.20          -0.13690
199.40          -0.13737
199.60          -0.13784
199.80          -0.13832
200.00          -0.13881
200.20          -0.13931
200.40          -0.13982
200.60          -0.14034
200.80          -0.14087
201.00          -0.14141
201.20          -0.14197
201.40          -0.14254
201.60          -0.14313
201.80          -0.14374
202.00          -0.14438
202.20          -0.14504
202.40          -0.14573
202.60          -0.14646
202.80          -0.14723
203.00          -0.14806
203.20          -0.14895
203.40          -0.14993
203.60          -0.15101
203.80          -0.15222
204.00          -0.15362
204.20          -0.15525
204.40          -0.15723
204.60          -0.15970
204.80          -0.16293
205.00          -0.16740
205.20          -0.17407
205.40          -0.18514
205.60          -0.20669
205.80          -0.26201
206.00          -0.52466
206.20          -9.3685
206.40          -0.34800
206.60          -0.18346
206.80          -0.15684
207.00          -0.14949
207.20          -0.14714
207.40          -0.14651
207.60          -0.14657
207.80          -0.14694
208.00          -0.14744
208.20          -0.14800
208.40          -0.14859
208.60          -0.14919
208.80          -0.14978
209.00          -0.15036
209.20          -0.15093
209.40          -0.15149
209.60          -0.15204
209.80          -0.15258
210.00          -0.15311
210.20          -0.15363
210.40          -0.15414
210.60          -0.15464
210.80          -0.15513
211.00          -0.15562
211.20          -0.15609
211.40          -0.15657
211.60          -0.15703
211.80          -0.15749
212.00          -0.15795
212.20          -0.15840
212.40          -0.15884
212.60          -0.15928
212.80          -0.15972
213.00          -0.16015
213.20          -0.16058
213.40          -0.16101
213.60          -0.16143
213.80          -0.16184
214.00          -0.16226
214.20          -0.16267
214.40          -0.16308
214.60          -0.16348
214.80          -0.16388
215.00          -0.16428
215.20          -0.16468
215.40          -0.16507
215.60          -0.16546
215.80          -0.16585
216.00          -0.16623
216.20          -0.16661
216.40          -0.16699
216.60          -0.16737
216.80          -0.16775
217.00          -0.16812
217.20          -0.16849
217.40          -0.16885
217.60          -0.16922
217.80          -0.16958
218.00          -0.16994
218.20          -0.17030
218.40          -0.17065
218.60          -0.17100
218.80          -0.17135
219.00          -0.17170
219.20          -0.17205
219.40          -0.17239
219.60          -0.17273
219.80          -0.17307
220.00          -0.17340
220.20          -0.17374
220.40          -0.17407
220.60          -0.17440
220.80          -0.17472
221.00          -0.17505
221.20          -0.17537
221.40          -0.17569
221.60          -0.17601
221.80          -0.17632
222.00          -0.17664
222.20          -0.17695
222.40          -0.17726
222.60          -0.17756
222.80          -0.17787
223.00          -0.17817
223.20          -0.17847
223.40          -0.17877
223.60          -0.17907
223.80          -0.17937
224.00          -0.17967
224.20          -0.17997
224.40          -0.18027
224.60          -0.18057
224.80          -0.18087
225.00          -0.18118
