175.00          -0.030278
175.20          -0.030340
175.40          -0.030402
175.60          -0.030465
175.80          -0.030528
176.00          -0.030591
176.20          -0.030655
176.40          -0.030718
176.60          -0.030782
176.80          -0.030846
177.00          -0.030911
177.20          -0.030975
177.40          -0.031040
177.60          -0.031105
177.80          -0.031171
178.00          -0.031237
178.20          -0.031303
178.40          -0.031369
178.60          -0.031435
178.80          -0.031502
179.00          -0.031569
179.20          -0.031637
179.40          -0.031704
179.60          -0.031772
179.80          -0.031841
180.00          -0.031909
180.20          -0.031978
180.40          -0.032047
180.60          -0.032117
180.80          -0.032187
181.00          -0.032257
181.20          -0.032328
181.40          -0.032399
181.60          -0.032470
181.80          -0.032542
182.00          -0.032614
182.20          -0.032686
182.40          -0.032759
182.60          -0.032832
182.80          -0.032906
183.00          -0.032980
183.20          -0.033055
183.40          -0.033129
183.60          -0.033205
183.80          -0.033281
184.00          -0.033357
184.20          -0.033434
184.40          -0.033511
184.60          -0.033589
184.80          -0.033667
185.00          -0.033746
185.20          -0.033825
185.40          -0.033905
185.60          -0.033985
185.80          -0.034066
186.00          -0.034148
186.20          -0.034230
186.40          -0.034313
186.60          -0.034396
186.80          -0.034481
187.00          -0.034565
187.20          -0.034651
187.40          -0.034737
187.60          -0.034824
187.80          -0.034912
188.00          -0.035000
188.20          -0.035089
188.40          -0.035179
188.60          -0.035270
188.80          -0.035362
189.00          -0.035455
189.20          -0.035548
189.40          -0.035643
189.60          -0.035739
189.80          -0.035835
190.00          -0.035933
190.20          -0.036032
190.40          -0.036132
190.60          -0.036233
190.80          -0.036335
191.00          -0.036439
191.20          -0.036544
191.40          -0.036651
191.60          -0.036758
191.80          -0.036868
192.00          -0.036978
192.20          -0.037091
192.40          -0.037205
192.60          -0.037321
192.80          -0.037439
193.00          -0.037558
193.20          -0.037680
193.40          -0.037804
193.60          -0.037930
193.80          -0.038058
194.00          -0.038188
194.20          -0.038322
194.40          -0.038457
194.60          -0.038596
194.80          -0.038737
195.00          -0.038882
195.20          -0.039030
195.40          -0.039181
195.60          -0.039336
195.80          -0.039494
196.00          -0.039657
196.20          -0.039824
196.40          -0.039995
196.60          -0.040172
196.80          -0.040353
197.00          -0.040540
197.20          -0.040733
197.40          -0.040933
197.60          -0.041139
197.80          -0.041352
198.00          -0.041573
198.20          -0.041802
198.40          -0.042040
198.60          -0.042289
198.80          -0.042547
199.00          -0.042818
199.20          -0.043101
199.40          -0.043397
199.60          -0.043709
199.80          -0.044038
200.00          -0.044384
200.20          -0.044752
200.40          -0.045142
200.60          -0.045557
200.80          -0.046001
201.00          -0.046477
201.20          -0.046990
201.40          -0.047544
201.60          -0.048147
201.80          -0.048806
202.00          -0.049531
202.20          -0.050334
202.40          -0.051230
202.60          -0.052238
202.80          -0.053385
203.00          -0.054705
203.20          -0.056244
203.40          -0.058068
203.60          -0.060272
203.80          -0.062999
204.00          -0.066469
204.20          -0.071047
204.40          -0.077373
204.60          -0.086673
204.80          -0.10156
205.00          -0.12860
205.20          -0.18888
205.40          -0.38826
205.60          -2.4037
205.80          -1.4007
206.00          -0.19869
206.20          -0.087478
206.40          -0.060713
206.60          -0.052068
206.80          -0.049255
207.00          -0.048820
207.20          -0.049548
207.40          -0.050954
207.60          -0.052842
207.80          -0.055147
208.00          -0.057873
208.20          -0.061076
208.40          -0.064851
208.60          -0.069344
208.80          -0.074764
209.00          -0.081408
209.20          -0.089704
209.40          -0.10029
209.60          -0.11414
209.80          -0.13278
210.00          -0.15877
210.20          -0.19655
210.40          -0.25433
210.60          -0.34841
210.80          -0.51346
211.00          -0.82541
211.20          -1.4138
211.40          -2.1097
211.60          -1.8482
211.80          -1.0950
212.00          -0.63546
212.20          -0.40158
212.40          -0.27655
212.60          -0.20426
212.80          -0.15944
213.00          -0.13003
213.20          -0.10982
213.40          -0.095401
213.60          -0.084801
213.80          -0.076809
214.00          -0.070652
214.20          -0.065823
214.40          -0.061978
214.60          -0.058875
214.80          -0.056343
215.00          -0.054255
215.20          -0.052519
215.40          -0.051065
215.60          -0.049838
215.80          -0.048798
216.00          -0.047912
216.20          -0.047153
216.40          -0.046502
216.60          -0.045940
216.80          -0.045456
217.00          -0.045037
217.20          -0.044673
217.40          -0.044359
217.60          -0.044086
217.80          -0.043850
218.00          -0.043646
218.20          -0.043471
218.40          -0.043320
218.60          -0.043190
218.80          -0.043081
219.00          -0.042988
219.20          -0.042911
219.40          -0.042848
219.60          -0.042797
219.80          -0.042757
220.00          -0.042727
220.20          -0.042706
220.40          -0.042694
220.60          -0.042689
220.80          -0.042690
221.00          -0.042698
221.20          -0.042712
221.40          -0.042730
221.60          -0.042754
221.80          -0.042782
222.00          -0.042814
222.20          -0.042849
222.40          -0.042888
222.60          -0.042930
222.80          -0.042976
223.00          -0.043024
223.20          -0.043074
223.40          -0.043127
223.60          -0.043183
223.80          -0.043240
224.00          -0.043300
224.20          -0.043361
224.40          -0.043425
224.60          -0.043490
224.80          -0.043557
225.00          -0.043626
