175.00          -0.035255
175.20          -0.035353
175.40          -0.035452
175.60          -0.035551
175.80          -0.035652
176.00          -0.035753
176.20          -0.035855
176.40          -0.035958
176.60          -0.036061
176.80          -0.036166
177.00          -0.036271
177.20          -0.036378
177.40          -0.036485
177.60          -0.036593
177.80          -0.036702
178.00          -0.036813
178.20          -0.036924
178.40          -0.037036
178.60          -0.037150
178.80          -0.037264
179.00          -0.037380
179.20          -0.037497
179.40          -0.037615
179.60          -0.037735
179.80          -0.037855
180.00          -0.037977
180.20          -0.038101
180.40          -0.038225
180.60          -0.038352
180.80          -0.038479
181.00          -0.038609
181.20          -0.038739
181.40          -0.038872
181.60          -0.039006
181.80          -0.039142
182.00          -0.039280
182.20          -0.039419
182.40          -0.039560
182.60          -0.039704
182.80          -0.039849
183.00          -0.039997
183.20          -0.040147
183.40          -0.040299
183.60          -0.040453
183.80          -0.040610
184.00          -0.040769
184.20          -0.040931
184.40          -0.041095
184.60          -0.041262
184.80          -0.041433
185.00          -0.041606
185.20          -0.041782
185.40          -0.041962
185.60          -0.042145
185.80          -0.042331
186.00          -0.042521
186.20          -0.042715
186.40          -0.042913
186.60          -0.043116
186.80          -0.043322
187.00          -0.043533
187.20          -0.043749
187.40          -0.043970
187.60          -0.044195
187.80          -0.044427
188.00          -0.044664
188.20          -0.044906
188.40          -0.045156
188.60          -0.045411
188.80          -0.045674
189.00          -0.045944
189.20          -0.046221
189.40          -0.046506
189.60          -0.046800
189.80          -0.047103
190.00          -0.047415
190.20          -0.047737
190.40          -0.048069
190.60          -0.048412
190.80          -0.048768
191.00          -0.049135
191.20          -0.049516
191.40          -0.049911
191.60          -0.050321
191.80          -0.050747
192.00          -0.051189
192.20          -0.051650
192.40          -0.052130
192.60          -0.052630
192.80          -0.053153
193.00          -0.053700
193.20          -0.054272
193.40          -0.054871
193.60          -0.055500
193.80          -0.056161
194.00          -0.056857
194.20          -0.057589
194.40          -0.058362
194.60          -0.059180
194.80          -0.060045
195.00          -0.060963
195.20          -0.061937
195.40          -0.062975
195.60          -0.064081
195.80          -0.065263
196.00          -0.066529
196.20          -0.067888
196.40          -0.069350
196.60          -0.070926
196.80          -0.072630
197.00          -0.074478
197.20          -0.076488
197.40          -0.078680
197.60          -0.081079
197.80          -0.083714
198.00          -0.086618
198.20          -0.089832
198.40          -0.093403
198.60          -0.097391
198.80          -0.10187
199.00          -0.10691
199.20          -0.11264
199.40          -0.11917
199.60          -0.12668
199.80          -0.13538
200.00          -0.14552
200.20          -0.15747
200.40          -0.17168
200.60          -0.18876
200.80          -0.20954
201.00          -0.23515
201.20          -0.26719
201.40          -0.30792
201.60          -0.36064
201.80          -0.43014
202.00          -0.52352
202.20          -0.65100
202.40          -0.82637
202.60          -1.0641
202.80          -1.3648
203.00          -1.6776
203.20          -1.8623
203.40          -1.7822
203.60          -1.4882
203.80          -1.1486
204.00          -0.86491
204.20          -0.65547
204.40          -0.50681
204.60          -0.40168
204.80          -0.32658
205.00          -0.27227
205.20          -0.23268
205.40          -0.20397
205.60          -0.18391
205.80          -0.17167
206.00          -0.16824
206.20          -0.17829
206.40          -0.21749
206.60          -0.34625
206.80          -0.81294
207.00          -0.94190
207.20          -0.36854
207.40          -0.19519
207.60          -0.13461
207.80          -0.10674
208.00          -0.091282
208.20          -0.081544
208.40          -0.074849
208.60          -0.069947
208.80          -0.066190
209.00          -0.063211
209.20          -0.060788
209.40          -0.058778
209.60          -0.057085
209.80          -0.055641
210.00          -0.054397
210.20          -0.053318
210.40          -0.052374
210.60          -0.051546
210.80          -0.050815
211.00          -0.050168
211.20          -0.049594
211.40          -0.049082
211.60          -0.048626
211.80          -0.048218
212.00          -0.047854
212.20          -0.047528
212.40          -0.047236
212.60          -0.046975
212.80          -0.046741
213.00          -0.046532
213.20          -0.046346
213.40          -0.046180
213.60          -0.046033
213.80          -0.045902
214.00          -0.045787
214.20          -0.045686
214.40          -0.045598
214.60          -0.045521
214.80          -0.045456
215.00          -0.045400
215.20          -0.045354
215.40          -0.045317
215.60          -0.045287
215.80          -0.045265
216.00          -0.045249
216.20          -0.045240
216.40          -0.045236
216.60          -0.045238
216.80          -0.045246
217.00          -0.045258
217.20          -0.045274
217.40          -0.045295
217.60          -0.045319
217.80          -0.045347
218.00          -0.045379
218.20          -0.045413
218.40          -0.045451
218.60          -0.045492
218.80          -0.045535
219.00          -0.045581
219.20          -0.045629
219.40          -0.045680
219.60          -0.045732
219.80          -0.045787
220.00          -0.045844
220.20          -0.045902
220.40          -0.045962
220.60          -0.046024
220.80          -0.046087
221.00          -0.046152
221.20          -0.046218
221.40          -0.046286
221.60          -0.046355
221.80          -0.046425
222.00          -0.046497
222.20          -0.046570
222.40          -0.046643
222.60          -0.046718
222.80          -0.046794
223.00          -0.046871
223.20          -0.046949
223.40          -0.047028
223.60          -0.047108
223.80          -0.047189
224.00          -0.047270
224.20          -0.047353
224.40          -0.047437
224.60          -0.047521
224.80          -0.047606
225.00          -0.047693
