175.00          -0.039834
175.20          -0.039981
175.40          -0.040130
175.60          -0.040281
175.80          -0.040434
176.00          -0.040588
176.20          -0.040745
176.40          -0.040903
176.60          -0.041064
176.80          -0.041227
177.00          -0.041392
177.20          -0.041560
177.40          -0.041730
177.60          -0.041903
177.80          -0.042078
178.00          -0.042255
178.20          -0.042436
178.40          -0.042619
178.60          -0.042805
178.80          -0.042994
179.00          -0.043187
179.20          -0.043382
179.40          -0.043581
179.60          -0.043784
179.80          -0.043990
180.00          -0.044200
180.20          -0.044413
180.40          -0.044631
180.60          -0.044853
180.80          -0.045079
181.00          -0.045310
181.20          -0.045545
181.40          -0.045785
181.60          -0.046031
181.80          -0.046281
182.00          -0.046537
182.20          -0.046799
182.40          -0.047067
182.60          -0.047341
182.80          -0.047621
183.00          -0.047908
183.20          -0.048203
183.40          -0.048504
183.60          -0.048814
183.80          -0.049131
184.00          -0.049457
184.20          -0.049792
184.40          -0.050137
184.60          -0.050491
184.80          -0.050855
185.00          -0.051230
185.20          -0.051617
185.40          -0.052016
185.60          -0.052427
185.80          -0.052851
186.00          -0.053290
186.20          -0.053743
186.40          -0.054212
186.60          -0.054698
186.80          -0.055201
187.00          -0.055722
187.20          -0.056264
187.40          -0.056826
187.60          -0.057410
187.80          -0.058019
188.00          -0.058652
188.20          -0.059312
188.40          -0.060001
188.60          -0.060720
188.80          -0.061472
189.00          -0.062260
189.20          -0.063085
189.40          -0.063950
189.60          -0.064859
189.80          -0.065815
190.00          -0.066821
190.20          -0.067882
190.40          -0.069002
190.60          -0.070187
190.80          -0.071440
191.00          -0.072770
191.20          -0.074182
191.40          -0.075685
191.60          -0.077286
191.80          -0.078996
192.00          -0.080825
192.20          -0.082785
192.40          -0.084890
192.60          -0.087156
192.80          -0.089600
193.00          -0.092242
193.20          -0.095107
193.40          -0.098220
193.60          -0.10161
193.80          -0.10532
194.00          -0.10939
194.20          -0.11386
194.40          -0.11879
194.60          -0.12425
194.80          -0.13033
195.00          -0.13711
195.20          -0.14471
195.40          -0.15326
195.60          -0.16294
195.80          -0.17395
196.00          -0.18652
196.20          -0.20098
196.40          -0.21769
196.60          -0.23711
196.80          -0.25984
197.00          -0.28658
197.20          -0.31821
197.40          -0.35582
197.60          -0.40068
197.80          -0.45424
198.00          -0.51798
198.20          -0.59309
198.40          -0.67975
198.60          -0.77598
198.80          -0.87581
199.00          -0.96785
199.20          -1.0357
199.40          -1.0627
199.60          -1.0402
199.80          -0.97292
200.00          -0.87633
200.20          -0.76850
200.40          -0.66333
200.60          -0.56855
200.80          -0.48702
201.00          -0.41870
201.20          -0.36219
201.40          -0.31570
201.60          -0.27747
201.80          -0.24596
202.00          -0.21987
202.20          -0.19817
202.40          -0.18004
202.60          -0.16480
202.80          -0.15195
203.00          -0.14106
203.20          -0.13182
203.40          -0.12397
203.60          -0.11731
203.80          -0.11169
204.00          -0.10698
204.20          -0.10312
204.40          -0.10007
204.60          -0.097845
204.80          -0.096510
205.00          -0.096249
205.20          -0.097425
205.40          -0.10078
205.60          -0.10798
205.80          -0.12321
206.00          -0.16017
206.20          -0.28893
206.40          -1.6270
206.60          -0.65914
206.80          -0.12921
207.00          -0.073717
207.20          -0.059586
207.40          -0.054405
207.60          -0.052048
207.80          -0.050790
208.00          -0.050026
208.20          -0.049506
208.40          -0.049118
208.60          -0.048809
208.80          -0.048549
209.00          -0.048323
209.20          -0.048122
209.40          -0.047941
209.60          -0.047777
209.80          -0.047628
210.00          -0.047492
210.20          -0.047369
210.40          -0.047256
210.60          -0.047154
210.80          -0.047061
211.00          -0.046978
211.20          -0.046904
211.40          -0.046838
211.60          -0.046780
211.80          -0.046729
212.00          -0.046685
212.20          -0.046648
212.40          -0.046618
212.60          -0.046593
212.80          -0.046574
213.00          -0.046561
213.20          -0.046553
213.40          -0.046549
213.60          -0.046550
213.80          -0.046556
214.00          -0.046565
214.20          -0.046579
214.40          -0.046596
214.60          -0.046617
214.80          -0.046641
215.00          -0.046668
215.20          -0.046699
215.40          -0.046732
215.60          -0.046768
215.80          -0.046807
216.00          -0.046848
216.20          -0.046891
216.40          -0.046937
216.60          -0.046985
216.80          -0.047035
217.00          -0.047087
217.20          -0.047140
217.40          -0.047196
217.60          -0.047253
217.80          -0.047312
218.00          -0.047372
218.20          -0.047434
218.40          -0.047498
218.60          -0.047562
218.80          -0.047629
219.00          -0.047696
219.20          -0.047764
219.40          -0.047834
219.60          -0.047905
219.80          -0.047977
220.00          -0.048050
220.20          -0.048124
220.40          -0.048199
220.60          -0.048275
220.80          -0.048351
221.00          -0.048429
221.20          -0.048508
221.40          -0.048587
221.60          -0.048667
221.80          -0.048748
222.00          -0.048830
222.20          -0.048913
222.40          -0.048996
222.60          -0.049080
222.80          -0.049165
223.00          -0.049250
223.20          -0.049337
223.40          -0.049424
223.60          -0.049511
223.80          -0.049599
224.00          -0.049688
224.20          -0.049778
224.40          -0.049868
224.60          -0.049959
224.80          -0.050051
225.00          -0.050143
