175.00          -0.12481
175.20          -0.12772
175.40          -0.13077
175.60          -0.13397
175.80          -0.13734
176.00          -0.14088
176.20          -0.14459
176.40          -0.14851
176.60          -0.15262
176.80          -0.15696
177.00          -0.16152
177.20          -0.16634
177.40          -0.17141
177.60          -0.17675
177.80          -0.18238
178.00          -0.18831
178.20          -0.19457
178.40          -0.20115
178.60          -0.20808
178.80          -0.21537
179.00          -0.22302
179.20          -0.23105
179.40          -0.23945
179.60          -0.24822
179.80          -0.25735
180.00          -0.26682
180.20          -0.27661
180.40          -0.28666
180.60          -0.29694
180.80          -0.30735
181.00          -0.31782
181.20          -0.32822
181.40          -0.33843
181.60          -0.34829
181.80          -0.35763
182.00          -0.36625
182.20          -0.37397
182.40          -0.38057
182.60          -0.38586
182.80          -0.38967
183.00          -0.39184
183.20          -0.39227
183.40          -0.39089
183.60          -0.38770
183.80          -0.38276
184.00          -0.37615
184.20          -0.36804
184.40          -0.35860
184.60          -0.34806
184.80          -0.33663
185.00          -0.32455
185.20          -0.31204
185.40          -0.29929
185.60          -0.28650
185.80          -0.27380
186.00          -0.26135
186.20          -0.24922
186.40          -0.23752
186.60          -0.22629
186.80          -0.21557
187.00          -0.20539
187.20          -0.19575
187.40          -0.18665
187.60          -0.17810
187.80          -0.17006
188.00          -0.16253
188.20          -0.15548
188.40          -0.14889
188.60          -0.14273
188.80          -0.13698
189.00          -0.13161
189.20          -0.12660
189.40          -0.12193
189.60          -0.11757
189.80          -0.11350
190.00          -0.10970
190.20          -0.10615
190.40          -0.10284
190.60          -0.099742
190.80          -0.096850
191.00          -0.094145
191.20          -0.091616
191.40          -0.089249
191.60          -0.087033
191.80          -0.084957
192.00          -0.083013
192.20          -0.081190
192.40          -0.079480
192.60          -0.077876
192.80          -0.076371
193.00          -0.074957
193.20          -0.073629
193.40          -0.072381
193.60          -0.071209
193.80          -0.070106
194.00          -0.069069
194.20          -0.068093
194.40          -0.067175
194.60          -0.066311
194.80          -0.065498
195.00          -0.064733
195.20          -0.064012
195.40          -0.063333
195.60          -0.062694
195.80          -0.062093
196.00          -0.061527
196.20          -0.060994
196.40          -0.060492
196.60          -0.060021
196.80          -0.059577
197.00          -0.059160
197.20          -0.058768
197.40          -0.058401
197.60          -0.058056
197.80          -0.057732
198.00          -0.057430
198.20          -0.057147
198.40          -0.056882
198.60          -0.056636
198.80          -0.056407
199.00          -0.056194
199.20          -0.055997
199.40          -0.055816
199.60          -0.055649
199.80          -0.055497
200.00          -0.055358
200.20          -0.055234
200.40          -0.055122
200.60          -0.055024
200.80          -0.054939
201.00          -0.054867
201.20          -0.054809
201.40          -0.054763
201.60          -0.054732
201.80          -0.054715
202.00          -0.054712
202.20          -0.054726
202.40          -0.054757
202.60          -0.054807
202.80          -0.054878
203.00          -0.054973
203.20          -0.055095
203.40          -0.055251
203.60          -0.055447
203.80          -0.055693
204.00          -0.056002
204.20          -0.056396
204.40          -0.056905
204.60          -0.057578
204.80          -0.058497
205.00          -0.059807
205.20          -0.061793
205.40          -0.065084
205.60          -0.071346
205.80          -0.086474
206.00          -0.14773
206.20          -2.7105
206.40          -0.15360
206.60          -0.065240
206.80          -0.054325
207.00          -0.051607
207.20          -0.050780
207.40          -0.050552
207.60          -0.050546
207.80          -0.050630
208.00          -0.050751
208.20          -0.050885
208.40          -0.051021
208.60          -0.051156
208.80          -0.051286
209.00          -0.051412
209.20          -0.051534
209.40          -0.051651
209.60          -0.051764
209.80          -0.051873
210.00          -0.051979
210.20          -0.052082
210.40          -0.052183
210.60          -0.052282
210.80          -0.052378
211.00          -0.052473
211.20          -0.052567
211.40          -0.052659
211.60          -0.052750
211.80          -0.052840
212.00          -0.052930
212.20          -0.053018
212.40          -0.053106
212.60          -0.053193
212.80          -0.053280
213.00          -0.053366
213.20          -0.053452
213.40          -0.053538
213.60          -0.053624
213.80          -0.053709
214.00          -0.053794
214.20          -0.053879
214.40          -0.053963
214.60          -0.054048
214.80          -0.054132
215.00          -0.054216
215.20          -0.054300
215.40          -0.054384
215.60          -0.054468
215.80          -0.054552
216.00          -0.054636
216.20          -0.054720
216.40          -0.054804
216.60          -0.054888
216.80          -0.054971
217.00          -0.055055
217.20          -0.055139
217.40          -0.055222
217.60          -0.055306
217.80          -0.055389
218.00          -0.055473
218.20          -0.055556
218.40          -0.055640
218.60          -0.055723
218.80          -0.055806
219.00          -0.055890
219.20          -0.055973
219.40          -0.056056
219.60          -0.056139
219.80          -0.056223
220.00          -0.056306
220.20          -0.056389
220.40          -0.056472
220.60          -0.056555
220.80          -0.056638
221.00          -0.056721
221.20          -0.056804
221.40          -0.056886
221.60          -0.056969
221.80          -0.057052
222.00          -0.057135
222.20          -0.057217
222.40          -0.057300
222.60          -0.057383
222.80          -0.057466
223.00          -0.057549
223.20          -0.057631
223.40          -0.057714
223.60          -0.057797
223.80          -0.057880
224.00          -0.057964
224.20          -0.058047
224.40          -0.058131
224.60          -0.058215
224.80          -0.058299
225.00          -0.058384
