175.00          -0.20588
175.20          -0.20061
175.40          -0.19536
175.60          -0.19015
175.80          -0.18500
176.00          -0.17994
176.20          -0.17497
176.40          -0.17010
176.60          -0.16535
176.80          -0.16073
177.00          -0.15624
177.20          -0.15188
177.40          -0.14767
177.60          -0.14359
177.80          -0.13966
178.00          -0.13587
178.20          -0.13223
178.40          -0.12872
178.60          -0.12535
178.80          -0.12212
179.00          -0.11902
179.20          -0.11605
179.40          -0.11320
179.60          -0.11048
179.80          -0.10787
180.00          -0.10537
180.20          -0.10299
180.40          -0.10071
180.60          -0.098530
180.80          -0.096448
181.00          -0.094459
181.20          -0.092560
181.40          -0.090747
181.60          -0.089015
181.80          -0.087362
182.00          -0.085784
182.20          -0.084277
182.40          -0.082839
182.60          -0.081467
182.80          -0.080157
183.00          -0.078907
183.20          -0.077714
183.40          -0.076575
183.60          -0.075489
183.80          -0.074452
184.00          -0.073462
184.20          -0.072518
184.40          -0.071617
184.60          -0.070757
184.80          -0.069936
185.00          -0.069154
185.20          -0.068407
185.40          -0.067694
185.60          -0.067014
185.80          -0.066366
186.00          -0.065747
186.20          -0.065158
186.40          -0.064595
186.60          -0.064059
186.80          -0.063548
187.00          -0.063060
187.20          -0.062596
187.40          -0.062154
187.60          -0.061732
187.80          -0.061331
188.00          -0.060949
188.20          -0.060585
188.40          -0.060239
188.60          -0.059910
188.80          -0.059597
189.00          -0.059300
189.20          -0.059018
189.40          -0.058750
189.60          -0.058495
189.80          -0.058254
190.00          -0.058026
190.20          -0.057809
190.40          -0.057605
190.60          -0.057411
190.80          -0.057229
191.00          -0.057056
191.20          -0.056894
191.40          -0.056741
191.60          -0.056597
191.80          -0.056463
192.00          -0.056336
192.20          -0.056218
192.40          -0.056108
192.60          -0.056005
192.80          -0.055910
193.00          -0.055821
193.20          -0.055740
193.40          -0.055665
193.60          -0.055596
193.80          -0.055534
194.00          -0.055477
194.20          -0.055426
194.40          -0.055380
194.60          -0.055340
194.80          -0.055305
195.00          -0.055274
195.20          -0.055249
195.40          -0.055228
195.60          -0.055212
195.80          -0.055199
196.00          -0.055192
196.20          -0.055188
196.40          -0.055188
196.60          -0.055192
196.80          -0.055200
197.00          -0.055211
197.20          -0.055226
197.40          -0.055245
197.60          -0.055267
197.80          -0.055292
198.00          -0.055321
198.20          -0.055353
198.40          -0.055388
198.60          -0.055426
198.80          -0.055467
199.00          -0.055512
199.20          -0.055560
199.40          -0.055610
199.60          -0.055664
199.80          -0.055722
200.00          -0.055782
200.20          -0.055846
200.40          -0.055914
200.60          -0.055985
200.80          -0.056060
201.00          -0.056139
201.20          -0.056223
201.40          -0.056311
201.60          -0.056404
201.80          -0.056503
202.00          -0.056608
202.20          -0.056721
202.40          -0.056841
202.60          -0.056971
202.80          -0.057113
203.00          -0.057267
203.20          -0.057437
203.40          -0.057626
203.60          -0.057840
203.80          -0.058086
204.00          -0.058372
204.20          -0.058714
204.40          -0.059132
204.60          -0.059663
204.80          -0.060365
205.00          -0.061344
205.20          -0.062814
205.40          -0.065258
205.60          -0.070016
205.80          -0.082219
206.00          -0.14089
206.20          -6.5834
206.40          -0.099976
206.60          -0.063582
206.80          -0.058022
207.00          -0.056555
207.20          -0.056117
207.40          -0.056022
207.60          -0.056061
207.80          -0.056154
208.00          -0.056271
208.20          -0.056396
208.40          -0.056523
208.60          -0.056648
208.80          -0.056771
209.00          -0.056891
209.20          -0.057008
209.40          -0.057121
209.60          -0.057231
209.80          -0.057338
210.00          -0.057442
210.20          -0.057544
210.40          -0.057644
210.60          -0.057742
210.80          -0.057837
211.00          -0.057931
211.20          -0.058024
211.40          -0.058114
211.60          -0.058204
211.80          -0.058292
212.00          -0.058378
212.20          -0.058464
212.40          -0.058548
212.60          -0.058632
212.80          -0.058714
213.00          -0.058795
213.20          -0.058876
213.40          -0.058955
213.60          -0.059034
213.80          -0.059111
214.00          -0.059188
214.20          -0.059264
214.40          -0.059339
214.60          -0.059414
214.80          -0.059487
215.00          -0.059560
215.20          -0.059633
215.40          -0.059704
215.60          -0.059775
215.80          -0.059844
216.00          -0.059914
216.20          -0.059982
216.40          -0.060050
216.60          -0.060117
216.80          -0.060183
217.00          -0.060249
217.20          -0.060313
217.40          -0.060377
217.60          -0.060441
217.80          -0.060503
218.00          -0.060565
218.20          -0.060626
218.40          -0.060687
218.60          -0.060746
218.80          -0.060805
219.00          -0.060863
219.20          -0.060920
219.40          -0.060977
219.60          -0.061033
219.80          -0.061088
220.00          -0.061142
220.20          -0.061196
220.40          -0.061248
220.60          -0.061300
220.80          -0.061352
221.00          -0.061402
221.20          -0.061452
221.40          -0.061500
221.60          -0.061548
221.80          -0.061596
222.00          -0.061642
222.20          -0.061688
222.40          -0.061733
222.60          -0.061778
222.80          -0.061822
223.00          -0.061865
223.20          -0.061907
223.40          -0.061949
223.60          -0.061991
223.80          -0.062032
224.00          -0.062073
224.20          -0.062114
224.40          -0.062156
224.60          -0.062197
224.80          -0.062240
225.00          -0.062283
