175.00          -0.065507
175.20          -0.065000
175.40          -0.064512
175.60          -0.064044
175.80          -0.063594
176.00          -0.063162
176.20          -0.062748
176.40          -0.062350
176.60          -0.061969
176.80          -0.061603
177.00          -0.061253
177.20          -0.060917
177.40          -0.060596
177.60          -0.060289
177.80          -0.059995
178.00          -0.059714
178.20          -0.059445
178.40          -0.059189
178.60          -0.058944
178.80          -0.058711
179.00          -0.058489
179.20          -0.058277
179.40          -0.058076
179.60          -0.057885
179.80          -0.057704
180.00          -0.057532
180.20          -0.057369
180.40          -0.057214
180.60          -0.057069
180.80          -0.056931
181.00          -0.056802
181.20          -0.056681
181.40          -0.056566
181.60          -0.056460
181.80          -0.056360
182.00          -0.056267
182.20          -0.056181
182.40          -0.056101
182.60          -0.056027
182.80          -0.055960
183.00          -0.055898
183.20          -0.055842
183.40          -0.055791
183.60          -0.055746
183.80          -0.055706
184.00          -0.055671
184.20          -0.055641
184.40          -0.055615
184.60          -0.055594
184.80          -0.055577
185.00          -0.055565
185.20          -0.055557
185.40          -0.055553
185.60          -0.055552
185.80          -0.055556
186.00          -0.055563
186.20          -0.055574
186.40          -0.055588
186.60          -0.055605
186.80          -0.055626
187.00          -0.055650
187.20          -0.055677
187.40          -0.055706
187.60          -0.055739
187.80          -0.055774
188.00          -0.055812
188.20          -0.055852
188.40          -0.055895
188.60          -0.055941
188.80          -0.055989
189.00          -0.056038
189.20          -0.056091
189.40          -0.056145
189.60          -0.056201
189.80          -0.056259
190.00          -0.056319
190.20          -0.056381
190.40          -0.056445
190.60          -0.056510
190.80          -0.056578
191.00          -0.056646
191.20          -0.056716
191.40          -0.056788
191.60          -0.056861
191.80          -0.056936
192.00          -0.057011
192.20          -0.057089
192.40          -0.057167
192.60          -0.057246
192.80          -0.057327
193.00          -0.057409
193.20          -0.057491
193.40          -0.057575
193.60          -0.057660
193.80          -0.057745
194.00          -0.057832
194.20          -0.057919
194.40          -0.058007
194.60          -0.058096
194.80          -0.058186
195.00          -0.058277
195.20          -0.058368
195.40          -0.058460
195.60          -0.058552
195.80          -0.058645
196.00          -0.058739
196.20          -0.058833
196.40          -0.058928
196.60          -0.059023
196.80          -0.059119
197.00          -0.059215
197.20          -0.059312
197.40          -0.059409
197.60          -0.059507
197.80          -0.059605
198.00          -0.059703
198.20          -0.059803
198.40          -0.059902
198.60          -0.060002
198.80          -0.060103
199.00          -0.060204
199.20          -0.060305
199.40          -0.060407
199.60          -0.060510
199.80          -0.060613
200.00          -0.060717
200.20          -0.060822
200.40          -0.060928
200.60          -0.061035
200.80          -0.061143
201.00          -0.061252
201.20          -0.061363
201.40          -0.061475
201.60          -0.061589
201.80          -0.061706
202.00          -0.061825
202.20          -0.061948
202.40          -0.062074
202.60          -0.062206
202.80          -0.062343
203.00          -0.062487
203.20          -0.062639
203.40          -0.062803
203.60          -0.062981
203.80          -0.063178
204.00          -0.063400
204.20          -0.063655
204.40          -0.063960
204.60          -0.064335
204.80          -0.064820
205.00          -0.065487
205.20          -0.066480
205.40          -0.068135
205.60          -0.071414
205.80          -0.080196
206.00          -0.12831
206.20          -1.5364
206.40          -0.085629
206.60          -0.067101
206.80          -0.063914
207.00          -0.063027
207.20          -0.062755
207.40          -0.062697
207.60          -0.062725
207.80          -0.062791
208.00          -0.062874
208.20          -0.062963
208.40          -0.063054
208.60          -0.063145
208.80          -0.063235
209.00          -0.063322
209.20          -0.063407
209.40          -0.063489
209.60          -0.063569
209.80          -0.063646
210.00          -0.063721
210.20          -0.063793
210.40          -0.063864
210.60          -0.063932
210.80          -0.063998
211.00          -0.064062
211.20          -0.064125
211.40          -0.064185
211.60          -0.064244
211.80          -0.064300
212.00          -0.064355
212.20          -0.064408
212.40          -0.064460
212.60          -0.064510
212.80          -0.064558
213.00          -0.064604
213.20          -0.064649
213.40          -0.064693
213.60          -0.064734
213.80          -0.064774
214.00          -0.064813
214.20          -0.064850
214.40          -0.064885
214.60          -0.064919
214.80          -0.064951
215.00          -0.064981
215.20          -0.065010
215.40          -0.065038
215.60          -0.065064
215.80          -0.065088
216.00          -0.065111
216.20          -0.065132
216.40          -0.065151
216.60          -0.065169
216.80          -0.065185
217.00          -0.065200
217.20          -0.065213
217.40          -0.065224
217.60          -0.065234
217.80          -0.065242
218.00          -0.065248
218.20          -0.065253
218.40          -0.065256
218.60          -0.065257
218.80          -0.065257
219.00          -0.065255
219.20          -0.065252
219.40          -0.065246
219.60          -0.065239
219.80          -0.065230
220.00          -0.065220
220.20          -0.065208
220.40          -0.065194
220.60          -0.065178
220.80          -0.065161
221.00          -0.065142
221.20          -0.065121
221.40          -0.065098
221.60          -0.065074
221.80          -0.065049
222.00          -0.065021
222.20          -0.064993
222.40          -0.064962
222.60          -0.064931
222.80          -0.064898
223.00          -0.064864
223.20          -0.064829
223.40          -0.064792
223.60          -0.064756
223.80          -0.064719
224.00          -0.064682
224.20          -0.064646
224.40          -0.064610
224.60          -0.064577
224.80          -0.064547
225.00          -0.064521
