175.00          -0.054215
175.20          -0.054400
175.40          -0.054586
175.60          -0.054772
175.80          -0.054960
176.00          -0.055149
176.20          -0.055339
176.40          -0.055529
176.60          -0.055721
176.80          -0.055914
177.00          -0.056107
177.20          -0.056302
177.40          -0.056498
177.60          -0.056695
177.80          -0.056892
178.00          -0.057091
178.20          -0.057291
178.40          -0.057492
178.60          -0.057694
178.80          -0.057898
179.00          -0.058102
179.20          -0.058308
179.40          -0.058514
179.60          -0.058722
179.80          -0.058931
180.00          -0.059141
180.20          -0.059353
180.40          -0.059565
180.60          -0.059779
180.80          -0.059994
181.00          -0.060211
181.20          -0.060428
181.40          -0.060647
181.60          -0.060868
181.80          -0.061089
182.00          -0.061312
182.20          -0.061536
182.40          -0.061762
182.60          -0.061989
182.80          -0.062217
183.00          -0.062447
183.20          -0.062679
183.40          -0.062911
183.60          -0.063146
183.80          -0.063382
184.00          -0.063619
184.20          -0.063858
184.40          -0.064098
184.60          -0.064340
184.80          -0.064584
185.00          -0.064829
185.20          -0.065076
185.40          -0.065325
185.60          -0.065575
185.80          -0.065827
186.00          -0.066081
186.20          -0.066336
186.40          -0.066594
186.60          -0.066853
186.80          -0.067114
187.00          -0.067377
187.20          -0.067642
187.40          -0.067908
187.60          -0.068177
187.80          -0.068448
188.00          -0.068721
188.20          -0.068996
188.40          -0.069272
188.60          -0.069552
188.80          -0.069833
189.00          -0.070116
189.20          -0.070402
189.40          -0.070690
189.60          -0.070980
189.80          -0.071272
190.00          -0.071567
190.20          -0.071864
190.40          -0.072164
190.60          -0.072466
190.80          -0.072771
191.00          -0.073078
191.20          -0.073388
191.40          -0.073700
191.60          -0.074016
191.80          -0.074334
192.00          -0.074654
192.20          -0.074978
192.40          -0.075304
192.60          -0.075634
192.80          -0.075966
193.00          -0.076301
193.20          -0.076640
193.40          -0.076982
193.60          -0.077326
193.80          -0.077674
194.00          -0.078026
194.20          -0.078381
194.40          -0.078739
194.60          -0.079100
194.80          -0.079466
195.00          -0.079834
195.20          -0.080207
195.40          -0.080583
195.60          -0.080963
195.80          -0.081347
196.00          -0.081735
196.20          -0.082127
196.40          -0.082523
196.60          -0.082924
196.80          -0.083328
197.00          -0.083737
197.20          -0.084150
197.40          -0.084568
197.60          -0.084990
197.80          -0.085418
198.00          -0.085849
198.20          -0.086286
198.40          -0.086728
198.60          -0.087175
198.80          -0.087627
199.00          -0.088084
199.20          -0.088546
199.40          -0.089014
199.60          -0.089488
199.80          -0.089967
200.00          -0.090452
200.20          -0.090943
200.40          -0.091440
200.60          -0.091943
200.80          -0.092453
201.00          -0.092968
201.20          -0.093491
201.40          -0.094020
201.60          -0.094555
201.80          -0.095098
202.00          -0.095648
202.20          -0.096205
202.40          -0.096769
202.60          -0.097341
202.80          -0.097920
203.00          -0.098507
203.20          -0.099103
203.40          -0.099706
203.60          -0.10032
203.80          -0.10094
204.00          -0.10157
204.20          -0.10220
204.40          -0.10285
204.60          -0.10350
204.80          -0.10417
205.00          -0.10484
205.20          -0.10553
205.40          -0.10622
205.60          -0.10693
205.80          -0.10764
206.00          -0.10836
206.20          -0.10910
206.40          -0.10985
206.60          -0.11060
206.80          -0.11137
207.00          -0.11215
207.20          -0.11294
207.40          -0.11375
207.60          -0.11456
207.80          -0.11539
208.00          -0.11623
208.20          -0.11708
208.40          -0.11795
208.60          -0.11883
208.80          -0.11972
209.00          -0.12062
209.20          -0.12154
209.40          -0.12248
209.60          -0.12343
209.80          -0.12439
210.00          -0.12536
210.20          -0.12636
210.40          -0.12736
210.60          -0.12838
210.80          -0.12942
211.00          -0.13047
211.20          -0.13154
211.40          -0.13262
211.60          -0.13372
211.80          -0.13483
212.00          -0.13596
212.20          -0.13711
212.40          -0.13827
212.60          -0.13945
212.80          -0.14064
213.00          -0.14185
213.20          -0.14307
213.40          -0.14432
213.60          -0.14557
213.80          -0.14684
214.00          -0.14813
214.20          -0.14943
214.40          -0.15074
214.60          -0.15207
214.80          -0.15341
215.00          -0.15476
215.20          -0.15613
215.40          -0.15751
215.60          -0.15890
215.80          -0.16030
216.00          -0.16170
216.20          -0.16312
216.40          -0.16454
216.60          -0.16597
216.80          -0.16740
217.00          -0.16884
217.20          -0.17027
217.40          -0.17171
217.60          -0.17314
217.80          -0.17458
218.00          -0.17600
218.20          -0.17742
218.40          -0.17883
218.60          -0.18022
218.80          -0.18160
219.00          -0.18297
219.20          -0.18431
219.40          -0.18563
219.60          -0.18692
219.80          -0.18819
220.00          -0.18942
220.20          -0.19062
220.40          -0.19178
220.60          -0.19290
220.80          -0.19397
221.00          -0.19499
221.20          -0.19596
221.40          -0.19688
221.60          -0.19774
221.80          -0.19853
222.00          -0.19926
222.20          -0.19992
222.40          -0.20051
222.60          -0.20102
222.80          -0.20145
223.00          -0.20181
223.20          -0.20208
223.40          -0.20227
223.60          -0.20237
223.80          -0.20238
224.00          -0.20230
224.20          -0.20213
224.40          -0.20187
224.60          -0.20152
224.80          -0.20107
225.00          -0.20054
