175.00          -0.026495
175.20          -0.026640
175.40          -0.026786
175.60          -0.026935
175.80          -0.027087
176.00          -0.027241
176.20          -0.027397
176.40          -0.027556
176.60          -0.027718
176.80          -0.027882
177.00          -0.028049
177.20          -0.028219
177.40          -0.028392
177.60          -0.028567
177.80          -0.028746
178.00          -0.028928
178.20          -0.029113
178.40          -0.029302
178.60          -0.029494
178.80          -0.029689
179.00          -0.029888
179.20          -0.030091
179.40          -0.030298
179.60          -0.030508
179.80          -0.030722
180.00          -0.030941
180.20          -0.031164
180.40          -0.031391
180.60          -0.031623
180.80          -0.031859
181.00          -0.032100
181.20          -0.032346
181.40          -0.032597
181.60          -0.032853
181.80          -0.033115
182.00          -0.033382
182.20          -0.033655
182.40          -0.033934
182.60          -0.034218
182.80          -0.034510
183.00          -0.034807
183.20          -0.035111
183.40          -0.035423
183.60          -0.035741
183.80          -0.036067
184.00          -0.036400
184.20          -0.036741
184.40          -0.037090
184.60          -0.037448
184.80          -0.037815
185.00          -0.038190
185.20          -0.038575
185.40          -0.038969
185.60          -0.039374
185.80          -0.039789
186.00          -0.040214
186.20          -0.040651
186.40          -0.041100
186.60          -0.041560
186.80          -0.042033
187.00          -0.042519
187.20          -0.043018
187.40          -0.043531
187.60          -0.044059
187.80          -0.044602
188.00          -0.045161
188.20          -0.045736
188.40          -0.046328
188.60          -0.046938
188.80          -0.047566
189.00          -0.048214
189.20          -0.048882
189.40          -0.049570
189.60          -0.050281
189.80          -0.051014
190.00          -0.051771
190.20          -0.052553
190.40          -0.053361
190.60          -0.054197
190.80          -0.055060
191.00          -0.055954
191.20          -0.056879
191.40          -0.057836
191.60          -0.058828
191.80          -0.059856
192.00          -0.060921
192.20          -0.062026
192.40          -0.063173
192.60          -0.064363
192.80          -0.065599
193.00          -0.066883
193.20          -0.068218
193.40          -0.069607
193.60          -0.071051
193.80          -0.072555
194.00          -0.074122
194.20          -0.075754
194.40          -0.077456
194.60          -0.079231
194.80          -0.081084
195.00          -0.083018
195.20          -0.085039
195.40          -0.087151
195.60          -0.089361
195.80          -0.091672
196.00          -0.094092
196.20          -0.096626
196.40          -0.099282
196.60          -0.10207
196.80          -0.10499
197.00          -0.10805
197.20          -0.11127
197.40          -0.11465
197.60          -0.11820
197.80          -0.12194
198.00          -0.12586
198.20          -0.12999
198.40          -0.13433
198.60          -0.13890
198.80          -0.14371
199.00          -0.14877
199.20          -0.15410
199.40          -0.15970
199.60          -0.16560
199.80          -0.17179
200.00          -0.17830
200.20          -0.18513
200.40          -0.19230
200.60          -0.19980
200.80          -0.20765
201.00          -0.21584
201.20          -0.22436
201.40          -0.23321
201.60          -0.24237
201.80          -0.25181
202.00          -0.26149
202.20          -0.27136
202.40          -0.28137
202.60          -0.29144
202.80          -0.30148
203.00          -0.31138
203.20          -0.32103
203.40          -0.33028
203.60          -0.33899
203.80          -0.34700
204.00          -0.35417
204.20          -0.36032
204.40          -0.36532
204.60          -0.36903
204.80          -0.37134
205.00          -0.37218
205.20          -0.37151
205.40          -0.36932
205.60          -0.36564
205.80          -0.36055
206.00          -0.35416
206.20          -0.34659
206.40          -0.33800
206.60          -0.32855
206.80          -0.31841
207.00          -0.30775
207.20          -0.29673
207.40          -0.28550
207.60          -0.27419
207.80          -0.26292
208.00          -0.25178
208.20          -0.24086
208.40          -0.23022
208.60          -0.21992
208.80          -0.20999
209.00          -0.20045
209.20          -0.19133
209.40          -0.18263
209.60          -0.17435
209.80          -0.16649
210.00          -0.15904
210.20          -0.15198
210.40          -0.14531
210.60          -0.13901
210.80          -0.13306
211.00          -0.12745
211.20          -0.12215
211.40          -0.11715
211.60          -0.11244
211.80          -0.10800
212.00          -0.10381
212.20          -0.099858
212.40          -0.096129
212.60          -0.092610
212.80          -0.089287
213.00          -0.086149
213.20          -0.083184
213.40          -0.080382
213.60          -0.077732
213.80          -0.075225
214.00          -0.072852
214.20          -0.070605
214.40          -0.068476
214.60          -0.066457
214.80          -0.064543
215.00          -0.062727
215.20          -0.061003
215.40          -0.059365
215.60          -0.057808
215.80          -0.056328
216.00          -0.054920
216.20          -0.053580
216.40          -0.052304
216.60          -0.051089
216.80          -0.049930
217.00          -0.048826
217.20          -0.047772
217.40          -0.046766
217.60          -0.045806
217.80          -0.044888
218.00          -0.044012
218.20          -0.043174
218.40          -0.042372
218.60          -0.041605
218.80          -0.040871
219.00          -0.040168
219.20          -0.039494
219.40          -0.038849
219.60          -0.038231
219.80          -0.037638
220.00          -0.037069
220.20          -0.036523
220.40          -0.035998
220.60          -0.035495
220.80          -0.035012
221.00          -0.034548
221.20          -0.034101
221.40          -0.033673
221.60          -0.033260
221.80          -0.032863
222.00          -0.032482
222.20          -0.032114
222.40          -0.031761
222.60          -0.031421
222.80          -0.031093
223.00          -0.030777
223.20          -0.030473
223.40          -0.030180
223.60          -0.029898
223.80          -0.029626
224.00          -0.029363
224.20          -0.029110
224.40          -0.028866
224.60          -0.028631
224.80          -0.028404
225.00          -0.028185
