175.00          -0.011301
175.20          -0.011307
175.40          -0.011312
175.60          -0.011318
175.80          -0.011324
176.00          -0.011329
176.20          -0.011335
176.40          -0.011340
176.60          -0.011346
176.80          -0.011352
177.00          -0.011357
177.20          -0.011363
177.40          -0.011369
177.60          -0.011374
177.80          -0.011380
178.00          -0.011386
178.20          -0.011391
178.40          -0.011397
178.60          -0.011403
178.80          -0.011408
179.00          -0.011414
179.20          -0.011420
179.40          -0.011426
179.60          -0.011431
179.80          -0.011437
180.00          -0.011443
180.20          -0.011449
180.40          -0.011455
180.60          -0.011460
180.80          -0.011466
181.00          -0.011472
181.20          -0.011478
181.40          -0.011484
181.60          -0.011490
181.80          -0.011495
182.00          -0.011501
182.20          -0.011507
182.40          -0.011513
182.60          -0.011519
182.80          -0.011525
183.00          -0.011531
183.20          -0.011537
183.40          -0.011543
183.60          -0.011549
183.80          -0.011555
184.00          -0.011561
184.20          -0.011567
184.40          -0.011573
184.60          -0.011579
184.80          -0.011585
185.00          -0.011591
185.20          -0.011597
185.40          -0.011603
185.60          -0.011609
185.80          -0.011615
186.00          -0.011621
186.20          -0.011627
186.40          -0.011633
186.60          -0.011639
186.80          -0.011646
187.00          -0.011652
187.20          -0.011658
187.40          -0.011664
187.60          -0.011670
187.80          -0.011676
188.00          -0.011683
188.20          -0.011689
188.40          -0.011695
188.60          -0.011701
188.80          -0.011708
189.00          -0.011714
189.20          -0.011720
189.40          -0.011726
189.60          -0.011733
189.80          -0.011739
190.00          -0.011745
190.20          -0.011752
190.40          -0.011758
190.60          -0.011764
190.80          -0.011771
191.00          -0.011777
191.20          -0.011784
191.40          -0.011790
191.60          -0.011797
191.80          -0.011803
192.00          -0.011809
192.20          -0.011816
192.40          -0.011822
192.60          -0.011829
192.80          -0.011835
193.00          -0.011842
193.20          -0.011848
193.40          -0.011855
193.60          -0.011862
193.80          -0.011868
194.00          -0.011875
194.20          -0.011881
194.40          -0.011888
194.60          -0.011895
194.80          -0.011901
195.00          -0.011908
195.20          -0.011915
195.40          -0.011921
195.60          -0.011928
195.80          -0.011935
196.00          -0.011942
196.20          -0.011948
196.40          -0.011955
196.60          -0.011962
196.80          -0.011969
197.00          -0.011976
197.20          -0.011982
197.40          -0.011989
197.60          -0.011996
197.80          -0.012003
198.00          -0.012010
198.20          -0.012017
198.40          -0.012024
198.60          -0.012031
198.80          -0.012038
199.00          -0.012045
199.20          -0.012052
199.40          -0.012059
199.60          -0.012066
199.80          -0.012073
200.00          -0.012080
200.20          -0.012087
200.40          -0.012095
200.60          -0.012102
200.80          -0.012109
201.00          -0.012116
201.20          -0.012124
201.40          -0.012131
201.60          -0.012138
201.80          -0.012146
202.00          -0.012153
202.20          -0.012160
202.40          -0.012168
202.60          -0.012175
202.80          -0.012183
203.00          -0.012191
203.20          -0.012198
203.40          -0.012206
203.60          -0.012214
203.80          -0.012222
204.00          -0.012230
204.20          -0.012238
204.40          -0.012246
204.60          -0.012255
204.80          -0.012264
205.00          -0.012274
205.20          -0.012284
205.40          -0.012297
205.60          -0.012314
205.80          -0.012344
206.00          -0.012447
206.20          -0.021742
206.40          -0.012380
206.60          -0.012327
206.80          -0.012328
207.00          -0.012335
207.20          -0.012343
207.40          -0.012351
207.60          -0.012360
207.80          -0.012368
208.00          -0.012377
208.20          -0.012385
208.40          -0.012394
208.60          -0.012403
208.80          -0.012411
209.00          -0.012420
209.20          -0.012428
209.40          -0.012437
209.60          -0.012446
209.80          -0.012455
210.00          -0.012463
210.20          -0.012472
210.40          -0.012481
210.60          -0.012490
210.80          -0.012499
211.00          -0.012508
211.20          -0.012518
211.40          -0.012527
211.60          -0.012536
211.80          -0.012546
212.00          -0.012555
212.20          -0.012565
212.40          -0.012575
212.60          -0.012584
212.80          -0.012594
213.00          -0.012604
213.20          -0.012615
213.40          -0.012625
213.60          -0.012635
213.80          -0.012646
214.00          -0.012656
214.20          -0.012667
214.40          -0.012678
214.60          -0.012690
214.80          -0.012701
215.00          -0.012713
215.20          -0.012724
215.40          -0.012737
215.60          -0.012749
215.80          -0.012761
216.00          -0.012774
216.20          -0.012787
216.40          -0.012801
216.60          -0.012815
216.80          -0.012829
217.00          -0.012844
217.20          -0.012859
217.40          -0.012875
217.60          -0.012891
217.80          -0.012908
218.00          -0.012925
218.20          -0.012944
218.40          -0.012963
218.60          -0.012983
218.80          -0.013004
219.00          -0.013026
219.20          -0.013049
219.40          -0.013074
219.60          -0.013100
219.80          -0.013129
220.00          -0.013159
220.20          -0.013192
220.40          -0.013227
220.60          -0.013266
220.80          -0.013309
221.00          -0.013356
221.20          -0.013409
221.40          -0.013468
221.60          -0.013535
221.80          -0.013612
222.00          -0.013701
222.20          -0.013806
222.40          -0.013930
222.60          -0.014080
222.80          -0.014265
223.00          -0.014497
223.20          -0.014795
223.40          -0.015192
223.60          -0.015739
223.80          -0.016528
224.00          -0.017737
224.20          -0.019747
224.40          -0.023508
224.60          -0.031979
224.80          -0.058820
225.00          -0.26376
