175.00          -0.088834
175.20          -0.086723
175.40          -0.084691
175.60          -0.082735
175.80          -0.080852
176.00          -0.079039
176.20          -0.077294
176.40          -0.075614
176.60          -0.073996
176.80          -0.072438
177.00          -0.070938
177.20          -0.069493
177.40          -0.068100
177.60          -0.066759
177.80          -0.065467
178.00          -0.064221
178.20          -0.063020
178.40          -0.061863
178.60          -0.060748
178.80          -0.059672
179.00          -0.058634
179.20          -0.057634
179.40          -0.056668
179.60          -0.055737
179.80          -0.054838
180.00          -0.053971
180.20          -0.053134
180.40          -0.052326
180.60          -0.051546
180.80          -0.050793
181.00          -0.050066
181.20          -0.049363
181.40          -0.048685
181.60          -0.048029
181.80          -0.047396
182.00          -0.046784
182.20          -0.046193
182.40          -0.045622
182.60          -0.045069
182.80          -0.044536
183.00          -0.044020
183.20          -0.043521
183.40          -0.043038
183.60          -0.042572
183.80          -0.042121
184.00          -0.041685
184.20          -0.041263
184.40          -0.040855
184.60          -0.040461
184.80          -0.040080
185.00          -0.039711
185.20          -0.039354
185.40          -0.039009
185.60          -0.038675
185.80          -0.038352
186.00          -0.038040
186.20          -0.037738
186.40          -0.037446
186.60          -0.037163
186.80          -0.036890
187.00          -0.036626
187.20          -0.036371
187.40          -0.036124
187.60          -0.035885
187.80          -0.035655
188.00          -0.035432
188.20          -0.035216
188.40          -0.035008
188.60          -0.034807
188.80          -0.034613
189.00          -0.034425
189.20          -0.034244
189.40          -0.034069
189.60          -0.033900
189.80          -0.033737
190.00          -0.033580
190.20          -0.033429
190.40          -0.033283
190.60          -0.033142
190.80          -0.033007
191.00          -0.032876
191.20          -0.032751
191.40          -0.032630
191.60          -0.032513
191.80          -0.032402
192.00          -0.032294
192.20          -0.032191
192.40          -0.032092
192.60          -0.031997
192.80          -0.031907
193.00          -0.031820
193.20          -0.031736
193.40          -0.031657
193.60          -0.031581
193.80          -0.031508
194.00          -0.031439
194.20          -0.031374
194.40          -0.031311
194.60          -0.031252
194.80          -0.031196
195.00          -0.031143
195.20          -0.031092
195.40          -0.031045
195.60          -0.031001
195.80          -0.030959
196.00          -0.030920
196.20          -0.030884
196.40          -0.030850
196.60          -0.030819
196.80          -0.030791
197.00          -0.030765
197.20          -0.030741
197.40          -0.030720
197.60          -0.030701
197.80          -0.030684
198.00          -0.030670
198.20          -0.030657
198.40          -0.030647
198.60          -0.030639
198.80          -0.030633
199.00          -0.030630
199.20          -0.030628
199.40          -0.030628
199.60          -0.030630
199.80          -0.030634
200.00          -0.030641
200.20          -0.030649
200.40          -0.030659
200.60          -0.030671
200.80          -0.030684
201.00          -0.030700
201.20          -0.030718
201.40          -0.030738
201.60          -0.030760
201.80          -0.030783
202.00          -0.030809
202.20          -0.030837
202.40          -0.030868
202.60          -0.030901
202.80          -0.030936
203.00          -0.030975
203.20          -0.031016
203.40          -0.031062
203.60          -0.031111
203.80          -0.031166
204.00          -0.031227
204.20          -0.031296
204.40          -0.031376
204.60          -0.031470
204.80          -0.031586
205.00          -0.031735
205.20          -0.031942
205.40          -0.032257
205.60          -0.032819
205.80          -0.034117
206.00          -0.039352
206.20          -0.37303
206.40          -0.036833
206.60          -0.031876
206.80          -0.031334
207.00          -0.031260
207.20          -0.031287
207.40          -0.031343
207.60          -0.031407
207.80          -0.031474
208.00          -0.031541
208.20          -0.031608
208.40          -0.031674
208.60          -0.031739
208.80          -0.031804
209.00          -0.031868
209.20          -0.031933
209.40          -0.031997
209.60          -0.032061
209.80          -0.032124
210.00          -0.032188
210.20          -0.032253
210.40          -0.032317
210.60          -0.032381
210.80          -0.032446
211.00          -0.032511
211.20          -0.032576
211.40          -0.032641
211.60          -0.032707
211.80          -0.032773
212.00          -0.032839
212.20          -0.032906
212.40          -0.032973
212.60          -0.033040
212.80          -0.033107
213.00          -0.033175
213.20          -0.033243
213.40          -0.033311
213.60          -0.033380
213.80          -0.033448
214.00          -0.033517
214.20          -0.033587
214.40          -0.033656
214.60          -0.033726
214.80          -0.033795
215.00          -0.033865
215.20          -0.033936
215.40          -0.034006
215.60          -0.034076
215.80          -0.034147
216.00          -0.034218
216.20          -0.034288
216.40          -0.034359
216.60          -0.034430
216.80          -0.034501
217.00          -0.034572
217.20          -0.034643
217.40          -0.034714
217.60          -0.034785
217.80          -0.034856
218.00          -0.034927
218.20          -0.034998
218.40          -0.035069
218.60          -0.035139
218.80          -0.035210
219.00          -0.035280
219.20          -0.035350
219.40          -0.035420
219.60          -0.035490
219.80          -0.035560
220.00          -0.035629
220.20          -0.035698
220.40          -0.035767
220.60          -0.035835
220.80          -0.035903
221.00          -0.035971
221.20          -0.036038
221.40          -0.036105
221.60          -0.036171
221.80          -0.036237
222.00          -0.036302
222.20          -0.036367
222.40          -0.036431
222.60          -0.036495
222.80          -0.036558
223.00          -0.036620
223.20          -0.036682
223.40          -0.036743
223.60          -0.036803
223.80          -0.036863
224.00          -0.036921
224.20          -0.036979
224.40          -0.037036
224.60          -0.037092
224.80          -0.037147
225.00          -0.037201
