175.00          -0.039633
175.20          -0.039380
175.40          -0.039135
175.60          -0.038898
175.80          -0.038668
176.00          -0.038445
176.20          -0.038229
176.40          -0.038021
176.60          -0.037819
176.80          -0.037624
177.00          -0.037435
177.20          -0.037252
177.40          -0.037076
177.60          -0.036905
177.80          -0.036741
178.00          -0.036582
178.20          -0.036429
178.40          -0.036281
178.60          -0.036138
178.80          -0.036001
179.00          -0.035869
179.20          -0.035742
179.40          -0.035619
179.60          -0.035502
179.80          -0.035389
180.00          -0.035280
180.20          -0.035176
180.40          -0.035077
180.60          -0.034981
180.80          -0.034890
181.00          -0.034803
181.20          -0.034721
181.40          -0.034642
181.60          -0.034567
181.80          -0.034495
182.00          -0.034428
182.20          -0.034364
182.40          -0.034304
182.60          -0.034247
182.80          -0.034193
183.00          -0.034144
183.20          -0.034097
183.40          -0.034054
183.60          -0.034014
183.80          -0.033977
184.00          -0.033943
184.20          -0.033912
184.40          -0.033884
184.60          -0.033860
184.80          -0.033838
185.00          -0.033819
185.20          -0.033803
185.40          -0.033789
185.60          -0.033779
185.80          -0.033771
186.00          -0.033766
186.20          -0.033763
186.40          -0.033763
186.60          -0.033766
186.80          -0.033771
187.00          -0.033778
187.20          -0.033788
187.40          -0.033801
187.60          -0.033815
187.80          -0.033833
188.00          -0.033852
188.20          -0.033874
188.40          -0.033898
188.60          -0.033924
188.80          -0.033953
189.00          -0.033983
189.20          -0.034016
189.40          -0.034051
189.60          -0.034088
189.80          -0.034127
190.00          -0.034169
190.20          -0.034212
190.40          -0.034257
190.60          -0.034305
190.80          -0.034354
191.00          -0.034405
191.20          -0.034459
191.40          -0.034514
191.60          -0.034571
191.80          -0.034630
192.00          -0.034691
192.20          -0.034753
192.40          -0.034818
192.60          -0.034884
192.80          -0.034953
193.00          -0.035023
193.20          -0.035095
193.40          -0.035168
193.60          -0.035244
193.80          -0.035321
194.00          -0.035399
194.20          -0.035480
194.40          -0.035562
194.60          -0.035646
194.80          -0.035732
195.00          -0.035819
195.20          -0.035908
195.40          -0.035999
195.60          -0.036091
195.80          -0.036185
196.00          -0.036281
196.20          -0.036378
196.40          -0.036477
196.60          -0.036577
196.80          -0.036679
197.00          -0.036783
197.20          -0.036888
197.40          -0.036994
197.60          -0.037103
197.80          -0.037212
198.00          -0.037324
198.20          -0.037437
198.40          -0.037551
198.60          -0.037667
198.80          -0.037785
199.00          -0.037904
199.20          -0.038024
199.40          -0.038146
199.60          -0.038270
199.80          -0.038395
200.00          -0.038521
200.20          -0.038650
200.40          -0.038779
200.60          -0.038911
200.80          -0.039043
201.00          -0.039178
201.20          -0.039314
201.40          -0.039451
201.60          -0.039591
201.80          -0.039732
202.00          -0.039875
202.20          -0.040019
202.40          -0.040166
202.60          -0.040314
202.80          -0.040465
203.00          -0.040618
203.20          -0.040774
203.40          -0.040932
203.60          -0.041094
203.80          -0.041260
204.00          -0.041431
204.20          -0.041607
204.40          -0.041792
204.60          -0.041987
204.80          -0.042198
205.00          -0.042434
205.20          -0.042710
205.40          -0.043066
205.60          -0.043601
205.80          -0.044673
206.00          -0.048650
206.20          -0.31004
206.40          -0.047121
206.60          -0.043633
206.80          -0.043353
207.00          -0.043422
207.20          -0.043568
207.40          -0.043737
207.60          -0.043913
207.80          -0.044092
208.00          -0.044272
208.20          -0.044452
208.40          -0.044632
208.60          -0.044811
208.80          -0.044991
209.00          -0.045171
209.20          -0.045350
209.40          -0.045530
209.60          -0.045710
209.80          -0.045890
210.00          -0.046070
210.20          -0.046251
210.40          -0.046431
210.60          -0.046612
210.80          -0.046793
211.00          -0.046974
211.20          -0.047155
211.40          -0.047337
211.60          -0.047518
211.80          -0.047700
212.00          -0.047882
212.20          -0.048064
212.40          -0.048246
212.60          -0.048428
212.80          -0.048610
213.00          -0.048792
213.20          -0.048974
213.40          -0.049155
213.60          -0.049337
213.80          -0.049518
214.00          -0.049699
214.20          -0.049880
214.40          -0.050061
214.60          -0.050241
214.80          -0.050420
215.00          -0.050600
215.20          -0.050778
215.40          -0.050956
215.60          -0.051134
215.80          -0.051310
216.00          -0.051486
216.20          -0.051661
216.40          -0.051835
216.60          -0.052009
216.80          -0.052181
217.00          -0.052352
217.20          -0.052522
217.40          -0.052690
217.60          -0.052858
217.80          -0.053024
218.00          -0.053188
218.20          -0.053351
218.40          -0.053512
218.60          -0.053672
218.80          -0.053829
219.00          -0.053985
219.20          -0.054138
219.40          -0.054290
219.60          -0.054439
219.80          -0.054586
220.00          -0.054730
220.20          -0.054872
220.40          -0.055011
220.60          -0.055147
220.80          -0.055280
221.00          -0.055410
221.20          -0.055537
221.40          -0.055660
221.60          -0.055780
221.80          -0.055895
222.00          -0.056007
222.20          -0.056115
222.40          -0.056218
222.60          -0.056317
222.80          -0.056412
223.00          -0.056501
223.20          -0.056585
223.40          -0.056663
223.60          -0.056736
223.80          -0.056803
224.00          -0.056864
224.20          -0.056918
224.40          -0.056966
224.60          -0.057006
224.80          -0.057039
225.00          -0.057065
