175.00          -0.035176
175.20          -0.035296
175.40          -0.035417
175.60          -0.035539
175.80          -0.035662
176.00          -0.035786
176.20          -0.035912
176.40          -0.036038
176.60          -0.036166
176.80          -0.036295
177.00          -0.036425
177.20          -0.036556
177.40          -0.036689
177.60          -0.036823
177.80          -0.036958
178.00          -0.037095
178.20          -0.037233
178.40          -0.037372
178.60          -0.037513
178.80          -0.037655
179.00          -0.037799
179.20          -0.037944
179.40          -0.038091
179.60          -0.038239
179.80          -0.038389
180.00          -0.038541
180.20          -0.038694
180.40          -0.038849
180.60          -0.039006
180.80          -0.039165
181.00          -0.039325
181.20          -0.039488
181.40          -0.039652
181.60          -0.039819
181.80          -0.039987
182.00          -0.040158
182.20          -0.040330
182.40          -0.040505
182.60          -0.040682
182.80          -0.040862
183.00          -0.041044
183.20          -0.041228
183.40          -0.041415
183.60          -0.041604
183.80          -0.041796
184.00          -0.041991
184.20          -0.042188
184.40          -0.042388
184.60          -0.042592
184.80          -0.042798
185.00          -0.043008
185.20          -0.043220
185.40          -0.043436
185.60          -0.043656
185.80          -0.043878
186.00          -0.044105
186.20          -0.044335
186.40          -0.044569
186.60          -0.044807
186.80          -0.045049
187.00          -0.045295
187.20          -0.045546
187.40          -0.045801
187.60          -0.046061
187.80          -0.046326
188.00          -0.046595
188.20          -0.046870
188.40          -0.047150
188.60          -0.047436
188.80          -0.047727
189.00          -0.048024
189.20          -0.048328
189.40          -0.048637
189.60          -0.048954
189.80          -0.049277
190.00          -0.049607
190.20          -0.049945
190.40          -0.050290
190.60          -0.050644
190.80          -0.051006
191.00          -0.051376
191.20          -0.051756
191.40          -0.052145
191.60          -0.052544
191.80          -0.052953
192.00          -0.053374
192.20          -0.053805
192.40          -0.054248
192.60          -0.054704
192.80          -0.055172
193.00          -0.055654
193.20          -0.056150
193.40          -0.056661
193.60          -0.057188
193.80          -0.057732
194.00          -0.058293
194.20          -0.058872
194.40          -0.059470
194.60          -0.060089
194.80          -0.060730
195.00          -0.061393
195.20          -0.062080
195.40          -0.062794
195.60          -0.063534
195.80          -0.064303
196.00          -0.065103
196.20          -0.065936
196.40          -0.066804
196.60          -0.067709
196.80          -0.068654
197.00          -0.069642
197.20          -0.070676
197.40          -0.071759
197.60          -0.072895
197.80          -0.074090
198.00          -0.075346
198.20          -0.076669
198.40          -0.078066
198.60          -0.079543
198.80          -0.081106
199.00          -0.082765
199.20          -0.084528
199.40          -0.086407
199.60          -0.088412
199.80          -0.090558
200.00          -0.092862
200.20          -0.095340
200.40          -0.098016
200.60          -0.10091
200.80          -0.10406
201.00          -0.10750
201.20          -0.11126
201.40          -0.11541
201.60          -0.12000
201.80          -0.12511
202.00          -0.13084
202.20          -0.13731
202.40          -0.14467
202.60          -0.15315
202.80          -0.16300
203.00          -0.17460
203.20          -0.18849
203.40          -0.20540
203.60          -0.22646
203.80          -0.25339
204.00          -0.28900
204.20          -0.33812
204.40          -0.40965
204.60          -0.52168
204.80          -0.71536
205.00          -1.0987
205.20          -1.9836
205.40          -3.6317
205.60          -2.4532
205.80          -0.87888
206.00          -0.37260
206.20          -0.20263
206.40          -0.13915
206.60          -0.11618
206.80          -0.11138
207.00          -0.11610
207.20          -0.12672
207.40          -0.14169
207.60          -0.16050
207.80          -0.18319
208.00          -0.21012
208.20          -0.24195
208.40          -0.27950
208.60          -0.32370
208.80          -0.37546
209.00          -0.43534
209.20          -0.50305
209.40          -0.57661
209.60          -0.65134
209.80          -0.71920
210.00          -0.76953
210.20          -0.79214
210.40          -0.78177
210.60          -0.74098
210.80          -0.67875
211.00          -0.60616
211.20          -0.53250
211.40          -0.46371
211.60          -0.40259
211.80          -0.34991
212.00          -0.30527
212.20          -0.26775
212.40          -0.23631
212.60          -0.20998
212.80          -0.18786
213.00          -0.16921
213.20          -0.15342
213.40          -0.13999
213.60          -0.12852
213.80          -0.11866
214.00          -0.11016
214.20          -0.10280
214.40          -0.096388
214.60          -0.090788
214.80          -0.085879
215.00          -0.081559
215.20          -0.077745
215.40          -0.074369
215.60          -0.071371
215.80          -0.068702
216.00          -0.066322
216.20          -0.064193
216.40          -0.062286
216.60          -0.060575
216.80          -0.059038
217.00          -0.057654
217.20          -0.056407
217.40          -0.055283
217.60          -0.054268
217.80          -0.053352
218.00          -0.052525
218.20          -0.051777
218.40          -0.051102
218.60          -0.050493
218.80          -0.049943
219.00          -0.049447
219.20          -0.049001
219.40          -0.048601
219.60          -0.048241
219.80          -0.047920
220.00          -0.047634
220.20          -0.047380
220.40          -0.047155
220.60          -0.046959
220.80          -0.046788
221.00          -0.046641
221.20          -0.046515
221.40          -0.046411
221.60          -0.046326
221.80          -0.046259
222.00          -0.046210
222.20          -0.046176
222.40          -0.046158
222.60          -0.046155
222.80          -0.046166
223.00          -0.046190
223.20          -0.046227
223.40          -0.046278
223.60          -0.046340
223.80          -0.046415
224.00          -0.046503
224.20          -0.046604
224.40          -0.046718
224.60          -0.046845
224.80          -0.046988
225.00          -0.047147
