175.00          -0.034540
175.20          -0.034655
175.40          -0.034771
175.60          -0.034889
175.80          -0.035007
176.00          -0.035126
176.20          -0.035247
176.40          -0.035368
176.60          -0.035491
176.80          -0.035615
177.00          -0.035740
177.20          -0.035866
177.40          -0.035993
177.60          -0.036122
177.80          -0.036252
178.00          -0.036383
178.20          -0.036515
178.40          -0.036649
178.60          -0.036784
178.80          -0.036921
179.00          -0.037059
179.20          -0.037198
179.40          -0.037339
179.60          -0.037482
179.80          -0.037626
180.00          -0.037771
180.20          -0.037918
180.40          -0.038067
180.60          -0.038218
180.80          -0.038370
181.00          -0.038524
181.20          -0.038680
181.40          -0.038838
181.60          -0.038998
181.80          -0.039159
182.00          -0.039323
182.20          -0.039489
182.40          -0.039657
182.60          -0.039827
182.80          -0.039999
183.00          -0.040174
183.20          -0.040351
183.40          -0.040530
183.60          -0.040712
183.80          -0.040896
184.00          -0.041083
184.20          -0.041273
184.40          -0.041465
184.60          -0.041661
184.80          -0.041859
185.00          -0.042061
185.20          -0.042265
185.40          -0.042473
185.60          -0.042684
185.80          -0.042898
186.00          -0.043116
186.20          -0.043338
186.40          -0.043563
186.60          -0.043792
186.80          -0.044026
187.00          -0.044263
187.20          -0.044505
187.40          -0.044751
187.60          -0.045002
187.80          -0.045257
188.00          -0.045518
188.20          -0.045783
188.40          -0.046054
188.60          -0.046330
188.80          -0.046612
189.00          -0.046900
189.20          -0.047194
189.40          -0.047494
189.60          -0.047801
189.80          -0.048115
190.00          -0.048437
190.20          -0.048765
190.40          -0.049102
190.60          -0.049446
190.80          -0.049799
191.00          -0.050161
191.20          -0.050532
191.40          -0.050913
191.60          -0.051304
191.80          -0.051706
192.00          -0.052119
192.20          -0.052543
192.40          -0.052980
192.60          -0.053430
192.80          -0.053893
193.00          -0.054371
193.20          -0.054863
193.40          -0.055372
193.60          -0.055897
193.80          -0.056440
194.00          -0.057002
194.20          -0.057584
194.40          -0.058187
194.60          -0.058812
194.80          -0.059461
195.00          -0.060136
195.20          -0.060838
195.40          -0.061569
195.60          -0.062330
195.80          -0.063125
196.00          -0.063956
196.20          -0.064825
196.40          -0.065736
196.60          -0.066692
196.80          -0.067696
197.00          -0.068753
197.20          -0.069868
197.40          -0.071045
197.60          -0.072292
197.80          -0.073614
198.00          -0.075020
198.20          -0.076518
198.40          -0.078119
198.60          -0.079836
198.80          -0.081682
199.00          -0.083674
199.20          -0.085831
199.40          -0.088179
199.60          -0.090745
199.80          -0.093566
200.00          -0.096684
200.20          -0.10015
200.40          -0.10405
200.60          -0.10845
200.80          -0.11349
201.00          -0.11932
201.20          -0.12617
201.40          -0.13433
201.60          -0.14428
201.80          -0.15670
202.00          -0.17269
202.20          -0.19412
202.40          -0.22432
202.60          -0.26993
202.80          -0.34586
203.00          -0.49203
203.20          -0.84900
203.40          -2.1782
203.60          -5.7167
203.80          -1.0998
204.00          -0.31876
204.20          -0.15348
204.40          -0.10461
204.60          -0.089240
204.80          -0.086301
205.00          -0.088902
205.20          -0.094413
205.40          -0.10175
205.60          -0.11048
205.80          -0.12048
206.00          -0.13178
206.20          -0.14454
206.40          -0.15899
206.60          -0.17545
206.80          -0.19434
207.00          -0.21617
207.20          -0.24157
207.40          -0.27132
207.60          -0.30637
207.80          -0.34780
208.00          -0.39678
208.20          -0.45446
208.40          -0.52157
208.60          -0.59779
208.80          -0.68069
209.00          -0.76437
209.20          -0.83852
209.40          -0.88954
209.60          -0.90488
209.80          -0.87940
210.00          -0.81856
210.20          -0.73549
210.40          -0.64451
210.60          -0.55635
210.80          -0.47696
211.00          -0.40849
211.20          -0.35091
211.40          -0.30308
211.60          -0.26357
211.80          -0.23095
212.00          -0.20395
212.20          -0.18152
212.40          -0.16279
212.60          -0.14707
212.80          -0.13379
213.00          -0.12253
213.20          -0.11292
213.40          -0.10467
213.60          -0.097570
213.80          -0.091420
214.00          -0.086074
214.20          -0.081408
214.40          -0.077320
214.60          -0.073728
214.80          -0.070561
215.00          -0.067761
215.20          -0.065278
215.40          -0.063073
215.60          -0.061109
215.80          -0.059357
216.00          -0.057791
216.20          -0.056390
216.40          -0.055135
216.60          -0.054009
216.80          -0.052999
217.00          -0.052092
217.20          -0.051277
217.40          -0.050545
217.60          -0.049888
217.80          -0.049298
218.00          -0.048770
218.20          -0.048297
218.40          -0.047874
218.60          -0.047498
218.80          -0.047163
219.00          -0.046867
219.20          -0.046606
219.40          -0.046377
219.60          -0.046179
219.80          -0.046008
220.00          -0.045863
220.20          -0.045742
220.40          -0.045644
220.60          -0.045566
220.80          -0.045508
221.00          -0.045469
221.20          -0.045447
221.40          -0.045442
221.60          -0.045453
221.80          -0.045481
222.00          -0.045523
222.20          -0.045581
222.40          -0.045654
222.60          -0.045743
222.80          -0.045848
223.00          -0.045970
223.20          -0.046110
223.40          -0.046270
223.60          -0.046454
223.80          -0.046664
224.00          -0.046908
224.20          -0.047194
224.40          -0.047537
224.60          -0.047958
224.80          -0.048496
225.00          -0.049222
