175.00          -0.035350
175.20          -0.035831
175.40          -0.036329
175.60          -0.036846
175.80          -0.037383
176.00          -0.037940
176.20          -0.038518
176.40          -0.039120
176.60          -0.039745
176.80          -0.040396
177.00          -0.041074
177.20          -0.041781
177.40          -0.042518
177.60          -0.043288
177.80          -0.044092
178.00          -0.044932
178.20          -0.045810
178.40          -0.046730
178.60          -0.047694
178.80          -0.048705
179.00          -0.049766
179.20          -0.050880
179.40          -0.052052
179.60          -0.053285
179.80          -0.054585
180.00          -0.055955
180.20          -0.057402
180.40          -0.058931
180.60          -0.060548
180.80          -0.062262
181.00          -0.064079
181.20          -0.066009
181.40          -0.068060
181.60          -0.070244
181.80          -0.072572
182.00          -0.075058
182.20          -0.077715
182.40          -0.080560
182.60          -0.083611
182.80          -0.086888
183.00          -0.090414
183.20          -0.094213
183.40          -0.098315
183.60          -0.10275
183.80          -0.10756
184.00          -0.11278
184.20          -0.11845
184.40          -0.12464
184.60          -0.13139
184.80          -0.13878
185.00          -0.14688
185.20          -0.15578
185.40          -0.16558
185.60          -0.17637
185.80          -0.18829
186.00          -0.20147
186.20          -0.21606
186.40          -0.23221
186.60          -0.25009
186.80          -0.26986
187.00          -0.29169
187.20          -0.31569
187.40          -0.34194
187.60          -0.37041
187.80          -0.40093
188.00          -0.43311
188.20          -0.46629
188.40          -0.49944
188.60          -0.53116
188.80          -0.55968
189.00          -0.58303
189.20          -0.59922
189.40          -0.60663
189.60          -0.60435
189.80          -0.59236
190.00          -0.57158
190.20          -0.54370
190.40          -0.51078
190.60          -0.47493
190.80          -0.43804
191.00          -0.40162
191.20          -0.36671
191.40          -0.33401
191.60          -0.30387
191.80          -0.27642
192.00          -0.25162
192.20          -0.22935
192.40          -0.20943
192.60          -0.19163
192.80          -0.17576
193.00          -0.16160
193.20          -0.14896
193.40          -0.13766
193.60          -0.12756
193.80          -0.11850
194.00          -0.11036
194.20          -0.10305
194.40          -0.096449
194.60          -0.090490
194.80          -0.085096
195.00          -0.080203
195.20          -0.075756
195.40          -0.071707
195.60          -0.068012
195.80          -0.064634
196.00          -0.061541
196.20          -0.058704
196.40          -0.056096
196.60          -0.053696
196.80          -0.051483
197.00          -0.049440
197.20          -0.047551
197.40          -0.045802
197.60          -0.044180
197.80          -0.042674
198.00          -0.041274
198.20          -0.039970
198.40          -0.038756
198.60          -0.037623
198.80          -0.036565
199.00          -0.035577
199.20          -0.034651
199.40          -0.033785
199.60          -0.032972
199.80          -0.032210
200.00          -0.031494
200.20          -0.030822
200.40          -0.030190
200.60          -0.029595
200.80          -0.029034
201.00          -0.028507
201.20          -0.028010
201.40          -0.027543
201.60          -0.027106
201.80          -0.026704
202.00          -0.026411
202.20          -0.026510
202.40          -0.025545
202.60          -0.025198
202.80          -0.024880
203.00          -0.024579
203.20          -0.024294
203.40          -0.024024
203.60          -0.023768
203.80          -0.023525
204.00          -0.023295
204.20          -0.023076
204.40          -0.022869
204.60          -0.022672
204.80          -0.022485
205.00          -0.022308
205.20          -0.022139
205.40          -0.021979
205.60          -0.021827
205.80          -0.021683
206.00          -0.021546
206.20          -0.021417
206.40          -0.021293
206.60          -0.021176
206.80          -0.021065
207.00          -0.020960
207.20          -0.020860
207.40          -0.020766
207.60          -0.020676
207.80          -0.020591
208.00          -0.020511
208.20          -0.020435
208.40          -0.020363
208.60          -0.020295
208.80          -0.020231
209.00          -0.020171
209.20          -0.020114
209.40          -0.020060
209.60          -0.020010
209.80          -0.019963
210.00          -0.019919
210.20          -0.019877
210.40          -0.019839
210.60          -0.019803
210.80          -0.019769
211.00          -0.019738
211.20          -0.019710
211.40          -0.019683
211.60          -0.019659
211.80          -0.019637
212.00          -0.019617
212.20          -0.019599
212.40          -0.019583
212.60          -0.019569
212.80          -0.019557
213.00          -0.019546
213.20          -0.019537
213.40          -0.019530
213.60          -0.019524
213.80          -0.019520
214.00          -0.019517
214.20          -0.019516
214.40          -0.019516
214.60          -0.019518
214.80          -0.019521
215.00          -0.019525
215.20          -0.019531
215.40          -0.019538
215.60          -0.019546
215.80          -0.019555
216.00          -0.019565
216.20          -0.019577
216.40          -0.019589
216.60          -0.019603
216.80          -0.019618
217.00          -0.019634
217.20          -0.019651
217.40          -0.019669
217.60          -0.019688
217.80          -0.019709
218.00          -0.019730
218.20          -0.019752
218.40          -0.019775
218.60          -0.019800
218.80          -0.019825
219.00          -0.019851
219.20          -0.019878
219.40          -0.019907
219.60          -0.019936
219.80          -0.019966
220.00          -0.019998
220.20          -0.020030
220.40          -0.020064
220.60          -0.020098
220.80          -0.020134
221.00          -0.020170
221.20          -0.020208
221.40          -0.020247
221.60          -0.020287
221.80          -0.020329
222.00          -0.020371
222.20          -0.020415
222.40          -0.020461
222.60          -0.020508
222.80          -0.020556
223.00          -0.020605
223.20          -0.020657
223.40          -0.020710
223.60          -0.020765
223.80          -0.020821
224.00          -0.020880
224.20          -0.020941
224.40          -0.021004
224.60          -0.021069
224.80          -0.021137
225.00          -0.021208
