175.00          -0.033299
175.20          -0.033396
175.40          -0.033492
175.60          -0.033590
175.80          -0.033688
176.00          -0.033787
176.20          -0.033887
176.40          -0.033988
176.60          -0.034089
176.80          -0.034191
177.00          -0.034294
177.20          -0.034397
177.40          -0.034501
177.60          -0.034607
177.80          -0.034713
178.00          -0.034819
178.20          -0.034927
178.40          -0.035036
178.60          -0.035145
178.80          -0.035256
179.00          -0.035367
179.20          -0.035480
179.40          -0.035593
179.60          -0.035707
179.80          -0.035823
180.00          -0.035939
180.20          -0.036057
180.40          -0.036175
180.60          -0.036295
180.80          -0.036416
181.00          -0.036538
181.20          -0.036662
181.40          -0.036786
181.60          -0.036912
181.80          -0.037039
182.00          -0.037168
182.20          -0.037297
182.40          -0.037429
182.60          -0.037561
182.80          -0.037695
183.00          -0.037831
183.20          -0.037968
183.40          -0.038107
183.60          -0.038248
183.80          -0.038390
184.00          -0.038534
184.20          -0.038680
184.40          -0.038827
184.60          -0.038977
184.80          -0.039128
185.00          -0.039282
185.20          -0.039437
185.40          -0.039595
185.60          -0.039755
185.80          -0.039917
186.00          -0.040082
186.20          -0.040249
186.40          -0.040418
186.60          -0.040591
186.80          -0.040765
187.00          -0.040943
187.20          -0.041124
187.40          -0.041307
187.60          -0.041494
187.80          -0.041684
188.00          -0.041877
188.20          -0.042074
188.40          -0.042274
188.60          -0.042478
188.80          -0.042686
189.00          -0.042898
189.20          -0.043114
189.40          -0.043335
189.60          -0.043560
189.80          -0.043790
190.00          -0.044025
190.20          -0.044265
190.40          -0.044511
190.60          -0.044762
190.80          -0.045019
191.00          -0.045283
191.20          -0.045553
191.40          -0.045830
191.60          -0.046114
191.80          -0.046406
192.00          -0.046705
192.20          -0.047013
192.40          -0.047330
192.60          -0.047656
192.80          -0.047992
193.00          -0.048339
193.20          -0.048696
193.40          -0.049065
193.60          -0.049446
193.80          -0.049840
194.00          -0.050248
194.20          -0.050671
194.40          -0.051109
194.60          -0.051565
194.80          -0.052038
195.00          -0.052530
195.20          -0.053042
195.40          -0.053577
195.60          -0.054135
195.80          -0.054718
196.00          -0.055329
196.20          -0.055968
196.40          -0.056640
196.60          -0.057346
196.80          -0.058090
197.00          -0.058874
197.20          -0.059703
197.40          -0.060580
197.60          -0.061510
197.80          -0.062498
198.00          -0.063551
198.20          -0.064675
198.40          -0.065877
198.60          -0.067168
198.80          -0.068555
199.00          -0.070052
199.20          -0.071673
199.40          -0.073432
199.60          -0.075349
199.80          -0.077445
200.00          -0.079748
200.20          -0.082289
200.40          -0.085106
200.60          -0.088245
200.80          -0.091764
201.00          -0.095734
201.20          -0.10025
201.40          -0.10541
201.60          -0.11138
201.80          -0.11834
202.00          -0.12655
202.20          -0.13636
202.40          -0.14825
202.60          -0.16291
202.80          -0.18136
203.00          -0.20515
203.20          -0.23670
203.40          -0.28008
203.60          -0.34248
203.80          -0.43757
204.00          -0.59399
204.20          -0.87903
204.40          -1.4734
204.60          -2.8773
204.80          -4.9717
205.00          -3.0305
205.20          -1.2524
205.40          -0.59423
205.60          -0.32949
205.80          -0.20755
206.00          -0.14617
206.20          -0.11453
206.40          -0.099773
206.60          -0.096435
206.80          -0.10283
207.00          -0.11998
207.20          -0.15214
207.40          -0.20909
207.60          -0.31207
207.80          -0.50681
208.00          -0.87291
208.20          -1.3739
208.40          -1.4348
208.60          -0.99055
208.80          -0.62121
209.00          -0.40980
209.20          -0.29031
209.40          -0.21881
209.60          -0.17332
209.80          -0.14279
210.00          -0.12140
210.20          -0.10586
210.40          -0.094246
210.60          -0.085347
210.80          -0.078393
211.00          -0.072865
211.20          -0.068409
211.40          -0.064771
211.60          -0.061772
211.80          -0.059277
212.00          -0.057185
212.20          -0.055420
212.40          -0.053923
212.60          -0.052646
212.80          -0.051554
213.00          -0.050616
213.20          -0.049809
213.40          -0.049114
213.60          -0.048514
213.80          -0.047996
214.00          -0.047550
214.20          -0.047165
214.40          -0.046834
214.60          -0.046551
214.80          -0.046309
215.00          -0.046104
215.20          -0.045932
215.40          -0.045789
215.60          -0.045672
215.80          -0.045578
216.00          -0.045505
216.20          -0.045451
216.40          -0.045413
216.60          -0.045391
216.80          -0.045383
217.00          -0.045387
217.20          -0.045403
217.40          -0.045429
217.60          -0.045464
217.80          -0.045508
218.00          -0.045561
218.20          -0.045620
218.40          -0.045686
218.60          -0.045759
218.80          -0.045837
219.00          -0.045921
219.20          -0.046010
219.40          -0.046103
219.60          -0.046200
219.80          -0.046302
220.00          -0.046407
220.20          -0.046516
220.40          -0.046628
220.60          -0.046743
220.80          -0.046861
221.00          -0.046982
221.20          -0.047106
221.40          -0.047232
221.60          -0.047360
221.80          -0.047491
222.00          -0.047624
222.20          -0.047758
222.40          -0.047895
222.60          -0.048034
222.80          -0.048175
223.00          -0.048318
223.20          -0.048462
223.40          -0.048609
223.60          -0.048757
223.80          -0.048907
224.00          -0.049058
224.20          -0.049212
224.40          -0.049367
224.60          -0.049525
224.80          -0.049684
225.00          -0.049845
