175.00          -0.071150
175.20          -0.070124
175.40          -0.069141
175.60          -0.068198
175.80          -0.067294
176.00          -0.066428
176.20          -0.065597
176.40          -0.064801
176.60          -0.064039
176.80          -0.063309
177.00          -0.062609
177.20          -0.061939
177.40          -0.061299
177.60          -0.060686
177.80          -0.060099
178.00          -0.059539
178.20          -0.059003
178.40          -0.058491
178.60          -0.058003
178.80          -0.057537
179.00          -0.057093
179.20          -0.056670
179.40          -0.056267
179.60          -0.055884
179.80          -0.055520
180.00          -0.055174
180.20          -0.054846
180.40          -0.054536
180.60          -0.054242
180.80          -0.053964
181.00          -0.053703
181.20          -0.053457
181.40          -0.053225
181.60          -0.053008
181.80          -0.052805
182.00          -0.052616
182.20          -0.052441
182.40          -0.052278
182.60          -0.052127
182.80          -0.051989
183.00          -0.051863
183.20          -0.051749
183.40          -0.051646
183.60          -0.051554
183.80          -0.051473
184.00          -0.051403
184.20          -0.051343
184.40          -0.051293
184.60          -0.051253
184.80          -0.051223
185.00          -0.051202
185.20          -0.051190
185.40          -0.051188
185.60          -0.051194
185.80          -0.051209
186.00          -0.051233
186.20          -0.051265
186.40          -0.051306
186.60          -0.051354
186.80          -0.051411
187.00          -0.051475
187.20          -0.051547
187.40          -0.051627
187.60          -0.051714
187.80          -0.051808
188.00          -0.051910
188.20          -0.052019
188.40          -0.052135
188.60          -0.052259
188.80          -0.052389
189.00          -0.052525
189.20          -0.052669
189.40          -0.052819
189.60          -0.052976
189.80          -0.053140
190.00          -0.053310
190.20          -0.053486
190.40          -0.053669
190.60          -0.053858
190.80          -0.054054
191.00          -0.054255
191.20          -0.054463
191.40          -0.054677
191.60          -0.054898
191.80          -0.055124
192.00          -0.055357
192.20          -0.055595
192.40          -0.055840
192.60          -0.056090
192.80          -0.056347
193.00          -0.056610
193.20          -0.056879
193.40          -0.057154
193.60          -0.057434
193.80          -0.057721
194.00          -0.058014
194.20          -0.058313
194.40          -0.058618
194.60          -0.058929
194.80          -0.059246
195.00          -0.059570
195.20          -0.059899
195.40          -0.060235
195.60          -0.060576
195.80          -0.060925
196.00          -0.061279
196.20          -0.061640
196.40          -0.062007
196.60          -0.062380
196.80          -0.062760
197.00          -0.063147
197.20          -0.063540
197.40          -0.063940
197.60          -0.064347
197.80          -0.064761
198.00          -0.065182
198.20          -0.065610
198.40          -0.066045
198.60          -0.066488
198.80          -0.066938
199.00          -0.067396
199.20          -0.067862
199.40          -0.068336
199.60          -0.068818
199.80          -0.069309
200.00          -0.069809
200.20          -0.070318
200.40          -0.070837
200.60          -0.071366
200.80          -0.071905
201.00          -0.072455
201.20          -0.073017
201.40          -0.073591
201.60          -0.074179
201.80          -0.074780
202.00          -0.075398
202.20          -0.076032
202.40          -0.076686
202.60          -0.077360
202.80          -0.078059
203.00          -0.078785
203.20          -0.079544
203.40          -0.080341
203.60          -0.081185
203.80          -0.082087
204.00          -0.083065
204.20          -0.084141
204.40          -0.085351
204.60          -0.086753
204.80          -0.088443
205.00          -0.090595
205.20          -0.093549
205.40          -0.098078
205.60          -0.10627
205.80          -0.12590
206.00          -0.21138
206.20          -8.7757
206.40          -0.17481
206.60          -0.10062
206.80          -0.090606
207.00          -0.088469
207.20          -0.088265
207.40          -0.088702
207.60          -0.089392
207.80          -0.090193
208.00          -0.091045
208.20          -0.091923
208.40          -0.092815
208.60          -0.093715
208.80          -0.094622
209.00          -0.095533
209.20          -0.096449
209.40          -0.097371
209.60          -0.098299
209.80          -0.099232
210.00          -0.10017
210.20          -0.10112
210.40          -0.10208
210.60          -0.10304
210.80          -0.10401
211.00          -0.10499
211.20          -0.10599
211.40          -0.10699
211.60          -0.10800
211.80          -0.10902
212.00          -0.11006
212.20          -0.11111
212.40          -0.11216
212.60          -0.11323
212.80          -0.11432
213.00          -0.11541
213.20          -0.11652
213.40          -0.11764
213.60          -0.11878
213.80          -0.11993
214.00          -0.12109
214.20          -0.12227
214.40          -0.12347
214.60          -0.12468
214.80          -0.12590
215.00          -0.12714
215.20          -0.12840
215.40          -0.12967
215.60          -0.13096
215.80          -0.13227
216.00          -0.13359
216.20          -0.13493
216.40          -0.13629
216.60          -0.13767
216.80          -0.13907
217.00          -0.14048
217.20          -0.14192
217.40          -0.14337
217.60          -0.14485
217.80          -0.14634
218.00          -0.14786
218.20          -0.14940
218.40          -0.15096
218.60          -0.15254
218.80          -0.15414
219.00          -0.15577
219.20          -0.15742
219.40          -0.15909
219.60          -0.16079
219.80          -0.16251
220.00          -0.16426
220.20          -0.16604
220.40          -0.16784
220.60          -0.16967
220.80          -0.17152
221.00          -0.17341
221.20          -0.17532
221.40          -0.17727
221.60          -0.17924
221.80          -0.18124
222.00          -0.18328
222.20          -0.18535
222.40          -0.18746
222.60          -0.18960
222.80          -0.19177
223.00          -0.19399
223.20          -0.19624
223.40          -0.19853
223.60          -0.20087
223.80          -0.20324
224.00          -0.20567
224.20          -0.20814
224.40          -0.21066
224.60          -0.21323
224.80          -0.21586
225.00          -0.21856
