175.00          -0.024443
175.20          -0.024612
175.40          -0.024785
175.60          -0.024962
175.80          -0.025143
176.00          -0.025328
176.20          -0.025517
176.40          -0.025711
176.60          -0.025909
176.80          -0.026112
177.00          -0.026320
177.20          -0.026534
177.40          -0.026752
177.60          -0.026976
177.80          -0.027206
178.00          -0.027441
178.20          -0.027683
178.40          -0.027931
178.60          -0.028186
178.80          -0.028448
179.00          -0.028717
179.20          -0.028993
179.40          -0.029277
179.60          -0.029569
179.80          -0.029870
180.00          -0.030179
180.20          -0.030498
180.40          -0.030826
180.60          -0.031164
180.80          -0.031512
181.00          -0.031871
181.20          -0.032242
181.40          -0.032625
181.60          -0.033019
181.80          -0.033427
182.00          -0.033849
182.20          -0.034285
182.40          -0.034736
182.60          -0.035203
182.80          -0.035686
183.00          -0.036186
183.20          -0.036705
183.40          -0.037243
183.60          -0.037802
183.80          -0.038381
184.00          -0.038983
184.20          -0.039609
184.40          -0.040260
184.60          -0.040937
184.80          -0.041643
185.00          -0.042378
185.20          -0.043144
185.40          -0.043944
185.60          -0.044779
185.80          -0.045651
186.00          -0.046563
186.20          -0.047518
186.40          -0.048518
186.60          -0.049566
186.80          -0.050666
187.00          -0.051821
187.20          -0.053034
187.40          -0.054311
187.60          -0.055655
187.80          -0.057071
188.00          -0.058565
188.20          -0.060143
188.40          -0.061812
188.60          -0.063577
188.80          -0.065448
189.00          -0.067433
189.20          -0.069541
189.40          -0.071783
189.60          -0.074170
189.80          -0.076715
190.00          -0.079433
190.20          -0.082339
190.40          -0.085450
190.60          -0.088787
190.80          -0.092371
191.00          -0.096227
191.20          -0.10038
191.40          -0.10487
191.60          -0.10972
191.80          -0.11497
192.00          -0.12067
192.20          -0.12686
192.40          -0.13361
192.60          -0.14097
192.80          -0.14901
193.00          -0.15782
193.20          -0.16748
193.40          -0.17809
193.60          -0.18975
193.80          -0.20260
194.00          -0.21676
194.20          -0.23236
194.40          -0.24956
194.60          -0.26849
194.80          -0.28929
195.00          -0.31207
195.20          -0.33687
195.40          -0.36369
195.60          -0.39238
195.80          -0.42263
196.00          -0.45390
196.20          -0.48537
196.40          -0.51590
196.60          -0.54405
196.80          -0.56812
197.00          -0.58638
197.20          -0.59724
197.40          -0.59962
197.60          -0.59308
197.80          -0.57801
198.00          -0.55552
198.20          -0.52723
198.40          -0.49498
198.60          -0.46057
198.80          -0.42557
199.00          -0.39120
199.20          -0.35833
199.40          -0.32750
199.60          -0.29902
199.80          -0.27297
200.00          -0.24934
200.20          -0.22802
200.40          -0.20884
200.60          -0.19163
200.80          -0.17620
201.00          -0.16238
201.20          -0.14998
201.40          -0.13885
201.60          -0.12886
201.80          -0.11986
202.00          -0.11176
202.20          -0.10444
202.40          -0.097821
202.60          -0.091825
202.80          -0.086382
203.00          -0.081432
203.20          -0.076922
203.40          -0.072806
203.60          -0.069043
203.80          -0.065597
204.00          -0.062437
204.20          -0.059536
204.40          -0.056867
204.60          -0.054412
204.80          -0.052153
205.00          -0.050074
205.20          -0.048169
205.40          -0.046439
205.60          -0.044913
205.80          -0.043725
206.00          -0.043799
206.20          -0.13302
206.40          -0.040222
206.60          -0.037632
206.80          -0.036373
207.00          -0.035311
207.20          -0.034339
207.40          -0.033433
207.60          -0.032584
207.80          -0.031787
208.00          -0.031037
208.20          -0.030331
208.40          -0.029665
208.60          -0.029038
208.80          -0.028447
209.00          -0.027888
209.20          -0.027361
209.40          -0.026862
209.60          -0.026391
209.80          -0.025945
210.00          -0.025522
210.20          -0.025123
210.40          -0.024744
210.60          -0.024385
210.80          -0.024045
211.00          -0.023722
211.20          -0.023415
211.40          -0.023125
211.60          -0.022848
211.80          -0.022586
212.00          -0.022337
212.20          -0.022100
212.40          -0.021875
212.60          -0.021662
212.80          -0.021458
213.00          -0.021265
213.20          -0.021081
213.40          -0.020906
213.60          -0.020740
213.80          -0.020582
214.00          -0.020431
214.20          -0.020288
214.40          -0.020152
214.60          -0.020023
214.80          -0.019900
215.00          -0.019783
215.20          -0.019672
215.40          -0.019566
215.60          -0.019466
215.80          -0.019371
216.00          -0.019280
216.20          -0.019195
216.40          -0.019113
216.60          -0.019036
216.80          -0.018964
217.00          -0.018895
217.20          -0.018829
217.40          -0.018768
217.60          -0.018710
217.80          -0.018655
218.00          -0.018603
218.20          -0.018555
218.40          -0.018510
218.60          -0.018467
218.80          -0.018427
219.00          -0.018390
219.20          -0.018356
219.40          -0.018324
219.60          -0.018294
219.80          -0.018267
220.00          -0.018242
220.20          -0.018220
220.40          -0.018199
220.60          -0.018181
220.80          -0.018164
221.00          -0.018150
221.20          -0.018137
221.40          -0.018127
221.60          -0.018118
221.80          -0.018111
222.00          -0.018106
222.20          -0.018102
222.40          -0.018100
222.60          -0.018100
222.80          -0.018101
223.00          -0.018104
223.20          -0.018109
223.40          -0.018115
223.60          -0.018122
223.80          -0.018132
224.00          -0.018142
224.20          -0.018154
224.40          -0.018168
224.60          -0.018183
224.80          -0.018199
225.00          -0.018217
