175.00          -0.15353
175.20          -0.15926
175.40          -0.16549
175.60          -0.17227
175.80          -0.17969
176.00          -0.18781
176.20          -0.19674
176.40          -0.20658
176.60          -0.21745
176.80          -0.22952
177.00          -0.24296
177.20          -0.25796
177.40          -0.27478
177.60          -0.29369
177.80          -0.31504
178.00          -0.33920
178.20          -0.36662
178.40          -0.39783
178.60          -0.43339
178.80          -0.47392
179.00          -0.52003
179.20          -0.57226
179.40          -0.63091
179.60          -0.69585
179.80          -0.76612
180.00          -0.83950
180.20          -0.91207
180.40          -0.97792
180.60          -1.0295
180.80          -1.0592
181.00          -1.0610
181.20          -1.0333
181.40          -0.97951
181.60          -0.90663
181.80          -0.82331
182.00          -0.73734
182.20          -0.65447
182.40          -0.57815
182.60          -0.50999
182.80          -0.45032
183.00          -0.39873
183.20          -0.35445
183.40          -0.31657
183.60          -0.28422
183.80          -0.25656
184.00          -0.23288
184.20          -0.21254
184.40          -0.19504
184.60          -0.17993
184.80          -0.16684
185.00          -0.15546
185.20          -0.14555
185.40          -0.13689
185.60          -0.12930
185.80          -0.12263
186.00          -0.11677
186.20          -0.11161
186.40          -0.10706
186.60          -0.10304
186.80          -0.099508
187.00          -0.096396
187.20          -0.093666
187.40          -0.091284
187.60          -0.089222
187.80          -0.087458
188.00          -0.085978
188.20          -0.084776
188.40          -0.083852
188.60          -0.083218
188.80          -0.082900
189.00          -0.082944
189.20          -0.083427
189.40          -0.084479
189.60          -0.086322
189.80          -0.089353
190.00          -0.094351
190.20          -0.10300
190.40          -0.11968
190.60          -0.15913
190.80          -0.30548
191.00          -2.6247
191.20          -0.34492
191.40          -0.090777
191.60          -0.061697
191.80          -0.055092
192.00          -0.053327
192.20          -0.052980
192.40          -0.053110
192.60          -0.053403
192.80          -0.053744
193.00          -0.054088
193.20          -0.054420
193.40          -0.054733
193.60          -0.055028
193.80          -0.055307
194.00          -0.055571
194.20          -0.055824
194.40          -0.056067
194.60          -0.056302
194.80          -0.056530
195.00          -0.056754
195.20          -0.056974
195.40          -0.057191
195.60          -0.057407
195.80          -0.057621
196.00          -0.057834
196.20          -0.058047
196.40          -0.058260
196.60          -0.058474
196.80          -0.058688
197.00          -0.058903
197.20          -0.059119
197.40          -0.059336
197.60          -0.059555
197.80          -0.059774
198.00          -0.059996
198.20          -0.060219
198.40          -0.060443
198.60          -0.060669
198.80          -0.060897
199.00          -0.061126
199.20          -0.061357
199.40          -0.061589
199.60          -0.061823
199.80          -0.062059
200.00          -0.062296
200.20          -0.062535
200.40          -0.062776
200.60          -0.063018
200.80          -0.063262
201.00          -0.063508
201.20          -0.063755
201.40          -0.064004
201.60          -0.064254
201.80          -0.064506
202.00          -0.064760
202.20          -0.065015
202.40          -0.065272
202.60          -0.065530
202.80          -0.065790
203.00          -0.066052
203.20          -0.066315
203.40          -0.066580
203.60          -0.066847
203.80          -0.067115
204.00          -0.067385
204.20          -0.067657
204.40          -0.067930
204.60          -0.068205
204.80          -0.068482
205.00          -0.068761
205.20          -0.069041
205.40          -0.069323
205.60          -0.069607
205.80          -0.069893
206.00          -0.070181
206.20          -0.070471
206.40          -0.070763
206.60          -0.071057
206.80          -0.071353
207.00          -0.071652
207.20          -0.071952
207.40          -0.072255
207.60          -0.072561
207.80          -0.072869
208.00          -0.073179
208.20          -0.073492
208.40          -0.073808
208.60          -0.074126
208.80          -0.074448
209.00          -0.074773
209.20          -0.075101
209.40          -0.075432
209.60          -0.075767
209.80          -0.076106
210.00          -0.076449
210.20          -0.076796
210.40          -0.077148
210.60          -0.077504
210.80          -0.077866
211.00          -0.078233
211.20          -0.078606
211.40          -0.078986
211.60          -0.079373
211.80          -0.079768
212.00          -0.080172
212.20          -0.080587
212.40          -0.081015
212.60          -0.081459
212.80          -0.081925
213.00          -0.082421
213.20          -0.082968
213.40          -0.083611
213.60          -0.084492
213.80          -0.086246
214.00          -0.096337
214.20          -0.13409
214.40          -0.088175
214.60          -0.086817
214.80          -0.086962
215.00          -0.087412
215.20          -0.087977
215.40          -0.088613
215.60          -0.089305
215.80          -0.090052
216.00          -0.090859
216.20          -0.091735
216.40          -0.092691
216.60          -0.093742
216.80          -0.094910
217.00          -0.096222
217.20          -0.097717
217.40          -0.099447
217.60          -0.10149
217.80          -0.10394
218.00          -0.10699
218.20          -0.11088
218.40          -0.11606
218.60          -0.12331
218.80          -0.13412
219.00          -0.15148
219.20          -0.18061
219.40          -0.21650
219.60          -0.17325
219.80          -0.090400
220.00          -0.066841
220.20          -0.064105
220.40          -0.065831
220.60          -0.068311
220.80          -0.070702
221.00          -0.072833
221.20          -0.074700
221.40          -0.076340
221.60          -0.077791
221.80          -0.079088
222.00          -0.080260
222.20          -0.081329
222.40          -0.082312
222.60          -0.083224
222.80          -0.084077
223.00          -0.084879
223.20          -0.085639
223.40          -0.086362
223.60          -0.087054
223.80          -0.087718
224.00          -0.088360
224.20          -0.088980
224.40          -0.089583
224.60          -0.090170
224.80          -0.090744
225.00          -0.091305
