175.00          -0.038503
175.20          -0.038642
175.40          -0.038783
175.60          -0.038925
175.80          -0.039068
176.00          -0.039212
176.20          -0.039357
176.40          -0.039504
176.60          -0.039651
176.80          -0.039801
177.00          -0.039951
177.20          -0.040103
177.40          -0.040256
177.60          -0.040411
177.80          -0.040567
178.00          -0.040724
178.20          -0.040883
178.40          -0.041043
178.60          -0.041205
178.80          -0.041369
179.00          -0.041534
179.20          -0.041700
179.40          -0.041869
179.60          -0.042039
179.80          -0.042210
180.00          -0.042384
180.20          -0.042559
180.40          -0.042735
180.60          -0.042914
180.80          -0.043095
181.00          -0.043277
181.20          -0.043462
181.40          -0.043648
181.60          -0.043837
181.80          -0.044027
182.00          -0.044220
182.20          -0.044414
182.40          -0.044611
182.60          -0.044811
182.80          -0.045012
183.00          -0.045216
183.20          -0.045422
183.40          -0.045631
183.60          -0.045842
183.80          -0.046056
184.00          -0.046272
184.20          -0.046491
184.40          -0.046713
184.60          -0.046937
184.80          -0.047165
185.00          -0.047395
185.20          -0.047628
185.40          -0.047864
185.60          -0.048104
185.80          -0.048347
186.00          -0.048593
186.20          -0.048842
186.40          -0.049095
186.60          -0.049351
186.80          -0.049611
187.00          -0.049875
187.20          -0.050143
187.40          -0.050414
187.60          -0.050690
187.80          -0.050969
188.00          -0.051253
188.20          -0.051541
188.40          -0.051834
188.60          -0.052132
188.80          -0.052434
189.00          -0.052741
189.20          -0.053053
189.40          -0.053370
189.60          -0.053692
189.80          -0.054020
190.00          -0.054354
190.20          -0.054693
190.40          -0.055038
190.60          -0.055390
190.80          -0.055747
191.00          -0.056112
191.20          -0.056482
191.40          -0.056860
191.60          -0.057245
191.80          -0.057638
192.00          -0.058038
192.20          -0.058446
192.40          -0.058862
192.60          -0.059286
192.80          -0.059719
193.00          -0.060162
193.20          -0.060613
193.40          -0.061074
193.60          -0.061545
193.80          -0.062026
194.00          -0.062519
194.20          -0.063022
194.40          -0.063536
194.60          -0.064063
194.80          -0.064602
195.00          -0.065154
195.20          -0.065719
195.40          -0.066298
195.60          -0.066891
195.80          -0.067500
196.00          -0.068124
196.20          -0.068764
196.40          -0.069421
196.60          -0.070096
196.80          -0.070789
197.00          -0.071501
197.20          -0.072233
197.40          -0.072986
197.60          -0.073761
197.80          -0.074559
198.00          -0.075380
198.20          -0.076227
198.40          -0.077099
198.60          -0.077999
198.80          -0.078927
199.00          -0.079885
199.20          -0.080875
199.40          -0.081898
199.60          -0.082955
199.80          -0.084050
200.00          -0.085182
200.20          -0.086355
200.40          -0.087571
200.60          -0.088831
200.80          -0.090139
201.00          -0.091497
201.20          -0.092908
201.40          -0.094375
201.60          -0.095901
201.80          -0.097490
202.00          -0.099145
202.20          -0.10087
202.40          -0.10267
202.60          -0.10455
202.80          -0.10652
203.00          -0.10857
203.20          -0.11072
203.40          -0.11298
203.60          -0.11534
203.80          -0.11783
204.00          -0.12043
204.20          -0.12317
204.40          -0.12606
204.60          -0.12910
204.80          -0.13231
205.00          -0.13570
205.20          -0.13928
205.40          -0.14307
205.60          -0.14708
205.80          -0.15134
206.00          -0.15587
206.20          -0.16068
206.40          -0.16580
206.60          -0.17126
206.80          -0.17709
207.00          -0.18332
207.20          -0.18998
207.40          -0.19712
207.60          -0.20479
207.80          -0.21302
208.00          -0.22188
208.20          -0.23143
208.40          -0.24172
208.60          -0.25283
208.80          -0.26484
209.00          -0.27784
209.20          -0.29190
209.40          -0.30713
209.60          -0.32363
209.80          -0.34150
210.00          -0.36083
210.20          -0.38173
210.40          -0.40427
210.60          -0.42851
210.80          -0.45446
211.00          -0.48209
211.20          -0.51128
211.40          -0.54180
211.60          -0.57330
211.80          -0.60525
212.00          -0.63692
212.20          -0.66740
212.40          -0.69557
212.60          -0.72018
212.80          -0.73991
213.00          -0.75353
213.20          -0.76002
213.40          -0.75874
213.60          -0.74955
213.80          -0.73281
214.00          -0.70936
214.20          -0.68041
214.40          -0.64735
214.60          -0.61163
214.80          -0.57457
215.00          -0.53733
215.20          -0.50083
215.40          -0.46573
215.60          -0.43251
215.80          -0.40144
216.00          -0.37264
216.20          -0.34616
216.40          -0.32193
216.60          -0.29986
216.80          -0.27982
217.00          -0.26167
217.20          -0.24526
217.40          -0.23045
217.60          -0.21710
217.80          -0.20508
218.00          -0.19427
218.20          -0.18457
218.40          -0.17589
218.60          -0.16815
218.80          -0.16129
219.00          -0.15526
219.20          -0.15002
219.40          -0.14556
219.60          -0.14188
219.80          -0.13902
220.00          -0.13707
220.20          -0.13615
220.40          -0.13651
220.60          -0.13855
220.80          -0.14298
221.00          -0.15111
221.20          -0.16557
221.40          -0.19225
221.60          -0.24688
221.80          -0.38329
222.00          -0.86568
222.20          -1.9811
222.40          -0.55321
222.60          -0.19633
222.80          -0.11286
223.00          -0.084264
223.20          -0.071891
223.40          -0.065640
223.60          -0.062097
223.80          -0.059892
224.00          -0.058408
224.20          -0.057339
224.40          -0.056524
224.60          -0.055871
224.80          -0.055330
225.00          -0.054866
