175.00          -0.15441
175.20          -0.15884
175.40          -0.16349
175.60          -0.16835
175.80          -0.17344
176.00          -0.17875
176.20          -0.18428
176.40          -0.19005
176.60          -0.19604
176.80          -0.20225
177.00          -0.20866
177.20          -0.21527
177.40          -0.22204
177.60          -0.22895
177.80          -0.23596
178.00          -0.24303
178.20          -0.25010
178.40          -0.25710
178.60          -0.26396
178.80          -0.27060
179.00          -0.27691
179.20          -0.28279
179.40          -0.28815
179.60          -0.29286
179.80          -0.29683
180.00          -0.29995
180.20          -0.30213
180.40          -0.30332
180.60          -0.30345
180.80          -0.30249
181.00          -0.30046
181.20          -0.29737
181.40          -0.29328
181.60          -0.28826
181.80          -0.28241
182.00          -0.27583
182.20          -0.26865
182.40          -0.26098
182.60          -0.25294
182.80          -0.24464
183.00          -0.23621
183.20          -0.22772
183.40          -0.21927
183.60          -0.21093
183.80          -0.20276
184.00          -0.19480
184.20          -0.18710
184.40          -0.17968
184.60          -0.17256
184.80          -0.16576
185.00          -0.15927
185.20          -0.15310
185.40          -0.14725
185.60          -0.14172
185.80          -0.13648
186.00          -0.13153
186.20          -0.12687
186.40          -0.12247
186.60          -0.11833
186.80          -0.11442
187.00          -0.11075
187.20          -0.10729
187.40          -0.10404
187.60          -0.10097
187.80          -0.098090
188.00          -0.095375
188.20          -0.092819
188.40          -0.090411
188.60          -0.088142
188.80          -0.086005
189.00          -0.083989
189.20          -0.082088
189.40          -0.080295
189.60          -0.078602
189.80          -0.077003
190.00          -0.075493
190.20          -0.074066
190.40          -0.072717
190.60          -0.071441
190.80          -0.070233
191.00          -0.069090
191.20          -0.068007
191.40          -0.066982
191.60          -0.066009
191.80          -0.065087
192.00          -0.064213
192.20          -0.063383
192.40          -0.062595
192.60          -0.061847
192.80          -0.061136
193.00          -0.060460
193.20          -0.059818
193.40          -0.059208
193.60          -0.058627
193.80          -0.058074
194.00          -0.057548
194.20          -0.057048
194.40          -0.056571
194.60          -0.056117
194.80          -0.055684
195.00          -0.055272
195.20          -0.054879
195.40          -0.054505
195.60          -0.054148
195.80          -0.053808
196.00          -0.053483
196.20          -0.053174
196.40          -0.052879
196.60          -0.052598
196.80          -0.052330
197.00          -0.052074
197.20          -0.051831
197.40          -0.051599
197.60          -0.051378
197.80          -0.051167
198.00          -0.050966
198.20          -0.050775
198.40          -0.050594
198.60          -0.050421
198.80          -0.050257
199.00          -0.050101
199.20          -0.049954
199.40          -0.049814
199.60          -0.049682
199.80          -0.049557
200.00          -0.049440
200.20          -0.049330
200.40          -0.049227
200.60          -0.049130
200.80          -0.049041
201.00          -0.048959
201.20          -0.048884
201.40          -0.048816
201.60          -0.048755
201.80          -0.048702
202.00          -0.048658
202.20          -0.048621
202.40          -0.048594
202.60          -0.048578
202.80          -0.048572
203.00          -0.048580
203.20          -0.048603
203.40          -0.048644
203.60          -0.048706
203.80          -0.048796
204.00          -0.048920
204.20          -0.049091
204.40          -0.049325
204.60          -0.049650
204.80          -0.050112
205.00          -0.050797
205.20          -0.051870
205.40          -0.053713
205.60          -0.057366
205.80          -0.066763
206.00          -0.11075
206.20          -5.5179
206.40          -0.084688
206.60          -0.052339
206.80          -0.047485
207.00          -0.046150
207.20          -0.045692
207.40          -0.045526
207.60          -0.045474
207.80          -0.045470
208.00          -0.045486
208.20          -0.045511
208.40          -0.045540
208.60          -0.045568
208.80          -0.045596
209.00          -0.045622
209.20          -0.045646
209.40          -0.045669
209.60          -0.045690
209.80          -0.045710
210.00          -0.045729
210.20          -0.045747
210.40          -0.045763
210.60          -0.045779
210.80          -0.045794
211.00          -0.045809
211.20          -0.045823
211.40          -0.045837
211.60          -0.045850
211.80          -0.045863
212.00          -0.045876
212.20          -0.045888
212.40          -0.045901
212.60          -0.045913
212.80          -0.045925
213.00          -0.045937
213.20          -0.045949
213.40          -0.045962
213.60          -0.045974
213.80          -0.045986
214.00          -0.045998
214.20          -0.046010
214.40          -0.046022
214.60          -0.046034
214.80          -0.046047
215.00          -0.046059
215.20          -0.046072
215.40          -0.046084
215.60          -0.046097
215.80          -0.046109
216.00          -0.046122
216.20          -0.046135
216.40          -0.046148
216.60          -0.046161
216.80          -0.046174
217.00          -0.046187
217.20          -0.046200
217.40          -0.046213
217.60          -0.046226
217.80          -0.046240
218.00          -0.046253
218.20          -0.046267
218.40          -0.046280
218.60          -0.046294
218.80          -0.046308
219.00          -0.046322
219.20          -0.046336
219.40          -0.046349
219.60          -0.046364
219.80          -0.046378
220.00          -0.046392
220.20          -0.046406
220.40          -0.046420
220.60          -0.046435
220.80          -0.046449
221.00          -0.046464
221.20          -0.046479
221.40          -0.046494
221.60          -0.046509
221.80          -0.046524
222.00          -0.046540
222.20          -0.046555
222.40          -0.046571
222.60          -0.046588
222.80          -0.046604
223.00          -0.046621
223.20          -0.046639
223.40          -0.046657
223.60          -0.046676
223.80          -0.046695
224.00          -0.046716
224.20          -0.046738
224.40          -0.046761
224.60          -0.046786
224.80          -0.046813
225.00          -0.046843
