175.00          -0.026931
175.20          -0.027009
175.40          -0.027088
175.60          -0.027168
175.80          -0.027247
176.00          -0.027328
176.20          -0.027409
176.40          -0.027490
176.60          -0.027572
176.80          -0.027654
177.00          -0.027737
177.20          -0.027820
177.40          -0.027904
177.60          -0.027988
177.80          -0.028073
178.00          -0.028159
178.20          -0.028245
178.40          -0.028331
178.60          -0.028418
178.80          -0.028506
179.00          -0.028594
179.20          -0.028683
179.40          -0.028772
179.60          -0.028862
179.80          -0.028952
180.00          -0.029043
180.20          -0.029135
180.40          -0.029227
180.60          -0.029320
180.80          -0.029413
181.00          -0.029508
181.20          -0.029602
181.40          -0.029698
181.60          -0.029794
181.80          -0.029891
182.00          -0.029988
182.20          -0.030086
182.40          -0.030185
182.60          -0.030284
182.80          -0.030384
183.00          -0.030485
183.20          -0.030586
183.40          -0.030689
183.60          -0.030792
183.80          -0.030895
184.00          -0.031000
184.20          -0.031105
184.40          -0.031211
184.60          -0.031318
184.80          -0.031425
185.00          -0.031534
185.20          -0.031643
185.40          -0.031753
185.60          -0.031864
185.80          -0.031975
186.00          -0.032088
186.20          -0.032201
186.40          -0.032315
186.60          -0.032430
186.80          -0.032546
187.00          -0.032663
187.20          -0.032781
187.40          -0.032900
187.60          -0.033019
187.80          -0.033140
188.00          -0.033261
188.20          -0.033384
188.40          -0.033507
188.60          -0.033632
188.80          -0.033758
189.00          -0.033884
189.20          -0.034012
189.40          -0.034141
189.60          -0.034270
189.80          -0.034401
190.00          -0.034533
190.20          -0.034666
190.40          -0.034801
190.60          -0.034936
190.80          -0.035073
191.00          -0.035210
191.20          -0.035349
191.40          -0.035490
191.60          -0.035631
191.80          -0.035774
192.00          -0.035918
192.20          -0.036063
192.40          -0.036210
192.60          -0.036358
192.80          -0.036507
193.00          -0.036658
193.20          -0.036810
193.40          -0.036963
193.60          -0.037118
193.80          -0.037275
194.00          -0.037432
194.20          -0.037592
194.40          -0.037753
194.60          -0.037915
194.80          -0.038080
195.00          -0.038245
195.20          -0.038413
195.40          -0.038582
195.60          -0.038753
195.80          -0.038925
196.00          -0.039099
196.20          -0.039275
196.40          -0.039453
196.60          -0.039633
196.80          -0.039814
197.00          -0.039998
197.20          -0.040183
197.40          -0.040371
197.60          -0.040560
197.80          -0.040751
198.00          -0.040945
198.20          -0.041140
198.40          -0.041338
198.60          -0.041538
198.80          -0.041740
199.00          -0.041945
199.20          -0.042151
199.40          -0.042360
199.60          -0.042572
199.80          -0.042786
200.00          -0.043002
200.20          -0.043221
200.40          -0.043443
200.60          -0.043667
200.80          -0.043893
201.00          -0.044123
201.20          -0.044355
201.40          -0.044590
201.60          -0.044828
201.80          -0.045069
202.00          -0.045313
202.20          -0.045560
202.40          -0.045810
202.60          -0.046063
202.80          -0.046320
203.00          -0.046580
203.20          -0.046843
203.40          -0.047109
203.60          -0.047380
203.80          -0.047653
204.00          -0.047931
204.20          -0.048212
204.40          -0.048496
204.60          -0.048785
204.80          -0.049078
205.00          -0.049375
205.20          -0.049676
205.40          -0.049981
205.60          -0.050290
205.80          -0.050604
206.00          -0.050922
206.20          -0.051245
206.40          -0.051573
206.60          -0.051905
206.80          -0.052243
207.00          -0.052585
207.20          -0.052933
207.40          -0.053286
207.60          -0.053644
207.80          -0.054007
208.00          -0.054377
208.20          -0.054752
208.40          -0.055132
208.60          -0.055519
208.80          -0.055912
209.00          -0.056312
209.20          -0.056718
209.40          -0.057130
209.60          -0.057549
209.80          -0.057975
210.00          -0.058408
210.20          -0.058849
210.40          -0.059297
210.60          -0.059752
210.80          -0.060216
211.00          -0.060687
211.20          -0.061167
211.40          -0.061655
211.60          -0.062151
211.80          -0.062656
212.00          -0.063171
212.20          -0.063695
212.40          -0.064228
212.60          -0.064771
212.80          -0.065324
213.00          -0.065888
213.20          -0.066462
213.40          -0.067046
213.60          -0.067642
213.80          -0.068250
214.00          -0.068869
214.20          -0.069500
214.40          -0.070144
214.60          -0.070800
214.80          -0.071469
215.00          -0.072152
215.20          -0.072848
215.40          -0.073559
215.60          -0.074284
215.80          -0.075024
216.00          -0.075779
216.20          -0.076551
216.40          -0.077338
216.60          -0.078142
216.80          -0.078964
217.00          -0.079802
217.20          -0.080659
217.40          -0.081535
217.60          -0.082430
217.80          -0.083344
218.00          -0.084279
218.20          -0.085235
218.40          -0.086212
218.60          -0.087211
218.80          -0.088233
219.00          -0.089279
219.20          -0.090348
219.40          -0.091442
219.60          -0.092561
219.80          -0.093707
220.00          -0.094880
220.20          -0.096080
220.40          -0.097308
220.60          -0.098566
220.80          -0.099854
221.00          -0.10117
221.20          -0.10252
221.40          -0.10391
221.60          -0.10532
221.80          -0.10678
222.00          -0.10826
222.20          -0.10978
222.40          -0.11135
222.60          -0.11294
222.80          -0.11458
223.00          -0.11626
223.20          -0.11798
223.40          -0.11974
223.60          -0.12155
223.80          -0.12339
224.00          -0.12529
224.20          -0.12723
224.40          -0.12922
224.60          -0.13125
224.80          -0.13334
225.00          -0.13547
