175.00          -0.076419
175.20          -0.078236
175.40          -0.080178
175.60          -0.082258
175.80          -0.084491
176.00          -0.086893
176.20          -0.089484
176.40          -0.092284
176.60          -0.095318
176.80          -0.098616
177.00          -0.10221
177.20          -0.10614
177.40          -0.11045
177.60          -0.11519
177.80          -0.12043
178.00          -0.12624
178.20          -0.13271
178.40          -0.13994
178.60          -0.14806
178.80          -0.15724
179.00          -0.16765
179.20          -0.17954
179.40          -0.19319
179.60          -0.20897
179.80          -0.22734
180.00          -0.24889
180.20          -0.27434
180.40          -0.30466
180.60          -0.34106
180.80          -0.38510
181.00          -0.43876
181.20          -0.50448
181.40          -0.58512
181.60          -0.68362
181.80          -0.80205
182.00          -0.93949
182.20          -1.0882
182.40          -1.2288
182.60          -1.3296
182.80          -1.3572
183.00          -1.2982
183.20          -1.1702
183.40          -1.0093
183.60          -0.84784
183.80          -0.70393
184.00          -0.58368
184.20          -0.48642
184.40          -0.40889
184.60          -0.34731
184.80          -0.29831
185.00          -0.25911
185.20          -0.22756
185.40          -0.20201
185.60          -0.18119
185.80          -0.16416
186.00          -0.15019
186.20          -0.13875
186.40          -0.12945
186.60          -0.12204
186.80          -0.11637
187.00          -0.11246
187.20          -0.11053
187.40          -0.11123
187.60          -0.11610
187.80          -0.12929
188.00          -0.16453
188.20          -0.29332
188.40          -1.6048
188.60          -0.55221
188.80          -0.12324
189.00          -0.072814
189.20          -0.059139
189.40          -0.053712
189.60          -0.050973
189.80          -0.049327
190.00          -0.048200
190.20          -0.047355
190.40          -0.046679
190.60          -0.046116
190.80          -0.045635
191.00          -0.045217
191.20          -0.044850
191.40          -0.044526
191.60          -0.044239
191.80          -0.043985
192.00          -0.043761
192.20          -0.043563
192.40          -0.043390
192.60          -0.043239
192.80          -0.043108
193.00          -0.042996
193.20          -0.042902
193.40          -0.042823
193.60          -0.042759
193.80          -0.042709
194.00          -0.042671
194.20          -0.042646
194.40          -0.042632
194.60          -0.042627
194.80          -0.042633
195.00          -0.042647
195.20          -0.042670
195.40          -0.042701
195.60          -0.042739
195.80          -0.042784
196.00          -0.042836
196.20          -0.042894
196.40          -0.042957
196.60          -0.043026
196.80          -0.043100
197.00          -0.043179
197.20          -0.043263
197.40          -0.043351
197.60          -0.043443
197.80          -0.043539
198.00          -0.043638
198.20          -0.043741
198.40          -0.043848
198.60          -0.043958
198.80          -0.044070
199.00          -0.044186
199.20          -0.044305
199.40          -0.044426
199.60          -0.044550
199.80          -0.044676
200.00          -0.044805
200.20          -0.044936
200.40          -0.045069
200.60          -0.045205
200.80          -0.045342
201.00          -0.045482
201.20          -0.045624
201.40          -0.045767
201.60          -0.045913
201.80          -0.046060
202.00          -0.046210
202.20          -0.046361
202.40          -0.046514
202.60          -0.046668
202.80          -0.046825
203.00          -0.046983
203.20          -0.047143
203.40          -0.047305
203.60          -0.047468
203.80          -0.047633
204.00          -0.047800
204.20          -0.047968
204.40          -0.048139
204.60          -0.048311
204.80          -0.048485
205.00          -0.048661
205.20          -0.048838
205.40          -0.049018
205.60          -0.049199
205.80          -0.049383
206.00          -0.049569
206.20          -0.049756
206.40          -0.049946
206.60          -0.050139
206.80          -0.050333
207.00          -0.050530
207.20          -0.050730
207.40          -0.050932
207.60          -0.051138
207.80          -0.051346
208.00          -0.051558
208.20          -0.051773
208.40          -0.051991
208.60          -0.052214
208.80          -0.052441
209.00          -0.052672
209.20          -0.052909
209.40          -0.053151
209.60          -0.053400
209.80          -0.053656
210.00          -0.053922
210.20          -0.054198
210.40          -0.054488
210.60          -0.054797
210.80          -0.055136
211.00          -0.055527
211.20          -0.056028
211.40          -0.056847
211.60          -0.059288
211.80          -0.12704
212.00          -0.063053
212.20          -0.058216
212.40          -0.057909
212.60          -0.058109
212.80          -0.058456
213.00          -0.058876
213.20          -0.059351
213.40          -0.059876
213.60          -0.060457
213.80          -0.061102
214.00          -0.061823
214.20          -0.062639
214.40          -0.063576
214.60          -0.064668
214.80          -0.065966
215.00          -0.067546
215.20          -0.069527
215.40          -0.072096
215.60          -0.075583
215.80          -0.080595
216.00          -0.088380
216.20          -0.10183
216.40          -0.12885
216.60          -0.19271
216.80          -0.27701
217.00          -0.13884
217.20          -0.069744
217.40          -0.054023
217.60          -0.050221
217.80          -0.049558
218.00          -0.049857
218.20          -0.050461
218.40          -0.051148
218.60          -0.051834
218.80          -0.052492
219.00          -0.053112
219.20          -0.053694
219.40          -0.054240
219.60          -0.054753
219.80          -0.055239
220.00          -0.055699
220.20          -0.056138
220.40          -0.056557
220.60          -0.056961
220.80          -0.057349
221.00          -0.057726
221.20          -0.058091
221.40          -0.058446
221.60          -0.058793
221.80          -0.059132
222.00          -0.059465
222.20          -0.059792
222.40          -0.060114
222.60          -0.060431
222.80          -0.060745
223.00          -0.061055
223.20          -0.061362
223.40          -0.061667
223.60          -0.061970
223.80          -0.062271
224.00          -0.062570
224.20          -0.062868
224.40          -0.063165
224.60          -0.063462
224.80          -0.063758
225.00          -0.064054
