175.00          -0.010790
175.20          -0.010795
175.40          -0.010799
175.60          -0.010803
175.80          -0.010808
176.00          -0.010812
176.20          -0.010817
176.40          -0.010821
176.60          -0.010825
176.80          -0.010830
177.00          -0.010834
177.20          -0.010838
177.40          -0.010843
177.60          -0.010847
177.80          -0.010852
178.00          -0.010856
178.20          -0.010861
178.40          -0.010865
178.60          -0.010869
178.80          -0.010874
179.00          -0.010878
179.20          -0.010883
179.40          -0.010887
179.60          -0.010892
179.80          -0.010896
180.00          -0.010901
180.20          -0.010905
180.40          -0.010910
180.60          -0.010915
180.80          -0.010919
181.00          -0.010924
181.20          -0.010928
181.40          -0.010933
181.60          -0.010937
181.80          -0.010942
182.00          -0.010947
182.20          -0.010951
182.40          -0.010956
182.60          -0.010961
182.80          -0.010965
183.00          -0.010970
183.20          -0.010975
183.40          -0.010979
183.60          -0.010984
183.80          -0.010989
184.00          -0.010993
184.20          -0.010998
184.40          -0.011003
184.60          -0.011008
184.80          -0.011012
185.00          -0.011017
185.20          -0.011022
185.40          -0.011027
185.60          -0.011032
185.80          -0.011037
186.00          -0.011041
186.20          -0.011046
186.40          -0.011051
186.60          -0.011056
186.80          -0.011061
187.00          -0.011066
187.20          -0.011071
187.40          -0.011076
187.60          -0.011081
187.80          -0.011086
188.00          -0.011091
188.20          -0.011096
188.40          -0.011101
188.60          -0.011106
188.80          -0.011111
189.00          -0.011116
189.20          -0.011121
189.40          -0.011126
189.60          -0.011131
189.80          -0.011136
190.00          -0.011141
190.20          -0.011146
190.40          -0.011152
190.60          -0.011157
190.80          -0.011162
191.00          -0.011167
191.20          -0.011172
191.40          -0.011178
191.60          -0.011183
191.80          -0.011188
192.00          -0.011194
192.20          -0.011199
192.40          -0.011204
192.60          -0.011210
192.80          -0.011215
193.00          -0.011220
193.20          -0.011226
193.40          -0.011231
193.60          -0.011237
193.80          -0.011242
194.00          -0.011248
194.20          -0.011253
194.40          -0.011259
194.60          -0.011265
194.80          -0.011270
195.00          -0.011276
195.20          -0.011281
195.40          -0.011287
195.60          -0.011293
195.80          -0.011299
196.00          -0.011304
196.20          -0.011310
196.40          -0.011316
196.60          -0.011322
196.80          -0.011328
197.00          -0.011334
197.20          -0.011340
197.40          -0.011346
197.60          -0.011352
197.80          -0.011358
198.00          -0.011364
198.20          -0.011370
198.40          -0.011376
198.60          -0.011383
198.80          -0.011389
199.00          -0.011395
199.20          -0.011401
199.40          -0.011408
199.60          -0.011414
199.80          -0.011421
200.00          -0.011427
200.20          -0.011434
200.40          -0.011441
200.60          -0.011447
200.80          -0.011454
201.00          -0.011461
201.20          -0.011467
201.40          -0.011474
201.60          -0.011481
201.80          -0.011488
202.00          -0.011495
202.20          -0.011503
202.40          -0.011510
202.60          -0.011517
202.80          -0.011524
203.00          -0.011532
203.20          -0.011539
203.40          -0.011547
203.60          -0.011554
203.80          -0.011562
204.00          -0.011570
204.20          -0.011578
204.40          -0.011586
204.60          -0.011594
204.80          -0.011602
205.00          -0.011610
205.20          -0.011619
205.40          -0.011628
205.60          -0.011636
205.80          -0.011645
206.00          -0.011655
206.20          -0.011719
206.40          -0.011672
206.60          -0.011681
206.80          -0.011690
207.00          -0.011700
207.20          -0.011709
207.40          -0.011719
207.60          -0.011730
207.80          -0.011740
208.00          -0.011750
208.20          -0.011761
208.40          -0.011772
208.60          -0.011783
208.80          -0.011794
209.00          -0.011806
209.20          -0.011818
209.40          -0.011830
209.60          -0.011842
209.80          -0.011855
210.00          -0.011868
210.20          -0.011881
210.40          -0.011895
210.60          -0.011909
210.80          -0.011924
211.00          -0.011939
211.20          -0.011954
211.40          -0.011970
211.60          -0.011987
211.80          -0.012004
212.00          -0.012021
212.20          -0.012040
212.40          -0.012058
212.60          -0.012078
212.80          -0.012099
213.00          -0.012120
213.20          -0.012142
213.40          -0.012165
213.60          -0.012190
213.80          -0.012215
214.00          -0.012242
214.20          -0.012270
214.40          -0.012299
214.60          -0.012331
214.80          -0.012364
215.00          -0.012399
215.20          -0.012436
215.40          -0.012476
215.60          -0.012518
215.80          -0.012563
216.00          -0.012612
216.20          -0.012664
216.40          -0.012721
216.60          -0.012783
216.80          -0.012849
217.00          -0.012923
217.20          -0.013003
217.40          -0.013091
217.60          -0.013189
217.80          -0.013298
218.00          -0.013420
218.20          -0.013557
218.40          -0.013712
218.60          -0.013890
218.80          -0.014095
219.00          -0.014333
219.20          -0.014612
219.40          -0.014943
219.60          -0.015342
219.80          -0.015828
220.00          -0.016431
220.20          -0.017194
220.40          -0.018183
220.60          -0.019501
220.80          -0.021319
221.00          -0.023936
221.20          -0.027924
221.40          -0.034477
221.60          -0.046470
221.80          -0.072393
222.00          -0.14750
222.20          -0.57345
222.40          -9.4821
222.60          -0.35409
222.80          -0.10555
223.00          -0.053433
223.20          -0.034667
223.40          -0.025947
223.60          -0.021242
223.80          -0.018439
224.00          -0.016648
224.20          -0.015443
224.40          -0.014598
224.60          -0.013988
224.80          -0.013534
225.00          -0.013191
