175.00          -0.011165
175.20          -0.011171
175.40          -0.011176
175.60          -0.011182
175.80          -0.011187
176.00          -0.011193
176.20          -0.011198
176.40          -0.011204
176.60          -0.011209
176.80          -0.011215
177.00          -0.011221
177.20          -0.011226
177.40          -0.011232
177.60          -0.011238
177.80          -0.011243
178.00          -0.011249
178.20          -0.011255
178.40          -0.011260
178.60          -0.011266
178.80          -0.011272
179.00          -0.011278
179.20          -0.011283
179.40          -0.011289
179.60          -0.011295
179.80          -0.011301
180.00          -0.011307
180.20          -0.011312
180.40          -0.011318
180.60          -0.011324
180.80          -0.011330
181.00          -0.011336
181.20          -0.011342
181.40          -0.011348
181.60          -0.011354
181.80          -0.011360
182.00          -0.011366
182.20          -0.011372
182.40          -0.011378
182.60          -0.011384
182.80          -0.011390
183.00          -0.011396
183.20          -0.011402
183.40          -0.011408
183.60          -0.011415
183.80          -0.011421
184.00          -0.011427
184.20          -0.011433
184.40          -0.011440
184.60          -0.011446
184.80          -0.011452
185.00          -0.011458
185.20          -0.011465
185.40          -0.011471
185.60          -0.011477
185.80          -0.011484
186.00          -0.011490
186.20          -0.011497
186.40          -0.011503
186.60          -0.011510
186.80          -0.011516
187.00          -0.011523
187.20          -0.011529
187.40          -0.011536
187.60          -0.011543
187.80          -0.011549
188.00          -0.011556
188.20          -0.011563
188.40          -0.011570
188.60          -0.011576
188.80          -0.011583
189.00          -0.011590
189.20          -0.011597
189.40          -0.011604
189.60          -0.011611
189.80          -0.011618
190.00          -0.011625
190.20          -0.011632
190.40          -0.011639
190.60          -0.011646
190.80          -0.011653
191.00          -0.011660
191.20          -0.011668
191.40          -0.011675
191.60          -0.011682
191.80          -0.011689
192.00          -0.011697
192.20          -0.011704
192.40          -0.011712
192.60          -0.011719
192.80          -0.011727
193.00          -0.011734
193.20          -0.011742
193.40          -0.011750
193.60          -0.011758
193.80          -0.011765
194.00          -0.011773
194.20          -0.011781
194.40          -0.011789
194.60          -0.011797
194.80          -0.011805
195.00          -0.011813
195.20          -0.011822
195.40          -0.011830
195.60          -0.011838
195.80          -0.011846
196.00          -0.011855
196.20          -0.011863
196.40          -0.011872
196.60          -0.011881
196.80          -0.011889
197.00          -0.011898
197.20          -0.011907
197.40          -0.011916
197.60          -0.011925
197.80          -0.011934
198.00          -0.011943
198.20          -0.011953
198.40          -0.011962
198.60          -0.011972
198.80          -0.011981
199.00          -0.011991
199.20          -0.012001
199.40          -0.012011
199.60          -0.012021
199.80          -0.012031
200.00          -0.012041
200.20          -0.012051
200.40          -0.012062
200.60          -0.012072
200.80          -0.012083
201.00          -0.012094
201.20          -0.012105
201.40          -0.012116
201.60          -0.012127
201.80          -0.012139
202.00          -0.012151
202.20          -0.012162
202.40          -0.012174
202.60          -0.012187
202.80          -0.012199
203.00          -0.012212
203.20          -0.012224
203.40          -0.012237
203.60          -0.012251
203.80          -0.012264
204.00          -0.012278
204.20          -0.012292
204.40          -0.012306
204.60          -0.012320
204.80          -0.012335
205.00          -0.012350
205.20          -0.012366
205.40          -0.012382
205.60          -0.012398
205.80          -0.012415
206.00          -0.012434
206.20          -0.012570
206.40          -0.012466
206.60          -0.012483
206.80          -0.012502
207.00          -0.012521
207.20          -0.012540
207.40          -0.012560
207.60          -0.012581
207.80          -0.012603
208.00          -0.012624
208.20          -0.012647
208.40          -0.012671
208.60          -0.012695
208.80          -0.012720
209.00          -0.012745
209.20          -0.012772
209.40          -0.012800
209.60          -0.012829
209.80          -0.012859
210.00          -0.012890
210.20          -0.012922
210.40          -0.012956
210.60          -0.012991
210.80          -0.013028
211.00          -0.013067
211.20          -0.013108
211.40          -0.013150
211.60          -0.013195
211.80          -0.013242
212.00          -0.013292
212.20          -0.013345
212.40          -0.013400
212.60          -0.013460
212.80          -0.013523
213.00          -0.013590
213.20          -0.013662
213.40          -0.013739
213.60          -0.013821
213.80          -0.013910
214.00          -0.014006
214.20          -0.014110
214.40          -0.014223
214.60          -0.014347
214.80          -0.014482
215.00          -0.014630
215.20          -0.014793
215.40          -0.014975
215.60          -0.015177
215.80          -0.015403
216.00          -0.015658
216.20          -0.015947
216.40          -0.016277
216.60          -0.016657
216.80          -0.017097
217.00          -0.017612
217.20          -0.018222
217.40          -0.018952
217.60          -0.019839
217.80          -0.020932
218.00          -0.022304
218.20          -0.024063
218.40          -0.026377
218.60          -0.029513
218.80          -0.033932
219.00          -0.040464
219.20          -0.050755
219.40          -0.068455
219.60          -0.10307
219.80          -0.18633
220.00          -0.48279
220.20          -3.4116
220.40          -2.2178
220.60          -0.37148
220.80          -0.14562
221.00          -0.079570
221.20          -0.052025
221.40          -0.038100
221.60          -0.030153
221.80          -0.025224
222.00          -0.021975
222.20          -0.019732
222.40          -0.018127
222.60          -0.016943
222.80          -0.016049
223.00          -0.015361
223.20          -0.014822
223.40          -0.014393
223.60          -0.014049
223.80          -0.013768
224.00          -0.013539
224.20          -0.013349
224.40          -0.013191
224.60          -0.013058
224.80          -0.012947
225.00          -0.012853
