175.00          -0.011400
175.20          -0.011406
175.40          -0.011413
175.60          -0.011419
175.80          -0.011425
176.00          -0.011432
176.20          -0.011438
176.40          -0.011445
176.60          -0.011451
176.80          -0.011458
177.00          -0.011464
177.20          -0.011470
177.40          -0.011477
177.60          -0.011484
177.80          -0.011490
178.00          -0.011497
178.20          -0.011503
178.40          -0.011510
178.60          -0.011516
178.80          -0.011523
179.00          -0.011530
179.20          -0.011536
179.40          -0.011543
179.60          -0.011550
179.80          -0.011557
180.00          -0.011563
180.20          -0.011570
180.40          -0.011577
180.60          -0.011584
180.80          -0.011591
181.00          -0.011598
181.20          -0.011605
181.40          -0.011612
181.60          -0.011619
181.80          -0.011626
182.00          -0.011633
182.20          -0.011640
182.40          -0.011647
182.60          -0.011654
182.80          -0.011661
183.00          -0.011668
183.20          -0.011675
183.40          -0.011683
183.60          -0.011690
183.80          -0.011697
184.00          -0.011704
184.20          -0.011712
184.40          -0.011719
184.60          -0.011726
184.80          -0.011734
185.00          -0.011741
185.20          -0.011749
185.40          -0.011756
185.60          -0.011764
185.80          -0.011772
186.00          -0.011779
186.20          -0.011787
186.40          -0.011795
186.60          -0.011802
186.80          -0.011810
187.00          -0.011818
187.20          -0.011826
187.40          -0.011834
187.60          -0.011842
187.80          -0.011850
188.00          -0.011858
188.20          -0.011866
188.40          -0.011874
188.60          -0.011882
188.80          -0.011890
189.00          -0.011898
189.20          -0.011907
189.40          -0.011915
189.60          -0.011923
189.80          -0.011932
190.00          -0.011940
190.20          -0.011949
190.40          -0.011957
190.60          -0.011966
190.80          -0.011975
191.00          -0.011984
191.20          -0.011992
191.40          -0.012001
191.60          -0.012010
191.80          -0.012019
192.00          -0.012028
192.20          -0.012037
192.40          -0.012047
192.60          -0.012056
192.80          -0.012065
193.00          -0.012075
193.20          -0.012084
193.40          -0.012094
193.60          -0.012103
193.80          -0.012113
194.00          -0.012123
194.20          -0.012133
194.40          -0.012143
194.60          -0.012153
194.80          -0.012163
195.00          -0.012173
195.20          -0.012183
195.40          -0.012194
195.60          -0.012204
195.80          -0.012215
196.00          -0.012226
196.20          -0.012237
196.40          -0.012248
196.60          -0.012259
196.80          -0.012270
197.00          -0.012281
197.20          -0.012293
197.40          -0.012304
197.60          -0.012316
197.80          -0.012328
198.00          -0.012340
198.20          -0.012352
198.40          -0.012364
198.60          -0.012376
198.80          -0.012389
199.00          -0.012402
199.20          -0.012415
199.40          -0.012428
199.60          -0.012441
199.80          -0.012455
200.00          -0.012468
200.20          -0.012482
200.40          -0.012496
200.60          -0.012511
200.80          -0.012525
201.00          -0.012540
201.20          -0.012555
201.40          -0.012570
201.60          -0.012586
201.80          -0.012602
202.00          -0.012618
202.20          -0.012634
202.40          -0.012651
202.60          -0.012668
202.80          -0.012686
203.00          -0.012703
203.20          -0.012721
203.40          -0.012740
203.60          -0.012759
203.80          -0.012778
204.00          -0.012798
204.20          -0.012818
204.40          -0.012839
204.60          -0.012861
204.80          -0.012882
205.00          -0.012905
205.20          -0.012928
205.40          -0.012952
205.60          -0.012976
205.80          -0.013002
206.00          -0.013031
206.20          -0.013241
206.40          -0.013081
206.60          -0.013107
206.80          -0.013136
207.00          -0.013166
207.20          -0.013197
207.40          -0.013229
207.60          -0.013262
207.80          -0.013297
208.00          -0.013333
208.20          -0.013370
208.40          -0.013409
208.60          -0.013449
208.80          -0.013491
209.00          -0.013535
209.20          -0.013581
209.40          -0.013629
209.60          -0.013679
209.80          -0.013732
210.00          -0.013788
210.20          -0.013846
210.40          -0.013908
210.60          -0.013973
210.80          -0.014041
211.00          -0.014114
211.20          -0.014192
211.40          -0.014274
211.60          -0.014362
211.80          -0.014456
212.00          -0.014556
212.20          -0.014664
212.40          -0.014780
212.60          -0.014905
212.80          -0.015041
213.00          -0.015188
213.20          -0.015348
213.40          -0.015523
213.60          -0.015715
213.80          -0.015926
214.00          -0.016160
214.20          -0.016420
214.40          -0.016710
214.60          -0.017036
214.80          -0.017404
215.00          -0.017822
215.20          -0.018300
215.40          -0.018852
215.60          -0.019494
215.80          -0.020247
216.00          -0.021142
216.20          -0.022216
216.40          -0.023525
216.60          -0.025145
216.80          -0.027187
217.00          -0.029818
217.20          -0.033297
217.40          -0.038043
217.60          -0.044779
217.80          -0.054829
218.00          -0.070851
218.20          -0.098846
218.40          -0.15485
218.60          -0.29443
218.80          -0.82311
219.00          -6.0615
219.20          -1.9651
219.40          -0.43844
219.60          -0.18444
219.80          -0.10278
220.00          -0.067131
220.20          -0.048608
220.40          -0.037838
220.60          -0.031066
220.80          -0.026554
221.00          -0.023411
221.20          -0.021143
221.40          -0.019460
221.60          -0.018181
221.80          -0.017190
222.00          -0.016410
222.20          -0.015787
222.40          -0.015282
222.60          -0.014870
222.80          -0.014530
223.00          -0.014247
223.20          -0.014010
223.40          -0.013811
223.60          -0.013642
223.80          -0.013498
224.00          -0.013375
224.20          -0.013269
224.40          -0.013179
224.60          -0.013101
224.80          -0.013033
225.00          -0.012975
