175.00          -0.011653
175.20          -0.011660
175.40          -0.011668
175.60          -0.011675
175.80          -0.011682
176.00          -0.011690
176.20          -0.011697
176.40          -0.011704
176.60          -0.011712
176.80          -0.011719
177.00          -0.011727
177.20          -0.011734
177.40          -0.011742
177.60          -0.011749
177.80          -0.011757
178.00          -0.011765
178.20          -0.011772
178.40          -0.011780
178.60          -0.011788
178.80          -0.011795
179.00          -0.011803
179.20          -0.011811
179.40          -0.011819
179.60          -0.011827
179.80          -0.011834
180.00          -0.011842
180.20          -0.011850
180.40          -0.011858
180.60          -0.011866
180.80          -0.011874
181.00          -0.011882
181.20          -0.011891
181.40          -0.011899
181.60          -0.011907
181.80          -0.011915
182.00          -0.011923
182.20          -0.011932
182.40          -0.011940
182.60          -0.011948
182.80          -0.011957
183.00          -0.011965
183.20          -0.011974
183.40          -0.011982
183.60          -0.011991
183.80          -0.011999
184.00          -0.012008
184.20          -0.012017
184.40          -0.012026
184.60          -0.012034
184.80          -0.012043
185.00          -0.012052
185.20          -0.012061
185.40          -0.012070
185.60          -0.012079
185.80          -0.012088
186.00          -0.012097
186.20          -0.012106
186.40          -0.012116
186.60          -0.012125
186.80          -0.012134
187.00          -0.012144
187.20          -0.012153
187.40          -0.012163
187.60          -0.012172
187.80          -0.012182
188.00          -0.012192
188.20          -0.012201
188.40          -0.012211
188.60          -0.012221
188.80          -0.012231
189.00          -0.012241
189.20          -0.012251
189.40          -0.012261
189.60          -0.012272
189.80          -0.012282
190.00          -0.012292
190.20          -0.012303
190.40          -0.012313
190.60          -0.012324
190.80          -0.012335
191.00          -0.012346
191.20          -0.012356
191.40          -0.012367
191.60          -0.012379
191.80          -0.012390
192.00          -0.012401
192.20          -0.012412
192.40          -0.012424
192.60          -0.012436
192.80          -0.012447
193.00          -0.012459
193.20          -0.012471
193.40          -0.012483
193.60          -0.012495
193.80          -0.012507
194.00          -0.012520
194.20          -0.012532
194.40          -0.012545
194.60          -0.012558
194.80          -0.012571
195.00          -0.012584
195.20          -0.012597
195.40          -0.012611
195.60          -0.012624
195.80          -0.012638
196.00          -0.012652
196.20          -0.012666
196.40          -0.012680
196.60          -0.012695
196.80          -0.012709
197.00          -0.012724
197.20          -0.012739
197.40          -0.012754
197.60          -0.012770
197.80          -0.012786
198.00          -0.012801
198.20          -0.012818
198.40          -0.012834
198.60          -0.012851
198.80          -0.012868
199.00          -0.012885
199.20          -0.012902
199.40          -0.012920
199.60          -0.012938
199.80          -0.012957
200.00          -0.012976
200.20          -0.012995
200.40          -0.013014
200.60          -0.013034
200.80          -0.013055
201.00          -0.013075
201.20          -0.013096
201.40          -0.013118
201.60          -0.013140
201.80          -0.013163
202.00          -0.013186
202.20          -0.013209
202.40          -0.013233
202.60          -0.013258
202.80          -0.013283
203.00          -0.013309
203.20          -0.013336
203.40          -0.013363
203.60          -0.013391
203.80          -0.013420
204.00          -0.013450
204.20          -0.013480
204.40          -0.013512
204.60          -0.013544
204.80          -0.013578
205.00          -0.013613
205.20          -0.013648
205.40          -0.013685
205.60          -0.013724
205.80          -0.013765
206.00          -0.013811
206.20          -0.014136
206.40          -0.013891
206.60          -0.013934
206.80          -0.013981
207.00          -0.014030
207.20          -0.014082
207.40          -0.014136
207.60          -0.014192
207.80          -0.014251
208.00          -0.014313
208.20          -0.014377
208.40          -0.014445
208.60          -0.014516
208.80          -0.014592
209.00          -0.014671
209.20          -0.014754
209.40          -0.014843
209.60          -0.014937
209.80          -0.015036
210.00          -0.015142
210.20          -0.015255
210.40          -0.015376
210.60          -0.015505
210.80          -0.015644
211.00          -0.015793
211.20          -0.015954
211.40          -0.016127
211.60          -0.016316
211.80          -0.016521
212.00          -0.016745
212.20          -0.016991
212.40          -0.017260
212.60          -0.017558
212.80          -0.017888
213.00          -0.018256
213.20          -0.018668
213.40          -0.019131
213.60          -0.019656
213.80          -0.020254
214.00          -0.020940
214.20          -0.021735
214.40          -0.022662
214.60          -0.023755
214.80          -0.025058
215.00          -0.026631
215.20          -0.028556
215.40          -0.030951
215.60          -0.033990
215.80          -0.037933
216.00          -0.043191
216.20          -0.050438
216.40          -0.060850
216.60          -0.076628
216.80          -0.10230
217.00          -0.14841
217.20          -0.24447
217.40          -0.49970
217.60          -1.5685
217.80          -7.5147
218.00          -1.5079
218.20          -0.45500
218.40          -0.21204
218.60          -0.12334
218.80          -0.081976
219.00          -0.059585
219.20          -0.046199
219.40          -0.037607
219.60          -0.031791
219.80          -0.027687
220.00          -0.024694
220.20          -0.022453
220.40          -0.020736
220.60          -0.019396
220.80          -0.018334
221.00          -0.017479
221.20          -0.016784
221.40          -0.016213
221.60          -0.015739
221.80          -0.015342
222.00          -0.015008
222.20          -0.014725
222.40          -0.014484
222.60          -0.014277
222.80          -0.014100
223.00          -0.013946
223.20          -0.013813
223.40          -0.013698
223.60          -0.013597
223.80          -0.013510
224.00          -0.013433
224.20          -0.013366
224.40          -0.013308
224.60          -0.013256
224.80          -0.013212
225.00          -0.013173
