175.00          -0.011787
175.20          -0.011795
175.40          -0.011803
175.60          -0.011811
175.80          -0.011819
176.00          -0.011826
176.20          -0.011834
176.40          -0.011842
176.60          -0.011850
176.80          -0.011858
177.00          -0.011866
177.20          -0.011874
177.40          -0.011883
177.60          -0.011891
177.80          -0.011899
178.00          -0.011907
178.20          -0.011915
178.40          -0.011924
178.60          -0.011932
178.80          -0.011940
179.00          -0.011949
179.20          -0.011957
179.40          -0.011966
179.60          -0.011974
179.80          -0.011983
180.00          -0.011991
180.20          -0.012000
180.40          -0.012008
180.60          -0.012017
180.80          -0.012026
181.00          -0.012035
181.20          -0.012043
181.40          -0.012052
181.60          -0.012061
181.80          -0.012070
182.00          -0.012079
182.20          -0.012088
182.40          -0.012097
182.60          -0.012106
182.80          -0.012115
183.00          -0.012125
183.20          -0.012134
183.40          -0.012143
183.60          -0.012153
183.80          -0.012162
184.00          -0.012171
184.20          -0.012181
184.40          -0.012190
184.60          -0.012200
184.80          -0.012210
185.00          -0.012219
185.20          -0.012229
185.40          -0.012239
185.60          -0.012249
185.80          -0.012259
186.00          -0.012269
186.20          -0.012279
186.40          -0.012289
186.60          -0.012299
186.80          -0.012310
187.00          -0.012320
187.20          -0.012330
187.40          -0.012341
187.60          -0.012351
187.80          -0.012362
188.00          -0.012373
188.20          -0.012384
188.40          -0.012395
188.60          -0.012405
188.80          -0.012416
189.00          -0.012428
189.20          -0.012439
189.40          -0.012450
189.60          -0.012462
189.80          -0.012473
190.00          -0.012485
190.20          -0.012496
190.40          -0.012508
190.60          -0.012520
190.80          -0.012532
191.00          -0.012544
191.20          -0.012556
191.40          -0.012568
191.60          -0.012581
191.80          -0.012593
192.00          -0.012606
192.20          -0.012619
192.40          -0.012632
192.60          -0.012645
192.80          -0.012658
193.00          -0.012671
193.20          -0.012685
193.40          -0.012698
193.60          -0.012712
193.80          -0.012726
194.00          -0.012740
194.20          -0.012754
194.40          -0.012769
194.60          -0.012783
194.80          -0.012798
195.00          -0.012813
195.20          -0.012828
195.40          -0.012843
195.60          -0.012859
195.80          -0.012875
196.00          -0.012891
196.20          -0.012907
196.40          -0.012923
196.60          -0.012940
196.80          -0.012957
197.00          -0.012974
197.20          -0.012991
197.40          -0.013009
197.60          -0.013027
197.80          -0.013045
198.00          -0.013064
198.20          -0.013082
198.40          -0.013102
198.60          -0.013121
198.80          -0.013141
199.00          -0.013161
199.20          -0.013182
199.40          -0.013203
199.60          -0.013224
199.80          -0.013246
200.00          -0.013268
200.20          -0.013291
200.40          -0.013314
200.60          -0.013338
200.80          -0.013362
201.00          -0.013387
201.20          -0.013412
201.40          -0.013438
201.60          -0.013465
201.80          -0.013492
202.00          -0.013520
202.20          -0.013548
202.40          -0.013577
202.60          -0.013608
202.80          -0.013639
203.00          -0.013670
203.20          -0.013703
203.40          -0.013737
203.60          -0.013771
203.80          -0.013807
204.00          -0.013844
204.20          -0.013882
204.40          -0.013921
204.60          -0.013962
204.80          -0.014004
205.00          -0.014048
205.20          -0.014093
205.40          -0.014140
205.60          -0.014189
205.80          -0.014241
206.00          -0.014300
206.20          -0.014708
206.40          -0.014404
206.60          -0.014459
206.80          -0.014521
207.00          -0.014586
207.20          -0.014654
207.40          -0.014725
207.60          -0.014800
207.80          -0.014878
208.00          -0.014961
208.20          -0.015048
208.40          -0.015139
208.60          -0.015237
208.80          -0.015339
209.00          -0.015448
209.20          -0.015564
209.40          -0.015688
209.60          -0.015820
209.80          -0.015960
210.00          -0.016111
210.20          -0.016273
210.40          -0.016448
210.60          -0.016637
210.80          -0.016841
211.00          -0.017062
211.20          -0.017304
211.40          -0.017567
211.60          -0.017857
211.80          -0.018175
212.00          -0.018527
212.20          -0.018918
212.40          -0.019353
212.60          -0.019842
212.80          -0.020393
213.00          -0.021017
213.20          -0.021730
213.40          -0.022551
213.60          -0.023501
213.80          -0.024614
214.00          -0.025928
214.20          -0.027497
214.40          -0.029397
214.60          -0.031730
214.80          -0.034643
215.00          -0.038353
215.20          -0.043189
215.40          -0.049672
215.60          -0.058666
215.80          -0.071691
216.00          -0.091631
216.20          -0.12451
216.40          -0.18466
216.60          -0.31337
216.80          -0.66956
217.00          -2.2243
217.20          -5.9715
217.40          -1.3023
217.60          -0.44933
217.80          -0.22110
218.00          -0.13201
218.20          -0.088890
218.40          -0.064993
218.60          -0.050471
218.80          -0.041036
219.00          -0.034588
219.20          -0.030005
219.40          -0.026642
219.60          -0.024109
219.80          -0.022160
220.00          -0.020633
220.20          -0.019417
220.40          -0.018437
220.60          -0.017636
220.80          -0.016976
221.00          -0.016427
221.20          -0.015966
221.40          -0.015577
221.60          -0.015247
221.80          -0.014964
222.00          -0.014721
222.20          -0.014512
222.40          -0.014331
222.60          -0.014173
222.80          -0.014036
223.00          -0.013916
223.20          -0.013811
223.40          -0.013719
223.60          -0.013638
223.80          -0.013567
224.00          -0.013505
224.20          -0.013450
224.40          -0.013401
224.60          -0.013359
224.80          -0.013321
225.00          -0.013289
