175.00          -0.067172
175.20          -0.065895
175.40          -0.064662
175.60          -0.063471
175.80          -0.062321
176.00          -0.061211
176.20          -0.060138
176.40          -0.059101
176.60          -0.058099
176.80          -0.057131
177.00          -0.056195
177.20          -0.055291
177.40          -0.054416
177.60          -0.053571
177.80          -0.052753
178.00          -0.051962
178.20          -0.051197
178.40          -0.050457
178.60          -0.049741
178.80          -0.049048
179.00          -0.048378
179.20          -0.047729
179.40          -0.047101
179.60          -0.046492
179.80          -0.045904
180.00          -0.045333
180.20          -0.044781
180.40          -0.044246
180.60          -0.043728
180.80          -0.043227
181.00          -0.042741
181.20          -0.042270
181.40          -0.041813
181.60          -0.041371
181.80          -0.040943
182.00          -0.040528
182.20          -0.040125
182.40          -0.039735
182.60          -0.039357
182.80          -0.038991
183.00          -0.038636
183.20          -0.038291
183.40          -0.037958
183.60          -0.037634
183.80          -0.037320
184.00          -0.037016
184.20          -0.036722
184.40          -0.036436
184.60          -0.036159
184.80          -0.035890
185.00          -0.035630
185.20          -0.035378
185.40          -0.035133
185.60          -0.034896
185.80          -0.034666
186.00          -0.034444
186.20          -0.034228
186.40          -0.034019
186.60          -0.033817
186.80          -0.033620
187.00          -0.033430
187.20          -0.033246
187.40          -0.033068
187.60          -0.032895
187.80          -0.032728
188.00          -0.032566
188.20          -0.032410
188.40          -0.032258
188.60          -0.032112
188.80          -0.031970
189.00          -0.031833
189.20          -0.031701
189.40          -0.031573
189.60          -0.031449
189.80          -0.031330
190.00          -0.031214
190.20          -0.031103
190.40          -0.030996
190.60          -0.030892
190.80          -0.030792
191.00          -0.030696
191.20          -0.030604
191.40          -0.030514
191.60          -0.030429
191.80          -0.030346
192.00          -0.030267
192.20          -0.030191
192.40          -0.030118
192.60          -0.030048
192.80          -0.029981
193.00          -0.029917
193.20          -0.029855
193.40          -0.029797
193.60          -0.029741
193.80          -0.029688
194.00          -0.029637
194.20          -0.029589
194.40          -0.029543
194.60          -0.029500
194.80          -0.029459
195.00          -0.029420
195.20          -0.029384
195.40          -0.029350
195.60          -0.029318
195.80          -0.029288
196.00          -0.029260
196.20          -0.029234
196.40          -0.029211
196.60          -0.029189
196.80          -0.029169
197.00          -0.029151
197.20          -0.029135
197.40          -0.029120
197.60          -0.029108
197.80          -0.029097
198.00          -0.029088
198.20          -0.029080
198.40          -0.029075
198.60          -0.029070
198.80          -0.029068
199.00          -0.029067
199.20          -0.029067
199.40          -0.029069
199.60          -0.029073
199.80          -0.029077
200.00          -0.029084
200.20          -0.029091
200.40          -0.029100
200.60          -0.029110
200.80          -0.029122
201.00          -0.029135
201.20          -0.029149
201.40          -0.029164
201.60          -0.029181
201.80          -0.029199
202.00          -0.029218
202.20          -0.029238
202.40          -0.029259
202.60          -0.029282
202.80          -0.029305
203.00          -0.029330
203.20          -0.029355
203.40          -0.029382
203.60          -0.029409
203.80          -0.029438
204.00          -0.029468
204.20          -0.029498
204.40          -0.029530
204.60          -0.029562
204.80          -0.029596
205.00          -0.029631
205.20          -0.029666
205.40          -0.029703
205.60          -0.029742
205.80          -0.029784
206.00          -0.029840
206.20          -0.030873
206.40          -0.029900
206.60          -0.029929
206.80          -0.029969
207.00          -0.030011
207.20          -0.030054
207.40          -0.030097
207.60          -0.030142
207.80          -0.030186
208.00          -0.030232
208.20          -0.030278
208.40          -0.030324
208.60          -0.030372
208.80          -0.030419
209.00          -0.030468
209.20          -0.030516
209.40          -0.030566
209.60          -0.030616
209.80          -0.030666
210.00          -0.030717
210.20          -0.030768
210.40          -0.030820
210.60          -0.030872
210.80          -0.030925
211.00          -0.030978
211.20          -0.031031
211.40          -0.031085
211.60          -0.031139
211.80          -0.031193
212.00          -0.031248
212.20          -0.031303
212.40          -0.031359
212.60          -0.031414
212.80          -0.031470
213.00          -0.031526
213.20          -0.031583
213.40          -0.031639
213.60          -0.031696
213.80          -0.031753
214.00          -0.031810
214.20          -0.031867
214.40          -0.031924
214.60          -0.031982
214.80          -0.032039
215.00          -0.032097
215.20          -0.032155
215.40          -0.032212
215.60          -0.032270
215.80          -0.032327
216.00          -0.032385
216.20          -0.032443
216.40          -0.032500
216.60          -0.032557
216.80          -0.032615
217.00          -0.032672
217.20          -0.032728
217.40          -0.032785
217.60          -0.032842
217.80          -0.032898
218.00          -0.032954
218.20          -0.033010
218.40          -0.033065
218.60          -0.033120
218.80          -0.033175
219.00          -0.033229
219.20          -0.033283
219.40          -0.033336
219.60          -0.033389
219.80          -0.033442
220.00          -0.033494
220.20          -0.033545
220.40          -0.033596
220.60          -0.033646
220.80          -0.033695
221.00          -0.033744
221.20          -0.033792
221.40          -0.033839
221.60          -0.033886
221.80          -0.033931
222.00          -0.033976
222.20          -0.034019
222.40          -0.034062
222.60          -0.034104
222.80          -0.034144
223.00          -0.034184
223.20          -0.034222
223.40          -0.034260
223.60          -0.034295
223.80          -0.034330
224.00          -0.034363
224.20          -0.034395
224.40          -0.034425
224.60          -0.034454
224.80          -0.034481
225.00          -0.034507
