175.00          -0.017826
175.20          -0.017863
175.40          -0.017900
175.60          -0.017937
175.80          -0.017975
176.00          -0.018013
176.20          -0.018051
176.40          -0.018090
176.60          -0.018129
176.80          -0.018169
177.00          -0.018208
177.20          -0.018249
177.40          -0.018289
177.60          -0.018330
177.80          -0.018371
178.00          -0.018413
178.20          -0.018455
178.40          -0.018498
178.60          -0.018541
178.80          -0.018584
179.00          -0.018628
179.20          -0.018672
179.40          -0.018717
179.60          -0.018762
179.80          -0.018808
180.00          -0.018854
180.20          -0.018901
180.40          -0.018948
180.60          -0.018996
180.80          -0.019044
181.00          -0.019093
181.20          -0.019143
181.40          -0.019193
181.60          -0.019244
181.80          -0.019295
182.00          -0.019347
182.20          -0.019400
182.40          -0.019454
182.60          -0.019508
182.80          -0.019563
183.00          -0.019618
183.20          -0.019675
183.40          -0.019732
183.60          -0.019790
183.80          -0.019849
184.00          -0.019908
184.20          -0.019969
184.40          -0.020030
184.60          -0.020093
184.80          -0.020156
185.00          -0.020221
185.20          -0.020286
185.40          -0.020352
185.60          -0.020420
185.80          -0.020489
186.00          -0.020559
186.20          -0.020630
186.40          -0.020702
186.60          -0.020776
186.80          -0.020851
187.00          -0.020927
187.20          -0.021005
187.40          -0.021084
187.60          -0.021165
187.80          -0.021248
188.00          -0.021332
188.20          -0.021418
188.40          -0.021505
188.60          -0.021595
188.80          -0.021686
189.00          -0.021780
189.20          -0.021875
189.40          -0.021973
189.60          -0.022073
189.80          -0.022175
190.00          -0.022280
190.20          -0.022387
190.40          -0.022497
190.60          -0.022610
190.80          -0.022726
191.00          -0.022845
191.20          -0.022967
191.40          -0.023092
191.60          -0.023221
191.80          -0.023353
192.00          -0.023490
192.20          -0.023630
192.40          -0.023774
192.60          -0.023923
192.80          -0.024077
193.00          -0.024236
193.20          -0.024399
193.40          -0.024569
193.60          -0.024744
193.80          -0.024925
194.00          -0.025112
194.20          -0.025306
194.40          -0.025508
194.60          -0.025717
194.80          -0.025934
195.00          -0.026160
195.20          -0.026395
195.40          -0.026639
195.60          -0.026894
195.80          -0.027160
196.00          -0.027438
196.20          -0.027729
196.40          -0.028033
196.60          -0.028351
196.80          -0.028685
197.00          -0.029036
197.20          -0.029405
197.40          -0.029793
197.60          -0.030203
197.80          -0.030635
198.00          -0.031092
198.20          -0.031576
198.40          -0.032089
198.60          -0.032633
198.80          -0.033213
199.00          -0.033831
199.20          -0.034491
199.40          -0.035198
199.60          -0.035955
199.80          -0.036770
200.00          -0.037647
200.20          -0.038595
200.40          -0.039622
200.60          -0.040737
200.80          -0.041952
201.00          -0.043280
201.20          -0.044736
201.40          -0.046340
201.60          -0.048113
201.80          -0.050082
202.00          -0.052279
202.20          -0.054744
202.40          -0.057526
202.60          -0.060686
202.80          -0.064301
203.00          -0.068470
203.20          -0.073326
203.40          -0.079040
203.60          -0.085849
203.80          -0.094084
204.00          -0.10422
204.20          -0.11697
204.40          -0.13346
204.60          -0.15554
204.80          -0.18656
205.00          -0.23314
205.20          -0.31038
205.40          -0.46070
205.60          -0.85024
205.80          -2.6647
206.00          -3.7860
206.20          -0.51736
206.40          -0.22809
206.60          -0.22954
206.80          -0.31768
207.00          -0.48296
207.20          -0.75627
207.40          -1.1534
207.60          -1.5173
207.80          -1.4954
208.00          -1.1424
208.20          -0.79159
208.40          -0.54925
208.60          -0.39417
208.80          -0.29400
209.00          -0.22717
209.20          -0.18096
209.40          -0.14793
209.60          -0.12363
209.80          -0.10530
210.00          -0.091173
210.20          -0.080076
210.40          -0.071219
210.60          -0.064049
210.80          -0.058172
211.00          -0.053302
211.20          -0.049228
211.40          -0.045788
211.60          -0.042863
211.80          -0.040358
212.00          -0.038198
212.20          -0.036326
212.40          -0.034694
212.60          -0.033266
212.80          -0.032010
213.00          -0.030901
213.20          -0.029919
213.40          -0.029046
213.60          -0.028267
213.80          -0.027571
214.00          -0.026948
214.20          -0.026388
214.40          -0.025884
214.60          -0.025429
214.80          -0.025018
215.00          -0.024646
215.20          -0.024309
215.40          -0.024004
215.60          -0.023726
215.80          -0.023474
216.00          -0.023245
216.20          -0.023036
216.40          -0.022846
216.60          -0.022673
216.80          -0.022516
217.00          -0.022372
217.20          -0.022242
217.40          -0.022123
217.60          -0.022015
217.80          -0.021918
218.00          -0.021829
218.20          -0.021748
218.40          -0.021676
218.60          -0.021610
218.80          -0.021552
219.00          -0.021499
219.20          -0.021452
219.40          -0.021411
219.60          -0.021374
219.80          -0.021342
220.00          -0.021314
220.20          -0.021290
220.40          -0.021270
220.60          -0.021254
220.80          -0.021241
221.00          -0.021231
221.20          -0.021223
221.40          -0.021219
221.60          -0.021217
221.80          -0.021217
222.00          -0.021220
222.20          -0.021225
222.40          -0.021232
222.60          -0.021241
222.80          -0.021252
223.00          -0.021265
223.20          -0.021279
223.40          -0.021295
223.60          -0.021313
223.80          -0.021332
224.00          -0.021352
224.20          -0.021374
224.40          -0.021397
224.60          -0.021421
224.80          -0.021447
225.00          -0.021474
