175.00          -0.036688
175.20          -0.036730
175.40          -0.036775
175.60          -0.036823
175.80          -0.036875
176.00          -0.036930
176.20          -0.036988
176.40          -0.037050
176.60          -0.037115
176.80          -0.037183
177.00          -0.037254
177.20          -0.037329
177.40          -0.037407
177.60          -0.037488
177.80          -0.037572
178.00          -0.037660
178.20          -0.037751
178.40          -0.037844
178.60          -0.037942
178.80          -0.038042
179.00          -0.038145
179.20          -0.038252
179.40          -0.038362
179.60          -0.038475
179.80          -0.038591
180.00          -0.038711
180.20          -0.038834
180.40          -0.038959
180.60          -0.039089
180.80          -0.039221
181.00          -0.039357
181.20          -0.039496
181.40          -0.039638
181.60          -0.039783
181.80          -0.039932
182.00          -0.040084
182.20          -0.040239
182.40          -0.040398
182.60          -0.040560
182.80          -0.040725
183.00          -0.040894
183.20          -0.041066
183.40          -0.041242
183.60          -0.041421
183.80          -0.041604
184.00          -0.041790
184.20          -0.041979
184.40          -0.042172
184.60          -0.042369
184.80          -0.042569
185.00          -0.042773
185.20          -0.042980
185.40          -0.043191
185.60          -0.043406
185.80          -0.043624
186.00          -0.043846
186.20          -0.044072
186.40          -0.044302
186.60          -0.044536
186.80          -0.044773
187.00          -0.045015
187.20          -0.045260
187.40          -0.045510
187.60          -0.045763
187.80          -0.046020
188.00          -0.046282
188.20          -0.046548
188.40          -0.046818
188.60          -0.047092
188.80          -0.047370
189.00          -0.047653
189.20          -0.047940
189.40          -0.048232
189.60          -0.048528
189.80          -0.048828
190.00          -0.049133
190.20          -0.049443
190.40          -0.049757
190.60          -0.050077
190.80          -0.050400
191.00          -0.050729
191.20          -0.051063
191.40          -0.051401
191.60          -0.051745
191.80          -0.052093
192.00          -0.052447
192.20          -0.052806
192.40          -0.053170
192.60          -0.053540
192.80          -0.053915
193.00          -0.054295
193.20          -0.054681
193.40          -0.055072
193.60          -0.055469
193.80          -0.055872
194.00          -0.056281
194.20          -0.056695
194.40          -0.057116
194.60          -0.057543
194.80          -0.057975
195.00          -0.058414
195.20          -0.058860
195.40          -0.059311
195.60          -0.059769
195.80          -0.060234
196.00          -0.060705
196.20          -0.061183
196.40          -0.061668
196.60          -0.062160
196.80          -0.062659
197.00          -0.063165
197.20          -0.063678
197.40          -0.064199
197.60          -0.064727
197.80          -0.065263
198.00          -0.065806
198.20          -0.066357
198.40          -0.066916
198.60          -0.067483
198.80          -0.068058
199.00          -0.068642
199.20          -0.069234
199.40          -0.069834
199.60          -0.070443
199.80          -0.071061
200.00          -0.071688
200.20          -0.072324
200.40          -0.072969
200.60          -0.073624
200.80          -0.074288
201.00          -0.074962
201.20          -0.075646
201.40          -0.076340
201.60          -0.077044
201.80          -0.077759
202.00          -0.078484
202.20          -0.079220
202.40          -0.079968
202.60          -0.080726
202.80          -0.081497
203.00          -0.082279
203.20          -0.083074
203.40          -0.083881
203.60          -0.084702
203.80          -0.085536
204.00          -0.086385
204.20          -0.087249
204.40          -0.088130
204.60          -0.089031
204.80          -0.089954
205.00          -0.090906
205.20          -0.091899
205.40          -0.092961
205.60          -0.094171
205.80          -0.095819
206.00          -0.10001
206.20          -0.42875
206.40          -0.10183
206.60          -0.099291
206.80          -0.099766
207.00          -0.10065
207.20          -0.10165
207.40          -0.10271
207.60          -0.10380
207.80          -0.10492
208.00          -0.10606
208.20          -0.10723
208.40          -0.10841
208.60          -0.10962
208.80          -0.11085
209.00          -0.11210
209.20          -0.11338
209.40          -0.11468
209.60          -0.11600
209.80          -0.11734
210.00          -0.11872
210.20          -0.12011
210.40          -0.12154
210.60          -0.12299
210.80          -0.12447
211.00          -0.12598
211.20          -0.12753
211.40          -0.12910
211.60          -0.13071
211.80          -0.13235
212.00          -0.13402
212.20          -0.13574
212.40          -0.13749
212.60          -0.13928
212.80          -0.14112
213.00          -0.14300
213.20          -0.14492
213.40          -0.14689
213.60          -0.14891
213.80          -0.15098
214.00          -0.15311
214.20          -0.15530
214.40          -0.15754
214.60          -0.15985
214.80          -0.16222
215.00          -0.16466
215.20          -0.16718
215.40          -0.16978
215.60          -0.17245
215.80          -0.17521
216.00          -0.17807
216.20          -0.18102
216.40          -0.18407
216.60          -0.18723
216.80          -0.19051
217.00          -0.19390
217.20          -0.19744
217.40          -0.20110
217.60          -0.20492
217.80          -0.20890
218.00          -0.21305
218.20          -0.21738
218.40          -0.22191
218.60          -0.22664
218.80          -0.23161
219.00          -0.23682
219.20          -0.24229
219.40          -0.24804
219.60          -0.25411
219.80          -0.26050
220.00          -0.26727
220.20          -0.27442
220.40          -0.28201
220.60          -0.29007
220.80          -0.29864
221.00          -0.30778
221.20          -0.31753
221.40          -0.32797
221.60          -0.33916
221.80          -0.35118
222.00          -0.36412
222.20          -0.37809
222.40          -0.39319
222.60          -0.40956
222.80          -0.42734
223.00          -0.44671
223.20          -0.46785
223.40          -0.49100
223.60          -0.51638
223.80          -0.54428
224.00          -0.57502
224.20          -0.60894
224.40          -0.64642
224.60          -0.68787
224.80          -0.73370
225.00          -0.78431
