175.00          -0.057995
175.20          -0.061015
175.40          -0.066519
175.60          -0.079424
175.80          -0.13173
176.00          -3.7337
176.20          -0.10345
176.40          -0.054772
176.60          -0.049455
176.80          -0.048636
177.00          -0.048759
177.20          -0.049132
177.40          -0.049571
177.60          -0.050019
177.80          -0.050459
178.00          -0.050884
178.20          -0.051296
178.40          -0.051695
178.60          -0.052084
178.80          -0.052463
179.00          -0.052835
179.20          -0.053202
179.40          -0.053563
179.60          -0.053921
179.80          -0.054276
180.00          -0.054629
180.20          -0.054981
180.40          -0.055332
180.60          -0.055682
180.80          -0.056032
181.00          -0.056383
181.20          -0.056734
181.40          -0.057086
181.60          -0.057440
181.80          -0.057794
182.00          -0.058150
182.20          -0.058508
182.40          -0.058867
182.60          -0.059229
182.80          -0.059592
183.00          -0.059957
183.20          -0.060325
183.40          -0.060695
183.60          -0.061067
183.80          -0.061442
184.00          -0.061819
184.20          -0.062199
184.40          -0.062581
184.60          -0.062966
184.80          -0.063353
185.00          -0.063744
185.20          -0.064137
185.40          -0.064533
185.60          -0.064931
185.80          -0.065333
186.00          -0.065738
186.20          -0.066145
186.40          -0.066556
186.60          -0.066969
186.80          -0.067386
187.00          -0.067805
187.20          -0.068228
187.40          -0.068654
187.60          -0.069083
187.80          -0.069516
188.00          -0.069951
188.20          -0.070390
188.40          -0.070833
188.60          -0.071278
188.80          -0.071727
189.00          -0.072180
189.20          -0.072636
189.40          -0.073096
189.60          -0.073559
189.80          -0.074026
190.00          -0.074496
190.20          -0.074970
190.40          -0.075449
190.60          -0.075931
190.80          -0.076417
191.00          -0.076907
191.20          -0.077401
191.40          -0.077899
191.60          -0.078402
191.80          -0.078909
192.00          -0.079421
192.20          -0.079937
192.40          -0.080458
192.60          -0.080984
192.80          -0.081515
193.00          -0.082052
193.20          -0.082594
193.40          -0.083141
193.60          -0.083695
193.80          -0.084255
194.00          -0.084821
194.20          -0.085395
194.40          -0.085975
194.60          -0.086564
194.80          -0.087160
195.00          -0.087766
195.20          -0.088380
195.40          -0.089005
195.60          -0.089641
195.80          -0.090289
196.00          -0.090950
196.20          -0.091625
196.40          -0.092316
196.60          -0.093025
196.80          -0.093754
197.00          -0.094505
197.20          -0.095282
197.40          -0.096090
197.60          -0.096932
197.80          -0.097817
198.00          -0.098751
198.20          -0.099748
198.40          -0.10082
198.60          -0.10199
198.80          -0.10330
199.00          -0.10477
199.20          -0.10650
199.40          -0.10858
199.60          -0.11122
199.80          -0.11476
200.00          -0.11988
200.20          -0.12805
200.40          -0.14286
200.60          -0.17522
200.80          -0.27107
201.00          -0.82013
201.20          -5.5522
201.40          -0.49301
201.60          -0.19779
201.80          -0.12400
202.00          -0.090717
202.20          -0.072234
202.40          -0.062794
202.60          -0.059737
202.80          -0.060645
203.00          -0.063535
203.20          -0.067137
203.40          -0.070785
203.60          -0.074189
203.80          -0.077253
204.00          -0.079972
204.20          -0.082374
204.40          -0.084500
204.60          -0.086390
204.80          -0.088079
205.00          -0.089599
205.20          -0.090973
205.40          -0.092224
205.60          -0.093369
205.80          -0.094421
206.00          -0.095392
206.20          -0.096293
206.40          -0.097130
206.60          -0.097911
206.80          -0.098641
207.00          -0.099325
207.20          -0.099966
207.40          -0.10057
207.60          -0.10113
207.80          -0.10166
208.00          -0.10216
208.20          -0.10263
208.40          -0.10307
208.60          -0.10348
208.80          -0.10386
209.00          -0.10421
209.20          -0.10454
209.40          -0.10484
209.60          -0.10512
209.80          -0.10537
210.00          -0.10560
210.20          -0.10580
210.40          -0.10598
210.60          -0.10613
210.80          -0.10625
211.00          -0.10636
211.20          -0.10643
211.40          -0.10648
211.60          -0.10651
211.80          -0.10651
212.00          -0.10648
212.20          -0.10643
212.40          -0.10635
212.60          -0.10624
212.80          -0.10610
213.00          -0.10594
213.20          -0.10575
213.40          -0.10553
213.60          -0.10529
213.80          -0.10501
214.00          -0.10471
214.20          -0.10437
214.40          -0.10401
214.60          -0.10362
214.80          -0.10320
215.00          -0.10276
215.20          -0.10228
215.40          -0.10178
215.60          -0.10126
215.80          -0.10071
216.00          -0.10013
216.20          -0.099540
216.40          -0.098928
216.60          -0.098300
216.80          -0.097661
217.00          -0.097014
217.20          -0.096365
217.40          -0.095721
217.60          -0.095088
217.80          -0.094477
218.00          -0.093898
218.20          -0.093364
218.40          -0.092893
218.60          -0.092503
218.80          -0.092217
219.00          -0.092065
219.20          -0.092079
219.40          -0.092303
219.60          -0.092786
219.80          -0.093591
220.00          -0.094793
220.20          -0.096487
220.40          -0.098787
220.60          -0.10184
220.80          -0.10581
221.00          -0.11094
221.20          -0.11750
221.40          -0.12584
221.60          -0.13641
221.80          -0.14977
222.00          -0.16663
222.20          -0.18790
222.40          -0.21472
222.60          -0.24852
222.80          -0.29104
223.00          -0.34438
223.20          -0.41092
223.40          -0.49311
223.60          -0.59301
223.80          -0.71141
224.00          -0.84652
224.20          -0.99244
224.40          -1.1382
224.60          -1.2685
224.80          -1.3677
225.00          -1.4247
