175.00          -0.068128
175.20          -0.068461
175.40          -0.068799
175.60          -0.069140
175.80          -0.069486
176.00          -0.069836
176.20          -0.070190
176.40          -0.070549
176.60          -0.070913
176.80          -0.071281
177.00          -0.071655
177.20          -0.072034
177.40          -0.072418
177.60          -0.072807
177.80          -0.073203
178.00          -0.073604
178.20          -0.074011
178.40          -0.074424
178.60          -0.074844
178.80          -0.075270
179.00          -0.075704
179.20          -0.076144
179.40          -0.076592
179.60          -0.077048
179.80          -0.077511
180.00          -0.077983
180.20          -0.078463
180.40          -0.078952
180.60          -0.079450
180.80          -0.079958
181.00          -0.080476
181.20          -0.081004
181.40          -0.081542
181.60          -0.082092
181.80          -0.082653
182.00          -0.083226
182.20          -0.083812
182.40          -0.084411
182.60          -0.085024
182.80          -0.085650
183.00          -0.086292
183.20          -0.086949
183.40          -0.087622
183.60          -0.088312
183.80          -0.089020
184.00          -0.089747
184.20          -0.090493
184.40          -0.091259
184.60          -0.092047
184.80          -0.092857
185.00          -0.093691
185.20          -0.094549
185.40          -0.095434
185.60          -0.096346
185.80          -0.097287
186.00          -0.098258
186.20          -0.099261
186.40          -0.10030
186.60          -0.10137
186.80          -0.10248
187.00          -0.10363
187.20          -0.10483
187.40          -0.10606
187.60          -0.10735
187.80          -0.10869
188.00          -0.11008
188.20          -0.11152
188.40          -0.11303
188.60          -0.11460
188.80          -0.11624
189.00          -0.11796
189.20          -0.11976
189.40          -0.12163
189.60          -0.12360
189.80          -0.12567
190.00          -0.12784
190.20          -0.13013
190.40          -0.13253
190.60          -0.13507
190.80          -0.13775
191.00          -0.14057
191.20          -0.14357
191.40          -0.14674
191.60          -0.15011
191.80          -0.15368
192.00          -0.15749
192.20          -0.16155
192.40          -0.16588
192.60          -0.17052
192.80          -0.17548
193.00          -0.18080
193.20          -0.18652
193.40          -0.19267
193.60          -0.19931
193.80          -0.20648
194.00          -0.21424
194.20          -0.22265
194.40          -0.23179
194.60          -0.24173
194.80          -0.25256
195.00          -0.26439
195.20          -0.27732
195.40          -0.29148
195.60          -0.30700
195.80          -0.32403
196.00          -0.34273
196.20          -0.36326
196.40          -0.38577
196.60          -0.41044
196.80          -0.43739
197.00          -0.46671
197.20          -0.49842
197.40          -0.53241
197.60          -0.56843
197.80          -0.60599
198.00          -0.64431
198.20          -0.68227
198.40          -0.71841
198.60          -0.75092
198.80          -0.77779
199.00          -0.79704
199.20          -0.80699
199.40          -0.80657
199.60          -0.79555
199.80          -0.77460
200.00          -0.74520
200.20          -0.70930
200.40          -0.66908
200.60          -0.62661
200.80          -0.58367
201.00          -0.54164
201.20          -0.50150
201.40          -0.46387
201.60          -0.42906
201.80          -0.39721
202.00          -0.36828
202.20          -0.34213
202.40          -0.31858
202.60          -0.29742
202.80          -0.27842
203.00          -0.26138
203.20          -0.24609
203.40          -0.23235
203.60          -0.22001
203.80          -0.20890
204.00          -0.19889
204.20          -0.18986
204.40          -0.18169
204.60          -0.17429
204.80          -0.16759
205.00          -0.16149
205.20          -0.15595
205.40          -0.15089
205.60          -0.14628
205.80          -0.14206
206.00          -0.13820
206.20          -0.13466
206.40          -0.13141
206.60          -0.12842
206.80          -0.12567
207.00          -0.12313
207.20          -0.12079
207.40          -0.11863
207.60          -0.11663
207.80          -0.11478
208.00          -0.11306
208.20          -0.11147
208.40          -0.11000
208.60          -0.10863
208.80          -0.10736
209.00          -0.10617
209.20          -0.10507
209.40          -0.10404
209.60          -0.10309
209.80          -0.10220
210.00          -0.10137
210.20          -0.10059
210.40          -0.099869
210.60          -0.099194
210.80          -0.098564
211.00          -0.097976
211.20          -0.097427
211.40          -0.096914
211.60          -0.096435
211.80          -0.095988
212.00          -0.095570
212.20          -0.095181
212.40          -0.094817
212.60          -0.094478
212.80          -0.094162
213.00          -0.093867
213.20          -0.093593
213.40          -0.093337
213.60          -0.093099
213.80          -0.092879
214.00          -0.092674
214.20          -0.092484
214.40          -0.092308
214.60          -0.092145
214.80          -0.091995
215.00          -0.091856
215.20          -0.091729
215.40          -0.091612
215.60          -0.091506
215.80          -0.091408
216.00          -0.091320
216.20          -0.091240
216.40          -0.091168
216.60          -0.091103
216.80          -0.091046
217.00          -0.090995
217.20          -0.090951
217.40          -0.090913
217.60          -0.090881
217.80          -0.090854
218.00          -0.090832
218.20          -0.090815
218.40          -0.090803
218.60          -0.090795
218.80          -0.090791
219.00          -0.090791
219.20          -0.090795
219.40          -0.090803
219.60          -0.090814
219.80          -0.090828
220.00          -0.090845
220.20          -0.090865
220.40          -0.090887
220.60          -0.090912
220.80          -0.090940
221.00          -0.090970
221.20          -0.091002
221.40          -0.091036
221.60          -0.091072
221.80          -0.091110
222.00          -0.091149
222.20          -0.091190
222.40          -0.091233
222.60          -0.091277
222.80          -0.091323
223.00          -0.091369
223.20          -0.091417
223.40          -0.091466
223.60          -0.091516
223.80          -0.091567
224.00          -0.091619
224.20          -0.091672
224.40          -0.091726
224.60          -0.091780
224.80          -0.091835
225.00          -0.091891
