175.00          -0.22372
175.20          -0.20393
175.40          -0.18752
175.60          -0.17378
175.80          -0.16219
176.00          -0.15235
176.20          -0.14393
176.40          -0.13668
176.60          -0.13040
176.80          -0.12494
177.00          -0.12016
177.20          -0.11596
177.40          -0.11226
177.60          -0.10898
177.80          -0.10606
178.00          -0.10346
178.20          -0.10114
178.40          -0.099050
178.60          -0.097173
178.80          -0.095480
179.00          -0.093951
179.20          -0.092565
179.40          -0.091309
179.60          -0.090166
179.80          -0.089126
180.00          -0.088177
180.20          -0.087310
180.40          -0.086518
180.60          -0.085792
180.80          -0.085127
181.00          -0.084517
181.20          -0.083957
181.40          -0.083442
181.60          -0.082968
181.80          -0.082532
182.00          -0.082131
182.20          -0.081761
182.40          -0.081420
182.60          -0.081106
182.80          -0.080816
183.00          -0.080549
183.20          -0.080303
183.40          -0.080075
183.60          -0.079866
183.80          -0.079673
184.00          -0.079495
184.20          -0.079331
184.40          -0.079180
184.60          -0.079041
184.80          -0.078914
185.00          -0.078797
185.20          -0.078690
185.40          -0.078591
185.60          -0.078501
185.80          -0.078419
186.00          -0.078344
186.20          -0.078276
186.40          -0.078215
186.60          -0.078159
186.80          -0.078108
187.00          -0.078063
187.20          -0.078023
187.40          -0.077987
187.60          -0.077955
187.80          -0.077927
188.00          -0.077903
188.20          -0.077882
188.40          -0.077864
188.60          -0.077849
188.80          -0.077837
189.00          -0.077828
189.20          -0.077821
189.40          -0.077816
189.60          -0.077813
189.80          -0.077811
190.00          -0.077812
190.20          -0.077814
190.40          -0.077818
190.60          -0.077823
190.80          -0.077830
191.00          -0.077837
191.20          -0.077846
191.40          -0.077856
191.60          -0.077866
191.80          -0.077878
192.00          -0.077890
192.20          -0.077903
192.40          -0.077916
192.60          -0.077930
192.80          -0.077944
193.00          -0.077959
193.20          -0.077974
193.40          -0.077989
193.60          -0.078005
193.80          -0.078021
194.00          -0.078037
194.20          -0.078053
194.40          -0.078069
194.60          -0.078085
194.80          -0.078102
195.00          -0.078118
195.20          -0.078134
195.40          -0.078150
195.60          -0.078166
195.80          -0.078181
196.00          -0.078197
196.20          -0.078212
196.40          -0.078227
196.60          -0.078242
196.80          -0.078257
197.00          -0.078271
197.20          -0.078285
197.40          -0.078299
197.60          -0.078313
197.80          -0.078326
198.00          -0.078338
198.20          -0.078351
198.40          -0.078363
198.60          -0.078374
198.80          -0.078386
199.00          -0.078397
199.20          -0.078407
199.40          -0.078417
199.60          -0.078427
199.80          -0.078436
200.00          -0.078445
200.20          -0.078454
200.40          -0.078462
200.60          -0.078470
200.80          -0.078478
201.00          -0.078485
201.20          -0.078493
201.40          -0.078499
201.60          -0.078506
201.80          -0.078513
202.00          -0.078520
202.20          -0.078526
202.40          -0.078533
202.60          -0.078540
202.80          -0.078548
203.00          -0.078556
203.20          -0.078566
203.40          -0.078577
203.60          -0.078590
203.80          -0.078606
204.00          -0.078625
204.20          -0.078650
204.40          -0.078683
204.60          -0.078728
204.80          -0.078791
205.00          -0.078884
205.20          -0.079031
205.40          -0.079284
205.60          -0.079791
205.80          -0.081101
206.00          -0.087233
206.20          -0.81518
206.40          -0.083959
206.60          -0.079140
206.80          -0.078406
207.00          -0.078193
207.20          -0.078109
207.40          -0.078069
207.60          -0.078046
207.80          -0.078029
208.00          -0.078015
208.20          -0.078002
208.40          -0.077988
208.60          -0.077975
208.80          -0.077960
209.00          -0.077944
209.20          -0.077928
209.40          -0.077911
209.60          -0.077893
209.80          -0.077874
210.00          -0.077854
210.20          -0.077833
210.40          -0.077812
210.60          -0.077790
210.80          -0.077767
211.00          -0.077743
211.20          -0.077719
211.40          -0.077694
211.60          -0.077668
211.80          -0.077642
212.00          -0.077615
212.20          -0.077587
212.40          -0.077559
212.60          -0.077530
212.80          -0.077501
213.00          -0.077471
213.20          -0.077441
213.40          -0.077410
213.60          -0.077378
213.80          -0.077346
214.00          -0.077313
214.20          -0.077280
214.40          -0.077246
214.60          -0.077212
214.80          -0.077177
215.00          -0.077142
215.20          -0.077106
215.40          -0.077070
215.60          -0.077033
215.80          -0.076996
216.00          -0.076958
216.20          -0.076920
216.40          -0.076881
216.60          -0.076842
216.80          -0.076803
217.00          -0.076763
217.20          -0.076723
217.40          -0.076682
217.60          -0.076641
217.80          -0.076599
218.00          -0.076557
218.20          -0.076515
218.40          -0.076472
218.60          -0.076429
218.80          -0.076386
219.00          -0.076342
219.20          -0.076297
219.40          -0.076253
219.60          -0.076208
219.80          -0.076162
220.00          -0.076117
220.20          -0.076070
220.40          -0.076024
220.60          -0.075977
220.80          -0.075930
221.00          -0.075883
221.20          -0.075835
221.40          -0.075787
221.60          -0.075738
221.80          -0.075690
222.00          -0.075640
222.20          -0.075591
222.40          -0.075541
222.60          -0.075491
222.80          -0.075441
223.00          -0.075391
223.20          -0.075340
223.40          -0.075289
223.60          -0.075237
223.80          -0.075186
224.00          -0.075134
224.20          -0.075082
224.40          -0.075029
224.60          -0.074977
224.80          -0.074924
225.00          -0.074871
