175.00          -0.10899
175.20          -0.11025
175.40          -0.11153
175.60          -0.11284
175.80          -0.11419
176.00          -0.11556
176.20          -0.11697
176.40          -0.11841
176.60          -0.11988
176.80          -0.12138
177.00          -0.12292
177.20          -0.12450
177.40          -0.12611
177.60          -0.12775
177.80          -0.12944
178.00          -0.13116
178.20          -0.13292
178.40          -0.13471
178.60          -0.13655
178.80          -0.13842
179.00          -0.14033
179.20          -0.14228
179.40          -0.14427
179.60          -0.14630
179.80          -0.14836
180.00          -0.15046
180.20          -0.15260
180.40          -0.15477
180.60          -0.15698
180.80          -0.15922
181.00          -0.16149
181.20          -0.16378
181.40          -0.16610
181.60          -0.16844
181.80          -0.17081
182.00          -0.17318
182.20          -0.17557
182.40          -0.17796
182.60          -0.18036
182.80          -0.18275
183.00          -0.18512
183.20          -0.18748
183.40          -0.18981
183.60          -0.19211
183.80          -0.19437
184.00          -0.19657
184.20          -0.19872
184.40          -0.20079
184.60          -0.20279
184.80          -0.20469
185.00          -0.20649
185.20          -0.20818
185.40          -0.20974
185.60          -0.21117
185.80          -0.21245
186.00          -0.21358
186.20          -0.21454
186.40          -0.21533
186.60          -0.21593
186.80          -0.21635
187.00          -0.21657
187.20          -0.21659
187.40          -0.21640
187.60          -0.21600
187.80          -0.21540
188.00          -0.21459
188.20          -0.21358
188.40          -0.21236
188.60          -0.21095
188.80          -0.20935
189.00          -0.20757
189.20          -0.20561
189.40          -0.20350
189.60          -0.20123
189.80          -0.19882
190.00          -0.19628
190.20          -0.19363
190.40          -0.19088
190.60          -0.18804
190.80          -0.18513
191.00          -0.18215
191.20          -0.17912
191.40          -0.17606
191.60          -0.17297
191.80          -0.16986
192.00          -0.16675
192.20          -0.16364
192.40          -0.16055
192.60          -0.15748
192.80          -0.15444
193.00          -0.15144
193.20          -0.14847
193.40          -0.14556
193.60          -0.14269
193.80          -0.13988
194.00          -0.13713
194.20          -0.13445
194.40          -0.13182
194.60          -0.12926
194.80          -0.12677
195.00          -0.12434
195.20          -0.12198
195.40          -0.11969
195.60          -0.11747
195.80          -0.11532
196.00          -0.11323
196.20          -0.11121
196.40          -0.10925
196.60          -0.10736
196.80          -0.10553
197.00          -0.10376
197.20          -0.10205
197.40          -0.10041
197.60          -0.098814
197.80          -0.097278
198.00          -0.095797
198.20          -0.094367
198.40          -0.092989
198.60          -0.091660
198.80          -0.090379
199.00          -0.089145
199.20          -0.087955
199.40          -0.086808
199.60          -0.085703
199.80          -0.084639
200.00          -0.083614
200.20          -0.082626
200.40          -0.081674
200.60          -0.080757
200.80          -0.079874
201.00          -0.079024
201.20          -0.078205
201.40          -0.077415
201.60          -0.076655
201.80          -0.075923
202.00          -0.075218
202.20          -0.074539
202.40          -0.073884
202.60          -0.073254
202.80          -0.072646
203.00          -0.072061
203.20          -0.071498
203.40          -0.070955
203.60          -0.070432
203.80          -0.069928
204.00          -0.069442
204.20          -0.068974
204.40          -0.068523
204.60          -0.068089
204.80          -0.067670
205.00          -0.067267
205.20          -0.066878
205.40          -0.066504
205.60          -0.066143
205.80          -0.065795
206.00          -0.065460
206.20          -0.065137
206.40          -0.064826
206.60          -0.064526
206.80          -0.064237
207.00          -0.063959
207.20          -0.063690
207.40          -0.063432
207.60          -0.063182
207.80          -0.062942
208.00          -0.062711
208.20          -0.062488
208.40          -0.062273
208.60          -0.062067
208.80          -0.061867
209.00          -0.061675
209.20          -0.061491
209.40          -0.061313
209.60          -0.061141
209.80          -0.060976
210.00          -0.060817
210.20          -0.060664
210.40          -0.060517
210.60          -0.060375
210.80          -0.060239
211.00          -0.060108
211.20          -0.059982
211.40          -0.059860
211.60          -0.059744
211.80          -0.059631
212.00          -0.059524
212.20          -0.059420
212.40          -0.059320
212.60          -0.059225
212.80          -0.059133
213.00          -0.059045
213.20          -0.058960
213.40          -0.058879
213.60          -0.058802
213.80          -0.058727
214.00          -0.058656
214.20          -0.058587
214.40          -0.058522
214.60          -0.058459
214.80          -0.058400
215.00          -0.058343
215.20          -0.058288
215.40          -0.058236
215.60          -0.058186
215.80          -0.058139
216.00          -0.058094
216.20          -0.058051
216.40          -0.058011
216.60          -0.057972
216.80          -0.057936
217.00          -0.057901
217.20          -0.057868
217.40          -0.057838
217.60          -0.057809
217.80          -0.057781
218.00          -0.057756
218.20          -0.057732
218.40          -0.057710
218.60          -0.057689
218.80          -0.057670
219.00          -0.057652
219.20          -0.057636
219.40          -0.057622
219.60          -0.057608
219.80          -0.057597
220.00          -0.057586
220.20          -0.057577
220.40          -0.057569
220.60          -0.057563
220.80          -0.057558
221.00          -0.057554
221.20          -0.057551
221.40          -0.057550
221.60          -0.057550
221.80          -0.057551
222.00          -0.057554
222.20          -0.057558
222.40          -0.057563
222.60          -0.057570
222.80          -0.057579
223.00          -0.057589
223.20          -0.057600
223.40          -0.057613
223.60          -0.057628
223.80          -0.057645
224.00          -0.057664
224.20          -0.057685
224.40          -0.057709
224.60          -0.057735
224.80          -0.057765
225.00          -0.057798
