175.00          -0.024026
175.20          -0.024063
175.40          -0.024101
175.60          -0.024138
175.80          -0.024176
176.00          -0.024213
176.20          -0.024251
176.40          -0.024289
176.60          -0.024327
176.80          -0.024365
177.00          -0.024403
177.20          -0.024441
177.40          -0.024479
177.60          -0.024517
177.80          -0.024556
178.00          -0.024594
178.20          -0.024633
178.40          -0.024671
178.60          -0.024710
178.80          -0.024748
179.00          -0.024787
179.20          -0.024826
179.40          -0.024865
179.60          -0.024904
179.80          -0.024943
180.00          -0.024982
180.20          -0.025021
180.40          -0.025060
180.60          -0.025100
180.80          -0.025139
181.00          -0.025178
181.20          -0.025218
181.40          -0.025257
181.60          -0.025297
181.80          -0.025337
182.00          -0.025377
182.20          -0.025416
182.40          -0.025456
182.60          -0.025496
182.80          -0.025537
183.00          -0.025577
183.20          -0.025617
183.40          -0.025657
183.60          -0.025698
183.80          -0.025738
184.00          -0.025779
184.20          -0.025819
184.40          -0.025860
184.60          -0.025901
184.80          -0.025941
185.00          -0.025982
185.20          -0.026023
185.40          -0.026064
185.60          -0.026105
185.80          -0.026147
186.00          -0.026188
186.20          -0.026229
186.40          -0.026271
186.60          -0.026312
186.80          -0.026354
187.00          -0.026395
187.20          -0.026437
187.40          -0.026479
187.60          -0.026520
187.80          -0.026562
188.00          -0.026604
188.20          -0.026646
188.40          -0.026689
188.60          -0.026731
188.80          -0.026773
189.00          -0.026815
189.20          -0.026858
189.40          -0.026900
189.60          -0.026943
189.80          -0.026986
190.00          -0.027028
190.20          -0.027071
190.40          -0.027114
190.60          -0.027157
190.80          -0.027200
191.00          -0.027243
191.20          -0.027287
191.40          -0.027330
191.60          -0.027373
191.80          -0.027417
192.00          -0.027460
192.20          -0.027504
192.40          -0.027547
192.60          -0.027591
192.80          -0.027635
193.00          -0.027679
193.20          -0.027723
193.40          -0.027767
193.60          -0.027811
193.80          -0.027855
194.00          -0.027899
194.20          -0.027944
194.40          -0.027988
194.60          -0.028033
194.80          -0.028077
195.00          -0.028122
195.20          -0.028167
195.40          -0.028212
195.60          -0.028256
195.80          -0.028301
196.00          -0.028347
196.20          -0.028392
196.40          -0.028437
196.60          -0.028482
196.80          -0.028528
197.00          -0.028573
197.20          -0.028619
197.40          -0.028664
197.60          -0.028710
197.80          -0.028756
198.00          -0.028802
198.20          -0.028847
198.40          -0.028893
198.60          -0.028940
198.80          -0.028986
199.00          -0.029032
199.20          -0.029078
199.40          -0.029125
199.60          -0.029171
199.80          -0.029218
200.00          -0.029265
200.20          -0.029311
200.40          -0.029358
200.60          -0.029405
200.80          -0.029452
201.00          -0.029499
201.20          -0.029546
201.40          -0.029593
201.60          -0.029641
201.80          -0.029688
202.00          -0.029736
202.20          -0.029783
202.40          -0.029831
202.60          -0.029879
202.80          -0.029926
203.00          -0.029974
203.20          -0.030022
203.40          -0.030070
203.60          -0.030118
203.80          -0.030167
204.00          -0.030215
204.20          -0.030263
204.40          -0.030312
204.60          -0.030360
204.80          -0.030409
205.00          -0.030458
205.20          -0.030507
205.40          -0.030555
205.60          -0.030604
205.80          -0.030654
206.00          -0.030703
206.20          -0.030752
206.40          -0.030801
206.60          -0.030851
206.80          -0.030900
207.00          -0.030950
207.20          -0.030999
207.40          -0.031049
207.60          -0.031099
207.80          -0.031149
208.00          -0.031199
208.20          -0.031249
208.40          -0.031299
208.60          -0.031349
208.80          -0.031400
209.00          -0.031450
209.20          -0.031501
209.40          -0.031551
209.60          -0.031602
209.80          -0.031653
210.00          -0.031703
210.20          -0.031754
210.40          -0.031805
210.60          -0.031857
210.80          -0.031908
211.00          -0.031959
211.20          -0.032010
211.40          -0.032062
211.60          -0.032113
211.80          -0.032165
212.00          -0.032217
212.20          -0.032269
212.40          -0.032321
212.60          -0.032373
212.80          -0.032425
213.00          -0.032477
213.20          -0.032529
213.40          -0.032581
213.60          -0.032634
213.80          -0.032686
214.00          -0.032739
214.20          -0.032792
214.40          -0.032845
214.60          -0.032897
214.80          -0.032950
215.00          -0.033004
215.20          -0.033057
215.40          -0.033110
215.60          -0.033163
215.80          -0.033217
216.00          -0.033270
216.20          -0.033324
216.40          -0.033378
216.60          -0.033431
216.80          -0.033485
217.00          -0.033539
217.20          -0.033593
217.40          -0.033647
217.60          -0.033702
217.80          -0.033756
218.00          -0.033810
218.20          -0.033865
218.40          -0.033920
218.60          -0.033974
218.80          -0.034029
219.00          -0.034084
219.20          -0.034139
219.40          -0.034194
219.60          -0.034249
219.80          -0.034305
220.00          -0.034360
220.20          -0.034415
220.40          -0.034471
220.60          -0.034527
220.80          -0.034582
221.00          -0.034638
221.20          -0.034694
221.40          -0.034750
221.60          -0.034806
221.80          -0.034862
222.00          -0.034919
222.20          -0.034975
222.40          -0.035032
222.60          -0.035088
222.80          -0.035145
223.00          -0.035202
223.20          -0.035259
223.40          -0.035315
223.60          -0.035373
223.80          -0.035430
224.00          -0.035487
224.20          -0.035544
224.40          -0.035602
224.60          -0.035659
224.80          -0.035717
225.00          -0.035775
