175.00          -0.025807
175.20          -0.025851
175.40          -0.025895
175.60          -0.025939
175.80          -0.025983
176.00          -0.026027
176.20          -0.026072
176.40          -0.026116
176.60          -0.026160
176.80          -0.026205
177.00          -0.026250
177.20          -0.026294
177.40          -0.026339
177.60          -0.026384
177.80          -0.026429
178.00          -0.026474
178.20          -0.026520
178.40          -0.026565
178.60          -0.026610
178.80          -0.026656
179.00          -0.026701
179.20          -0.026747
179.40          -0.026793
179.60          -0.026838
179.80          -0.026884
180.00          -0.026930
180.20          -0.026976
180.40          -0.027023
180.60          -0.027069
180.80          -0.027115
181.00          -0.027162
181.20          -0.027208
181.40          -0.027255
181.60          -0.027302
181.80          -0.027348
182.00          -0.027395
182.20          -0.027442
182.40          -0.027489
182.60          -0.027537
182.80          -0.027584
183.00          -0.027631
183.20          -0.027679
183.40          -0.027726
183.60          -0.027774
183.80          -0.027822
184.00          -0.027869
184.20          -0.027917
184.40          -0.027965
184.60          -0.028014
184.80          -0.028062
185.00          -0.028110
185.20          -0.028159
185.40          -0.028207
185.60          -0.028256
185.80          -0.028304
186.00          -0.028353
186.20          -0.028402
186.40          -0.028451
186.60          -0.028500
186.80          -0.028549
187.00          -0.028598
187.20          -0.028648
187.40          -0.028697
187.60          -0.028747
187.80          -0.028796
188.00          -0.028846
188.20          -0.028896
188.40          -0.028946
188.60          -0.028996
188.80          -0.029046
189.00          -0.029096
189.20          -0.029147
189.40          -0.029197
189.60          -0.029248
189.80          -0.029298
190.00          -0.029349
190.20          -0.029400
190.40          -0.029451
190.60          -0.029502
190.80          -0.029553
191.00          -0.029604
191.20          -0.029655
191.40          -0.029707
191.60          -0.029758
191.80          -0.029810
192.00          -0.029861
192.20          -0.029913
192.40          -0.029965
192.60          -0.030017
192.80          -0.030069
193.00          -0.030121
193.20          -0.030174
193.40          -0.030226
193.60          -0.030279
193.80          -0.030331
194.00          -0.030384
194.20          -0.030437
194.40          -0.030490
194.60          -0.030543
194.80          -0.030596
195.00          -0.030649
195.20          -0.030702
195.40          -0.030756
195.60          -0.030809
195.80          -0.030863
196.00          -0.030917
196.20          -0.030971
196.40          -0.031024
196.60          -0.031079
196.80          -0.031133
197.00          -0.031187
197.20          -0.031241
197.40          -0.031296
197.60          -0.031350
197.80          -0.031405
198.00          -0.031460
198.20          -0.031515
198.40          -0.031570
198.60          -0.031625
198.80          -0.031680
199.00          -0.031735
199.20          -0.031791
199.40          -0.031846
199.60          -0.031902
199.80          -0.031957
200.00          -0.032013
200.20          -0.032069
200.40          -0.032125
200.60          -0.032181
200.80          -0.032238
201.00          -0.032294
201.20          -0.032350
201.40          -0.032407
201.60          -0.032464
201.80          -0.032520
202.00          -0.032577
202.20          -0.032634
202.40          -0.032692
202.60          -0.032749
202.80          -0.032806
203.00          -0.032864
203.20          -0.032921
203.40          -0.032979
203.60          -0.033037
203.80          -0.033094
204.00          -0.033152
204.20          -0.033211
204.40          -0.033269
204.60          -0.033327
204.80          -0.033386
205.00          -0.033444
205.20          -0.033503
205.40          -0.033562
205.60          -0.033620
205.80          -0.033679
206.00          -0.033739
206.20          -0.033798
206.40          -0.033857
206.60          -0.033917
206.80          -0.033976
207.00          -0.034036
207.20          -0.034096
207.40          -0.034155
207.60          -0.034215
207.80          -0.034276
208.00          -0.034336
208.20          -0.034396
208.40          -0.034457
208.60          -0.034517
208.80          -0.034578
209.00          -0.034639
209.20          -0.034700
209.40          -0.034761
209.60          -0.034822
209.80          -0.034883
210.00          -0.034945
210.20          -0.035006
210.40          -0.035068
210.60          -0.035130
210.80          -0.035191
211.00          -0.035253
211.20          -0.035316
211.40          -0.035378
211.60          -0.035440
211.80          -0.035503
212.00          -0.035565
212.20          -0.035628
212.40          -0.035691
212.60          -0.035754
212.80          -0.035817
213.00          -0.035880
213.20          -0.035943
213.40          -0.036007
213.60          -0.036070
213.80          -0.036134
214.00          -0.036198
214.20          -0.036262
214.40          -0.036326
214.60          -0.036390
214.80          -0.036454
215.00          -0.036518
215.20          -0.036583
215.40          -0.036648
215.60          -0.036712
215.80          -0.036777
216.00          -0.036842
216.20          -0.036907
216.40          -0.036973
216.60          -0.037038
216.80          -0.037104
217.00          -0.037169
217.20          -0.037235
217.40          -0.037301
217.60          -0.037367
217.80          -0.037433
218.00          -0.037499
218.20          -0.037566
218.40          -0.037632
218.60          -0.037699
218.80          -0.037766
219.00          -0.037833
219.20          -0.037900
219.40          -0.037967
219.60          -0.038034
219.80          -0.038102
220.00          -0.038169
220.20          -0.038237
220.40          -0.038305
220.60          -0.038373
220.80          -0.038441
221.00          -0.038509
221.20          -0.038577
221.40          -0.038646
221.60          -0.038715
221.80          -0.038783
222.00          -0.038852
222.20          -0.038921
222.40          -0.038990
222.60          -0.039060
222.80          -0.039129
223.00          -0.039199
223.20          -0.039268
223.40          -0.039338
223.60          -0.039408
223.80          -0.039478
224.00          -0.039549
224.20          -0.039619
224.40          -0.039689
224.60          -0.039760
224.80          -0.039831
225.00          -0.039902
