175.00          -0.058643
175.20          -0.059920
175.40          -0.061264
175.60          -0.062681
175.80          -0.064177
176.00          -0.065757
176.20          -0.067428
176.40          -0.069198
176.60          -0.071075
176.80          -0.073067
177.00          -0.075186
177.20          -0.077441
177.40          -0.079845
177.60          -0.082411
177.80          -0.085156
178.00          -0.088095
178.20          -0.091247
178.40          -0.094635
178.60          -0.098281
178.80          -0.10221
179.00          -0.10646
179.20          -0.11105
179.40          -0.11604
179.60          -0.12145
179.80          -0.12735
180.00          -0.13378
180.20          -0.14081
180.40          -0.14851
180.60          -0.15697
180.80          -0.16627
181.00          -0.17652
181.20          -0.18785
181.40          -0.20038
181.60          -0.21427
181.80          -0.22967
182.00          -0.24677
182.20          -0.26575
182.40          -0.28680
182.60          -0.31011
182.80          -0.33582
183.00          -0.36402
183.20          -0.39469
183.40          -0.42765
183.60          -0.46248
183.80          -0.49840
184.00          -0.53426
184.20          -0.56844
184.40          -0.59890
184.60          -0.62338
184.80          -0.63966
185.00          -0.64600
185.20          -0.64151
185.40          -0.62639
185.60          -0.60193
185.80          -0.57016
186.00          -0.53349
186.20          -0.49427
186.40          -0.45450
186.60          -0.41572
186.80          -0.37895
187.00          -0.34482
187.20          -0.31361
187.40          -0.28537
187.60          -0.26001
187.80          -0.23734
188.00          -0.21714
188.20          -0.19916
188.40          -0.18317
188.60          -0.16895
188.80          -0.15628
189.00          -0.14498
189.20          -0.13489
189.40          -0.12586
189.60          -0.11776
189.80          -0.11049
190.00          -0.10393
190.20          -0.098020
190.40          -0.092673
190.60          -0.087828
190.80          -0.083428
191.00          -0.079425
191.20          -0.075775
191.40          -0.072442
191.60          -0.069393
191.80          -0.066597
192.00          -0.064031
192.20          -0.061671
192.40          -0.059497
192.60          -0.057492
192.80          -0.055640
193.00          -0.053927
193.20          -0.052340
193.40          -0.050869
193.60          -0.049502
193.80          -0.048233
194.00          -0.047051
194.20          -0.045950
194.40          -0.044924
194.60          -0.043966
194.80          -0.043071
195.00          -0.042234
195.20          -0.041452
195.40          -0.040719
195.60          -0.040032
195.80          -0.039388
196.00          -0.038784
196.20          -0.038216
196.40          -0.037683
196.60          -0.037182
196.80          -0.036712
197.00          -0.036269
197.20          -0.035852
197.40          -0.035459
197.60          -0.035090
197.80          -0.034742
198.00          -0.034414
198.20          -0.034105
198.40          -0.033814
198.60          -0.033539
198.80          -0.033281
199.00          -0.033037
199.20          -0.032807
199.40          -0.032591
199.60          -0.032387
199.80          -0.032195
200.00          -0.032014
200.20          -0.031845
200.40          -0.031685
200.60          -0.031535
200.80          -0.031394
201.00          -0.031262
201.20          -0.031138
201.40          -0.031022
201.60          -0.030915
201.80          -0.030814
202.00          -0.030721
202.20          -0.030635
202.40          -0.030556
202.60          -0.030484
202.80          -0.030419
203.00          -0.030360
203.20          -0.030308
203.40          -0.030264
203.60          -0.030228
203.80          -0.030200
204.00          -0.030181
204.20          -0.030175
204.40          -0.030182
204.60          -0.030208
204.80          -0.030259
205.00          -0.030350
205.20          -0.030506
205.40          -0.030783
205.60          -0.031333
205.80          -0.032687
206.00          -0.038253
206.20          -0.33569
206.40          -0.036308
206.60          -0.030091
206.80          -0.029359
207.00          -0.029198
207.20          -0.029161
207.40          -0.029161
207.60          -0.029174
207.80          -0.029191
208.00          -0.029210
208.20          -0.029229
208.40          -0.029249
208.60          -0.029268
208.80          -0.029288
209.00          -0.029308
209.20          -0.029329
209.40          -0.029350
209.60          -0.029371
209.80          -0.029393
210.00          -0.029416
210.20          -0.029439
210.40          -0.029463
210.60          -0.029487
210.80          -0.029513
211.00          -0.029538
211.20          -0.029565
211.40          -0.029592
211.60          -0.029619
211.80          -0.029648
212.00          -0.029677
212.20          -0.029706
212.40          -0.029737
212.60          -0.029767
212.80          -0.029799
213.00          -0.029831
213.20          -0.029863
213.40          -0.029896
213.60          -0.029930
213.80          -0.029964
214.00          -0.029998
214.20          -0.030033
214.40          -0.030069
214.60          -0.030105
214.80          -0.030141
215.00          -0.030178
215.20          -0.030215
215.40          -0.030253
215.60          -0.030291
215.80          -0.030330
216.00          -0.030368
216.20          -0.030408
216.40          -0.030447
216.60          -0.030487
216.80          -0.030527
217.00          -0.030568
217.20          -0.030609
217.40          -0.030650
217.60          -0.030692
217.80          -0.030733
218.00          -0.030776
218.20          -0.030818
218.40          -0.030861
218.60          -0.030904
218.80          -0.030947
219.00          -0.030990
219.20          -0.031034
219.40          -0.031078
219.60          -0.031122
219.80          -0.031166
220.00          -0.031211
220.20          -0.031256
220.40          -0.031301
220.60          -0.031346
220.80          -0.031391
221.00          -0.031437
221.20          -0.031483
221.40          -0.031529
221.60          -0.031575
221.80          -0.031622
222.00          -0.031669
222.20          -0.031716
222.40          -0.031763
222.60          -0.031810
222.80          -0.031858
223.00          -0.031905
223.20          -0.031953
223.40          -0.032001
223.60          -0.032050
223.80          -0.032098
224.00          -0.032147
224.20          -0.032196
224.40          -0.032246
224.60          -0.032295
224.80          -0.032345
225.00          -0.032395
