175.00          -0.054935
175.20          -0.056150
175.40          -0.057429
175.60          -0.058777
175.80          -0.060201
176.00          -0.061705
176.20          -0.063296
176.40          -0.064981
176.60          -0.066768
176.80          -0.068666
177.00          -0.070683
177.20          -0.072831
177.40          -0.075121
177.60          -0.077566
177.80          -0.080180
178.00          -0.082979
178.20          -0.085982
178.40          -0.089208
178.60          -0.092680
178.80          -0.096423
179.00          -0.10047
179.20          -0.10484
179.40          -0.10959
179.60          -0.11474
179.80          -0.12035
180.00          -0.12647
180.20          -0.13316
180.40          -0.14048
180.60          -0.14853
180.80          -0.15737
181.00          -0.16712
181.20          -0.17789
181.40          -0.18981
181.60          -0.20301
181.80          -0.21766
182.00          -0.23392
182.20          -0.25199
182.40          -0.27205
182.60          -0.29428
182.80          -0.31884
183.00          -0.34584
183.20          -0.37530
183.40          -0.40710
183.60          -0.44089
183.80          -0.47602
184.00          -0.51147
184.20          -0.54576
184.40          -0.57700
184.60          -0.60299
184.80          -0.62151
185.00          -0.63066
185.20          -0.62932
185.40          -0.61738
185.60          -0.59584
185.80          -0.56652
186.00          -0.53173
186.20          -0.49384
186.40          -0.45491
186.60          -0.41658
186.80          -0.37998
187.00          -0.34583
187.20          -0.31448
187.40          -0.28603
187.60          -0.26043
187.80          -0.23752
188.00          -0.21708
188.20          -0.19888
188.40          -0.18269
188.60          -0.16828
188.80          -0.15545
189.00          -0.14400
189.20          -0.13378
189.40          -0.12463
189.60          -0.11643
189.80          -0.10906
190.00          -0.10242
190.20          -0.096435
190.40          -0.091021
190.60          -0.086114
190.80          -0.081659
191.00          -0.077605
191.20          -0.073910
191.40          -0.070534
191.60          -0.067445
191.80          -0.064613
192.00          -0.062012
192.20          -0.059619
192.40          -0.057415
192.60          -0.055381
192.80          -0.053501
193.00          -0.051761
193.20          -0.050149
193.40          -0.048654
193.60          -0.047264
193.80          -0.045971
194.00          -0.044767
194.20          -0.043645
194.40          -0.042598
194.60          -0.041619
194.80          -0.040705
195.00          -0.039849
195.20          -0.039055
195.40          -0.038298
195.60          -0.037589
195.80          -0.036926
196.00          -0.036303
196.20          -0.035718
196.40          -0.035167
196.60          -0.034648
196.80          -0.034159
197.00          -0.033699
197.20          -0.033264
197.40          -0.032854
197.60          -0.032467
197.80          -0.032102
198.00          -0.031757
198.20          -0.031431
198.40          -0.031122
198.60          -0.030831
198.80          -0.030555
199.00          -0.030294
199.20          -0.030047
199.40          -0.029813
199.60          -0.029592
199.80          -0.029383
200.00          -0.029184
200.20          -0.028997
200.40          -0.028819
200.60          -0.028651
200.80          -0.028492
201.00          -0.028341
201.20          -0.028199
201.40          -0.028064
201.60          -0.027937
201.80          -0.027817
202.00          -0.027704
202.20          -0.027597
202.40          -0.027496
202.60          -0.027401
202.80          -0.027312
203.00          -0.027229
203.20          -0.027151
203.40          -0.027079
203.60          -0.027012
203.80          -0.026951
204.00          -0.026895
204.20          -0.026846
204.40          -0.026803
204.60          -0.026768
204.80          -0.026743
205.00          -0.026731
205.20          -0.026741
205.40          -0.026787
205.60          -0.026913
205.80          -0.027267
206.00          -0.028809
206.20          -0.11625
206.40          -0.027917
206.60          -0.026340
206.80          -0.026148
207.00          -0.026096
207.20          -0.026074
207.40          -0.026062
207.60          -0.026053
207.80          -0.026045
208.00          -0.026039
208.20          -0.026034
208.40          -0.026030
208.60          -0.026027
208.80          -0.026025
209.00          -0.026024
209.20          -0.026024
209.40          -0.026025
209.60          -0.026027
209.80          -0.026030
210.00          -0.026034
210.20          -0.026039
210.40          -0.026045
210.60          -0.026052
210.80          -0.026060
211.00          -0.026069
211.20          -0.026078
211.40          -0.026088
211.60          -0.026100
211.80          -0.026112
212.00          -0.026124
212.20          -0.026138
212.40          -0.026152
212.60          -0.026167
212.80          -0.026183
213.00          -0.026199
213.20          -0.026216
213.40          -0.026233
213.60          -0.026251
213.80          -0.026270
214.00          -0.026289
214.20          -0.026309
214.40          -0.026329
214.60          -0.026350
214.80          -0.026372
215.00          -0.026393
215.20          -0.026416
215.40          -0.026439
215.60          -0.026462
215.80          -0.026485
216.00          -0.026509
216.20          -0.026534
216.40          -0.026559
216.60          -0.026584
216.80          -0.026609
217.00          -0.026635
217.20          -0.026661
217.40          -0.026688
217.60          -0.026715
217.80          -0.026742
218.00          -0.026770
218.20          -0.026798
218.40          -0.026826
218.60          -0.026854
218.80          -0.026883
219.00          -0.026912
219.20          -0.026941
219.40          -0.026970
219.60          -0.027000
219.80          -0.027030
220.00          -0.027060
220.20          -0.027091
220.40          -0.027121
220.60          -0.027152
220.80          -0.027184
221.00          -0.027215
221.20          -0.027246
221.40          -0.027278
221.60          -0.027310
221.80          -0.027343
222.00          -0.027375
222.20          -0.027408
222.40          -0.027440
222.60          -0.027474
222.80          -0.027507
223.00          -0.027540
223.20          -0.027574
223.40          -0.027608
223.60          -0.027642
223.80          -0.027676
224.00          -0.027711
224.20          -0.027746
224.40          -0.027781
224.60          -0.027816
224.80          -0.027852
225.00          -0.027888
