175.00          -0.072810
175.20          -0.071666
175.40          -0.070563
175.60          -0.069501
175.80          -0.068478
176.00          -0.067492
176.20          -0.066542
176.40          -0.065626
176.60          -0.064744
176.80          -0.063893
177.00          -0.063073
177.20          -0.062283
177.40          -0.061521
177.60          -0.060785
177.80          -0.060077
178.00          -0.059393
178.20          -0.058733
178.40          -0.058096
178.60          -0.057482
178.80          -0.056888
179.00          -0.056316
179.20          -0.055762
179.40          -0.055228
179.60          -0.054712
179.80          -0.054214
180.00          -0.053732
180.20          -0.053266
180.40          -0.052815
180.60          -0.052380
180.80          -0.051959
181.00          -0.051551
181.20          -0.051157
181.40          -0.050776
181.60          -0.050406
181.80          -0.050049
182.00          -0.049702
182.20          -0.049367
182.40          -0.049042
182.60          -0.048727
182.80          -0.048422
183.00          -0.048126
183.20          -0.047839
183.40          -0.047561
183.60          -0.047291
183.80          -0.047029
184.00          -0.046775
184.20          -0.046528
184.40          -0.046289
184.60          -0.046056
184.80          -0.045830
185.00          -0.045611
185.20          -0.045398
185.40          -0.045190
185.60          -0.044989
185.80          -0.044793
186.00          -0.044602
186.20          -0.044417
186.40          -0.044237
186.60          -0.044061
186.80          -0.043890
187.00          -0.043724
187.20          -0.043562
187.40          -0.043404
187.60          -0.043251
187.80          -0.043101
188.00          -0.042955
188.20          -0.042813
188.40          -0.042674
188.60          -0.042539
188.80          -0.042407
189.00          -0.042278
189.20          -0.042152
189.40          -0.042030
189.60          -0.041910
189.80          -0.041793
190.00          -0.041679
190.20          -0.041567
190.40          -0.041458
190.60          -0.041352
190.80          -0.041248
191.00          -0.041146
191.20          -0.041046
191.40          -0.040949
191.60          -0.040853
191.80          -0.040760
192.00          -0.040669
192.20          -0.040580
192.40          -0.040492
192.60          -0.040407
192.80          -0.040323
193.00          -0.040240
193.20          -0.040160
193.40          -0.040081
193.60          -0.040004
193.80          -0.039928
194.00          -0.039853
194.20          -0.039780
194.40          -0.039709
194.60          -0.039639
194.80          -0.039570
195.00          -0.039502
195.20          -0.039436
195.40          -0.039370
195.60          -0.039306
195.80          -0.039243
196.00          -0.039182
196.20          -0.039121
196.40          -0.039061
196.60          -0.039003
196.80          -0.038945
197.00          -0.038889
197.20          -0.038833
197.40          -0.038778
197.60          -0.038725
197.80          -0.038672
198.00          -0.038620
198.20          -0.038569
198.40          -0.038518
198.60          -0.038469
198.80          -0.038420
199.00          -0.038373
199.20          -0.038326
199.40          -0.038280
199.60          -0.038234
199.80          -0.038190
200.00          -0.038146
200.20          -0.038104
200.40          -0.038062
200.60          -0.038021
200.80          -0.037981
201.00          -0.037942
201.20          -0.037904
201.40          -0.037867
201.60          -0.037831
201.80          -0.037796
202.00          -0.037764
202.20          -0.037732
202.40          -0.037703
202.60          -0.037677
202.80          -0.037653
203.00          -0.037633
203.20          -0.037619
203.40          -0.037611
203.60          -0.037614
203.80          -0.037633
204.00          -0.037677
204.20          -0.037768
204.40          -0.037953
204.60          -0.038376
204.80          -0.039642
205.00          -0.047917
205.20          -0.10996
205.40          -0.039247
205.60          -0.037378
205.80          -0.036999
206.00          -0.036863
206.20          -0.036795
206.40          -0.036750
206.60          -0.036715
206.80          -0.036685
207.00          -0.036656
207.20          -0.036628
207.40          -0.036601
207.60          -0.036574
207.80          -0.036547
208.00          -0.036520
208.20          -0.036493
208.40          -0.036466
208.60          -0.036439
208.80          -0.036412
209.00          -0.036385
209.20          -0.036358
209.40          -0.036331
209.60          -0.036304
209.80          -0.036277
210.00          -0.036250
210.20          -0.036223
210.40          -0.036197
210.60          -0.036170
210.80          -0.036144
211.00          -0.036118
211.20          -0.036091
211.40          -0.036065
211.60          -0.036039
211.80          -0.036014
212.00          -0.035988
212.20          -0.035962
212.40          -0.035937
212.60          -0.035911
212.80          -0.035886
213.00          -0.035861
213.20          -0.035836
213.40          -0.035811
213.60          -0.035786
213.80          -0.035762
214.00          -0.035737
214.20          -0.035713
214.40          -0.035688
214.60          -0.035664
214.80          -0.035640
215.00          -0.035616
215.20          -0.035593
215.40          -0.035569
215.60          -0.035545
215.80          -0.035522
216.00          -0.035499
216.20          -0.035476
216.40          -0.035453
216.60          -0.035430
216.80          -0.035408
217.00          -0.035385
217.20          -0.035363
217.40          -0.035341
217.60          -0.035319
217.80          -0.035297
218.00          -0.035275
218.20          -0.035254
218.40          -0.035233
218.60          -0.035212
218.80          -0.035191
219.00          -0.035171
219.20          -0.035151
219.40          -0.035131
219.60          -0.035111
219.80          -0.035092
220.00          -0.035073
220.20          -0.035055
220.40          -0.035037
220.60          -0.035020
220.80          -0.035003
221.00          -0.034987
221.20          -0.034971
221.40          -0.034956
221.60          -0.034942
221.80          -0.034930
222.00          -0.034918
222.20          -0.034908
222.40          -0.034899
222.60          -0.034892
222.80          -0.034887
223.00          -0.034885
223.20          -0.034886
223.40          -0.034890
223.60          -0.034899
223.80          -0.034913
224.00          -0.034935
224.20          -0.034964
224.40          -0.035005
224.60          -0.035060
224.80          -0.035134
225.00          -0.035234
