175.00          -0.072609
175.20          -0.075090
175.40          -0.077746
175.60          -0.080592
175.80          -0.083646
176.00          -0.086930
176.20          -0.090466
176.40          -0.094282
176.60          -0.098406
176.80          -0.10287
177.00          -0.10772
177.20          -0.11298
177.40          -0.11872
177.60          -0.12499
177.80          -0.13184
178.00          -0.13935
178.20          -0.14759
178.40          -0.15667
178.60          -0.16668
178.80          -0.17774
179.00          -0.18998
179.20          -0.20354
179.40          -0.21858
179.60          -0.23527
179.80          -0.25379
180.00          -0.27431
180.20          -0.29699
180.40          -0.32196
180.60          -0.34927
180.80          -0.37886
181.00          -0.41048
181.20          -0.44365
181.40          -0.47754
181.60          -0.51091
181.80          -0.54211
182.00          -0.56916
182.20          -0.58989
182.40          -0.60232
182.60          -0.60503
182.80          -0.59749
183.00          -0.58022
183.20          -0.55467
183.40          -0.52291
183.60          -0.48723
183.80          -0.44976
184.00          -0.41228
184.20          -0.37606
184.40          -0.34198
184.60          -0.31049
184.80          -0.28181
185.00          -0.25592
185.20          -0.23271
185.40          -0.21199
185.60          -0.19354
185.80          -0.17712
186.00          -0.16252
186.20          -0.14953
186.40          -0.13796
186.60          -0.12764
186.80          -0.11841
187.00          -0.11015
187.20          -0.10274
187.40          -0.096077
187.60          -0.090074
187.80          -0.084654
188.00          -0.079749
188.20          -0.075302
188.40          -0.071262
188.60          -0.067584
188.80          -0.064229
189.00          -0.061163
189.20          -0.058356
189.40          -0.055782
189.60          -0.053418
189.80          -0.051243
190.00          -0.049239
190.20          -0.047389
190.40          -0.045680
190.60          -0.044099
190.80          -0.042634
191.00          -0.041275
191.20          -0.040013
191.40          -0.038841
191.60          -0.037750
191.80          -0.036734
192.00          -0.035788
192.20          -0.034906
192.40          -0.034084
192.60          -0.033318
192.80          -0.032603
193.00          -0.031938
193.20          -0.031320
193.40          -0.030747
193.60          -0.030219
193.80          -0.029737
194.00          -0.029305
194.20          -0.028931
194.40          -0.028636
194.60          -0.028466
194.80          -0.028543
195.00          -0.029356
195.20          -0.034519
195.40          -0.60904
195.60          -0.028238
195.80          -0.025476
196.00          -0.024898
196.20          -0.024588
196.40          -0.024345
196.60          -0.024126
196.80          -0.023923
197.00          -0.023730
197.20          -0.023547
197.40          -0.023372
197.60          -0.023206
197.80          -0.023048
198.00          -0.022897
198.20          -0.022755
198.40          -0.022619
198.60          -0.022491
198.80          -0.022369
199.00          -0.022253
199.20          -0.022144
199.40          -0.022041
199.60          -0.021943
199.80          -0.021851
200.00          -0.021764
200.20          -0.021682
200.40          -0.021604
200.60          -0.021531
200.80          -0.021463
201.00          -0.021399
201.20          -0.021338
201.40          -0.021282
201.60          -0.021229
201.80          -0.021180
202.00          -0.021134
202.20          -0.021091
202.40          -0.021052
202.60          -0.021015
202.80          -0.020982
203.00          -0.020951
203.20          -0.020923
203.40          -0.020897
203.60          -0.020874
203.80          -0.020854
204.00          -0.020835
204.20          -0.020819
204.40          -0.020805
204.60          -0.020794
204.80          -0.020784
205.00          -0.020776
205.20          -0.020770
205.40          -0.020766
205.60          -0.020763
205.80          -0.020762
206.00          -0.020763
206.20          -0.020766
206.40          -0.020770
206.60          -0.020776
206.80          -0.020783
207.00          -0.020791
207.20          -0.020801
207.40          -0.020813
207.60          -0.020825
207.80          -0.020839
208.00          -0.020854
208.20          -0.020871
208.40          -0.020889
208.60          -0.020908
208.80          -0.020928
209.00          -0.020949
209.20          -0.020972
209.40          -0.020995
209.60          -0.021020
209.80          -0.021046
210.00          -0.021073
210.20          -0.021101
210.40          -0.021130
210.60          -0.021160
210.80          -0.021191
211.00          -0.021223
211.20          -0.021257
211.40          -0.021291
211.60          -0.021326
211.80          -0.021363
212.00          -0.021401
212.20          -0.021439
212.40          -0.021479
212.60          -0.021520
212.80          -0.021562
213.00          -0.021605
213.20          -0.021649
213.40          -0.021695
213.60          -0.021741
213.80          -0.021789
214.00          -0.021838
214.20          -0.021889
214.40          -0.021941
214.60          -0.021994
214.80          -0.022049
215.00          -0.022105
215.20          -0.022163
215.40          -0.022223
215.60          -0.022284
215.80          -0.022347
216.00          -0.022412
216.20          -0.022479
216.40          -0.022549
216.60          -0.022621
216.80          -0.022695
217.00          -0.022772
217.20          -0.022852
217.40          -0.022936
217.60          -0.023025
217.80          -0.023121
218.00          -0.023237
218.20          -0.023663
218.40          -0.023549
218.60          -0.023525
218.80          -0.023626
219.00          -0.023743
219.20          -0.023869
219.40          -0.024004
219.60          -0.024148
219.80          -0.024303
220.00          -0.024471
220.20          -0.024652
220.40          -0.024849
220.60          -0.025066
220.80          -0.025305
221.00          -0.025571
221.20          -0.025870
221.40          -0.026208
221.60          -0.026596
221.80          -0.027046
222.00          -0.027576
222.20          -0.028210
222.40          -0.028982
222.60          -0.029945
222.80          -0.031177
223.00          -0.032805
223.20          -0.035040
223.40          -0.038259
223.60          -0.043182
223.80          -0.051296
224.00          -0.065868
224.20          -0.093423
224.40          -0.13302
224.60          -0.12408
224.80          -0.073198
225.00          -0.045066
