175.00          -0.026142
175.20          -0.026189
175.40          -0.026236
175.60          -0.026283
175.80          -0.026330
176.00          -0.026378
176.20          -0.026425
176.40          -0.026473
176.60          -0.026520
176.80          -0.026568
177.00          -0.026616
177.20          -0.026664
177.40          -0.026713
177.60          -0.026761
177.80          -0.026810
178.00          -0.026858
178.20          -0.026907
178.40          -0.026956
178.60          -0.027005
178.80          -0.027054
179.00          -0.027103
179.20          -0.027153
179.40          -0.027202
179.60          -0.027252
179.80          -0.027302
180.00          -0.027352
180.20          -0.027402
180.40          -0.027452
180.60          -0.027503
180.80          -0.027553
181.00          -0.027604
181.20          -0.027655
181.40          -0.027706
181.60          -0.027757
181.80          -0.027808
182.00          -0.027859
182.20          -0.027911
182.40          -0.027963
182.60          -0.028014
182.80          -0.028066
183.00          -0.028118
183.20          -0.028171
183.40          -0.028223
183.60          -0.028276
183.80          -0.028329
184.00          -0.028382
184.20          -0.028435
184.40          -0.028488
184.60          -0.028541
184.80          -0.028595
185.00          -0.028649
185.20          -0.028702
185.40          -0.028757
185.60          -0.028811
185.80          -0.028865
186.00          -0.028920
186.20          -0.028975
186.40          -0.029030
186.60          -0.029085
186.80          -0.029140
187.00          -0.029195
187.20          -0.029251
187.40          -0.029307
187.60          -0.029363
187.80          -0.029419
188.00          -0.029476
188.20          -0.029532
188.40          -0.029589
188.60          -0.029646
188.80          -0.029704
189.00          -0.029761
189.20          -0.029819
189.40          -0.029877
189.60          -0.029935
189.80          -0.029993
190.00          -0.030052
190.20          -0.030111
190.40          -0.030170
190.60          -0.030229
190.80          -0.030288
191.00          -0.030348
191.20          -0.030408
191.40          -0.030468
191.60          -0.030529
191.80          -0.030590
192.00          -0.030651
192.20          -0.030712
192.40          -0.030773
192.60          -0.030835
192.80          -0.030897
193.00          -0.030960
193.20          -0.031023
193.40          -0.031086
193.60          -0.031149
193.80          -0.031213
194.00          -0.031277
194.20          -0.031341
194.40          -0.031406
194.60          -0.031471
194.80          -0.031536
195.00          -0.031602
195.20          -0.031668
195.40          -0.031735
195.60          -0.031802
195.80          -0.031869
196.00          -0.031937
196.20          -0.032005
196.40          -0.032074
196.60          -0.032143
196.80          -0.032213
197.00          -0.032284
197.20          -0.032354
197.40          -0.032426
197.60          -0.032498
197.80          -0.032571
198.00          -0.032644
198.20          -0.032718
198.40          -0.032793
198.60          -0.032868
198.80          -0.032944
199.00          -0.033022
199.20          -0.033100
199.40          -0.033179
199.60          -0.033259
199.80          -0.033340
200.00          -0.033423
200.20          -0.033507
200.40          -0.033592
200.60          -0.033679
200.80          -0.033767
201.00          -0.033858
201.20          -0.033950
201.40          -0.034045
201.60          -0.034143
201.80          -0.034243
202.00          -0.034347
202.20          -0.034455
202.40          -0.034568
202.60          -0.034686
202.80          -0.034811
203.00          -0.034944
203.20          -0.035086
203.40          -0.035241
203.60          -0.035412
203.80          -0.035603
204.00          -0.035823
204.20          -0.036081
204.40          -0.036396
204.60          -0.036797
204.80          -0.037341
205.00          -0.038139
205.20          -0.039450
205.40          -0.042021
205.60          -0.048897
205.80          -0.087669
206.00          -0.60515
206.20          -0.048990
206.40          -0.037716
206.60          -0.035828
206.80          -0.035375
207.00          -0.035300
207.20          -0.035352
207.40          -0.035454
207.60          -0.035577
207.80          -0.035708
208.00          -0.035843
208.20          -0.035979
208.40          -0.036115
208.60          -0.036251
208.80          -0.036387
209.00          -0.036523
209.20          -0.036659
209.40          -0.036796
209.60          -0.036934
209.80          -0.037073
210.00          -0.037214
210.20          -0.037356
210.40          -0.037501
210.60          -0.037648
210.80          -0.037797
211.00          -0.037950
211.20          -0.038106
211.40          -0.038265
211.60          -0.038429
211.80          -0.038597
212.00          -0.038770
212.20          -0.038948
212.40          -0.039132
212.60          -0.039322
212.80          -0.039519
213.00          -0.039724
213.20          -0.039937
213.40          -0.040159
213.60          -0.040391
213.80          -0.040634
214.00          -0.040890
214.20          -0.041159
214.40          -0.041443
214.60          -0.041743
214.80          -0.042063
215.00          -0.042403
215.20          -0.042766
215.40          -0.043156
215.60          -0.043576
215.80          -0.044030
216.00          -0.044523
216.20          -0.045061
216.40          -0.045651
216.60          -0.046301
216.80          -0.047021
217.00          -0.047825
217.20          -0.048728
217.40          -0.049749
217.60          -0.050915
217.80          -0.052256
218.00          -0.053814
218.20          -0.055646
218.40          -0.057826
218.60          -0.060456
218.80          -0.063682
219.00          -0.067711
219.20          -0.072853
219.40          -0.079589
219.60          -0.088690
219.80          -0.10147
220.00          -0.12030
220.20          -0.14989
220.40          -0.20056
220.60          -0.29895
220.80          -0.53122
221.00          -1.2993
221.20          -5.5343
221.40          -3.2273
221.60          -0.83989
221.80          -0.36370
222.00          -0.20757
222.20          -0.13958
222.40          -0.10451
222.60          -0.084303
222.80          -0.071726
223.00          -0.063437
223.20          -0.057734
223.40          -0.053675
223.60          -0.050708
223.80          -0.048492
224.00          -0.046810
224.20          -0.045515
224.40          -0.044509
224.60          -0.043721
224.80          -0.043103
225.00          -0.042617
