175.00          -0.049125
175.20          -0.049445
175.40          -0.049771
175.60          -0.050103
175.80          -0.050441
176.00          -0.050785
176.20          -0.051136
176.40          -0.051493
176.60          -0.051857
176.80          -0.052228
177.00          -0.052607
177.20          -0.052993
177.40          -0.053388
177.60          -0.053790
177.80          -0.054200
178.00          -0.054620
178.20          -0.055048
178.40          -0.055486
178.60          -0.055933
178.80          -0.056391
179.00          -0.056858
179.20          -0.057337
179.40          -0.057826
179.60          -0.058327
179.80          -0.058840
180.00          -0.059366
180.20          -0.059904
180.40          -0.060456
180.60          -0.061022
180.80          -0.061603
181.00          -0.062199
181.20          -0.062810
181.40          -0.063438
181.60          -0.064083
181.80          -0.064746
182.00          -0.065428
182.20          -0.066129
182.40          -0.066850
182.60          -0.067593
182.80          -0.068358
183.00          -0.069146
183.20          -0.069958
183.40          -0.070796
183.60          -0.071661
183.80          -0.072554
184.00          -0.073476
184.20          -0.074429
184.40          -0.075415
184.60          -0.076434
184.80          -0.077490
185.00          -0.078583
185.20          -0.079717
185.40          -0.080892
185.60          -0.082112
185.80          -0.083378
186.00          -0.084694
186.20          -0.086062
186.40          -0.087486
186.60          -0.088969
186.80          -0.090514
187.00          -0.092124
187.20          -0.093806
187.40          -0.095562
187.60          -0.097397
187.80          -0.099317
188.00          -0.10133
188.20          -0.10343
188.40          -0.10564
188.60          -0.10797
188.80          -0.11040
189.00          -0.11297
189.20          -0.11567
189.40          -0.11852
189.60          -0.12152
189.80          -0.12470
190.00          -0.12805
190.20          -0.13161
190.40          -0.13538
190.60          -0.13938
190.80          -0.14363
191.00          -0.14815
191.20          -0.15297
191.40          -0.15811
191.60          -0.16360
191.80          -0.16948
192.00          -0.17578
192.20          -0.18253
192.40          -0.18979
192.60          -0.19760
192.80          -0.20601
193.00          -0.21509
193.20          -0.22490
193.40          -0.23551
193.60          -0.24701
193.80          -0.25948
194.00          -0.27301
194.20          -0.28771
194.40          -0.30369
194.60          -0.32106
194.80          -0.33994
195.00          -0.36044
195.20          -0.38266
195.40          -0.40670
195.60          -0.43259
195.80          -0.46036
196.00          -0.48992
196.20          -0.52109
196.40          -0.55356
196.60          -0.58682
196.80          -0.62016
197.00          -0.65264
197.20          -0.68305
197.40          -0.71003
197.60          -0.73207
197.80          -0.74773
198.00          -0.75580
198.20          -0.75547
198.40          -0.74649
198.60          -0.72923
198.80          -0.70465
199.00          -0.67409
199.20          -0.63918
199.40          -0.60153
199.60          -0.56264
199.80          -0.52378
200.00          -0.48592
200.20          -0.44976
200.40          -0.41577
200.60          -0.38419
200.80          -0.35511
201.00          -0.32854
201.20          -0.30438
201.40          -0.28250
201.60          -0.26275
201.80          -0.24494
202.00          -0.22893
202.20          -0.21455
202.40          -0.20165
202.60          -0.19009
202.80          -0.17976
203.00          -0.17054
203.20          -0.16236
203.40          -0.15513
203.60          -0.14881
203.80          -0.14335
204.00          -0.13875
204.20          -0.13502
204.40          -0.13223
204.60          -0.13050
204.80          -0.13006
205.00          -0.13132
205.20          -0.13502
205.40          -0.14262
205.60          -0.15722
205.80          -0.18655
206.00          -0.25451
206.20          -0.46845
206.40          -1.6265
206.60          -0.98584
206.80          -0.22560
207.00          -0.11015
207.20          -0.078341
207.40          -0.066154
207.60          -0.060428
207.80          -0.057305
208.00          -0.055384
208.20          -0.054075
208.40          -0.053105
208.60          -0.052337
208.80          -0.051697
209.00          -0.051145
209.20          -0.050656
209.40          -0.050215
209.60          -0.049814
209.80          -0.049446
210.00          -0.049107
210.20          -0.048793
210.40          -0.048504
210.60          -0.048236
210.80          -0.047989
211.00          -0.047762
211.20          -0.047552
211.40          -0.047360
211.60          -0.047184
211.80          -0.047024
212.00          -0.046879
212.20          -0.046747
212.40          -0.046630
212.60          -0.046525
212.80          -0.046432
213.00          -0.046352
213.20          -0.046282
213.40          -0.046224
213.60          -0.046175
213.80          -0.046137
214.00          -0.046107
214.20          -0.046087
214.40          -0.046076
214.60          -0.046072
214.80          -0.046077
215.00          -0.046089
215.20          -0.046109
215.40          -0.046136
215.60          -0.046169
215.80          -0.046209
216.00          -0.046255
216.20          -0.046307
216.40          -0.046365
216.60          -0.046428
216.80          -0.046497
217.00          -0.046571
217.20          -0.046650
217.40          -0.046734
217.60          -0.046822
217.80          -0.046916
218.00          -0.047013
218.20          -0.047115
218.40          -0.047221
218.60          -0.047332
218.80          -0.047446
219.00          -0.047564
219.20          -0.047686
219.40          -0.047812
219.60          -0.047941
219.80          -0.048074
220.00          -0.048211
220.20          -0.048351
220.40          -0.048494
220.60          -0.048641
220.80          -0.048791
221.00          -0.048945
221.20          -0.049102
221.40          -0.049262
221.60          -0.049426
221.80          -0.049593
222.00          -0.049763
222.20          -0.049937
222.40          -0.050114
222.60          -0.050295
222.80          -0.050479
223.00          -0.050668
223.20          -0.050860
223.40          -0.051055
223.60          -0.051256
223.80          -0.051460
224.00          -0.051669
224.20          -0.051884
224.40          -0.052103
224.60          -0.052329
224.80          -0.052561
225.00          -0.052801
