175.00          -0.10979
175.20          -0.10706
175.40          -0.10444
175.60          -0.10192
175.80          -0.099505
176.00          -0.097184
176.20          -0.094955
176.40          -0.092814
176.60          -0.090758
176.80          -0.088783
177.00          -0.086886
177.20          -0.085063
177.40          -0.083312
177.60          -0.081629
177.80          -0.080012
178.00          -0.078457
178.20          -0.076963
178.40          -0.075526
178.60          -0.074145
178.80          -0.072817
179.00          -0.071540
179.20          -0.070311
179.40          -0.069129
179.60          -0.067992
179.80          -0.066899
180.00          -0.065846
180.20          -0.064834
180.40          -0.063859
180.60          -0.062922
180.80          -0.062019
181.00          -0.061151
181.20          -0.060315
181.40          -0.059510
181.60          -0.058735
181.80          -0.057989
182.00          -0.057272
182.20          -0.056581
182.40          -0.055915
182.60          -0.055275
182.80          -0.054659
183.00          -0.054066
183.20          -0.053495
183.40          -0.052945
183.60          -0.052416
183.80          -0.051907
184.00          -0.051418
184.20          -0.050947
184.40          -0.050494
184.60          -0.050058
184.80          -0.049639
185.00          -0.049236
185.20          -0.048849
185.40          -0.048477
185.60          -0.048120
185.80          -0.047777
186.00          -0.047447
186.20          -0.047131
186.40          -0.046828
186.60          -0.046537
186.80          -0.046258
187.00          -0.045991
187.20          -0.045735
187.40          -0.045490
187.60          -0.045256
187.80          -0.045032
188.00          -0.044818
188.20          -0.044614
188.40          -0.044419
188.60          -0.044234
188.80          -0.044058
189.00          -0.043890
189.20          -0.043731
189.40          -0.043580
189.60          -0.043436
189.80          -0.043301
190.00          -0.043174
190.20          -0.043053
190.40          -0.042941
190.60          -0.042835
190.80          -0.042736
191.00          -0.042643
191.20          -0.042558
191.40          -0.042478
191.60          -0.042405
191.80          -0.042338
192.00          -0.042277
192.20          -0.042222
192.40          -0.042173
192.60          -0.042129
192.80          -0.042091
193.00          -0.042058
193.20          -0.042031
193.40          -0.042009
193.60          -0.041992
193.80          -0.041980
194.00          -0.041973
194.20          -0.041971
194.40          -0.041974
194.60          -0.041981
194.80          -0.041993
195.00          -0.042010
195.20          -0.042032
195.40          -0.042058
195.60          -0.042089
195.80          -0.042124
196.00          -0.042163
196.20          -0.042208
196.40          -0.042256
196.60          -0.042309
196.80          -0.042367
197.00          -0.042429
197.20          -0.042495
197.40          -0.042566
197.60          -0.042642
197.80          -0.042722
198.00          -0.042806
198.20          -0.042896
198.40          -0.042990
198.60          -0.043090
198.80          -0.043194
199.00          -0.043304
199.20          -0.043419
199.40          -0.043539
199.60          -0.043666
199.80          -0.043798
200.00          -0.043937
200.20          -0.044083
200.40          -0.044236
200.60          -0.044396
200.80          -0.044565
201.00          -0.044743
201.20          -0.044931
201.40          -0.045130
201.60          -0.045340
201.80          -0.045564
202.00          -0.045803
202.20          -0.046060
202.40          -0.046336
202.60          -0.046635
202.80          -0.046961
203.00          -0.047319
203.20          -0.047717
203.40          -0.048162
203.60          -0.048668
203.80          -0.049252
204.00          -0.049936
204.20          -0.050756
204.40          -0.051765
204.60          -0.053047
204.80          -0.054745
205.00          -0.057116
205.20          -0.060671
205.40          -0.066568
205.60          -0.077985
205.80          -0.10695
206.00          -0.24241
206.20          -24.719
206.40          -0.15032
206.60          -0.061309
206.80          -0.048070
207.00          -0.044678
207.20          -0.043724
207.40          -0.043569
207.60          -0.043716
207.80          -0.043984
208.00          -0.044301
208.20          -0.044635
208.40          -0.044970
208.60          -0.045301
208.80          -0.045625
209.00          -0.045941
209.20          -0.046249
209.40          -0.046550
209.60          -0.046845
209.80          -0.047134
210.00          -0.047419
210.20          -0.047699
210.40          -0.047975
210.60          -0.048248
210.80          -0.048519
211.00          -0.048788
211.20          -0.049055
211.40          -0.049321
211.60          -0.049586
211.80          -0.049850
212.00          -0.050114
212.20          -0.050378
212.40          -0.050641
212.60          -0.050905
212.80          -0.051170
213.00          -0.051435
213.20          -0.051701
213.40          -0.051967
213.60          -0.052235
213.80          -0.052504
214.00          -0.052774
214.20          -0.053046
214.40          -0.053319
214.60          -0.053594
214.80          -0.053870
215.00          -0.054148
215.20          -0.054428
215.40          -0.054710
215.60          -0.054994
215.80          -0.055279
216.00          -0.055567
216.20          -0.055858
216.40          -0.056150
216.60          -0.056445
216.80          -0.056743
217.00          -0.057042
217.20          -0.057345
217.40          -0.057650
217.60          -0.057958
217.80          -0.058268
218.00          -0.058582
218.20          -0.058898
218.40          -0.059217
218.60          -0.059540
218.80          -0.059865
219.00          -0.060194
219.20          -0.060526
219.40          -0.060862
219.60          -0.061201
219.80          -0.061543
220.00          -0.061889
220.20          -0.062239
220.40          -0.062593
220.60          -0.062951
220.80          -0.063313
221.00          -0.063679
221.20          -0.064049
221.40          -0.064424
221.60          -0.064803
221.80          -0.065187
222.00          -0.065576
222.20          -0.065969
222.40          -0.066368
222.60          -0.066773
222.80          -0.067183
223.00          -0.067599
223.20          -0.068020
223.40          -0.068449
223.60          -0.068883
223.80          -0.069325
224.00          -0.069774
224.20          -0.070231
224.40          -0.070696
224.60          -0.071170
224.80          -0.071654
225.00          -0.072148
