175.00          -0.040713
175.20          -0.040504
175.40          -0.040303
175.60          -0.040110
175.80          -0.039923
176.00          -0.039744
176.20          -0.039572
176.40          -0.039406
176.60          -0.039247
176.80          -0.039094
177.00          -0.038948
177.20          -0.038807
177.40          -0.038673
177.60          -0.038544
177.80          -0.038421
178.00          -0.038303
178.20          -0.038191
178.40          -0.038084
178.60          -0.037982
178.80          -0.037885
179.00          -0.037793
179.20          -0.037706
179.40          -0.037624
179.60          -0.037546
179.80          -0.037473
180.00          -0.037404
180.20          -0.037340
180.40          -0.037280
180.60          -0.037224
180.80          -0.037172
181.00          -0.037124
181.20          -0.037079
181.40          -0.037039
181.60          -0.037003
181.80          -0.036970
182.00          -0.036941
182.20          -0.036915
182.40          -0.036893
182.60          -0.036874
182.80          -0.036859
183.00          -0.036847
183.20          -0.036839
183.40          -0.036833
183.60          -0.036831
183.80          -0.036832
184.00          -0.036836
184.20          -0.036842
184.40          -0.036852
184.60          -0.036865
184.80          -0.036881
185.00          -0.036900
185.20          -0.036921
185.40          -0.036945
185.60          -0.036972
185.80          -0.037002
186.00          -0.037034
186.20          -0.037069
186.40          -0.037106
186.60          -0.037147
186.80          -0.037189
187.00          -0.037234
187.20          -0.037282
187.40          -0.037332
187.60          -0.037385
187.80          -0.037440
188.00          -0.037497
188.20          -0.037557
188.40          -0.037620
188.60          -0.037684
188.80          -0.037751
189.00          -0.037820
189.20          -0.037892
189.40          -0.037965
189.60          -0.038041
189.80          -0.038120
190.00          -0.038200
190.20          -0.038283
190.40          -0.038368
190.60          -0.038455
190.80          -0.038544
191.00          -0.038636
191.20          -0.038729
191.40          -0.038825
191.60          -0.038923
191.80          -0.039024
192.00          -0.039126
192.20          -0.039231
192.40          -0.039337
192.60          -0.039446
192.80          -0.039557
193.00          -0.039671
193.20          -0.039786
193.40          -0.039904
193.60          -0.040024
193.80          -0.040146
194.00          -0.040270
194.20          -0.040396
194.40          -0.040525
194.60          -0.040656
194.80          -0.040789
195.00          -0.040925
195.20          -0.041063
195.40          -0.041203
195.60          -0.041345
195.80          -0.041490
196.00          -0.041638
196.20          -0.041787
196.40          -0.041940
196.60          -0.042095
196.80          -0.042252
197.00          -0.042412
197.20          -0.042575
197.40          -0.042741
197.60          -0.042909
197.80          -0.043081
198.00          -0.043255
198.20          -0.043432
198.40          -0.043613
198.60          -0.043797
198.80          -0.043984
199.00          -0.044176
199.20          -0.044370
199.40          -0.044569
199.60          -0.044772
199.80          -0.044979
200.00          -0.045191
200.20          -0.045408
200.40          -0.045631
200.60          -0.045859
200.80          -0.046093
201.00          -0.046334
201.20          -0.046583
201.40          -0.046839
201.60          -0.047105
201.80          -0.047381
202.00          -0.047669
202.20          -0.047969
202.40          -0.048285
202.60          -0.048619
202.80          -0.048973
203.00          -0.049353
203.20          -0.049762
203.40          -0.050209
203.60          -0.050703
203.80          -0.051256
204.00          -0.051888
204.20          -0.052627
204.40          -0.053514
204.60          -0.054617
204.80          -0.056052
205.00          -0.058028
205.20          -0.060970
205.40          -0.065864
205.60          -0.075504
205.80          -0.10113
206.00          -0.23989
206.20          -3.7962
206.40          -0.11110
206.60          -0.060451
206.80          -0.052000
207.00          -0.049800
207.20          -0.049239
207.40          -0.049236
207.60          -0.049451
207.80          -0.049759
208.00          -0.050104
208.20          -0.050465
208.40          -0.050830
208.60          -0.051194
208.80          -0.051555
209.00          -0.051912
209.20          -0.052265
209.40          -0.052615
209.60          -0.052961
209.80          -0.053305
210.00          -0.053646
210.20          -0.053986
210.40          -0.054324
210.60          -0.054661
210.80          -0.054997
211.00          -0.055334
211.20          -0.055670
211.40          -0.056007
211.60          -0.056344
211.80          -0.056682
212.00          -0.057021
212.20          -0.057361
212.40          -0.057702
212.60          -0.058045
212.80          -0.058390
213.00          -0.058736
213.20          -0.059085
213.40          -0.059435
213.60          -0.059788
213.80          -0.060143
214.00          -0.060500
214.20          -0.060860
214.40          -0.061222
214.60          -0.061587
214.80          -0.061955
215.00          -0.062325
215.20          -0.062699
215.40          -0.063075
215.60          -0.063454
215.80          -0.063837
216.00          -0.064223
216.20          -0.064612
216.40          -0.065005
216.60          -0.065401
216.80          -0.065800
217.00          -0.066203
217.20          -0.066610
217.40          -0.067021
217.60          -0.067435
217.80          -0.067853
218.00          -0.068275
218.20          -0.068701
218.40          -0.069132
218.60          -0.069566
218.80          -0.070005
219.00          -0.070448
219.20          -0.070895
219.40          -0.071347
219.60          -0.071804
219.80          -0.072265
220.00          -0.072731
220.20          -0.073202
220.40          -0.073677
220.60          -0.074158
220.80          -0.074644
221.00          -0.075135
221.20          -0.075631
221.40          -0.076133
221.60          -0.076641
221.80          -0.077154
222.00          -0.077672
222.20          -0.078197
222.40          -0.078728
222.60          -0.079264
222.80          -0.079807
223.00          -0.080357
223.20          -0.080913
223.40          -0.081476
223.60          -0.082045
223.80          -0.082622
224.00          -0.083206
224.20          -0.083798
224.40          -0.084397
224.60          -0.085005
224.80          -0.085621
225.00          -0.086245
