175.00          -0.037870
175.20          -0.037742
175.40          -0.037619
175.60          -0.037502
175.80          -0.037390
176.00          -0.037283
176.20          -0.037181
176.40          -0.037084
176.60          -0.036992
176.80          -0.036904
177.00          -0.036820
177.20          -0.036742
177.40          -0.036667
177.60          -0.036597
177.80          -0.036530
178.00          -0.036468
178.20          -0.036410
178.40          -0.036356
178.60          -0.036306
178.80          -0.036259
179.00          -0.036216
179.20          -0.036177
179.40          -0.036141
179.60          -0.036109
179.80          -0.036081
180.00          -0.036055
180.20          -0.036033
180.40          -0.036014
180.60          -0.035999
180.80          -0.035986
181.00          -0.035977
181.20          -0.035971
181.40          -0.035968
181.60          -0.035967
181.80          -0.035970
182.00          -0.035975
182.20          -0.035984
182.40          -0.035995
182.60          -0.036009
182.80          -0.036025
183.00          -0.036045
183.20          -0.036067
183.40          -0.036091
183.60          -0.036118
183.80          -0.036148
184.00          -0.036180
184.20          -0.036214
184.40          -0.036252
184.60          -0.036291
184.80          -0.036333
185.00          -0.036377
185.20          -0.036424
185.40          -0.036473
185.60          -0.036524
185.80          -0.036578
186.00          -0.036634
186.20          -0.036692
186.40          -0.036752
186.60          -0.036814
186.80          -0.036879
187.00          -0.036946
187.20          -0.037015
187.40          -0.037086
187.60          -0.037159
187.80          -0.037235
188.00          -0.037312
188.20          -0.037392
188.40          -0.037474
188.60          -0.037558
188.80          -0.037643
189.00          -0.037731
189.20          -0.037821
189.40          -0.037913
189.60          -0.038007
189.80          -0.038103
190.00          -0.038201
190.20          -0.038301
190.40          -0.038404
190.60          -0.038508
190.80          -0.038614
191.00          -0.038722
191.20          -0.038832
191.40          -0.038944
191.60          -0.039059
191.80          -0.039175
192.00          -0.039293
192.20          -0.039413
192.40          -0.039536
192.60          -0.039660
192.80          -0.039786
193.00          -0.039915
193.20          -0.040045
193.40          -0.040178
193.60          -0.040312
193.80          -0.040449
194.00          -0.040588
194.20          -0.040729
194.40          -0.040872
194.60          -0.041017
194.80          -0.041165
195.00          -0.041315
195.20          -0.041466
195.40          -0.041621
195.60          -0.041777
195.80          -0.041936
196.00          -0.042097
196.20          -0.042261
196.40          -0.042427
196.60          -0.042595
196.80          -0.042766
197.00          -0.042940
197.20          -0.043116
197.40          -0.043295
197.60          -0.043477
197.80          -0.043661
198.00          -0.043849
198.20          -0.044039
198.40          -0.044233
198.60          -0.044430
198.80          -0.044630
199.00          -0.044834
199.20          -0.045042
199.40          -0.045253
199.60          -0.045468
199.80          -0.045688
200.00          -0.045912
200.20          -0.046142
200.40          -0.046376
200.60          -0.046616
200.80          -0.046862
201.00          -0.047114
201.20          -0.047374
201.40          -0.047642
201.60          -0.047918
201.80          -0.048204
202.00          -0.048501
202.20          -0.048811
202.40          -0.049136
202.60          -0.049477
202.80          -0.049838
203.00          -0.050223
203.20          -0.050637
203.40          -0.051086
203.60          -0.051580
203.80          -0.052131
204.00          -0.052756
204.20          -0.053483
204.40          -0.054351
204.60          -0.055425
204.80          -0.056814
205.00          -0.058721
205.20          -0.061553
205.40          -0.066258
205.60          -0.075546
205.80          -0.10042
206.00          -0.23852
206.20          -3.0380
206.40          -0.10737
206.60          -0.061193
206.80          -0.053359
207.00          -0.051318
207.20          -0.050811
207.40          -0.050832
207.60          -0.051061
207.80          -0.051378
208.00          -0.051733
208.20          -0.052103
208.40          -0.052478
208.60          -0.052853
208.80          -0.053227
209.00          -0.053597
209.20          -0.053964
209.40          -0.054328
209.60          -0.054690
209.80          -0.055049
210.00          -0.055407
210.20          -0.055764
210.40          -0.056120
210.60          -0.056475
210.80          -0.056830
211.00          -0.057186
211.20          -0.057542
211.40          -0.057898
211.60          -0.058256
211.80          -0.058614
212.00          -0.058974
212.20          -0.059336
212.40          -0.059699
212.60          -0.060064
212.80          -0.060432
213.00          -0.060801
213.20          -0.061172
213.40          -0.061546
213.60          -0.061923
213.80          -0.062301
214.00          -0.062683
214.20          -0.063068
214.40          -0.063455
214.60          -0.063845
214.80          -0.064238
215.00          -0.064635
215.20          -0.065034
215.40          -0.065437
215.60          -0.065843
215.80          -0.066253
216.00          -0.066666
216.20          -0.067083
216.40          -0.067504
216.60          -0.067928
216.80          -0.068356
217.00          -0.068787
217.20          -0.069223
217.40          -0.069663
217.60          -0.070107
217.80          -0.070555
218.00          -0.071007
218.20          -0.071463
218.40          -0.071924
218.60          -0.072389
218.80          -0.072859
219.00          -0.073333
219.20          -0.073812
219.40          -0.074295
219.60          -0.074783
219.80          -0.075277
220.00          -0.075775
220.20          -0.076278
220.40          -0.076786
220.60          -0.077299
220.80          -0.077817
221.00          -0.078341
221.20          -0.078870
221.40          -0.079405
221.60          -0.079945
221.80          -0.080491
222.00          -0.081043
222.20          -0.081600
222.40          -0.082163
222.60          -0.082733
222.80          -0.083308
223.00          -0.083890
223.20          -0.084477
223.40          -0.085072
223.60          -0.085672
223.80          -0.086280
224.00          -0.086894
224.20          -0.087515
224.40          -0.088143
224.60          -0.088778
224.80          -0.089421
225.00          -0.090071
