175.00          -0.14292
175.20          -0.14639
175.40          -0.15003
175.60          -0.15383
175.80          -0.15782
176.00          -0.16200
176.20          -0.16638
176.40          -0.17099
176.60          -0.17582
176.80          -0.18090
177.00          -0.18624
177.20          -0.19186
177.40          -0.19776
177.60          -0.20398
177.80          -0.21052
178.00          -0.21741
178.20          -0.22466
178.40          -0.23229
178.60          -0.24032
178.80          -0.24877
179.00          -0.25766
179.20          -0.26700
179.40          -0.27680
179.60          -0.28708
179.80          -0.29784
180.00          -0.30908
180.20          -0.32080
180.40          -0.33298
180.60          -0.34558
180.80          -0.35858
181.00          -0.37192
181.20          -0.38551
181.40          -0.39927
181.60          -0.41307
181.80          -0.42677
182.00          -0.44020
182.20          -0.45315
182.40          -0.46541
182.60          -0.47674
182.80          -0.48688
183.00          -0.49557
183.20          -0.50257
183.40          -0.50765
183.60          -0.51062
183.80          -0.51132
184.00          -0.50969
184.20          -0.50569
184.40          -0.49939
184.60          -0.49090
184.80          -0.48041
185.00          -0.46814
185.20          -0.45435
185.40          -0.43935
185.60          -0.42341
185.80          -0.40683
186.00          -0.38987
186.20          -0.37277
186.40          -0.35574
186.60          -0.33896
186.80          -0.32258
187.00          -0.30671
187.20          -0.29143
187.40          -0.27681
187.60          -0.26288
187.80          -0.24966
188.00          -0.23716
188.20          -0.22537
188.40          -0.21428
188.60          -0.20386
188.80          -0.19410
189.00          -0.18495
189.20          -0.17639
189.40          -0.16839
189.60          -0.16091
189.80          -0.15393
190.00          -0.14740
190.20          -0.14131
190.40          -0.13562
190.60          -0.13031
190.80          -0.12534
191.00          -0.12070
191.20          -0.11637
191.40          -0.11231
191.60          -0.10852
191.80          -0.10497
192.00          -0.10165
192.20          -0.098546
192.40          -0.095635
192.60          -0.092908
192.80          -0.090351
193.00          -0.087955
193.20          -0.085706
193.40          -0.083597
193.60          -0.081617
193.80          -0.079758
194.00          -0.078013
194.20          -0.076374
194.40          -0.074833
194.60          -0.073386
194.80          -0.072026
195.00          -0.070748
195.20          -0.069546
195.40          -0.068417
195.60          -0.067356
195.80          -0.066358
196.00          -0.065421
196.20          -0.064541
196.40          -0.063714
196.60          -0.062938
196.80          -0.062210
197.00          -0.061527
197.20          -0.060888
197.40          -0.060289
197.60          -0.059728
197.80          -0.059205
198.00          -0.058716
198.20          -0.058261
198.40          -0.057838
198.60          -0.057445
198.80          -0.057082
199.00          -0.056747
199.20          -0.056439
199.40          -0.056157
199.60          -0.055900
199.80          -0.055668
200.00          -0.055460
200.20          -0.055275
200.40          -0.055114
200.60          -0.054975
200.80          -0.054859
201.00          -0.054766
201.20          -0.054696
201.40          -0.054649
201.60          -0.054626
201.80          -0.054629
202.00          -0.054658
202.20          -0.054715
202.40          -0.054802
202.60          -0.054923
202.80          -0.055082
203.00          -0.055283
203.20          -0.055533
203.40          -0.055842
203.60          -0.056222
203.80          -0.056689
204.00          -0.057268
204.20          -0.057995
204.40          -0.058920
204.60          -0.060128
204.80          -0.061754
205.00          -0.064036
205.20          -0.067436
205.40          -0.072941
205.60          -0.083074
205.80          -0.10621
206.00          -0.18827
206.20          -1.5483
206.40          -0.33880
206.60          -0.080179
206.80          -0.055205
207.00          -0.049516
207.20          -0.047897
207.40          -0.047503
207.60          -0.047548
207.80          -0.047762
208.00          -0.048042
208.20          -0.048342
208.40          -0.048644
208.60          -0.048940
208.80          -0.049227
209.00          -0.049504
209.20          -0.049771
209.40          -0.050030
209.60          -0.050280
209.80          -0.050524
210.00          -0.050761
210.20          -0.050993
210.40          -0.051220
210.60          -0.051444
210.80          -0.051665
211.00          -0.051882
211.20          -0.052098
211.40          -0.052311
211.60          -0.052523
211.80          -0.052734
212.00          -0.052944
212.20          -0.053154
212.40          -0.053362
212.60          -0.053571
212.80          -0.053779
213.00          -0.053988
213.20          -0.054196
213.40          -0.054405
213.60          -0.054614
213.80          -0.054824
214.00          -0.055034
214.20          -0.055245
214.40          -0.055456
214.60          -0.055668
214.80          -0.055881
215.00          -0.056095
215.20          -0.056310
215.40          -0.056526
215.60          -0.056742
215.80          -0.056960
216.00          -0.057179
216.20          -0.057398
216.40          -0.057619
216.60          -0.057841
216.80          -0.058064
217.00          -0.058289
217.20          -0.058514
217.40          -0.058741
217.60          -0.058969
217.80          -0.059198
218.00          -0.059428
218.20          -0.059660
218.40          -0.059893
218.60          -0.060128
218.80          -0.060363
219.00          -0.060601
219.20          -0.060839
219.40          -0.061079
219.60          -0.061320
219.80          -0.061563
220.00          -0.061808
220.20          -0.062053
220.40          -0.062301
220.60          -0.062550
220.80          -0.062800
221.00          -0.063052
221.20          -0.063306
221.40          -0.063561
221.60          -0.063819
221.80          -0.064077
222.00          -0.064338
222.20          -0.064601
222.40          -0.064865
222.60          -0.065131
222.80          -0.065399
223.00          -0.065670
223.20          -0.065942
223.40          -0.066216
223.60          -0.066493
223.80          -0.066772
224.00          -0.067053
224.20          -0.067337
224.40          -0.067623
224.60          -0.067912
224.80          -0.068203
225.00          -0.068498
