175.00          -0.056070
175.20          -0.055553
175.40          -0.055056
175.60          -0.054578
175.80          -0.054119
176.00          -0.053678
176.20          -0.053256
176.40          -0.052850
176.60          -0.052461
176.80          -0.052088
177.00          -0.051730
177.20          -0.051388
177.40          -0.051060
177.60          -0.050746
177.80          -0.050446
178.00          -0.050159
178.20          -0.049886
178.40          -0.049624
178.60          -0.049375
178.80          -0.049138
179.00          -0.048912
179.20          -0.048698
179.40          -0.048494
179.60          -0.048301
179.80          -0.048118
180.00          -0.047945
180.20          -0.047781
180.40          -0.047627
180.60          -0.047482
180.80          -0.047347
181.00          -0.047220
181.20          -0.047101
181.40          -0.046991
181.60          -0.046888
181.80          -0.046794
182.00          -0.046707
182.20          -0.046628
182.40          -0.046555
182.60          -0.046491
182.80          -0.046433
183.00          -0.046381
183.20          -0.046337
183.40          -0.046299
183.60          -0.046267
183.80          -0.046242
184.00          -0.046222
184.20          -0.046209
184.40          -0.046201
184.60          -0.046199
184.80          -0.046203
185.00          -0.046212
185.20          -0.046226
185.40          -0.046246
185.60          -0.046270
185.80          -0.046300
186.00          -0.046335
186.20          -0.046375
186.40          -0.046419
186.60          -0.046468
186.80          -0.046522
187.00          -0.046580
187.20          -0.046643
187.40          -0.046710
187.60          -0.046782
187.80          -0.046857
188.00          -0.046937
188.20          -0.047021
188.40          -0.047109
188.60          -0.047201
188.80          -0.047297
189.00          -0.047397
189.20          -0.047500
189.40          -0.047608
189.60          -0.047719
189.80          -0.047834
190.00          -0.047952
190.20          -0.048075
190.40          -0.048200
190.60          -0.048329
190.80          -0.048462
191.00          -0.048598
191.20          -0.048738
191.40          -0.048881
191.60          -0.049027
191.80          -0.049177
192.00          -0.049329
192.20          -0.049486
192.40          -0.049645
192.60          -0.049807
192.80          -0.049973
193.00          -0.050142
193.20          -0.050314
193.40          -0.050490
193.60          -0.050668
193.80          -0.050850
194.00          -0.051034
194.20          -0.051222
194.40          -0.051413
194.60          -0.051607
194.80          -0.051804
195.00          -0.052004
195.20          -0.052207
195.40          -0.052413
195.60          -0.052622
195.80          -0.052835
196.00          -0.053050
196.20          -0.053269
196.40          -0.053491
196.60          -0.053716
196.80          -0.053944
197.00          -0.054175
197.20          -0.054410
197.40          -0.054648
197.60          -0.054889
197.80          -0.055134
198.00          -0.055382
198.20          -0.055633
198.40          -0.055888
198.60          -0.056147
198.80          -0.056410
199.00          -0.056676
199.20          -0.056947
199.40          -0.057222
199.60          -0.057501
199.80          -0.057784
200.00          -0.058072
200.20          -0.058366
200.40          -0.058664
200.60          -0.058968
200.80          -0.059278
201.00          -0.059595
201.20          -0.059919
201.40          -0.060250
201.60          -0.060590
201.80          -0.060939
202.00          -0.061299
202.20          -0.061670
202.40          -0.062055
202.60          -0.062456
202.80          -0.062875
203.00          -0.063317
203.20          -0.063784
203.40          -0.064284
203.60          -0.064824
203.80          -0.065416
204.00          -0.066076
204.20          -0.066826
204.40          -0.067703
204.60          -0.068762
204.80          -0.070101
205.00          -0.071893
205.20          -0.074485
205.40          -0.078674
205.60          -0.086672
205.80          -0.10704
206.00          -0.20682
206.20          -8.2289
206.40          -0.12941
206.60          -0.076133
206.80          -0.067992
207.00          -0.066009
207.20          -0.065587
207.40          -0.065687
207.60          -0.065988
207.80          -0.066372
208.00          -0.066790
208.20          -0.067222
208.40          -0.067657
208.60          -0.068090
208.80          -0.068520
209.00          -0.068947
209.20          -0.069369
209.40          -0.069787
209.60          -0.070202
209.80          -0.070613
210.00          -0.071022
210.20          -0.071429
210.40          -0.071834
210.60          -0.072237
210.80          -0.072638
211.00          -0.073039
211.20          -0.073438
211.40          -0.073837
211.60          -0.074236
211.80          -0.074634
212.00          -0.075031
212.20          -0.075429
212.40          -0.075827
212.60          -0.076224
212.80          -0.076622
213.00          -0.077020
213.20          -0.077418
213.40          -0.077817
213.60          -0.078216
213.80          -0.078615
214.00          -0.079014
214.20          -0.079414
214.40          -0.079814
214.60          -0.080215
214.80          -0.080616
215.00          -0.081017
215.20          -0.081419
215.40          -0.081821
215.60          -0.082223
215.80          -0.082626
216.00          -0.083028
216.20          -0.083431
216.40          -0.083835
216.60          -0.084238
216.80          -0.084642
217.00          -0.085045
217.20          -0.085449
217.40          -0.085852
217.60          -0.086256
217.80          -0.086659
218.00          -0.087062
218.20          -0.087465
218.40          -0.087867
218.60          -0.088270
218.80          -0.088671
219.00          -0.089072
219.20          -0.089472
219.40          -0.089872
219.60          -0.090271
219.80          -0.090668
220.00          -0.091065
220.20          -0.091461
220.40          -0.091855
220.60          -0.092248
220.80          -0.092640
221.00          -0.093030
221.20          -0.093418
221.40          -0.093805
221.60          -0.094189
221.80          -0.094572
222.00          -0.094952
222.20          -0.095330
222.40          -0.095705
222.60          -0.096078
222.80          -0.096447
223.00          -0.096814
223.20          -0.097178
223.40          -0.097538
223.60          -0.097894
223.80          -0.098247
224.00          -0.098596
224.20          -0.098941
224.40          -0.099282
224.60          -0.099618
224.80          -0.099949
225.00          -0.10028
