175.00          -0.043197
175.20          -0.043163
175.40          -0.043134
175.60          -0.043111
175.80          -0.043093
176.00          -0.043080
176.20          -0.043072
176.40          -0.043069
176.60          -0.043072
176.80          -0.043079
177.00          -0.043091
177.20          -0.043108
177.40          -0.043129
177.60          -0.043155
177.80          -0.043185
178.00          -0.043220
178.20          -0.043260
178.40          -0.043303
178.60          -0.043351
178.80          -0.043403
179.00          -0.043459
179.20          -0.043520
179.40          -0.043584
179.60          -0.043652
179.80          -0.043725
180.00          -0.043801
180.20          -0.043881
180.40          -0.043965
180.60          -0.044053
180.80          -0.044144
181.00          -0.044239
181.20          -0.044338
181.40          -0.044440
181.60          -0.044546
181.80          -0.044656
182.00          -0.044769
182.20          -0.044885
182.40          -0.045006
182.60          -0.045129
182.80          -0.045256
183.00          -0.045386
183.20          -0.045520
183.40          -0.045657
183.60          -0.045797
183.80          -0.045941
184.00          -0.046087
184.20          -0.046238
184.40          -0.046391
184.60          -0.046548
184.80          -0.046707
185.00          -0.046870
185.20          -0.047037
185.40          -0.047206
185.60          -0.047378
185.80          -0.047554
186.00          -0.047733
186.20          -0.047915
186.40          -0.048100
186.60          -0.048288
186.80          -0.048479
187.00          -0.048673
187.20          -0.048871
187.40          -0.049071
187.60          -0.049275
187.80          -0.049481
188.00          -0.049691
188.20          -0.049904
188.40          -0.050119
188.60          -0.050338
188.80          -0.050560
189.00          -0.050785
189.20          -0.051013
189.40          -0.051244
189.60          -0.051478
189.80          -0.051715
190.00          -0.051955
190.20          -0.052198
190.40          -0.052445
190.60          -0.052694
190.80          -0.052947
191.00          -0.053202
191.20          -0.053461
191.40          -0.053722
191.60          -0.053987
191.80          -0.054255
192.00          -0.054526
192.20          -0.054800
192.40          -0.055078
192.60          -0.055358
192.80          -0.055642
193.00          -0.055928
193.20          -0.056218
193.40          -0.056512
193.60          -0.056808
193.80          -0.057107
194.00          -0.057410
194.20          -0.057716
194.40          -0.058025
194.60          -0.058338
194.80          -0.058654
195.00          -0.058973
195.20          -0.059296
195.40          -0.059622
195.60          -0.059951
195.80          -0.060284
196.00          -0.060620
196.20          -0.060960
196.40          -0.061303
196.60          -0.061650
196.80          -0.062000
197.00          -0.062354
197.20          -0.062712
197.40          -0.063073
197.60          -0.063438
197.80          -0.063807
198.00          -0.064180
198.20          -0.064557
198.40          -0.064938
198.60          -0.065322
198.80          -0.065711
199.00          -0.066105
199.20          -0.066502
199.40          -0.066905
199.60          -0.067311
199.80          -0.067723
200.00          -0.068140
200.20          -0.068561
200.40          -0.068988
200.60          -0.069421
200.80          -0.069860
201.00          -0.070305
201.20          -0.070756
201.40          -0.071215
201.60          -0.071682
201.80          -0.072157
202.00          -0.072641
202.20          -0.073136
202.40          -0.073642
202.60          -0.074162
202.80          -0.074696
203.00          -0.075249
203.20          -0.075823
203.40          -0.076422
203.60          -0.077053
203.80          -0.077724
204.00          -0.078448
204.20          -0.079242
204.40          -0.080133
204.60          -0.081165
204.80          -0.082414
205.00          -0.084016
205.20          -0.086248
205.40          -0.089753
205.60          -0.096366
205.80          -0.11345
206.00          -0.20429
206.20          -3.1281
206.40          -0.12615
206.60          -0.089970
206.80          -0.084091
207.00          -0.082724
207.20          -0.082562
207.40          -0.082822
207.60          -0.083254
207.80          -0.083765
208.00          -0.084312
208.20          -0.084876
208.40          -0.085450
208.60          -0.086027
208.80          -0.086607
209.00          -0.087186
209.20          -0.087766
209.40          -0.088345
209.60          -0.088924
209.80          -0.089503
210.00          -0.090081
210.20          -0.090660
210.40          -0.091239
210.60          -0.091819
210.80          -0.092398
211.00          -0.092978
211.20          -0.093559
211.40          -0.094140
211.60          -0.094723
211.80          -0.095305
212.00          -0.095889
212.20          -0.096473
212.40          -0.097058
212.60          -0.097643
212.80          -0.098229
213.00          -0.098816
213.20          -0.099404
213.40          -0.099992
213.60          -0.10058
213.80          -0.10117
214.00          -0.10176
214.20          -0.10235
214.40          -0.10294
214.60          -0.10353
214.80          -0.10412
215.00          -0.10470
215.20          -0.10529
215.40          -0.10588
215.60          -0.10647
215.80          -0.10706
216.00          -0.10764
216.20          -0.10823
216.40          -0.10881
216.60          -0.10939
216.80          -0.10997
217.00          -0.11055
217.20          -0.11113
217.40          -0.11171
217.60          -0.11228
217.80          -0.11285
218.00          -0.11342
218.20          -0.11398
218.40          -0.11454
218.60          -0.11510
218.80          -0.11565
219.00          -0.11620
219.20          -0.11674
219.40          -0.11728
219.60          -0.11782
219.80          -0.11835
220.00          -0.11887
220.20          -0.11939
220.40          -0.11990
220.60          -0.12041
220.80          -0.12091
221.00          -0.12140
221.20          -0.12188
221.40          -0.12236
221.60          -0.12282
221.80          -0.12328
222.00          -0.12373
222.20          -0.12417
222.40          -0.12460
222.60          -0.12501
222.80          -0.12542
223.00          -0.12581
223.20          -0.12620
223.40          -0.12657
223.60          -0.12692
223.80          -0.12727
224.00          -0.12760
224.20          -0.12791
224.40          -0.12822
224.60          -0.12850
224.80          -0.12878
225.00          -0.12904
