175.00          -0.036633
175.20          -0.036738
175.40          -0.036844
175.60          -0.036950
175.80          -0.037057
176.00          -0.037164
176.20          -0.037272
176.40          -0.037381
176.60          -0.037490
176.80          -0.037599
177.00          -0.037710
177.20          -0.037821
177.40          -0.037932
177.60          -0.038044
177.80          -0.038157
178.00          -0.038271
178.20          -0.038385
178.40          -0.038499
178.60          -0.038615
178.80          -0.038731
179.00          -0.038847
179.20          -0.038965
179.40          -0.039083
179.60          -0.039202
179.80          -0.039321
180.00          -0.039441
180.20          -0.039562
180.40          -0.039684
180.60          -0.039806
180.80          -0.039930
181.00          -0.040054
181.20          -0.040178
181.40          -0.040304
181.60          -0.040430
181.80          -0.040557
182.00          -0.040685
182.20          -0.040814
182.40          -0.040944
182.60          -0.041074
182.80          -0.041205
183.00          -0.041338
183.20          -0.041471
183.40          -0.041605
183.60          -0.041740
183.80          -0.041876
184.00          -0.042012
184.20          -0.042150
184.40          -0.042289
184.60          -0.042429
184.80          -0.042569
185.00          -0.042711
185.20          -0.042854
185.40          -0.042998
185.60          -0.043143
185.80          -0.043289
186.00          -0.043436
186.20          -0.043584
186.40          -0.043733
186.60          -0.043884
186.80          -0.044036
187.00          -0.044189
187.20          -0.044343
187.40          -0.044498
187.60          -0.044655
187.80          -0.044813
188.00          -0.044972
188.20          -0.045133
188.40          -0.045294
188.60          -0.045458
188.80          -0.045623
189.00          -0.045789
189.20          -0.045956
189.40          -0.046125
189.60          -0.046296
189.80          -0.046468
190.00          -0.046642
190.20          -0.046817
190.40          -0.046994
190.60          -0.047173
190.80          -0.047353
191.00          -0.047535
191.20          -0.047719
191.40          -0.047905
191.60          -0.048092
191.80          -0.048282
192.00          -0.048473
192.20          -0.048666
192.40          -0.048862
192.60          -0.049059
192.80          -0.049259
193.00          -0.049460
193.20          -0.049664
193.40          -0.049870
193.60          -0.050078
193.80          -0.050289
194.00          -0.050502
194.20          -0.050718
194.40          -0.050936
194.60          -0.051156
194.80          -0.051380
195.00          -0.051605
195.20          -0.051834
195.40          -0.052066
195.60          -0.052300
195.80          -0.052538
196.00          -0.052778
196.20          -0.053022
196.40          -0.053268
196.60          -0.053519
196.80          -0.053772
197.00          -0.054029
197.20          -0.054290
197.40          -0.054554
197.60          -0.054822
197.80          -0.055094
198.00          -0.055369
198.20          -0.055649
198.40          -0.055934
198.60          -0.056222
198.80          -0.056515
199.00          -0.056812
199.20          -0.057115
199.40          -0.057422
199.60          -0.057734
199.80          -0.058051
200.00          -0.058374
200.20          -0.058702
200.40          -0.059035
200.60          -0.059375
200.80          -0.059721
201.00          -0.060073
201.20          -0.060431
201.40          -0.060796
201.60          -0.061168
201.80          -0.061547
202.00          -0.061933
202.20          -0.062327
202.40          -0.062729
202.60          -0.063139
202.80          -0.063557
203.00          -0.063985
203.20          -0.064421
203.40          -0.064867
203.60          -0.065322
203.80          -0.065788
204.00          -0.066264
204.20          -0.066752
204.40          -0.067250
204.60          -0.067761
204.80          -0.068284
205.00          -0.068819
205.20          -0.069369
205.40          -0.069932
205.60          -0.070509
205.80          -0.071102
206.00          -0.071710
206.20          -0.072335
206.40          -0.072978
206.60          -0.073638
206.80          -0.074317
207.00          -0.075016
207.20          -0.075736
207.40          -0.076477
207.60          -0.077241
207.80          -0.078029
208.00          -0.078842
208.20          -0.079681
208.40          -0.080548
208.60          -0.081444
208.80          -0.082370
209.00          -0.083329
209.20          -0.084321
209.40          -0.085350
209.60          -0.086416
209.80          -0.087522
210.00          -0.088671
210.20          -0.089864
210.40          -0.091105
210.60          -0.092396
210.80          -0.093740
211.00          -0.095141
211.20          -0.096603
211.40          -0.098128
211.60          -0.099722
211.80          -0.10139
212.00          -0.10313
212.20          -0.10496
212.40          -0.10688
212.60          -0.10889
212.80          -0.11100
213.00          -0.11323
213.20          -0.11557
213.40          -0.11804
213.60          -0.12065
213.80          -0.12340
214.00          -0.12632
214.20          -0.12941
214.40          -0.13268
214.60          -0.13617
214.80          -0.13987
215.00          -0.14381
215.20          -0.14802
215.40          -0.15252
215.60          -0.15734
215.80          -0.16250
216.00          -0.16804
216.20          -0.17400
216.40          -0.18042
216.60          -0.18735
216.80          -0.19485
217.00          -0.20297
217.20          -0.21179
217.40          -0.22138
217.60          -0.23182
217.80          -0.24323
218.00          -0.25569
218.20          -0.26935
218.40          -0.28433
218.60          -0.30079
218.80          -0.31889
219.00          -0.33881
219.20          -0.36073
219.40          -0.38486
219.60          -0.41137
219.80          -0.44043
220.00          -0.47216
220.20          -0.50660
220.40          -0.54366
220.60          -0.58307
220.80          -0.62427
221.00          -0.66638
221.20          -0.70810
221.40          -0.74767
221.60          -0.78293
221.80          -0.81147
222.00          -0.83090
222.20          -0.83929
222.40          -0.83548
222.60          -0.81942
222.80          -0.79217
223.00          -0.75573
223.20          -0.71262
223.40          -0.66548
223.60          -0.61674
223.80          -0.56835
224.00          -0.52175
224.20          -0.47790
224.40          -0.43734
224.60          -0.40028
224.80          -0.36673
225.00          -0.33655
