175.00          -0.061377
175.20          -0.060860
175.40          -0.060359
175.60          -0.059874
175.80          -0.059403
176.00          -0.058947
176.20          -0.058506
176.40          -0.058078
176.60          -0.057664
176.80          -0.057264
177.00          -0.056876
177.20          -0.056501
177.40          -0.056138
177.60          -0.055788
177.80          -0.055450
178.00          -0.055123
178.20          -0.054807
178.40          -0.054502
178.60          -0.054209
178.80          -0.053925
179.00          -0.053653
179.20          -0.053390
179.40          -0.053137
179.60          -0.052894
179.80          -0.052660
180.00          -0.052436
180.20          -0.052221
180.40          -0.052015
180.60          -0.051817
180.80          -0.051628
181.00          -0.051447
181.20          -0.051275
181.40          -0.051111
181.60          -0.050954
181.80          -0.050805
182.00          -0.050664
182.20          -0.050530
182.40          -0.050404
182.60          -0.050285
182.80          -0.050172
183.00          -0.050067
183.20          -0.049969
183.40          -0.049877
183.60          -0.049791
183.80          -0.049713
184.00          -0.049640
184.20          -0.049574
184.40          -0.049513
184.60          -0.049459
184.80          -0.049411
185.00          -0.049368
185.20          -0.049332
185.40          -0.049301
185.60          -0.049275
185.80          -0.049255
186.00          -0.049240
186.20          -0.049231
186.40          -0.049227
186.60          -0.049228
186.80          -0.049234
187.00          -0.049245
187.20          -0.049261
187.40          -0.049282
187.60          -0.049308
187.80          -0.049338
188.00          -0.049373
188.20          -0.049413
188.40          -0.049457
188.60          -0.049506
188.80          -0.049559
189.00          -0.049617
189.20          -0.049679
189.40          -0.049746
189.60          -0.049816
189.80          -0.049891
190.00          -0.049970
190.20          -0.050053
190.40          -0.050141
190.60          -0.050232
190.80          -0.050327
191.00          -0.050427
191.20          -0.050530
191.40          -0.050637
191.60          -0.050748
191.80          -0.050863
192.00          -0.050981
192.20          -0.051104
192.40          -0.051230
192.60          -0.051360
192.80          -0.051493
193.00          -0.051630
193.20          -0.051771
193.40          -0.051915
193.60          -0.052063
193.80          -0.052215
194.00          -0.052370
194.20          -0.052528
194.40          -0.052690
194.60          -0.052856
194.80          -0.053025
195.00          -0.053197
195.20          -0.053373
195.40          -0.053552
195.60          -0.053734
195.80          -0.053920
196.00          -0.054109
196.20          -0.054301
196.40          -0.054497
196.60          -0.054696
196.80          -0.054899
197.00          -0.055104
197.20          -0.055313
197.40          -0.055525
197.60          -0.055740
197.80          -0.055959
198.00          -0.056181
198.20          -0.056406
198.40          -0.056634
198.60          -0.056865
198.80          -0.057099
199.00          -0.057337
199.20          -0.057578
199.40          -0.057822
199.60          -0.058069
199.80          -0.058319
200.00          -0.058572
200.20          -0.058829
200.40          -0.059088
200.60          -0.059351
200.80          -0.059617
201.00          -0.059885
201.20          -0.060157
201.40          -0.060432
201.60          -0.060710
201.80          -0.060992
202.00          -0.061276
202.20          -0.061563
202.40          -0.061853
202.60          -0.062147
202.80          -0.062443
203.00          -0.062743
203.20          -0.063045
203.40          -0.063351
203.60          -0.063660
203.80          -0.063972
204.00          -0.064286
204.20          -0.064604
204.40          -0.064925
204.60          -0.065249
204.80          -0.065576
205.00          -0.065906
205.20          -0.066239
205.40          -0.066575
205.60          -0.066914
205.80          -0.067256
206.00          -0.067602
206.20          -0.067950
206.40          -0.068301
206.60          -0.068655
206.80          -0.069013
207.00          -0.069373
207.20          -0.069736
207.40          -0.070103
207.60          -0.070472
207.80          -0.070845
208.00          -0.071220
208.20          -0.071598
208.40          -0.071980
208.60          -0.072364
208.80          -0.072752
209.00          -0.073142
209.20          -0.073536
209.40          -0.073933
209.60          -0.074332
209.80          -0.074735
210.00          -0.075140
210.20          -0.075549
210.40          -0.075960
210.60          -0.076375
210.80          -0.076792
211.00          -0.077213
211.20          -0.077636
211.40          -0.078063
211.60          -0.078492
211.80          -0.078925
212.00          -0.079360
212.20          -0.079799
212.40          -0.080240
212.60          -0.080684
212.80          -0.081131
213.00          -0.081582
213.20          -0.082035
213.40          -0.082491
213.60          -0.082950
213.80          -0.083411
214.00          -0.083876
214.20          -0.084344
214.40          -0.084814
214.60          -0.085288
214.80          -0.085764
215.00          -0.086243
215.20          -0.086725
215.40          -0.087210
215.60          -0.087698
215.80          -0.088188
216.00          -0.088681
216.20          -0.089178
216.40          -0.089676
216.60          -0.090178
216.80          -0.090682
217.00          -0.091190
217.20          -0.091699
217.40          -0.092212
217.60          -0.092727
217.80          -0.093245
218.00          -0.093766
218.20          -0.094289
218.40          -0.094815
218.60          -0.095344
218.80          -0.095875
219.00          -0.096408
219.20          -0.096945
219.40          -0.097483
219.60          -0.098025
219.80          -0.098568
220.00          -0.099115
220.20          -0.099663
220.40          -0.10021
220.60          -0.10077
220.80          -0.10132
221.00          -0.10188
221.20          -0.10244
221.40          -0.10301
221.60          -0.10357
221.80          -0.10414
222.00          -0.10471
222.20          -0.10528
222.40          -0.10585
222.60          -0.10643
222.80          -0.10701
223.00          -0.10759
223.20          -0.10817
223.40          -0.10875
223.60          -0.10934
223.80          -0.10993
224.00          -0.11052
224.20          -0.11111
224.40          -0.11171
224.60          -0.11230
224.80          -0.11290
225.00          -0.11350
