175.00          -0.082107
175.20          -0.082966
175.40          -0.083854
175.60          -0.084774
175.80          -0.085728
176.00          -0.086716
176.20          -0.087742
176.40          -0.088808
176.60          -0.089917
176.80          -0.091070
177.00          -0.092272
177.20          -0.093525
177.40          -0.094833
177.60          -0.096200
177.80          -0.097630
178.00          -0.099127
178.20          -0.10070
178.40          -0.10234
178.60          -0.10408
178.80          -0.10590
179.00          -0.10782
179.20          -0.10984
179.40          -0.11198
179.60          -0.11425
179.80          -0.11665
180.00          -0.11919
180.20          -0.12190
180.40          -0.12478
180.60          -0.12786
180.80          -0.13114
181.00          -0.13466
181.20          -0.13843
181.40          -0.14248
181.60          -0.14684
181.80          -0.15155
182.00          -0.15665
182.20          -0.16217
182.40          -0.16818
182.60          -0.17472
182.80          -0.18186
183.00          -0.18969
183.20          -0.19829
183.40          -0.20776
183.60          -0.21822
183.80          -0.22982
184.00          -0.24270
184.20          -0.25707
184.40          -0.27313
184.60          -0.29114
184.80          -0.31140
185.00          -0.33423
185.20          -0.36002
185.40          -0.38917
185.60          -0.42215
185.80          -0.45940
186.00          -0.50134
186.20          -0.54827
186.40          -0.60024
186.60          -0.65686
186.80          -0.71705
187.00          -0.77877
187.20          -0.83873
187.40          -0.89235
187.60          -0.93420
187.80          -0.95891
188.00          -0.96252
188.20          -0.94384
188.40          -0.90486
188.60          -0.85019
188.80          -0.78568
189.00          -0.71700
189.20          -0.64873
189.40          -0.58398
189.60          -0.52454
189.80          -0.47117
190.00          -0.42396
190.20          -0.38258
190.40          -0.34653
190.60          -0.31520
190.80          -0.28800
191.00          -0.26437
191.20          -0.24382
191.40          -0.22591
191.60          -0.21026
191.80          -0.19655
192.00          -0.18450
192.20          -0.17388
192.40          -0.16449
192.60          -0.15618
192.80          -0.14878
193.00          -0.14219
193.20          -0.13631
193.40          -0.13103
193.60          -0.12630
193.80          -0.12204
194.00          -0.11820
194.20          -0.11472
194.40          -0.11158
194.60          -0.10873
194.80          -0.10614
195.00          -0.10378
195.20          -0.10164
195.40          -0.099680
195.60          -0.097891
195.80          -0.096255
196.00          -0.094758
196.20          -0.093386
196.40          -0.092129
196.60          -0.090975
196.80          -0.089915
197.00          -0.088942
197.20          -0.088047
197.40          -0.087225
197.60          -0.086469
197.80          -0.085774
198.00          -0.085135
198.20          -0.084548
198.40          -0.084008
198.60          -0.083512
198.80          -0.083057
199.00          -0.082640
199.20          -0.082258
199.40          -0.081907
199.60          -0.081588
199.80          -0.081296
200.00          -0.081030
200.20          -0.080788
200.40          -0.080569
200.60          -0.080371
200.80          -0.080193
201.00          -0.080033
201.20          -0.079891
201.40          -0.079765
201.60          -0.079653
201.80          -0.079557
202.00          -0.079473
202.20          -0.079402
202.40          -0.079343
202.60          -0.079295
202.80          -0.079257
203.00          -0.079229
203.20          -0.079210
203.40          -0.079200
203.60          -0.079198
203.80          -0.079204
204.00          -0.079217
204.20          -0.079237
204.40          -0.079264
204.60          -0.079297
204.80          -0.079335
205.00          -0.079379
205.20          -0.079428
205.40          -0.079482
205.60          -0.079541
205.80          -0.079604
206.00          -0.079672
206.20          -0.079743
206.40          -0.079818
206.60          -0.079897
206.80          -0.079979
207.00          -0.080064
207.20          -0.080152
207.40          -0.080243
207.60          -0.080337
207.80          -0.080433
208.00          -0.080532
208.20          -0.080633
208.40          -0.080737
208.60          -0.080842
208.80          -0.080950
209.00          -0.081059
209.20          -0.081171
209.40          -0.081284
209.60          -0.081399
209.80          -0.081515
210.00          -0.081633
210.20          -0.081752
210.40          -0.081873
210.60          -0.081995
210.80          -0.082119
211.00          -0.082244
211.20          -0.082370
211.40          -0.082498
211.60          -0.082626
211.80          -0.082756
212.00          -0.082888
212.20          -0.083020
212.40          -0.083154
212.60          -0.083289
212.80          -0.083426
213.00          -0.083564
213.20          -0.083704
213.40          -0.083846
213.60          -0.083989
213.80          -0.084135
214.00          -0.084283
214.20          -0.084434
214.40          -0.084588
214.60          -0.084745
214.80          -0.084907
215.00          -0.085074
215.20          -0.085248
215.40          -0.085429
215.60          -0.085620
215.80          -0.085823
216.00          -0.086043
216.20          -0.086284
216.40          -0.086555
216.60          -0.086869
216.80          -0.087247
217.00          -0.087724
217.20          -0.088369
217.40          -0.089324
217.60          -0.090941
217.80          -0.094300
218.00          -0.10450
218.20          -0.19335
218.40          -0.23962
218.60          -0.096620
218.80          -0.088781
219.00          -0.087182
219.20          -0.086758
219.40          -0.086680
219.60          -0.086727
219.80          -0.086827
220.00          -0.086950
220.20          -0.087084
220.40          -0.087221
220.60          -0.087359
220.80          -0.087496
221.00          -0.087632
221.20          -0.087767
221.40          -0.087900
221.60          -0.088031
221.80          -0.088160
222.00          -0.088288
222.20          -0.088414
222.40          -0.088538
222.60          -0.088661
222.80          -0.088783
223.00          -0.088903
223.20          -0.089021
223.40          -0.089139
223.60          -0.089255
223.80          -0.089370
224.00          -0.089484
224.20          -0.089596
224.40          -0.089708
224.60          -0.089818
224.80          -0.089928
225.00          -0.090036
