175.00          -0.18707
175.20          -0.17966
175.40          -0.17266
175.60          -0.16607
175.80          -0.15986
176.00          -0.15403
176.20          -0.14855
176.40          -0.14341
176.60          -0.13859
176.80          -0.13407
177.00          -0.12983
177.20          -0.12586
177.40          -0.12214
177.60          -0.11866
177.80          -0.11539
178.00          -0.11233
178.20          -0.10945
178.40          -0.10676
178.60          -0.10424
178.80          -0.10187
179.00          -0.099643
179.20          -0.097554
179.40          -0.095593
179.60          -0.093750
179.80          -0.092018
180.00          -0.090390
180.20          -0.088859
180.40          -0.087418
180.60          -0.086061
180.80          -0.084784
181.00          -0.083582
181.20          -0.082448
181.40          -0.081381
181.60          -0.080374
181.80          -0.079425
182.00          -0.078529
182.20          -0.077685
182.40          -0.076888
182.60          -0.076135
182.80          -0.075425
183.00          -0.074754
183.20          -0.074121
183.40          -0.073523
183.60          -0.072958
183.80          -0.072424
184.00          -0.071920
184.20          -0.071444
184.40          -0.070993
184.60          -0.070568
184.80          -0.070166
185.00          -0.069787
185.20          -0.069428
185.40          -0.069089
185.60          -0.068769
185.80          -0.068467
186.00          -0.068182
186.20          -0.067913
186.40          -0.067659
186.60          -0.067419
186.80          -0.067193
187.00          -0.066980
187.20          -0.066779
187.40          -0.066590
187.60          -0.066412
187.80          -0.066244
188.00          -0.066087
188.20          -0.065939
188.40          -0.065800
188.60          -0.065670
188.80          -0.065547
189.00          -0.065433
189.20          -0.065326
189.40          -0.065226
189.60          -0.065133
189.80          -0.065047
190.00          -0.064966
190.20          -0.064891
190.40          -0.064822
190.60          -0.064758
190.80          -0.064699
191.00          -0.064645
191.20          -0.064595
191.40          -0.064550
191.60          -0.064509
191.80          -0.064471
192.00          -0.064438
192.20          -0.064408
192.40          -0.064381
192.60          -0.064358
192.80          -0.064338
193.00          -0.064320
193.20          -0.064306
193.40          -0.064294
193.60          -0.064285
193.80          -0.064278
194.00          -0.064273
194.20          -0.064271
194.40          -0.064271
194.60          -0.064273
194.80          -0.064276
195.00          -0.064282
195.20          -0.064289
195.40          -0.064298
195.60          -0.064308
195.80          -0.064320
196.00          -0.064333
196.20          -0.064347
196.40          -0.064363
196.60          -0.064380
196.80          -0.064398
197.00          -0.064418
197.20          -0.064438
197.40          -0.064459
197.60          -0.064482
197.80          -0.064505
198.00          -0.064529
198.20          -0.064554
198.40          -0.064580
198.60          -0.064606
198.80          -0.064634
199.00          -0.064662
199.20          -0.064691
199.40          -0.064720
199.60          -0.064751
199.80          -0.064782
200.00          -0.064814
200.20          -0.064846
200.40          -0.064880
200.60          -0.064914
200.80          -0.064949
201.00          -0.064985
201.20          -0.065023
201.40          -0.065061
201.60          -0.065101
201.80          -0.065142
202.00          -0.065185
202.20          -0.065230
202.40          -0.065277
202.60          -0.065327
202.80          -0.065380
203.00          -0.065437
203.20          -0.065499
203.40          -0.065568
203.60          -0.065644
203.80          -0.065730
204.00          -0.065830
204.20          -0.065948
204.40          -0.066093
204.60          -0.066275
204.80          -0.066516
205.00          -0.066852
205.20          -0.067358
205.40          -0.068203
205.60          -0.069860
205.80          -0.074153
206.00          -0.095292
206.20          -2.0623
206.40          -0.080112
206.60          -0.067741
206.80          -0.065792
207.00          -0.065259
207.20          -0.065087
207.40          -0.065039
207.60          -0.065038
207.80          -0.065057
208.00          -0.065085
208.20          -0.065117
208.40          -0.065149
208.60          -0.065180
208.80          -0.065211
209.00          -0.065240
209.20          -0.065267
209.40          -0.065293
209.60          -0.065318
209.80          -0.065341
210.00          -0.065363
210.20          -0.065383
210.40          -0.065403
210.60          -0.065421
210.80          -0.065438
211.00          -0.065453
211.20          -0.065468
211.40          -0.065482
211.60          -0.065495
211.80          -0.065507
212.00          -0.065517
212.20          -0.065527
212.40          -0.065537
212.60          -0.065545
212.80          -0.065552
213.00          -0.065559
213.20          -0.065565
213.40          -0.065570
213.60          -0.065574
213.80          -0.065577
214.00          -0.065580
214.20          -0.065581
214.40          -0.065582
214.60          -0.065583
214.80          -0.065582
215.00          -0.065581
215.20          -0.065579
215.40          -0.065576
215.60          -0.065573
215.80          -0.065569
216.00          -0.065564
216.20          -0.065558
216.40          -0.065552
216.60          -0.065545
216.80          -0.065537
217.00          -0.065528
217.20          -0.065519
217.40          -0.065509
217.60          -0.065498
217.80          -0.065487
218.00          -0.065475
218.20          -0.065462
218.40          -0.065448
218.60          -0.065434
218.80          -0.065419
219.00          -0.065404
219.20          -0.065387
219.40          -0.065370
219.60          -0.065352
219.80          -0.065334
220.00          -0.065315
220.20          -0.065295
220.40          -0.065275
220.60          -0.065253
220.80          -0.065232
221.00          -0.065209
221.20          -0.065186
221.40          -0.065162
221.60          -0.065138
221.80          -0.065113
222.00          -0.065087
222.20          -0.065061
222.40          -0.065035
222.60          -0.065007
222.80          -0.064980
223.00          -0.064952
223.20          -0.064924
223.40          -0.064895
223.60          -0.064867
223.80          -0.064838
224.00          -0.064810
224.20          -0.064782
224.40          -0.064755
224.60          -0.064728
224.80          -0.064704
225.00          -0.064681
