175.00          -0.15001
175.20          -0.14500
175.40          -0.14028
175.60          -0.13584
175.80          -0.13166
176.00          -0.12773
176.20          -0.12403
176.40          -0.12056
176.60          -0.11729
176.80          -0.11422
177.00          -0.11133
177.20          -0.10862
177.40          -0.10607
177.60          -0.10367
177.80          -0.10141
178.00          -0.099282
178.20          -0.097281
178.40          -0.095397
178.60          -0.093621
178.80          -0.091949
179.00          -0.090372
179.20          -0.088886
179.40          -0.087484
179.60          -0.086161
179.80          -0.084913
180.00          -0.083735
180.20          -0.082622
180.40          -0.081571
180.60          -0.080578
180.80          -0.079639
181.00          -0.078752
181.20          -0.077912
181.40          -0.077118
181.60          -0.076367
181.80          -0.075656
182.00          -0.074984
182.20          -0.074347
182.40          -0.073743
182.60          -0.073172
182.80          -0.072631
183.00          -0.072119
183.20          -0.071633
183.40          -0.071173
183.60          -0.070736
183.80          -0.070323
184.00          -0.069931
184.20          -0.069560
184.40          -0.069208
184.60          -0.068874
184.80          -0.068558
185.00          -0.068259
185.20          -0.067974
185.40          -0.067705
185.60          -0.067450
185.80          -0.067208
186.00          -0.066979
186.20          -0.066762
186.40          -0.066557
186.60          -0.066363
186.80          -0.066178
187.00          -0.066004
187.20          -0.065839
187.40          -0.065683
187.60          -0.065536
187.80          -0.065397
188.00          -0.065265
188.20          -0.065141
188.40          -0.065024
188.60          -0.064913
188.80          -0.064809
189.00          -0.064711
189.20          -0.064618
189.40          -0.064531
189.60          -0.064449
189.80          -0.064373
190.00          -0.064301
190.20          -0.064233
190.40          -0.064170
190.60          -0.064111
190.80          -0.064056
191.00          -0.064004
191.20          -0.063957
191.40          -0.063912
191.60          -0.063871
191.80          -0.063833
192.00          -0.063798
192.20          -0.063765
192.40          -0.063736
192.60          -0.063708
192.80          -0.063684
193.00          -0.063661
193.20          -0.063641
193.40          -0.063623
193.60          -0.063607
193.80          -0.063592
194.00          -0.063580
194.20          -0.063569
194.40          -0.063560
194.60          -0.063552
194.80          -0.063546
195.00          -0.063541
195.20          -0.063538
195.40          -0.063536
195.60          -0.063535
195.80          -0.063535
196.00          -0.063536
196.20          -0.063539
196.40          -0.063542
196.60          -0.063546
196.80          -0.063551
197.00          -0.063557
197.20          -0.063564
197.40          -0.063571
197.60          -0.063579
197.80          -0.063588
198.00          -0.063598
198.20          -0.063608
198.40          -0.063618
198.60          -0.063630
198.80          -0.063642
199.00          -0.063654
199.20          -0.063667
199.40          -0.063681
199.60          -0.063695
199.80          -0.063710
200.00          -0.063725
200.20          -0.063741
200.40          -0.063757
200.60          -0.063775
200.80          -0.063792
201.00          -0.063811
201.20          -0.063831
201.40          -0.063851
201.60          -0.063872
201.80          -0.063895
202.00          -0.063919
202.20          -0.063945
202.40          -0.063972
202.60          -0.064002
202.80          -0.064035
203.00          -0.064071
203.20          -0.064111
203.40          -0.064156
203.60          -0.064208
203.80          -0.064269
204.00          -0.064341
204.20          -0.064429
204.40          -0.064540
204.60          -0.064683
204.80          -0.064876
205.00          -0.065152
205.20          -0.065575
205.40          -0.066293
205.60          -0.067721
205.80          -0.071480
206.00          -0.090505
206.20          -1.5063
206.40          -0.076002
206.60          -0.065805
206.80          -0.064145
207.00          -0.063674
207.20          -0.063511
207.40          -0.063453
207.60          -0.063436
207.80          -0.063438
208.00          -0.063446
208.20          -0.063458
208.40          -0.063471
208.60          -0.063483
208.80          -0.063494
209.00          -0.063505
209.20          -0.063514
209.40          -0.063522
209.60          -0.063528
209.80          -0.063533
210.00          -0.063538
210.20          -0.063541
210.40          -0.063543
210.60          -0.063544
210.80          -0.063544
211.00          -0.063543
211.20          -0.063541
211.40          -0.063539
211.60          -0.063535
211.80          -0.063531
212.00          -0.063526
212.20          -0.063520
212.40          -0.063513
212.60          -0.063506
212.80          -0.063498
213.00          -0.063489
213.20          -0.063479
213.40          -0.063469
213.60          -0.063458
213.80          -0.063446
214.00          -0.063434
214.20          -0.063421
214.40          -0.063408
214.60          -0.063393
214.80          -0.063378
215.00          -0.063363
215.20          -0.063346
215.40          -0.063330
215.60          -0.063312
215.80          -0.063294
216.00          -0.063275
216.20          -0.063256
216.40          -0.063236
216.60          -0.063215
216.80          -0.063194
217.00          -0.063172
217.20          -0.063149
217.40          -0.063126
217.60          -0.063103
217.80          -0.063078
218.00          -0.063053
218.20          -0.063028
218.40          -0.063002
218.60          -0.062975
218.80          -0.062948
219.00          -0.062920
219.20          -0.062891
219.40          -0.062862
219.60          -0.062832
219.80          -0.062802
220.00          -0.062771
220.20          -0.062740
220.40          -0.062708
220.60          -0.062675
220.80          -0.062642
221.00          -0.062608
221.20          -0.062574
221.40          -0.062539
221.60          -0.062504
221.80          -0.062468
222.00          -0.062432
222.20          -0.062396
222.40          -0.062359
222.60          -0.062322
222.80          -0.062284
223.00          -0.062247
223.20          -0.062209
223.40          -0.062171
223.60          -0.062133
223.80          -0.062095
224.00          -0.062058
224.20          -0.062022
224.40          -0.061986
224.60          -0.061952
224.80          -0.061920
225.00          -0.061890
