175.00          -0.096652
175.20          -0.096881
175.40          -0.097140
175.60          -0.097430
175.80          -0.097752
176.00          -0.098108
176.20          -0.098500
176.40          -0.098928
176.60          -0.099394
176.80          -0.099901
177.00          -0.10045
177.20          -0.10104
177.40          -0.10168
177.60          -0.10237
177.80          -0.10311
178.00          -0.10391
178.20          -0.10476
178.40          -0.10567
178.60          -0.10664
178.80          -0.10768
179.00          -0.10879
179.20          -0.10998
179.40          -0.11124
179.60          -0.11259
179.80          -0.11403
180.00          -0.11556
180.20          -0.11719
180.40          -0.11893
180.60          -0.12078
180.80          -0.12276
181.00          -0.12486
181.20          -0.12711
181.40          -0.12950
181.60          -0.13205
181.80          -0.13477
182.00          -0.13768
182.20          -0.14079
182.40          -0.14410
182.60          -0.14765
182.80          -0.15144
183.00          -0.15549
183.20          -0.15984
183.40          -0.16449
183.60          -0.16948
183.80          -0.17484
184.00          -0.18059
184.20          -0.18677
184.40          -0.19342
184.60          -0.20058
184.80          -0.20829
185.00          -0.21660
185.20          -0.22557
185.40          -0.23526
185.60          -0.24572
185.80          -0.25704
186.00          -0.26928
186.20          -0.28253
186.40          -0.29688
186.60          -0.31242
186.80          -0.32924
187.00          -0.34746
187.20          -0.36717
187.40          -0.38848
187.60          -0.41148
187.80          -0.43625
188.00          -0.46287
188.20          -0.49136
188.40          -0.52172
188.60          -0.55388
188.80          -0.58769
189.00          -0.62293
189.20          -0.65923
189.40          -0.69609
189.60          -0.73288
189.80          -0.76881
190.00          -0.80294
190.20          -0.83425
190.40          -0.86164
190.60          -0.88409
190.80          -0.90066
191.00          -0.91065
191.20          -0.91364
191.40          -0.90955
191.60          -0.89865
191.80          -0.88151
192.00          -0.85896
192.20          -0.83196
192.40          -0.80155
192.60          -0.76876
192.80          -0.73452
193.00          -0.69966
193.20          -0.66487
193.40          -0.63069
193.60          -0.59752
193.80          -0.56567
194.00          -0.53533
194.20          -0.50661
194.40          -0.47956
194.60          -0.45418
194.80          -0.43043
195.00          -0.40827
195.20          -0.38762
195.40          -0.36840
195.60          -0.35051
195.80          -0.33388
196.00          -0.31841
196.20          -0.30403
196.40          -0.29064
196.60          -0.27817
196.80          -0.26656
197.00          -0.25573
197.20          -0.24562
197.40          -0.23619
197.60          -0.22736
197.80          -0.21911
198.00          -0.21137
198.20          -0.20412
198.40          -0.19732
198.60          -0.19092
198.80          -0.18491
199.00          -0.17925
199.20          -0.17392
199.40          -0.16889
199.60          -0.16414
199.80          -0.15965
200.00          -0.15541
200.20          -0.15139
200.40          -0.14759
200.60          -0.14398
200.80          -0.14055
201.00          -0.13729
201.20          -0.13420
201.40          -0.13126
201.60          -0.12845
201.80          -0.12578
202.00          -0.12324
202.20          -0.12081
202.40          -0.11849
202.60          -0.11627
202.80          -0.11415
203.00          -0.11213
203.20          -0.11019
203.40          -0.10833
203.60          -0.10656
203.80          -0.10485
204.00          -0.10322
204.20          -0.10166
204.40          -0.10016
204.60          -0.098735
204.80          -0.097372
205.00          -0.096080
205.20          -0.094875
205.40          -0.093793
205.60          -0.092953
205.80          -0.092879
206.00          -0.098687
206.20          -0.25257
206.40          -0.092139
206.60          -0.088009
206.80          -0.086372
207.00          -0.085196
207.20          -0.084183
207.40          -0.083253
207.60          -0.082378
207.80          -0.081546
208.00          -0.080749
208.20          -0.079983
208.40          -0.079245
208.60          -0.078535
208.80          -0.077849
209.00          -0.077187
209.20          -0.076548
209.40          -0.075931
209.60          -0.075334
209.80          -0.074758
210.00          -0.074201
210.20          -0.073663
210.40          -0.073144
210.60          -0.072642
210.80          -0.072157
211.00          -0.071689
211.20          -0.071237
211.40          -0.070801
211.60          -0.070380
211.80          -0.069975
212.00          -0.069584
212.20          -0.069208
212.40          -0.068845
212.60          -0.068497
212.80          -0.068162
213.00          -0.067840
213.20          -0.067532
213.40          -0.067236
213.60          -0.066953
213.80          -0.066683
214.00          -0.066425
214.20          -0.066180
214.40          -0.065947
214.60          -0.065726
214.80          -0.065517
215.00          -0.065320
215.20          -0.065135
215.40          -0.064962
215.60          -0.064802
215.80          -0.064653
216.00          -0.064516
216.20          -0.064392
216.40          -0.064280
216.60          -0.064180
216.80          -0.064093
217.00          -0.064019
217.20          -0.063958
217.40          -0.063909
217.60          -0.063874
217.80          -0.063853
218.00          -0.063846
218.20          -0.063853
218.40          -0.063874
218.60          -0.063911
218.80          -0.063964
219.00          -0.064032
219.20          -0.064117
219.40          -0.064219
219.60          -0.064339
219.80          -0.064478
220.00          -0.064636
220.20          -0.064814
220.40          -0.065013
220.60          -0.065235
220.80          -0.065480
221.00          -0.065750
221.20          -0.066045
221.40          -0.066368
221.60          -0.066720
221.80          -0.067102
222.00          -0.067518
222.20          -0.067968
222.40          -0.068456
222.60          -0.068984
222.80          -0.069555
223.00          -0.070172
223.20          -0.070839
223.40          -0.071561
223.60          -0.072341
223.80          -0.073184
224.00          -0.074097
224.20          -0.075087
224.40          -0.076160
224.60          -0.077326
224.80          -0.078593
225.00          -0.079974
