175.00          -0.10628
175.20          -0.10924
175.40          -0.11251
175.60          -0.11611
175.80          -0.12011
176.00          -0.12458
176.20          -0.12958
176.40          -0.13522
176.60          -0.14161
176.80          -0.14891
177.00          -0.15728
177.20          -0.16697
177.40          -0.17828
177.60          -0.19158
177.80          -0.20740
178.00          -0.22639
178.20          -0.24949
178.40          -0.27795
178.60          -0.31353
178.80          -0.35874
179.00          -0.41722
179.20          -0.49437
179.40          -0.59818
179.60          -0.74057
179.80          -0.93857
180.00          -1.2133
180.20          -1.5792
180.40          -2.0036
180.60          -2.3385
180.80          -2.3600
181.00          -2.0418
181.20          -1.5996
181.40          -1.2085
181.60          -0.91491
181.80          -0.70605
182.00          -0.55842
182.20          -0.45281
182.40          -0.37583
182.60          -0.31856
182.80          -0.27511
183.00          -0.24155
183.20          -0.21519
183.40          -0.19419
183.60          -0.17722
183.80          -0.16336
184.00          -0.15191
184.20          -0.14237
184.40          -0.13435
184.60          -0.12755
184.80          -0.12175
185.00          -0.11678
185.20          -0.11248
185.40          -0.10875
185.60          -0.10551
185.80          -0.10266
186.00          -0.10017
186.20          -0.097964
186.40          -0.096017
186.60          -0.094292
186.80          -0.092758
187.00          -0.091391
187.20          -0.090172
187.40          -0.089082
187.60          -0.088106
187.80          -0.087231
188.00          -0.086447
188.20          -0.085743
188.40          -0.085110
188.60          -0.084542
188.80          -0.084032
189.00          -0.083574
189.20          -0.083163
189.40          -0.082795
189.60          -0.082465
189.80          -0.082171
190.00          -0.081909
190.20          -0.081675
190.40          -0.081469
190.60          -0.081287
190.80          -0.081127
191.00          -0.080987
191.20          -0.080867
191.40          -0.080764
191.60          -0.080676
191.80          -0.080604
192.00          -0.080545
192.20          -0.080499
192.40          -0.080464
192.60          -0.080440
192.80          -0.080426
193.00          -0.080422
193.20          -0.080426
193.40          -0.080438
193.60          -0.080457
193.80          -0.080483
194.00          -0.080516
194.20          -0.080555
194.40          -0.080599
194.60          -0.080648
194.80          -0.080703
195.00          -0.080762
195.20          -0.080825
195.40          -0.080891
195.60          -0.080962
195.80          -0.081036
196.00          -0.081113
196.20          -0.081193
196.40          -0.081276
196.60          -0.081362
196.80          -0.081450
197.00          -0.081540
197.20          -0.081632
197.40          -0.081727
197.60          -0.081823
197.80          -0.081920
198.00          -0.082020
198.20          -0.082120
198.40          -0.082223
198.60          -0.082326
198.80          -0.082430
199.00          -0.082536
199.20          -0.082643
199.40          -0.082750
199.60          -0.082858
199.80          -0.082967
200.00          -0.083077
200.20          -0.083187
200.40          -0.083298
200.60          -0.083410
200.80          -0.083522
201.00          -0.083634
201.20          -0.083747
201.40          -0.083860
201.60          -0.083974
201.80          -0.084087
202.00          -0.084201
202.20          -0.084316
202.40          -0.084430
202.60          -0.084545
202.80          -0.084659
203.00          -0.084774
203.20          -0.084889
203.40          -0.085005
203.60          -0.085120
203.80          -0.085236
204.00          -0.085351
204.20          -0.085467
204.40          -0.085583
204.60          -0.085700
204.80          -0.085817
205.00          -0.085934
205.20          -0.086052
205.40          -0.086171
205.60          -0.086291
205.80          -0.086412
206.00          -0.086534
206.20          -0.086658
206.40          -0.086784
206.60          -0.086914
206.80          -0.087047
207.00          -0.087186
207.20          -0.087332
207.40          -0.087487
207.60          -0.087657
207.80          -0.087847
208.00          -0.088069
208.20          -0.088344
208.40          -0.088711
208.60          -0.089264
208.80          -0.090260
209.00          -0.092684
209.20          -0.10409
209.40          -1.3219
209.60          -0.096221
209.80          -0.089435
210.00          -0.088464
210.20          -0.088265
210.40          -0.088261
210.60          -0.088322
210.80          -0.088407
211.00          -0.088501
211.20          -0.088600
211.40          -0.088699
211.60          -0.088797
211.80          -0.088895
212.00          -0.088991
212.20          -0.089086
212.40          -0.089179
212.60          -0.089271
212.80          -0.089362
213.00          -0.089451
213.20          -0.089539
213.40          -0.089626
213.60          -0.089711
213.80          -0.089795
214.00          -0.089878
214.20          -0.089960
214.40          -0.090041
214.60          -0.090121
214.80          -0.090199
215.00          -0.090277
215.20          -0.090353
215.40          -0.090428
215.60          -0.090503
215.80          -0.090576
216.00          -0.090649
216.20          -0.090720
216.40          -0.090790
216.60          -0.090860
216.80          -0.090928
217.00          -0.090995
217.20          -0.091062
217.40          -0.091127
217.60          -0.091192
217.80          -0.091256
218.00          -0.091318
218.20          -0.091380
218.40          -0.091441
218.60          -0.091501
218.80          -0.091560
219.00          -0.091618
219.20          -0.091675
219.40          -0.091731
219.60          -0.091786
219.80          -0.091840
220.00          -0.091894
220.20          -0.091946
220.40          -0.091998
220.60          -0.092048
220.80          -0.092098
221.00          -0.092147
221.20          -0.092195
221.40          -0.092242
221.60          -0.092288
221.80          -0.092333
222.00          -0.092377
222.20          -0.092421
222.40          -0.092463
222.60          -0.092505
222.80          -0.092545
223.00          -0.092585
223.20          -0.092624
223.40          -0.092662
223.60          -0.092699
223.80          -0.092736
224.00          -0.092771
224.20          -0.092806
224.40          -0.092839
224.60          -0.092872
224.80          -0.092904
225.00          -0.092935
